5
7
1
10
9
7
16
27
26
8
7
15
24
27
16
10
20
14
9
10
14
5
4
11
88
109
86
68
88
86
70
90
88
24
16
14
14
21
24
9
14
16
15
9
16
5
1
0
15
7
9
3
1
7
8
3
7
8
2
3
5
0
4
10
5
11
10
7
5
21
20
32
24
21
25
20
11
22
14
20
21
11
6
13
10
11
20
4
6
11
27
39
26
15
16
26
70
50
69
68
70
88
68
51
70
32
22
34
21
32
33
22
13
23
20
22
32
13
12
23
11
13
22
6
12
13
28
36
40
34
46
32
23
34
22
17
23
12
17
29
23
30
18
19
23
29
35
17
18
29
113
114
140
34
48
46
140
115
141
35
49
48
41
30
43
33
25
21
35
48
34
23
35
34
30
19
31
29
30
41
29
18
30
110
109
88
111
110
90
71
91
89
69
71
89
53
47
65
52
53
71
47
46
65
38
47
53
33
46
47
194
221
193
168
194
193
187
214
194
193
221
198
222
221
194
241
222
214
189
216
215
188
189
215
164
139
165
163
164
189
139
140
165
138
139
164
113
140
139
308
333
307
280
308
307
303
329
308
307
333
332
144
170
169
119
144
146
142
116
143
146
144
169
193
198
170
168
193
167
161
168
143
136
161
135
111
136
110
111
137
136
136
162
161
162
137
163
161
162
187
137
112
138
136
137
162
111
112
137
187
162
188
168
187
194
168
161
187
214
222
194
188
214
187
163
188
162
138
163
137
113
138
112
113
139
138
138
164
163
163
189
188
215
217
241
188
215
214
189
164
190
306
332
305
306
279
307
277
306
305
279
252
280
278
279
306
252
248
275
251
252
279
248
222
249
225
248
252
221
222
248
254
281
282
227
226
253
284
281
254
228
255
254
253
228
254
226
200
201
228
226
229
227
199
200
287
286
256
250
278
257
230
250
257
224
197
225
223
224
250
197
198
225
196
197
224
171
198
197
393
419
391
363
393
391
367
396
393
391
419
392
362
392
390
68
86
74
51
68
55
36
51
40
24
36
27
24
37
36
36
50
51
50
37
52
51
50
70
37
25
38
36
37
50
24
25
37
114
93
115
92
114
113
93
83
105
91
93
114
83
66
84
72
83
93
66
49
67
65
66
83
48
49
66
170
167
193
86
109
87
96
74
87
94
96
87
95
73
74
28
39
27
36
28
27
40
39
28
55
40
51
54
39
40
72
71
53
111
89
92
90
69
89
88
90
110
69
52
71
70
69
90
52
38
53
50
52
69
38
33
47
37
38
52
25
33
38
56
49
41
42
57
43
131
141
115
105
131
115
132
134
157
106
132
131
107
99
125
135
109
110
136
135
110
143
116
135
161
143
135
167
142
143
168
167
143
170
144
167
171
170
198
171
169
170
142
144
119
116
142
117
108
116
94
109
108
87
109
135
108
108
135
116
167
144
142
256
255
229
257
256
230
224
251
250
277
287
257
286
255
256
117
145
118
173
146
169
173
172
146
55
73
54
87
74
86
96
95
74
41
35
29
31
43
30
49
35
41
65
46
48
66
65
48
72
53
65
83
72
65
91
71
72
93
91
72
92
89
91
114
92
91
112
111
92
33
32
46
55
74
73
40
55
54
68
74
55
57
42
44
59
57
44
58
56
57
107
132
106
99
107
85
78
99
76
77
78
58
77
100
78
78
100
99
133
132
107
245
243
218
246
245
219
270
243
245
141
131
157
219
245
218
191
219
218
192
220
219
67
49
56
76
67
56
84
66
67
85
84
67
105
83
84
85
106
84
76
85
67
58
76
56
58
78
76
76
99
85
115
93
105
106
131
105
84
106
105
85
107
106
140
114
115
243
217
216
113
112
92
217
242
241
216
217
215
190
216
189
165
190
164
141
165
140
141
166
165
165
191
190
190
218
216
244
242
217
89
111
90
43
31
42
56
43
57
56
41
43
94
118
96
108
94
87
117
118
94
59
45
60
57
59
77
44
45
59
147
174
150
176
175
149
231
203
202
206
178
203
206
203
231
233
231
258
232
233
259
205
178
206
177
204
182
151
177
156
148
151
130
123
148
120
123
149
148
148
175
151
205
204
177
206
233
205
175
203
178
231
233
206
232
204
205
259
233
258
288
263
259
178
177
151
210
204
232
210
209
204
149
123
124
150
176
149
147
150
124
174
176
150
175
148
149
176
203
175
124
150
149
174
202
176
178
151
175
176
202
203
205
177
178
291
315
317
351
350
324
352
351
325
379
350
351
245
272
270
379
351
380
377
379
405
377
350
379
246
273
272
186
160
185
213
186
185
212
184
186
213
212
186
238
211
212
247
238
264
247
220
238
318
294
320
180
208
207
295
289
316
294
295
320
294
267
295
181
209
208
181
182
209
75
97
82
121
97
98
130
121
148
130
104
121
317
315
342
316
317
343
316
290
317
343
317
342
370
371
342
321
316
343
373
374
402
320
295
321
130
151
156
129
130
156
122
98
120
409
403
431
97
75
98
104
82
97
121
104
97
129
103
104
130
129
104
155
128
129
156
155
129
181
154
155
182
181
155
156
182
155
122
120
148
121
122
148
121
98
122
177
182
156
204
209
182
208
180
181
318
293
292
102
80
81
103
102
81
127
101
102
128
127
102
153
126
127
128
154
127
103
128
102
82
103
81
82
104
103
103
129
128
179
152
153
154
180
153
127
154
153
128
155
154
185
159
179
292
293
265
266
292
264
240
266
239
234
240
213
208
234
207
208
235
234
234
260
240
240
267
266
266
294
292
160
158
134
265
274
273
264
265
247
239
264
238
213
239
212
207
213
185
207
234
213
213
240
239
239
266
264
264
292
265
132
157
131
64
75
82
403
409
382
376
403
375
372
376
347
345
372
344
321
345
320
321
346
345
345
373
372
372
401
376
430
402
429
376
401
404
400
374
371
372
373
401
371
343
342
345
346
373
321
343
346
273
246
247
404
431
403
376
404
403
402
400
429
401
402
430
401
373
402
274
265
293
374
400
402
346
374
373
371
370
400
346
371
374
346
343
371
289
267
260
290
289
261
295
267
289
292
294
318
236
209
210
237
236
210
261
235
236
262
261
236
289
260
261
266
267
294
260
235
261
240
260
267
235
209
236
234
235
260
208
209
235
291
290
262
315
291
288
317
290
291
295
316
321
233
232
205
288
259
258
263
237
259
291
263
288
291
262
263
289
290
316
262
237
263
261
262
290
237
232
259
236
237
262
210
232
237
82
81
64
382
409
410
408
382
410
375
347
376
381
375
382
347
344
372
353
347
375
344
320
345
327
344
347
318
320
344
81
63
64
180
179
153
181
180
154
207
179
180
80
62
81
430
456
432
159
185
160
134
159
160
152
126
153
133
152
159
126
101
127
125
126
152
101
80
102
100
101
126
79
80
101
59
79
77
185
179
207
60
80
79
62
63
81
484
509
483
461
484
460
436
461
437
431
436
409
431
457
436
436
457
461
507
509
484
506
507
481
506
535
507
408
380
381
457
456
480
382
375
403
430
429
456
404
430
432
404
401
430
77
58
57
62
80
61
134
158
157
133
134
132
125
133
107
100
125
99
79
100
77
79
101
100
100
126
125
125
152
133
133
159
134
507
510
509
119
146
145
117
119
145
95
96
118
94
116
117
117
142
119
60
45
61
80
60
61
79
59
60
510
507
535
537
510
536
537
508
509
284
255
286
172
173
199
172
145
146
536
510
535
200
226
227
173
200
199
173
195
200
568
569
593
596
620
594
591
596
570
566
591
565
540
566
539
537
540
514
537
564
540
540
567
566
590
564
563
566
567
592
564
536
563
540
564
567
537
536
564
592
590
617
591
592
618
591
566
592
645
622
618
645
673
648
675
674
647
741
707
706
708
676
707
255
284
254
229
255
228
201
229
226
195
201
200
169
195
173
169
196
195
195
223
201
223
196
224
201
223
230
196
171
197
195
196
223
169
171
196
230
223
250
229
230
256
229
201
230
675
673
706
674
675
707
647
622
648
228
253
226
152
179
159
563
536
535
184
158
160
186
184
160
211
183
184
212
211
184
220
192
211
238
220
211
246
219
220
247
246
220
212
239
238
265
273
247
272
245
246
378
355
349
166
141
157
183
166
157
191
165
166
192
191
166
218
190
191
192
219
191
183
192
166
158
183
157
158
184
183
183
211
192
243
216
218
244
243
270
244
217
243
349
355
354
348
349
328
323
348
322
298
323
297
272
298
270
272
299
298
298
324
323
323
350
348
348
377
349
215
241
214
334
333
308
354
334
329
322
348
328
302
322
328
297
271
298
296
297
322
271
270
298
269
271
297
244
270
271
441
465
440
414
441
440
415
442
441
415
388
416
414
415
441
414
387
415
277
304
287
278
277
257
251
278
250
225
251
224
221
225
198
221
248
225
225
252
251
251
279
278
305
304
277
622
620
596
503
522
495
478
503
477
455
478
453
454
455
428
454
479
455
455
479
478
531
522
503
651
632
624
652
651
625
659
632
651
547
523
548
659
657
632
546
521
547
539
512
514
540
539
514
565
538
539
566
565
539
570
543
565
591
570
565
594
569
570
595
594
620
595
593
594
467
442
443
594
570
596
482
464
458
483
482
459
488
464
482
463
486
487
435
408
410
437
435
410
459
434
435
460
459
435
482
458
459
462
464
486
458
434
459
439
458
464
434
408
435
433
434
458
407
408
434
481
484
461
537
509
510
508
483
509
488
508
514
483
460
484
482
483
508
460
437
461
459
460
483
437
409
436
435
437
460
410
409
437
335
361
360
365
338
360
309
285
312
338
311
335
285
284
312
311
283
309
281
284
285
254
282
253
362
390
389
361
362
360
336
361
335
312
336
309
286
312
284
286
313
312
312
339
336
336
363
361
361
391
362
310
282
281
679
659
651
683
679
652
627
649
653
626
627
653
600
587
614
601
600
627
587
586
614
575
587
600
560
586
587
794
839
840
754
790
794
749
750
754
748
749
716
715
748
713
682
715
683
682
714
715
715
714
748
748
747
789
749
789
750
788
834
827
750
788
791
789
747
787
751
761
723
792
751
753
752
761
751
792
752
751
763
762
752
285
309
283
589
588
562
593
589
568
543
570
569
542
543
569
538
513
539
517
538
543
513
512
539
511
513
538
487
512
513
704
710
678
670
704
678
705
709
740
671
705
704
672
646
674
671
644
672
670
671
704
670
643
671
709
743
740
676
709
705
674
676
672
647
674
646
622
647
620
648
673
675
647
648
675
622
645
648
707
675
706
707
741
708
708
741
742
709
708
742
676
674
707
652
653
683
654
681
682
678
711
677
670
678
650
643
670
642
616
643
615
593
616
589
593
619
616
616
644
643
644
619
646
643
644
671
619
595
621
616
619
644
593
595
619
710
711
678
740
710
704
672
676
705
671
672
705
646
621
647
644
646
672
621
620
647
619
621
646
595
620
621
881
943
882
832
881
882
830
828
879
831
830
880
831
784
830
742
743
709
829
783
782
828
781
783
879
828
829
830
784
828
832
831
881
832
785
831
833
882
835
835
884
885
885
834
836
833
786
832
836
833
835
786
745
785
787
786
833
745
710
744
746
745
786
711
710
745
335
309
336
740
704
705
446
419
421
447
446
421
469
445
446
470
469
446
492
468
469
494
492
469
493
474
492
518
493
520
518
500
493
311
337
310
283
311
310
281
283
310
281
285
283
309
335
311
389
360
362
389
366
365
493
492
519
367
363
339
368
367
340
393
363
367
362
391
392
314
287
304
330
314
304
340
313
314
341
340
314
367
339
340
361
363
391
339
313
340
336
339
363
313
287
314
312
313
339
286
287
313
385
369
356
425
397
399
396
368
397
393
396
421
368
341
369
367
368
396
341
330
356
340
341
368
330
305
331
314
330
341
304
305
330
782
742
741
395
423
424
366
395
394
364
365
394
389
395
366
389
417
395
473
450
475
472
473
498
395
424
394
422
423
395
448
451
423
472
448
473
472
451
448
365
360
389
394
365
366
364
337
338
338
337
311
360
338
335
365
364
338
612
585
613
473
499
498
602
577
603
585
602
613
585
576
602
475
500
499
420
392
419
446
420
419
445
418
420
446
445
420
468
444
445
474
468
492
474
449
468
742
783
743
676
708
709
782
783
742
450
473
448
423
450
448
422
449
450
880
830
879
567
564
590
618
622
596
591
618
596
617
645
618
481
507
484
457
481
461
432
457
431
404
432
431
456
457
432
480
481
457
480
506
481
590
592
567
514
508
537
592
617
618
512
488
514
438
443
416
412
438
411
406
412
384
405
406
378
405
433
406
406
433
412
462
443
438
562
561
534
568
562
541
588
561
562
466
442
467
588
586
561
465
441
466
369
397
368
356
369
341
331
356
330
332
331
305
332
357
331
331
357
356
398
397
369
521
519
494
523
521
496
546
519
521
421
396
425
546
520
519
419
393
421
433
405
407
434
433
407
439
412
433
458
439
433
462
438
439
464
462
439
463
443
462
485
463
487
485
467
463
354
329
328
463
462
486
377
405
378
349
377
378
300
273
274
301
300
274
325
299
300
326
325
300
351
324
325
348
350
377
324
299
325
323
324
350
299
273
300
298
299
324
272
273
299
347
353
327
408
381
382
380
352
381
379
380
407
352
326
353
351
352
380
326
301
327
325
326
352
301
293
319
300
301
326
274
293
301
353
381
352
327
353
326
319
327
301
318
319
293
318
344
319
319
344
327
375
381
353
488
486
464
508
488
482
512
486
488
407
380
408
512
487
486
405
379
407
783
829
828
418
390
392
420
418
392
444
417
418
445
444
418
449
422
444
468
449
444
475
450
449
474
475
449
445
469
468
493
500
474
499
473
475
585
584
558
423
451
424
497
472
498
497
476
472
880
881
831
940
880
879
941
881
880
1736
1737
1639
1924
1830
1829
1822
1737
1830
1913
1822
1914
1736
1638
1735
1829
1736
1735
1830
1737
1736
1821
1737
1822
1728
1724
1639
1542
1628
1533
1736
1639
1638
1737
1728
1639
1439
1538
1539
1325
1335
1424
1434
1532
1439
1340
1434
1439
1433
1435
1434
1734
1811
1716
1716
1636
1734
1727
1819
1734
1327
1325
1424
1326
1327
1425
1326
1233
1327
876
935
936
865
876
921
872
932
876
997
1001
933
1002
1003
936
935
1002
936
921
876
936
932
1001
935
1073
1159
1074
1068
1073
1001
1074
1154
1071
1249
1159
1241
1532
1533
1626
1434
1435
1532
1337
1336
1433
1434
1337
1433
1247
1244
1337
1335
1247
1340
1432
1424
1335
1325
1242
1335
1153
1140
1071
1242
1153
1157
1231
1140
1153
1342
1343
1249
1442
1343
1441
1524
1621
1530
1526
1524
1431
1526
1621
1524
1248
1341
1334
1151
1158
1241
1246
1338
1339
1545
1534
1630
1634
1732
1733
1917
1918
2008
1834
1917
1926
1834
1823
1917
1835
1834
1926
1729
1740
1642
1823
1740
1729
1825
1731
1740
511
485
487
513
511
487
517
491
511
538
517
511
542
516
517
543
542
517
568
541
542
569
568
542
538
565
543
594
593
569
589
562
568
678
677
650
490
466
467
491
490
467
515
489
490
516
515
490
534
505
515
516
541
515
491
516
490
485
491
467
485
511
491
491
517
516
561
533
534
541
562
534
515
541
534
516
542
541
586
559
561
677
681
654
650
677
649
642
650
623
615
642
614
589
615
588
589
616
615
615
643
642
642
670
650
711
681
677
559
532
531
654
682
683
649
654
653
623
649
627
614
623
600
588
614
586
588
615
614
614
642
623
623
650
649
649
677
654
522
548
523
777
822
823
736
777
738
702
736
738
701
718
736
755
796
777
841
798
844
795
841
842
795
798
841
758
795
796
755
758
796
757
800
758
800
799
795
961
1026
1029
894
961
960
894
895
961
846
891
895
845
846
895
799
800
846
896
963
962
958
1023
954
1029
1104
1106
960
1029
1028
960
961
1029
961
957
1026
845
894
893
845
799
846
963
964
1030
1196
1109
1197
1108
1196
1195
1108
1107
1196
1104
1108
1192
1104
1030
1107
902
849
852
962
957
896
1030
962
963
1026
957
962
721
759
756
688
721
687
657
659
688
659
684
689
689
691
722
762
803
802
847
891
843
1034
966
1025
1112
1034
1103
967
966
1034
1967
2054
1966
2148
2134
2066
1968
2054
2055
2208
2135
2134
2208
2210
2135
1963
1960
1868
2051
2132
2131
2131
2125
2049
2049
2051
2131
2207
2132
2133
2207
2206
2132
2203
2202
2270
1664
1763
1662
1860
1765
1764
1860
1859
1765
1956
2044
2046
1765
1663
1764
1766
1763
1859
1862
1766
1859
1668
1665
1766
1465
1368
1364
1662
1566
1562
1567
1565
1468
1672
1764
1663
1863
1768
1767
1769
1770
1865
1768
1667
1668
1723
1768
1816
1669
1667
1768
1671
1723
1770
1671
1573
1669
1183
1251
1160
1371
1472
1369
1183
1277
1278
1370
1474
1371
1369
1443
1436
1110
1199
1109
1032
1110
1031
1032
1111
1110
964
898
965
1030
964
1031
963
898
964
1111
1035
1113
1034
1112
1035
1098
1102
1025
1114
1112
1103
1191
1114
1103
1191
1202
1114
1102
1191
1103
1025
1102
1103
1098
1185
1102
1285
1294
1202
1294
1293
1200
1202
1294
1201
1114
1202
1201
1191
1285
1202
1102
1185
1190
1281
1375
1285
1190
1281
1285
1190
1280
1281
1487
1488
1585
1486
1487
1584
1385
1386
1488
1384
1385
1487
1292
1291
1200
1281
1374
1375
1281
1280
1374
1191
1190
1285
1185
1280
1190
1191
1102
1190
956
1022
1025
1043
1123
1098
1213
1123
1211
1098
1123
1185
1043
1122
1123
1213
1305
1306
1487
1585
1584
1505
1492
1592
1681
1582
1583
1781
1681
1682
1679
1777
1675
1681
1679
1582
1681
1779
1679
1690
1601
1592
1576
1484
1582
1379
1478
1482
1376
1286
1381
1601
1574
1505
1673
1601
1699
1673
1574
1601
1678
1778
1771
1672
1678
1771
1580
1578
1676
1484
1478
1381
1481
1378
1482
1579
1481
1482
1377
1378
1481
1379
1376
1478
1779
1781
1874
1777
1779
1873
1779
1777
1679
1699
1601
1692
1774
1699
1794
1774
1673
1699
1962
1867
1961
1677
1675
1777
1479
1480
1578
1378
1379
1482
1873
1966
1872
1581
1585
1488
1775
1680
1674
1870
1775
1774
1780
1680
1775
1780
1682
1680
1962
1961
2050
2051
1962
2050
1869
1772
1867
1676
1777
1776
1563
1578
1580
1579
1480
1481
1872
1966
1959
1866
1872
1959
1778
1776
1873
1977
1889
1888
1964
1889
1978
1964
1870
1889
1965
1964
2052
2053
1965
2052
1967
1875
1965
2053
1967
1965
2134
2053
2052
2054
1967
2053
1966
1874
1967
1965
1875
1871
1959
2048
1961
1778
1872
1866
1968
2048
1959
2052
1978
2066
2135
2053
2134
2135
2054
2053
1968
1966
2054
1780
1781
1682
2048
2130
2050
1866
1959
1961
2055
2130
2048
1955
1860
1868
1672
1772
1764
1479
1578
1563
1778
1866
1771
2055
2048
1968
1962
1963
1869
1765
1859
1763
1868
1860
1773
1954
1859
1860
1465
1469
1368
1271
1365
1364
1562
1566
1469
1365
1464
1465
1561
1662
1562
956
1025
966
1103
1034
1025
967
902
901
965
1032
964
1035
1033
967
1034
1035
967
1112
1113
1035
1113
1199
1111
897
963
896
967
1033
965
1032
1031
964
966
967
901
1030
1026
962
1107
1030
1031
1107
1110
1109
1108
1104
1107
1104
1026
1030
797
801
843
691
689
684
760
761
802
684
716
690
717
753
751
805
849
803
896
957
891
1038
1042
974
1116
1038
1036
1117
1042
1038
1206
1122
1119
1036
1037
1116
1117
1038
1116
969
908
970
1040
972
971
1119
1040
1042
973
972
1040
1119
1042
1120
956
900
906
1022
956
973
900
956
966
970
968
1037
1037
1036
969
908
904
970
971
908
974
1040
971
974
907
854
905
972
907
971
972
906
907
850
851
804
905
851
904
971
905
908
971
907
905
906
854
907
853
805
806
806
804
851
854
806
851
805
762
763
794
790
839
793
792
840
792
753
794
763
752
793
760
801
759
762
802
761
803
847
802
805
803
762
849
902
897
760
759
722
761
760
723
802
801
760
749
754
716
840
850
804
792
794
840
752
792
793
753
754
794
839
888
840
1172
1087
1089
1174
1172
1176
1174
1264
1172
1360
1267
1268
1173
1087
1172
1296
1302
1208
1203
1295
1204
1387
1388
1295
1297
1387
1295
1357
1297
1263
1390
1387
1297
1390
1489
1387
1176
1089
1088
1268
1176
1175
1172
1089
1176
1203
1205
1295
1117
1203
1204
1118
1205
1203
1173
1265
1205
1263
1297
1205
1163
1088
1162
1115
1037
1039
1118
1115
1039
1116
1115
1203
1088
1076
1162
1087
1039
1089
939
948
886
791
838
839
885
836
835
789
836
788
750
789
788
747
714
746
749
748
789
714
681
712
748
714
747
682
681
714
787
746
786
1254
1164
1167
1088
1089
1017
1076
1088
1017
1004
1076
1017
1077
1162
1076
1163
1175
1088
944
937
883
1012
944
945
1012
1011
944
1006
1004
939
944
883
945
938
937
1005
1006
938
1005
939
878
938
883
885
945
877
883
937
938
877
937
878
834
877
834
885
883
1253
1347
1266
1162
1161
1252
1351
1447
1348
1357
1390
1297
1265
1356
1263
1389
1457
1491
1456
1389
1357
1456
1457
1389
1356
1456
1357
1263
1356
1357
1358
1456
1356
1458
1556
1456
1447
1347
1348
1267
1358
1264
1268
1267
1174
1360
1358
1267
1161
1162
1077
1075
1161
1077
1164
1252
1161
1257
1254
1167
1252
1163
1162
1348
1252
1254
1348
1347
1253
1268
1174
1176
1348
1254
1257
1175
1176
1088
938
878
877
1491
1586
1489
1357
1389
1390
1457
1555
1491
1597
1695
1694
1785
1878
1783
1789
1884
1790
1877
1876
1782
1782
1876
1789
1556
1457
1456
1500
1588
1597
1499
1498
1596
1587
1589
1498
1684
1686
1589
1783
1684
1683
1783
1686
1684
1782
1789
1695
1685
1782
1695
1784
1877
1782
1458
1456
1358
1587
1684
1589
1264
1265
1173
1267
1264
1174
1358
1265
1264
1458
1358
1360
1264
1173
1172
1356
1265
1358
1265
1263
1205
1296
1388
1302
1489
1490
1388
1491
1489
1390
1586
1490
1489
1586
1587
1490
888
949
903
2509
2465
2464
1622
1713
1618
1715
1620
1714
1419
1420
1321
1522
1523
1423
1616
1520
1519
1630
1543
1640
1436
1443
1534
1739
1833
1824
2003
2085
2086
1958
2047
2003
1864
1957
1958
1768
1863
1816
1568
1665
1667
1861
1956
1863
1861
1862
1956
1766
1861
1767
1766
1862
1861
1859
1954
1862
1767
1861
1863
1862
1954
1956
2129
2046
2127
2047
1999
2046
2044
1956
1954
1999
1957
1956
2046
1999
1956
2047
1957
1999
1957
1863
1956
2007
2090
2009
2127
2128
2204
2046
2044
2127
2047
2046
2129
1668
1766
1767
1768
1668
1767
1565
1470
1468
1665
1565
1567
1568
1470
1565
1955
2044
1954
1860
1955
1954
1868
1960
1955
1955
1960
2045
2044
1955
2045
2009
2092
2008
1918
2009
2008
2090
2092
2009
2272
2270
2336
2237
2272
2304
2204
2272
2237
2272
2203
2270
2204
2128
2203
2167
2129
2204
2129
2127
2204
2167
2085
2129
2085
2047
2129
2086
2100
2016
2167
2086
2085
2168
2100
2086
2237
2168
2167
2181
2100
2168
1865
1832
1769
1958
1911
1865
2047
1958
1957
2003
1998
1958
1998
1925
1911
2126
2045
2049
2274
2209
2277
2274
2277
2339
2207
2205
2274
2206
2207
2275
2273
2206
2275
2126
2128
2127
2125
2126
2049
2206
2202
2131
2202
2271
2270
2131
2202
2125
2206
2271
2202
2203
2128
2126
2205
2136
2209
2206
2131
2132
1869
1868
1773
2051
1963
1962
2049
1960
1963
2091
2174
2102
2017
2091
2102
2092
2174
2091
2017
2008
2091
2173
2174
2092
2204
2203
2272
2238
2168
2237
1911
1925
1832
1958
1998
1911
2085
2003
2047
2086
2016
2003
2016
1925
1998
2174
2183
2102
2091
2008
2092
2241
2242
2174
2314
2336
2371
2016
2007
1925
2003
2016
1998
2100
2090
2016
2045
2126
2127
2044
2045
2127
1960
2049
2045
2242
2252
2183
2174
2242
2183
2306
2307
2242
2420
2391
2426
2237
2167
2204
2238
2237
2304
2249
2238
2304
2249
2181
2238
2016
2090
2007
2167
2168
2086
2181
2173
2100
2277
2209
2210
2340
2277
2341
2339
2275
2274
2339
2277
2340
2340
2394
2339
2337
2273
2338
2202
2203
2126
2307
2318
2252
2242
2307
2252
2367
2318
2307
2304
2272
2314
2370
2313
2314
2100
2173
2090
2238
2181
2168
2249
2241
2181
2375
2376
2318
2426
2439
2476
2314
2272
2336
2370
2314
2371
2181
2241
2173
2313
2249
2304
2313
2306
2249
2210
2209
2136
2135
2210
2136
2208
2276
2210
2276
2220
2286
2221
2287
2286
2222
2221
2220
2289
2287
2221
2350
2348
2287
2341
2277
2276
2286
2348
2341
2395
2394
2340
2286
2287
2348
2276
2286
2341
2221
2286
2220
2443
2442
2394
2392
2393
2441
2274
2275
2207
2395
2340
2341
2394
2338
2339
2392
2337
2393
2273
2271
2206
2424
2425
2376
2377
2423
2374
2424
2475
2425
2475
2474
2425
2373
2419
2364
2511
2466
2467
2512
2511
2467
2509
2466
2511
2316
2373
2364
2311
2312
2369
2251
2311
2317
2251
2247
2311
2233
2251
2302
2233
2247
2251
2366
2374
2317
2418
2417
2363
2468
2418
2419
2467
2417
2418
2316
2317
2373
2302
2316
2364
2251
2317
2316
2247
2305
2311
2179
2247
2233
2179
2239
2247
2369
2366
2317
2368
2369
2312
2368
2366
2369
2418
2363
2365
2243
2309
2248
2419
2418
2365
2305
2312
2311
2239
2305
2247
2248
2312
2305
2240
2248
2305
2170
2240
2172
2240
2171
2172
2171
2165
2172
2088
2171
2169
2087
2165
2171
2178
2246
2243
2178
2097
2177
2175
2178
2243
2175
2097
2178
2180
2175
2243
2180
2099
2175
2364
2365
2302
2309
2368
2312
2248
2309
2312
2243
2246
2309
2180
2243
2248
2246
2310
2309
2302
2303
2234
2165
2087
2083
2084
2165
2083
2089
2172
2165
2084
2089
2165
2015
2099
2089
2234
2303
2235
2162
2161
2234
2081
2162
2164
2081
1995
2079
2233
2302
2234
2084
2083
2001
2002
2084
2001
2001
1913
1914
1916
2006
2002
1914
1916
2002
1924
2006
1916
2006
2089
2084
2002
2006
2084
1924
2015
2006
2010
2015
1924
2099
2172
2089
2097
2175
2093
2170
2180
2240
2099
2170
2172
2099
2180
2170
2162
2234
2164
2079
2098
2161
2081
2079
2162
1995
1993
2079
2179
2233
2161
1821
1822
1913
2079
2161
2162
1993
2014
2079
2169
2179
2098
1637
1638
1541
1922
1921
1827
1822
1830
1914
2013
2010
1921
2015
2089
2006
1813
1904
1906
2004
2005
1915
2087
2004
2083
2087
2005
2004
2014
2088
2098
2087
2088
2005
2087
2171
2088
1737
1821
1728
1830
1916
1914
1914
2002
2001
2000
1915
1912
2083
2000
2001
2083
2004
2000
1924
1916
1830
2001
2000
1913
1538
1635
1539
1721
1726
1722
1724
1725
1629
1818
1726
1725
1818
1727
1726
1528
1622
1527
1530
1624
1529
1719
1717
1623
2308
2366
2368
2375
2318
2367
2319
2374
2366
2376
2377
2318
2376
2425
2377
2422
2419
2373
2310
2244
2308
2178
2177
2246
2244
2253
2308
2176
2094
2166
2177
2176
2245
2096
2094
2176
2183
2253
2244
2367
2307
2306
2253
2319
2308
2251
2316
2302
2423
2373
2374
2419
2422
2468
2423
2422
2373
2423
2473
2422
2177
2245
2246
2095
2096
2177
2096
2176
2177
2013
2095
2097
2176
2236
2245
2012
2011
2096
2166
2236
2176
2102
2166
2094
2102
2183
2166
2306
2242
2241
2310
2368
2309
2245
2310
2246
2245
2244
2310
2310
2308
2368
2236
2244
2245
2236
2183
2244
2252
2253
2183
2252
2318
2319
2253
2252
2319
2374
2373
2317
2097
2095
2177
2012
2095
2013
2012
2096
2095
2173
2092
2090
2102
2094
2017
2241
2174
2173
2183
2236
2166
2369
2317
2311
2012
2013
1922
1826
1920
1922
2011
2094
2096
1920
2011
2012
2017
2094
2011
2239
2179
2169
2171
2239
2169
2240
2305
2239
2171
2240
2239
2180
2248
2240
1920
2012
1922
1732
1825
1826
1926
2008
2017
1835
1926
1920
1825
1835
1920
1825
1740
1835
1917
2008
1926
2093
2099
2015
2097
2093
2013
2175
2099
2093
1543
1630
1534
1443
1543
1534
1640
1730
1729
1925
1833
1831
1918
1917
1823
2007
1919
1925
1926
2011
1920
1919
2009
1918
1824
1919
1918
1823
1730
1824
1730
1739
1824
2007
2009
1919
2017
2011
1926
1921
1924
1829
2013
1921
1922
2010
1924
1921
2093
2010
2013
2093
2015
2010
1540
1541
1441
1634
1733
1637
1537
1634
1540
1440
1537
1540
1536
1633
1632
1632
1633
1732
1735
1638
1637
1733
1827
1735
1540
1634
1637
1732
1826
1733
1829
1830
1736
1628
1724
1629
1533
1628
1629
1639
1724
1628
1820
1728
1821
1542
1639
1628
1435
1442
1533
1541
1638
1542
1817
1818
1725
1728
1817
1724
1820
1909
1817
1525
1432
1439
1626
1627
1538
1629
1626
1533
1721
1722
1626
1722
1635
1627
1626
1722
1627
1725
1721
1629
1725
1726
1721
1726
1635
1722
1819
1910
1828
825
780
779
823
824
778
825
874
826
871
928
929
823
870
871
738
777
778
796
842
822
842
890
870
1002
1001
1073
876
932
935
865
826
876
932
872
874
826
874
872
875
934
874
934
933
1001
934
932
874
875
933
934
931
930
999
824
871
873
825
824
875
825
778
824
928
995
996
1152
1068
1151
999
998
1069
1000
999
1070
1000
931
999
930
929
998
873
930
931
873
929
930
875
873
933
875
824
873
995
1066
1067
1154
1159
1243
1244
1154
1243
1071
1003
1074
1153
1071
1157
1059
988
1003
1150
1066
1149
1155
1150
1240
1069
998
1067
1249
1241
1334
1342
1249
1334
1243
1159
1249
1344
1250
1251
1249
1343
1336
1240
1245
1155
1251
1250
1160
1344
1338
1250
1541
1542
1442
1440
1540
1441
1334
1341
1342
1438
1437
1536
1440
1438
1537
1341
1248
1339
1443
1544
1543
1369
1473
1443
1473
1544
1443
1251
1278
1345
1570
1571
1670
1669
1723
1671
1569
1669
1573
1474
1475
1573
1470
1568
1569
1568
1667
1669
1641
1738
1739
1540
1637
1541
1342
1440
1441
1440
1341
1438
1825
1920
1826
1633
1731
1732
1740
1731
1642
1827
1921
1829
1735
1827
1829
1826
1922
1827
1738
1670
1769
1182
1183
1097
1371
1277
1370
1371
1278
1277
1345
1278
1369
1160
1149
1097
1475
1372
1471
1573
1475
1569
1474
1373
1475
1860
1764
1773
1462
1466
1561
1666
1567
1566
1766
1666
1763
1665
1567
1666
1362
1271
1269
1463
1464
1363
1362
1463
1363
1462
1561
1463
1465
1364
1365
1480
1479
1377
1481
1480
1377
1579
1578
1480
1778
1678
1776
1672
1663
1580
1669
1768
1723
1735
1637
1733
1827
1733
1826
1438
1339
1437
1342
1341
1440
1334
1241
1248
1642
1545
1630
1535
1536
1437
1729
1642
1630
1731
1633
1631
1472
1473
1369
1769
1670
1671
1572
1544
1473
1670
1572
1570
1670
1641
1572
1277
1275
1370
1251
1183
1278
1182
1179
1274
1160
1097
1183
1097
1149
1065
1471
1368
1470
1370
1373
1474
1364
1368
1372
1640
1729
1630
1823
1729
1730
1824
1918
1823
1834
1740
1823
1834
1835
1740
1732
1731
1825
1631
1536
1535
1731
1631
1642
1633
1536
1631
1570
1472
1571
1570
1572
1472
1571
1474
1573
1670
1571
1573
1472
1474
1571
1572
1473
1472
1369
1278
1371
1065
1066
994
1021
1065
994
1149
1066
1065
1279
1364
1372
1274
1276
1370
1271
1364
1279
1664
1663
1765
1763
1664
1765
1662
1561
1564
1664
1563
1663
1563
1664
1564
1562
1469
1465
1661
1666
1566
1567
1469
1566
1270
1269
1180
1462
1463
1361
1363
1271
1362
1561
1464
1463
1365
1271
1363
1873
1776
1777
1966
1873
1874
1872
1778
1873
1968
1959
1966
1569
1568
1669
1531
1444
1436
1534
1531
1436
1534
1545
1531
1631
1545
1642
1444
1345
1436
1535
1444
1545
1631
1535
1545
1437
1444
1535
1437
1338
1344
1472
1371
1474
1275
1274
1370
1182
1275
1277
1182
1274
1275
1183
1182
1277
1096
1179
1182
1097
1096
1182
1097
1065
1021
953
1021
994
995
953
994
995
928
953
1020
1094
1095
1181
1094
1180
1274
1181
1276
1095
1094
1181
1179
1095
1181
1179
1091
1092
1466
1462
1366
1563
1564
1479
1664
1662
1564
1367
1366
1273
1467
1479
1564
1377
1467
1367
1377
1479
1467
1466
1564
1561
1467
1564
1466
1284
1188
1189
1377
1284
1378
1367
1273
1284
1282
1286
1376
1187
1282
1283
1187
1186
1282
1193
1286
1282
1186
1193
1282
1186
1194
1193
1194
1288
1193
1105
1194
1186
1105
1106
1194
1106
1192
1194
1028
1106
1105
1028
1029
1106
1029
1026
1104
893
960
959
893
894
960
1107
1109
1196
1287
1288
1192
1195
1287
1192
1195
1289
1287
1108
1195
1192
1290
1291
1384
1289
1290
1383
1290
1197
1291
1289
1196
1290
1488
1487
1385
1485
1381
1382
1583
1485
1486
1484
1381
1485
1582
1484
1583
1576
1478
1484
1385
1293
1386
1289
1382
1287
1196
1289
1195
1383
1382
1289
1486
1383
1384
1485
1382
1383
1293
1294
1386
1292
1293
1385
1384
1292
1385
1384
1291
1292
1200
1201
1294
1292
1200
1293
1198
1199
1113
1200
1198
1113
1291
1199
1198
1383
1290
1384
1201
1112
1114
1113
1201
1200
1113
1112
1201
1291
1198
1200
1111
1032
1033
1035
1111
1033
1199
1110
1111
1197
1109
1199
1291
1197
1199
1290
1196
1197
1031
1110
1107
1682
1681
1584
1382
1381
1286
1287
1382
1288
1383
1486
1485
1384
1487
1486
1577
1677
1579
1478
1576
1482
1675
1677
1577
1582
1675
1576
1582
1679
1675
1381
1478
1376
1288
1382
1286
1485
1583
1484
1584
1681
1583
1486
1584
1583
1585
1682
1584
1677
1676
1578
1577
1576
1675
1482
1577
1579
1482
1576
1577
1777
1676
1677
1681
1781
1779
1676
1678
1580
1579
1677
1578
1776
1678
1676
1874
1873
1779
1471
1470
1569
1475
1471
1569
1372
1368
1471
1545
1444
1531
1096
1021
1091
1097
1021
1096
953
1018
1021
1179
1096
1091
995
994
1066
1018
1091
1021
1092
1020
1095
1019
1092
1091
955
1020
1019
1361
1366
1462
1362
1361
1463
1362
1270
1361
1178
1101
1189
1180
1177
1270
1094
1020
1090
1367
1284
1377
1366
1367
1466
1273
1188
1284
1276
1279
1370
1464
1561
1562
1465
1464
1562
1365
1363
1464
1272
1273
1366
1270
1272
1361
1270
1177
1178
1269
1270
1362
1180
1094
1093
1467
1466
1367
1373
1372
1475
1279
1373
1370
1279
1372
1373
1339
1338
1437
1341
1339
1438
1246
1245
1338
1248
1246
1339
1248
1158
1246
1158
1072
1156
1070
999
1069
1068
1000
1072
997
933
931
1240
1160
1250
1240
1149
1160
1245
1240
1250
1155
1069
1150
890
953
928
890
951
953
870
890
928
889
951
890
950
1018
951
951
1018
953
842
889
890
892
954
952
952
955
1019
1027
1023
958
959
1027
958
1028
1105
1027
1092
1095
1179
1178
1188
1273
1178
1189
1188
1270
1178
1272
1177
1090
1101
1101
1187
1189
1177
1101
1178
1100
1186
1187
1090
1100
1101
1090
1024
1100
1099
1105
1186
1024
1099
1100
1024
1023
1099
1023
1027
1099
954
1023
955
1027
1105
1099
960
1028
959
1104
1192
1106
1192
1288
1194
1288
1286
1193
1282
1376
1283
1283
1379
1284
1187
1283
1189
1376
1379
1283
1181
1180
1276
1272
1366
1361
1178
1273
1272
955
1023
1024
1189
1283
1284
1284
1379
1378
1184
1269
1271
1279
1184
1271
1276
1180
1184
1179
1181
1274
1180
1269
1184
1101
1100
1187
1093
1090
1177
1180
1093
1177
1094
1090
1093
1100
1099
1186
1020
1024
1090
1020
955
1024
1276
1184
1279
931
1000
997
873
931
933
930
998
999
1149
1240
1150
1156
1246
1158
1070
1156
1072
1000
1070
1072
1069
1155
1070
1155
1245
1156
795
842
796
845
798
799
844
889
841
893
844
845
892
950
889
959
892
893
892
952
950
958
954
892
959
958
892
959
1028
1027
1019
1091
1018
952
1019
1018
950
952
1018
954
955
952
1020
1092
1019
996
998
929
1150
1067
1066
1150
1069
1067
889
842
841
892
889
844
950
951
889
996
929
928
1067
996
995
1067
998
996
823
778
777
870
823
822
871
824
823
928
871
870
929
873
871
2700
2670
2702
2473
2423
2474
2519
2521
2473
2473
2468
2422
2671
2648
2684
2670
2671
2702
2670
2636
2671
2426
2391
2439
2518
2471
2476
2424
2375
2420
2490
2441
2442
2488
2440
2489
2533
2488
2489
2532
2487
2488
2335
2391
2336
2271
2335
2336
2337
2391
2335
2393
2337
2338
2392
2391
2337
2440
2392
2441
2439
2391
2392
384
355
378
406
384
378
411
383
384
412
411
384
416
388
411
438
416
411
442
415
416
443
442
416
412
439
438
463
467
443
466
441
442
586
560
559
359
334
354
383
359
354
387
358
359
388
387
359
414
386
387
388
415
387
383
388
359
355
383
354
355
384
383
383
411
388
440
413
414
454
440
465
454
427
440
559
560
532
533
559
531
505
533
504
489
505
479
466
489
465
466
490
489
489
515
505
505
534
533
533
561
559
427
399
398
532
549
548
531
532
522
504
531
503
479
504
478
465
479
454
465
489
479
479
505
504
504
533
531
560
549
532
397
425
396
417
389
390
418
417
390
422
395
417
444
422
417
450
423
422
269
242
244
271
269
244
296
268
269
297
296
269
302
276
296
322
302
296
329
303
302
328
329
302
297
323
322
349
354
328
334
308
329
454
428
427
249
222
241
268
249
241
275
248
249
276
275
249
280
252
275
276
303
275
268
276
249
242
268
241
242
269
268
268
296
276
307
279
280
303
308
280
275
303
280
276
302
303
332
306
307
427
428
399
413
427
398
386
413
385
358
386
357
334
358
333
334
359
358
358
387
386
386
414
413
413
440
427
306
277
278
399
426
425
398
399
397
385
398
369
357
385
356
333
357
332
333
358
357
357
386
385
385
413
398
428
426
399
257
287
256
525
498
499
526
525
499
550
524
525
551
550
525
558
530
550
576
558
550
584
557
558
610
584
612
610
582
584
476
497
501
476
451
472
880
940
941
2563
2603
2604
2643
2680
2646
2604
2602
2563
2645
2604
2603
2644
2602
2604
2606
2645
2603
2677
2641
2644
2601
2605
2564
2642
2643
2601
2646
2605
2643
2645
2646
2682
2645
2606
2646
2646
2606
2605
2644
2645
2681
2644
2604
2645
2601
2564
2600
2679
2643
2642
2643
2605
2601
2644
2641
2602
2681
2677
2644
2682
2681
2645
2680
2682
2646
2679
2680
2643
2647
2679
2642
2647
2683
2679
2679
2711
2680
2711
2683
2714
2680
2711
2712
2683
2676
2708
2679
2683
2711
2647
2676
2683
2712
2711
2742
2682
2712
2713
2682
2680
2712
2743
2740
2713
2742
2743
2712
2714
2742
2711
2708
2714
2683
2706
2708
2676
2706
2736
2708
2708
2739
2714
2714
2744
2742
2768
2794
2769
2742
2768
2743
2744
2739
2765
2710
2678
2709
2678
2641
2677
2560
2565
2562
2515
2559
2517
2598
2565
2560
2709
2677
2681
2600
2562
2565
2601
2600
2642
2564
2562
2600
2677
2709
2678
2561
2516
2558
2596
2561
2558
2597
2559
2561
2599
2597
2561
2598
2560
2597
2638
2598
2597
2560
2562
2517
2607
2565
2598
2607
2600
2565
2639
2607
2598
2599
2640
2638
2674
2647
2639
2642
2600
2607
2709
2740
2710
2559
2515
2516
2560
2559
2597
2560
2517
2559
2763
2737
2738
2764
2763
2738
2765
2739
2763
2789
2765
2763
2770
2744
2765
2791
2770
2765
2794
2768
2770
2796
2794
2770
2795
2769
2794
2647
2607
2639
2795
2794
2819
2704
2675
2672
2730
2704
2698
2707
2675
2704
2674
2705
2706
2697
2665
2667
2699
2697
2667
2698
2666
2697
2729
2698
2697
2704
2672
2698
2673
2675
2705
2672
2666
2698
2640
2672
2675
2666
2665
2697
2637
2666
2672
2632
2665
2666
2758
2756
2731
2762
2757
2782
2735
2730
2757
2707
2735
2738
2730
2729
2756
2704
2730
2735
2729
2699
2731
2698
2729
2730
2699
2669
2701
2697
2699
2729
2667
2669
2699
2561
2559
2516
2710
2740
2741
2516
2515
2470
2469
2514
2470
2713
2712
2743
2681
2713
2709
2681
2682
2713
2607
2647
2642
2596
2558
2595
2637
2596
2595
2599
2561
2596
2637
2599
2596
2638
2597
2599
2639
2638
2673
2639
2598
2638
2792
2793
2767
2766
2792
2767
2795
2818
2792
2741
2766
2767
2713
2740
2709
2769
2795
2792
2743
2769
2766
2736
2706
2737
2763
2736
2737
2739
2708
2736
2763
2739
2736
2744
2714
2739
2768
2744
2770
2768
2742
2744
2818
2840
2817
2769
2743
2768
2860
2859
2876
2796
2820
2819
2794
2796
2819
2788
2762
2787
2812
2788
2787
2790
2764
2788
2813
2790
2788
2814
2789
2790
2770
2791
2796
2789
2764
2790
2765
2789
2791
2764
2762
2788
2763
2764
2789
2738
2762
2764
2854
2836
2835
2857
2838
2856
2837
2815
2838
2816
2837
2839
2815
2813
2836
2814
2815
2837
2813
2812
2835
2790
2813
2815
2812
2806
2830
2788
2812
2813
2787
2806
2812
2550
2506
2551
2507
2550
2552
2507
2505
2550
2766
2741
2740
2743
2766
2740
2769
2792
2766
2513
2514
2469
2507
2513
2469
2460
2505
2462
2506
2463
2508
2505
2506
2550
2461
2463
2506
2505
2461
2506
2413
2463
2461
2557
2514
2513
2589
2591
2552
2551
2589
2550
2508
2551
2506
2465
2508
2463
2465
2510
2508
2508
2553
2551
2551
2590
2589
2558
2514
2557
2792
2818
2793
2940
2944
2941
2941
2935
2940
2942
2941
2944
2942
2937
2941
2944
2943
2942
2932
2937
2938
2933
2932
2938
2925
2921
2924
2926
2925
2932
2921
2915
2924
2917
2921
2925
2913
2915
2921
2938
2942
2943
2934
2933
2939
2932
2925
2931
2924
2915
2916
2914
2922
2916
2931
2925
2924
2922
2930
2924
2916
2922
2924
2923
2930
2922
2937
2932
2931
2935
2941
2936
2942
2938
2937
2936
2941
2937
2931
2936
2937
2929
2935
2936
2943
2939
2938
2927
2934
2928
2926
2933
2927
2917
2926
2918
2913
2917
2908
2913
2921
2917
2917
2925
2926
2938
2939
2933
2930
2929
2936
2924
2930
2931
2923
2929
2930
2918
2927
2919
2909
2918
2910
2908
2909
2899
2908
2917
2909
2926
2927
2918
2897
2898
2908
2906
2915
2905
2896
2906
2894
2882
2896
2881
2878
2882
2866
2865
2878
2862
2865
2880
2878
2878
2892
2882
2892
2893
2895
2882
2892
2895
2880
2879
2893
2878
2880
2892
2864
2863
2879
2865
2864
2880
2865
2848
2864
2895
2893
2904
2896
2895
2907
2896
2882
2895
2914
2916
2907
2914
2923
2922
2936
2931
2930
2910
2918
2919
2911
2910
2919
2900
2899
2909
2901
2900
2910
2887
2899
2900
2907
2906
2896
2914
2907
2904
2916
2906
2907
2903
2902
2911
2901
2902
2889
2866
2849
2862
2878
2866
2862
2881
2869
2866
2882
2881
2866
2894
2885
2881
2896
2894
2881
2905
2898
2894
2913
2905
2915
2913
2908
2905
2905
2894
2906
2890
2875
2889
2891
2890
2902
2877
2860
2876
2839
2820
2816
2857
2839
2837
2836
2855
2838
2815
2836
2838
2835
2830
2850
2813
2835
2836
2830
2831
2850
2812
2830
2835
2806
2831
2830
2875
2890
2876
2874
2875
2857
2874
2889
2875
2876
2890
2877
2842
2859
2860
2858
2857
2875
2859
2858
2876
2839
2857
2858
2840
2842
2821
2841
2859
2840
2839
2841
2820
2839
2858
2841
2841
2858
2859
2864
2848
2846
2810
2811
2834
2844
2849
2829
2826
2844
2822
2803
2826
2802
2778
2803
2777
2753
2778
2752
2753
2779
2778
2778
2804
2803
2804
2779
2805
2803
2804
2827
2779
2755
2780
2778
2779
2804
2753
2755
2779
2827
2804
2828
2826
2827
2847
2826
2803
2827
2865
2862
2847
2879
2880
2864
2880
2893
2892
2907
2895
2904
2915
2906
2916
2503
2504
2458
2586
2626
2587
2503
2546
2547
2585
2625
2586
2628
2629
2588
2661
2662
2626
2663
2664
2629
2695
2663
2662
2664
2692
2658
2695
2696
2663
2726
2695
2694
2728
2696
2695
2724
2723
2692
2753
2724
2728
2753
2723
2724
2554
2593
2592
2553
2554
2592
2555
2512
2556
2510
2555
2554
2555
2511
2512
2610
2594
2568
2569
2532
2575
2523
2532
2569
2533
2576
2575
2636
2594
2610
2668
2700
2669
2684
2703
2671
2649
2684
2648
2616
2649
2611
2576
2616
2575
2534
2576
2533
2566
2608
2576
2576
2617
2616
2616
2654
2649
2685
2715
2716
2649
2685
2684
2654
2617
2655
2783
2808
2807
2807
2831
2806
2782
2807
2806
2783
2759
2784
2781
2783
2807
2759
2733
2760
2758
2759
2783
2733
2703
2734
2732
2733
2759
2702
2703
2733
2782
2806
2787
2762
2782
2787
2781
2758
2783
2757
2781
2782
2758
2732
2759
2756
2758
2781
2732
2702
2733
2731
2732
2758
2700
2702
2732
2735
2757
2762
2781
2807
2782
2808
2831
2807
2784
2808
2783
2760
2784
2759
2734
2760
2733
2716
2734
2703
2716
2747
2734
2734
2761
2760
2761
2747
2773
2760
2761
2785
2747
2745
2771
2734
2747
2761
2716
2745
2747
2785
2761
2786
2784
2785
2809
2784
2760
2785
2810
2833
2809
2786
2810
2785
2773
2786
2761
2771
2773
2747
2746
2771
2745
2746
2772
2771
2771
2797
2773
2773
2798
2786
2811
2829
2834
2786
2811
2810
2798
2797
2802
2872
2887
2873
2872
2871
2886
2856
2872
2873
2871
2867
2883
2855
2871
2872
2867
2851
2868
2854
2867
2871
2851
2833
2853
2850
2851
2867
2832
2833
2851
2856
2855
2872
2857
2856
2874
2855
2854
2871
2838
2855
2856
2854
2850
2867
2836
2854
2855
2850
2832
2851
2835
2850
2854
2831
2832
2850
2901
2910
2911
2890
2891
2877
2889
2902
2890
2873
2889
2874
2873
2888
2889
2903
2891
2902
2876
2858
2875
2814
2791
2789
2815
2814
2790
2816
2791
2814
2707
2738
2737
2816
2814
2837
2796
2816
2820
2796
2791
2816
2735
2762
2738
2701
2669
2700
2732
2701
2700
2731
2699
2701
2732
2731
2701
2756
2729
2731
2757
2756
2781
2757
2730
2756
2684
2685
2716
2721
2746
2715
2690
2721
2689
2656
2690
2655
2619
2656
2618
2582
2619
2578
2582
2622
2619
2619
2657
2656
2656
2691
2690
2751
2746
2721
2722
2751
2721
2691
2722
2690
2657
2691
2656
2622
2657
2619
2581
2622
2582
2620
2621
2658
2581
2620
2622
2579
2580
2620
2622
2620
2658
2692
2696
2724
2657
2692
2691
2664
2663
2696
2692
2664
2696
2658
2621
2629
2657
2658
2692
2548
2580
2539
2628
2588
2587
2629
2621
2588
2657
2622
2658
2549
2548
2504
2588
2549
2587
2588
2548
2549
2620
2580
2621
2538
2537
2493
2579
2538
2580
2579
2537
2538
2752
2751
2722
2723
2752
2722
2692
2723
2691
2753
2752
2723
2629
2628
2663
2658
2629
2664
2621
2580
2588
2847
2862
2844
2826
2847
2844
2780
2801
2805
2845
2824
2823
2825
2805
2824
2827
2828
2848
2801
2780
2776
2799
2823
2800
2801
2824
2805
2804
2805
2828
2800
2776
2775
2799
2800
2775
2801
2776
2800
2779
2780
2805
2780
2755
2754
2844
2862
2849
2829
2849
2843
2829
2822
2844
2834
2829
2843
2822
2802
2826
2811
2822
2829
2802
2777
2803
2798
2802
2822
2777
2752
2778
2797
2777
2802
2751
2752
2777
2888
2873
2887
2900
2888
2887
2901
2889
2888
2900
2901
2888
2911
2902
2901
2912
2911
2919
2912
2903
2911
2857
2837
2838
2909
2910
2900
2928
2920
2919
2920
2912
2919
2874
2856
2873
2917
2918
2909
2934
2927
2933
2927
2928
2919
2886
2899
2887
2872
2886
2887
2852
2834
2843
2861
2852
2843
2870
2853
2852
2869
2870
2852
2884
2868
2870
2871
2883
2886
2868
2853
2870
2867
2868
2883
2853
2834
2852
2851
2853
2868
2833
2834
2853
2933
2926
2932
2897
2908
2899
2861
2843
2849
2866
2861
2849
2869
2852
2861
2866
2869
2861
2885
2870
2869
2898
2885
2894
2898
2884
2885
2884
2883
2868
2885
2884
2870
2897
2883
2884
2809
2833
2832
2881
2885
2869
2908
2898
2905
2897
2884
2898
2886
2897
2899
2886
2883
2897
2810
2834
2833
2772
2746
2751
2777
2772
2751
2797
2771
2772
2777
2797
2772
2798
2773
2797
2811
2798
2822
2811
2786
2798
2846
2845
2863
2864
2846
2863
2848
2828
2846
2847
2848
2865
2847
2827
2848
2842
2840
2859
2840
2819
2820
2841
2840
2820
2821
2817
2840
2818
2795
2819
2840
2818
2819
2817
2793
2818
2505
2459
2461
2462
2505
2507
2459
2413
2461
2460
2459
2505
2460
2411
2410
2825
2828
2805
2846
2825
2845
2846
2828
2825
2845
2825
2824
2410
2459
2460
2356
2410
2411
2356
2359
2410
2410
2359
2413
2355
2356
2411
2293
2292
2228
2557
2595
2558
1987
1986
2072
2068
1987
2073
1898
1890
1805
2358
2296
2295
2073
2150
2068
2824
2801
2823
2727
2754
2755
2753
2728
2755
2503
2547
2504
2500
2503
2458
2409
2457
2456
2544
2546
2503
2501
2502
2544
2457
2501
2500
2457
2502
2501
2545
2585
2544
2544
2585
2546
2801
2800
2823
2750
2775
2776
2774
2799
2775
2228
2155
2227
2703
2702
2671
2716
2703
2684
2654
2689
2685
2649
2654
2685
2617
2608
2618
2616
2617
2654
2608
2577
2618
2576
2608
2617
2566
2577
2608
2809
2832
2808
2784
2809
2808
2785
2810
2809
2808
2832
2831
2359
2412
2413
2293
2228
2296
2355
2293
2356
2355
2292
2293
2150
2224
2149
2068
2150
2149
2155
2224
2150
2227
2155
2154
2228
2224
2155
2467
2468
2512
2555
2509
2511
2466
2417
2467
2414
2416
2464
2357
2360
2412
2361
2362
2416
2467
2418
2468
2416
2417
2466
2464
2416
2466
2509
2464
2466
2464
2465
2415
2414
2361
2416
1719
1815
1812
1622
1623
1717
1625
1718
1720
1904
1993
1906
1718
1811
1813
1923
2014
1993
1811
1828
1904
1915
2005
1923
1907
1997
1908
1815
1907
1908
1906
1995
1907
2088
2014
2005
2079
2014
2098
1993
1904
1923
1906
1993
1995
1923
2005
2014
1828
1915
1923
1828
1910
1915
1904
1828
1923
1828
1734
1819
1818
1909
1819
1635
1726
1727
1817
1728
1820
1820
1912
1909
1818
1817
1909
1821
1912
1820
1821
1913
1912
1912
1913
2000
1910
1912
1915
1910
1909
1912
1997
2082
1996
1908
1997
1996
1995
2081
1997
1915
2000
2004
2159
2163
2232
2080
2163
2159
2164
2235
2163
2098
2088
2169
2077
2160
2076
2163
2235
2232
2235
2301
2232
2161
2098
2179
2231
2299
2300
2158
2231
2229
2232
2299
2231
2303
2365
2301
2164
2234
2235
2302
2365
2303
2231
2297
2229
2473
2512
2468
2475
2518
2522
2474
2475
2522
2473
2474
2519
2423
2425
2474
2475
2424
2471
2376
2375
2424
2423
2377
2425
2319
2366
2308
2377
2319
2318
2377
2374
2319
2313
2370
2367
2241
2249
2306
2304
2314
2313
2648
2636
2610
2649
2648
2611
2671
2636
2648
2668
2670
2700
2594
2593
2556
2569
2610
2568
2568
2522
2523
2532
2533
2575
2635
2593
2594
2668
2635
2670
2668
2633
2635
2634
2667
2665
2593
2635
2633
2592
2593
2633
2556
2521
2568
2554
2555
2593
2521
2519
2522
2512
2521
2556
2521
2512
2473
2669
2667
2634
2514
2516
2470
2462
2507
2469
2558
2516
2514
2552
2550
2589
2513
2552
2557
2513
2507
2552
2591
2595
2557
2552
2591
2557
2590
2553
2592
2589
2590
2630
2553
2510
2554
2551
2553
2590
2510
2509
2555
2508
2510
2553
2465
2509
2510
2665
2632
2630
2631
2665
2630
2707
2737
2705
2675
2707
2705
2704
2735
2707
2705
2737
2706
2674
2706
2676
2674
2673
2705
2647
2674
2676
2673
2640
2675
2639
2673
2674
2640
2637
2672
2638
2640
2673
2637
2632
2666
2599
2637
2640
2595
2632
2637
2775
2750
2749
2717
2718
2687
2749
2774
2775
2720
2749
2750
2718
2748
2749
2749
2720
2719
2720
2688
2719
2780
2754
2776
2726
2754
2727
2750
2776
2754
2726
2725
2754
2749
2748
2774
2652
2687
2688
2718
2717
2748
2719
2688
2687
2718
2719
2687
2719
2718
2749
2728
2727
2755
2696
2728
2724
2726
2727
2728
2438
2430
2480
2485
2438
2486
2433
2430
2438
2482
2433
2438
2529
2482
2485
2484
2435
2482
2329
2331
2265
2433
2387
2384
2435
2389
2387
2436
2437
2484
2389
2332
2330
2387
2389
2331
2390
2332
2389
2571
2612
2613
2725
2694
2693
2614
2613
2652
2574
2614
2615
2572
2613
2614
2530
2572
2574
2571
2613
2572
2530
2527
2572
2531
2530
2574
2486
2480
2527
2570
2612
2571
2525
2526
2571
2609
2612
2570
2720
2693
2688
2526
2570
2571
2479
2526
2525
2524
2570
2526
2624
2625
2585
2584
2624
2585
2623
2659
2624
2480
2486
2438
2432
2480
2430
2383
2432
2430
2383
2431
2432
2481
2527
2480
2624
2659
2660
2623
2584
2583
2545
2584
2585
2545
2583
2584
2653
2659
2623
2567
2609
2570
2482
2529
2484
2615
2583
2573
2583
2545
2573
2381
2327
2322
2257
2323
2322
2382
2431
2381
2323
2382
2381
2380
2431
2382
2433
2482
2435
2530
2531
2486
2528
2483
2529
2531
2529
2485
2573
2528
2529
2379
2429
2380
2433
2384
2385
2379
2380
2321
2378
2379
2321
2378
2427
2379
2472
2427
2421
2477
2479
2429
2431
2428
2478
2481
2431
2478
2383
2381
2431
2258
2257
2187
2324
2382
2323
2381
2322
2323
2326
2263
2261
2384
2326
2327
2384
2329
2326
2185
2184
2104
2315
2320
2255
2256
2260
2190
2320
2256
2254
2372
2320
2315
2372
2378
2320
2325
2380
2382
2324
2325
2382
2324
2260
2325
2189
2260
2259
2321
2380
2325
2256
2320
2321
2421
2378
2372
2421
2427
2378
2258
2324
2323
2261
2257
2322
2326
2261
2322
2263
2193
2261
2027
2029
1937
2191
2112
2110
2114
2029
2112
2652
2613
2651
2687
2652
2651
2653
2615
2652
2725
2720
2750
2754
2725
2750
2726
2694
2725
2547
2587
2549
2456
2500
2458
2546
2585
2586
2547
2546
2586
2503
2500
2544
2624
2661
2625
2688
2659
2653
2688
2693
2659
2627
2663
2628
2626
2627
2628
2662
2663
2627
2694
2662
2661
2694
2695
2662
2660
2694
2661
2624
2660
2661
2693
2694
2660
2659
2693
2660
2720
2725
2693
2726
2728
2695
2686
2717
2687
2651
2650
2686
2688
2653
2652
2613
2612
2650
2652
2615
2614
2614
2574
2572
2358
2412
2359
2296
2358
2359
2357
2412
2358
2227
2226
2295
2228
2227
2296
2356
2293
2296
2292
2224
2228
1980
2067
1979
2155
2073
2154
2068
2067
1980
2155
2150
2073
2149
2067
2068
2157
2225
2151
2230
2298
2294
2300
2362
2361
2231
2300
2297
2363
2300
2299
2360
2357
2298
2414
2360
2361
2414
2415
2360
2413
2412
2463
2359
2356
2296
2686
2687
2651
1805
1890
1796
1700
1615
1709
1898
1980
1979
1897
1898
1805
1897
1987
1898
1709
1615
1710
1805
1709
1710
1796
1700
1709
1896
1986
1897
1803
1896
1897
1805
1804
1897
1800
1894
1803
1986
1987
1897
1984
1986
1896
1984
2072
1986
2069
2152
2072
2294
2226
2225
2227
2154
2226
1898
1979
1890
1987
1980
1898
1987
2068
1980
1710
1804
1805
1796
1709
1805
1707
1708
1804
1804
1708
1803
1897
1804
1803
1710
1707
1804
1615
1707
1710
1615
1603
1612
1602
1603
1700
1602
1506
1507
1801
1894
1800
1704
1801
1800
1705
1802
1801
2295
2357
2358
2227
2295
2296
2294
2357
2295
2153
2151
2226
2154
2152
2226
2072
1985
2069
2158
2229
2156
2363
2299
2301
2362
2300
2363
2298
2297
2361
2360
2298
2361
2357
2294
2298
2157
2151
2075
2229
2157
2156
2230
2225
2157
1981
1982
2071
1895
1981
1985
1895
1891
1981
1984
1895
1985
1894
1801
1802
2230
2297
2298
2225
2230
2294
2229
2297
2230
2075
2156
2157
2070
2075
2151
2074
1990
2076
2070
2074
2075
2070
1983
1989
2299
2232
2301
2294
2295
2226
2650
2651
2613
1603
1615
1700
1507
1603
1602
1515
1612
1603
1418
1515
1414
1319
1418
1414
1517
1613
1518
1612
1707
1615
1518
1612
1515
1518
1614
1612
1418
1518
1515
1614
1707
1612
1613
1614
1518
1613
1708
1614
2668
2669
2634
2633
2668
2634
2631
2633
2634
2522
2519
2474
2523
2522
2518
2568
2521
2522
2568
2523
2569
2476
2523
2518
2611
2569
2575
2487
2532
2523
2487
2440
2488
2594
2556
2568
2611
2610
2569
2616
2611
2575
2648
2610
2611
2635
2636
2670
2635
2594
2636
2072
2154
2073
1507
1414
1515
1603
1507
1515
1506
1414
1507
1989
2074
2070
1900
1989
1983
1988
2074
1989
1900
1899
1988
1893
1900
1983
1893
1807
1900
1899
1901
1988
2158
2232
2231
2076
2158
2156
2160
2232
2158
1991
2077
2076
2082
2081
2164
2080
2082
2163
2080
1996
2082
2229
2230
2157
2226
2151
2225
1802
1895
1894
1609
1706
1705
1891
1895
1802
1798
1891
1802
1892
1982
1891
1983
1982
1893
1981
2071
2069
2273
2337
2335
2271
2273
2335
2270
2271
2336
2202
2126
2125
2275
2338
2273
2535
2534
2490
2393
2442
2441
2443
2491
2442
2394
2395
2443
2338
2394
2393
2338
2275
2339
2395
2348
2403
2440
2439
2392
2489
2440
2441
2488
2533
2532
2476
2439
2487
2523
2476
2487
2426
2471
2420
2476
2471
2426
2518
2475
2471
2370
2375
2367
2306
2313
2367
2424
2420
2471
2371
2420
2370
2371
2391
2420
2391
2371
2336
2420
2375
2370
1987
2072
2073
1894
1984
1896
1608
1613
1516
1704
1608
1705
1801
1704
1705
1800
1708
1704
1704
1613
1608
1405
1414
1506
1405
1307
1319
1616
1617
1520
1420
1519
1520
1620
1711
1616
1523
1620
1616
1519
1523
1616
1522
1619
1523
1619
1714
1620
1713
1808
1714
1522
1618
1619
1717
1808
1713
1809
1810
1715
1808
1902
1809
1619
1713
1714
1812
1902
1808
1901
1991
1990
1810
1901
1899
1903
1991
1901
1902
1992
1903
1714
1808
1809
1812
1815
1905
1990
2074
1988
1901
1990
1988
1991
2076
1990
2071
1982
1983
1711
1617
1616
1715
1711
1620
1809
1715
1714
1806
1711
1715
1806
1807
1712
1903
1810
1809
1899
1900
1807
1982
1892
1893
1610
1706
1609
1611
1610
1514
1611
1706
1610
1611
1514
1513
1702
1706
1611
1605
1702
1611
1701
1797
1702
1892
1797
1799
1610
1609
1514
1798
1706
1702
1892
1798
1797
1802
1706
1798
1802
1705
1706
1900
1988
1989
1807
1806
1899
1799
1807
1893
1799
1703
1712
1810
1903
1901
1806
1810
1899
1806
1715
1810
1994
1908
1996
1991
1992
2077
1903
1809
1902
2156
2075
2074
2153
2070
2151
1712
1711
1806
1799
1712
1807
1703
1617
1712
2160
2159
2232
2076
2160
2158
2077
2078
2160
2160
2078
2159
1903
1992
1991
2078
2080
2159
1992
1994
2077
1994
2080
2078
1994
1996
2080
2077
1994
2078
1992
1902
1905
1815
1908
1905
1717
1719
1812
1720
1813
1814
1907
1995
1997
1997
2081
2082
2082
2164
2163
2076
2156
2074
2071
1983
2070
2153
2071
2070
1895
1984
1894
1981
2069
1985
2153
2069
2071
2152
2154
2072
2153
2152
2069
2153
2226
2152
2072
1984
1985
1892
1891
1798
1893
1892
1799
1982
1981
1891
1319
1414
1405
1220
1316
1307
1130
1131
1052
1317
1223
1318
1219
1223
1132
1315
1318
1223
1222
1316
1220
1221
1222
1131
1221
1317
1222
1132
1223
1221
1416
1316
1317
1411
1413
1314
1611
1513
1605
1413
1513
1514
1800
1803
1708
1613
1704
1708
1894
1896
1803
1222
1317
1316
1417
1416
1317
1418
1319
1416
1131
1220
1129
1517
1516
1613
1418
1517
1518
1418
1416
1517
1417
1415
1516
1416
1417
1517
1318
1415
1417
1317
1318
1417
1223
1317
1221
1517
1417
1516
1219
1315
1223
1053
1128
1132
1311
1410
1315
1216
1311
1219
1218
1313
1311
1311
1313
1410
1512
1511
1415
1315
1410
1415
1514
1609
1512
1512
1609
1607
1319
1307
1316
1510
1508
1409
1520
1510
1420
1606
1701
1604
1617
1606
1520
1703
1797
1701
1711
1712
1617
1799
1797
1703
1316
1416
1319
1705
1608
1607
1708
1707
1614
1508
1407
1406
1604
1508
1510
1509
1513
1411
1606
1604
1510
1605
1513
1509
1701
1605
1604
1701
1702
1605
1703
1701
1606
1797
1798
1702
1511
1516
1415
1607
1511
1512
1705
1607
1609
1608
1511
1607
1608
1516
1511
1509
1411
1407
1604
1509
1508
1604
1605
1509
1512
1412
1514
1312
1309
1407
1411
1312
1407
1314
1313
1312
1412
1410
1313
1514
1412
1413
1512
1410
1412
1313
1217
1309
1311
1315
1219
1413
1412
1314
1512
1415
1410
1218
1127
1217
1314
1412
1313
1049
1053
983
1216
1128
1125
1218
1216
1126
1219
1128
1216
1219
1132
1128
1051
983
1053
982
981
1052
982
915
981
981
915
914
2439
2440
2487
2534
2566
2576
2441
2490
2489
2535
2566
2534
2490
2442
2491
2535
2490
2491
2534
2489
2490
2393
2394
2442
2496
2499
2542
2449
2454
2496
2454
2455
2499
2403
2443
2395
2405
2403
2348
2449
2443
2403
2491
2449
2496
2491
2443
2449
2222
2220
2148
2284
2288
2289
2283
2284
2218
2346
2288
2284
2350
2287
2289
2351
2350
2289
2349
2351
2288
2406
2350
2351
2404
2406
2349
2404
2455
2406
2348
2395
2341
2405
2348
2350
2405
2454
2403
2577
2566
2535
2536
2577
2535
2455
2404
2453
2499
2455
2453
2405
2350
2406
2449
2403
2454
2351
2289
2288
2578
2577
2536
2542
2578
2536
2542
2582
2578
2399
2402
2347
2492
2448
2444
2495
2452
2448
2543
2499
2497
2397
2347
2343
2444
2399
2445
2448
2402
2399
2450
2453
2404
2497
2450
2451
2497
2453
2450
2061
2060
2142
2063
2138
2145
2142
2217
2143
2219
2282
2285
2145
2219
2144
2216
2282
2219
2145
2216
2219
2062
2145
2144
2062
2063
2145
2213
2279
2216
2216
2145
2213
2212
2280
2213
2346
2284
2283
2540
2579
2581
2691
2723
2722
2690
2722
2721
2715
2746
2745
2715
2689
2721
2716
2715
2745
2689
2655
2690
2685
2689
2715
2655
2618
2656
2654
2655
2689
2618
2578
2619
2617
2618
2655
2577
2578
2618
1050
1052
1129
2410
2413
2459
2234
2161
2233
2365
2363
2301
2235
2303
2301
2364
2419
2365
2300
2361
2297
2417
2362
2363
2417
2416
2362
2591
2632
2595
1052
1131
1129
1315
1415
1318
1222
1220
1131
2137
2212
2138
2056
2137
2138
2058
2140
2137
1883
1969
1971
1884
1883
1975
1884
1789
1883
2215
2139
2141
2352
2353
2407
2342
2352
2396
2342
2290
2352
2399
2444
2448
2398
2447
2445
2352
2398
2396
2407
2447
2398
2398
2352
2407
2409
2456
2407
2448
2492
2495
2447
2458
2494
2402
2448
2452
2446
2492
2444
2494
2446
2444
2494
2493
2446
2445
2494
2444
2458
2504
2494
2495
2540
2498
2452
2495
2498
2492
2537
2495
2385
2383
2430
2381
2383
2327
2481
2480
2432
2431
2481
2432
2478
2525
2481
2429
2478
2428
2380
2429
2428
2427
2477
2429
2520
2477
2472
2479
2478
2429
2524
2479
2477
2524
2526
2479
2525
2527
2481
2479
2525
2478
2567
2524
2520
2567
2570
2524
2527
2530
2486
2571
2527
2525
2571
2572
2527
2520
2524
2477
2266
2332
2269
2201
2122
2196
2330
2331
2389
2264
2330
2266
2264
2265
2330
2265
2331
2330
2194
2265
2264
2115
2194
2196
2114
2195
2194
2329
2384
2387
2263
2329
2265
2263
2326
2329
2385
2384
2327
2327
2383
2385
2430
2433
2385
2433
2435
2387
2435
2437
2389
2502
2545
2544
2122
2201
2123
2042
2122
2123
2194
2264
2196
2113
2115
2040
2114
2113
2029
2114
2194
2113
2201
2196
2266
2115
2196
2122
2264
2266
2196
2195
2265
2194
2193
2195
2114
2193
2263
2195
2330
2332
2266
2408
2386
2434
2328
2386
2354
2388
2434
2386
2267
2334
2333
2390
2436
2388
2042
2123
2041
1950
1952
2041
2040
2122
2042
2028
2040
1949
2029
2028
1937
2029
2113
2028
2115
2122
2040
2333
2388
2386
2267
2333
2328
2388
2333
2390
2268
2334
2267
2198
2268
2267
2198
2199
2268
2332
2390
2334
1857
1952
1950
2268
2269
2334
2120
2199
2198
2199
2121
2200
2268
2199
2200
2120
2119
2199
2117
2120
2198
2117
2033
2038
2043
2123
2124
2039
2043
2121
2041
2123
2043
2269
2332
2334
2201
2269
2200
2201
2266
2269
1951
1949
2040
2041
1952
2042
1952
1949
1951
2042
1952
1951
1857
1856
1952
1761
1843
1856
1660
1749
1762
1748
1649
1750
1843
1748
1750
1660
1649
1748
1933
1937
1936
2124
2121
2043
1936
1949
1952
1933
1936
1856
1937
2028
1936
2043
1953
2041
1660
1748
1749
1554
1651
1649
1751
1844
1750
1953
1948
1858
1844
1843
1750
1854
1947
1942
1758
1853
1849
1853
1946
1854
1858
1948
1855
1762
1857
1858
1950
1953
1858
2037
2038
1947
2039
2037
1948
2039
2119
2037
1359
1460
1360
1459
1461
1559
1649
1560
1554
1649
1659
1560
1458
1460
1558
1659
1649
1660
1759
1659
1760
1658
1559
1560
1759
1657
1658
1657
1558
1658
1658
1560
1659
1560
1559
1461
1446
1547
1546
1459
1445
1461
1346
1447
1446
1351
1451
1450
1643
1741
1644
1644
1742
1650
1644
1741
1742
1553
1644
1650
1554
1553
1650
1546
1644
1553
1546
1547
1644
1751
1651
1650
766
725
764
2427
2472
2477
2581
2579
2620
2541
2581
2582
2540
2537
2579
2541
2540
2581
2541
2498
2540
2540
2495
2537
2542
2499
2543
2282
2343
2345
2217
2219
2283
2279
2343
2282
2493
2494
2539
2408
2457
2409
2354
2408
2409
2434
2457
2408
2483
2502
2457
2500
2456
2457
2504
2539
2494
2333
2386
2328
2483
2434
2436
2354
2386
2408
2447
2494
2445
2396
2398
2445
2456
2458
2447
1971
2058
2056
1975
1971
2056
1969
2057
1971
1876
1969
1883
1789
1876
1883
1877
1969
1876
1685
1686
1784
1782
1685
1784
1695
1597
1685
1790
1695
1789
1790
1694
1695
1939
1940
2032
1970
1878
1879
1785
1752
1846
2031
2030
2116
1972
1879
1938
2057
1972
2059
2057
1970
1972
1879
1878
1785
1938
1879
1846
1972
1970
1879
2354
2353
2291
2344
2397
2343
2280
2281
2344
2213
2280
2279
2212
2140
2214
2342
2396
2344
2290
2353
2352
2223
2291
2290
2291
2353
2290
2223
2262
2291
2290
2278
2223
2278
2211
2223
2328
2354
2291
2397
2445
2399
2427
2429
2379
2431
2380
2428
2259
2187
2188
2324
2258
2259
2323
2257
2258
1126
1047
1127
1311
1216
1218
979
983
916
1125
1049
1045
1126
1125
1046
1128
1049
1125
1128
1053
1049
1130
1053
1132
1051
1052
981
1221
1130
1132
1221
1131
1130
1050
982
1052
914
860
913
2549
2504
2547
2580
2548
2588
2539
2504
2548
2538
2539
2580
2493
2492
2446
2538
2493
2539
2537
2492
2493
2031
2111
2059
1972
2031
2059
1938
2030
2031
2653
2623
2615
2626
2628
2587
2661
2626
2625
2662
2627
2626
2573
2545
2528
2623
2583
2615
2584
2623
2624
2586
2587
2547
2615
2573
2574
2625
2626
2586
2531
2485
2486
2573
2531
2574
2573
2529
2531
2483
2457
2434
2545
2502
2528
2544
2500
2501
2485
2482
2438
2484
2529
2483
2502
2483
2528
2436
2484
2483
2437
2390
2389
2484
2437
2435
2436
2390
2437
2255
2254
2185
2315
2255
2250
2320
2254
2255
2321
2320
2378
2186
2185
2106
2250
2186
2182
2255
2185
2186
2027
1937
2024
2110
2027
2107
2187
2110
2188
2187
2191
2110
2112
2029
2027
2331
2329
2387
2195
2263
2265
2112
2193
2114
2191
2261
2193
2322
2327
2326
1934
2024
1933
1934
1845
1935
1935
2025
1934
2189
2259
2188
2026
2109
2108
2260
2324
2259
2109
2190
2189
2256
2321
2260
2110
2112
2027
2113
2194
2115
2109
2189
2108
2103
2109
2026
2184
2190
2109
2028
2113
2040
1837
1751
1742
1741
1836
1742
1928
2018
1927
2103
2018
2019
1845
1934
1844
2026
1935
2018
2026
2025
1935
1951
2040
2042
1952
1856
1936
1950
1858
1857
1762
1749
1761
1936
2028
1949
1558
1460
1559
1360
1460
1458
1459
1559
1460
1268
1266
1359
1461
1554
1560
1546
1445
1446
1459
1359
1445
1346
1446
1445
1546
1554
1461
2022
2023
1931
1930
2022
1931
2021
2101
2105
2024
1937
1933
1844
1934
1933
2108
2188
2107
2259
2258
2187
2108
2189
2188
2260
2321
2325
2191
2193
2112
2257
2191
2187
2257
2261
2191
1930
1931
1840
1839
1930
1840
1929
2021
2020
2107
2188
2110
2024
2107
2027
2024
2025
2107
2025
2108
2107
1934
2025
2024
2026
2108
2025
1845
1837
1927
2103
2184
2109
2018
2103
2026
2104
2184
2103
2190
2254
2256
2189
2190
2260
2184
2254
2190
1929
1930
1839
2019
2018
1928
1932
2019
1928
2104
2103
2019
1838
1839
1744
1927
2018
1935
1845
1751
1837
1935
1845
1927
1844
1751
1845
1927
1837
1928
1741
1746
1836
1932
2023
2019
1841
1932
1928
1931
2023
1932
1353
1352
1259
1747
1840
1842
1650
1742
1751
1750
1651
1751
1649
1651
1750
1554
1650
1651
1554
1546
1553
1046
977
1047
1216
1125
1126
1045
976
1046
1125
1045
1046
1049
979
1045
980
981
914
1130
1051
1053
1130
1052
1051
913
858
859
980
913
916
860
858
913
1045
975
976
980
916
983
980
914
913
1051
980
983
1051
981
980
915
860
914
859
810
811
2106
2104
2023
2250
2255
2186
2254
2184
2185
767
811
810
857
912
861
916
913
861
976
977
1046
979
975
1045
983
979
1049
916
861
912
910
977
976
809
776
807
857
809
856
912
857
856
812
808
857
808
764
765
1146
1147
1063
1062
1146
1063
1064
1143
1148
993
1064
1062
1148
1238
1146
1064
1148
1146
1143
1234
1148
1234
1239
1148
1234
1143
1144
1232
1326
1234
1325
1327
1233
1328
1427
1333
1064
1146
1062
1238
1147
1146
1332
1238
1239
1237
1236
1147
1332
1237
1238
1332
1330
1237
1236
1235
1147
1322
1228
1227
1421
1322
1329
1229
1228
1322
925
926
869
1063
1061
1062
1054
1057
985
990
1054
984
1135
1057
1054
986
985
1057
1044
986
1056
1044
978
986
821
807
820
862
821
869
855
807
821
1638
1639
1542
1817
1725
1724
1432
1525
1424
1335
1340
1432
1525
1439
1539
1532
1538
1439
1533
1532
1435
1626
1538
1532
1627
1635
1538
1442
1542
1533
1433
1343
1435
1441
1541
1442
1340
1439
1432
1231
1242
1325
1247
1337
1340
1343
1342
1441
1435
1343
1442
1433
1336
1343
1629
1721
1626
1524
1530
1431
1636
1621
1539
1635
1636
1539
1716
1621
1636
1716
1625
1621
1233
1142
1231
1328
1234
1326
1144
1060
1141
1232
1144
1141
1143
1060
1144
1142
1232
1141
1231
1142
1140
1233
1232
1142
1325
1233
1231
1326
1232
1233
1058
1059
1141
1060
1058
1141
989
987
1058
922
987
989
864
921
920
816
865
864
770
772
815
780
826
816
816
826
865
874
825
875
876
826
872
780
825
826
1001
932
934
1068
1001
997
1152
1073
1068
1241
1152
1151
1159
1073
1152
1244
1157
1154
936
988
921
1001
1002
935
1003
988
936
1074
1003
1002
1073
1074
1002
1159
1154
1074
1071
1059
1003
1340
1337
1434
1157
1244
1247
1244
1243
1336
1337
1244
1336
1157
1071
1154
1242
1157
1247
1335
1242
1247
1231
1153
1242
1140
1059
1071
1159
1152
1241
1243
1249
1336
1526
1525
1621
1427
1425
1526
1430
1427
1431
1427
1328
1425
1426
1525
1526
1425
1426
1526
1424
1525
1426
1072
1158
1151
997
1000
1068
1070
1155
1156
1345
1444
1344
1438
1536
1537
1158
1248
1241
1068
1072
1151
1156
1245
1246
1344
1444
1437
1245
1250
1338
1251
1345
1344
1634
1632
1732
1537
1632
1634
1537
1536
1632
2360
2415
2412
2415
2465
2463
2412
2415
2463
2415
2414
2464
2630
2632
2591
2589
2630
2591
2631
2634
2665
2590
2631
2630
2592
2633
2631
2590
2592
2631
2593
2555
2556
1409
1406
1310
1510
1409
1408
1406
1309
1308
1508
1406
1409
1407
1309
1406
1556
1558
1656
1458
1558
1556
1559
1658
1558
1660
1760
1659
1758
1656
1657
1762
1855
1760
1757
1852
1848
1757
1755
1850
1852
1757
1850
1655
1755
1757
1652
1655
1753
1652
1557
1654
1756
1851
1850
1853
1855
1946
1849
1853
1854
1760
1855
1853
1759
1760
1853
1657
1759
1758
1759
1658
1659
1660
1762
1760
1944
2035
1943
1942
1944
1851
1942
2033
1944
1946
1948
2037
1854
1946
1947
1855
1948
1946
1758
1759
1853
1762
1858
1855
2034
2117
2118
1944
2034
2035
2033
2117
2034
1947
2038
2033
1849
1854
1942
1946
2037
1947
1953
2039
1948
2041
1953
1950
2043
2039
1953
2119
2120
2038
2121
2119
2039
2121
2199
2119
2118
2117
2198
2192
2116
2197
2032
1940
1941
2118
2036
2035
2030
1939
2032
2106
2105
2186
765
809
808
734
732
774
724
734
764
724
700
734
776
809
765
918
985
919
911
918
919
917
984
918
869
917
862
869
820
868
776
820
807
776
774
819
1145
1061
1063
1135
1145
1227
1135
1061
1145
1135
1054
1061
990
1062
1061
926
925
992
1142
1141
1059
1064
1060
1143
1058
988
1059
1060
993
989
991
923
927
1227
1235
1322
1136
1227
1228
1235
1227
1145
992
991
1062
926
992
990
984
926
990
917
869
926
925
868
924
992
925
924
869
868
925
1058
1060
989
1140
1142
1059
1234
1144
1232
1238
1148
1239
993
991
927
1064
993
1060
1062
991
993
912
979
916
812
857
861
975
979
912
909
975
912
909
976
975
910
909
855
910
976
909
859
812
861
913
859
861
858
810
859
725
693
724
2106
2023
2022
2182
2186
2105
2185
2104
2106
1744
1745
1646
1838
1744
1743
1839
1745
1744
1929
1839
1838
1840
1745
1839
734
765
764
821
820
869
819
868
820
735
768
773
774
735
775
733
699
726
864
863
814
988
987
921
922
866
920
924
867
923
773
768
813
992
1062
990
867
866
923
868
867
924
818
773
817
987
920
921
1058
987
988
922
920
987
927
922
989
989
993
927
923
922
927
923
866
922
807
856
809
819
818
868
776
819
820
774
775
819
855
909
856
811
808
812
859
811
812
811
767
766
924
991
992
818
867
868
923
991
924
817
813
863
818
817
867
773
813
817
866
863
920
766
764
808
811
766
808
767
725
766
726
735
733
695
726
694
727
768
726
817
863
866
727
769
768
814
863
813
771
814
769
864
865
921
863
864
920
815
816
864
735
774
733
773
775
735
773
818
775
817
866
867
727
729
769
814
815
864
818
819
775
765
774
776
700
692
699
732
700
699
724
692
700
725
724
764
693
661
692
1645
1549
1548
1449
1350
1448
2105
2101
2182
2022
2105
2106
2022
2020
2105
2056
2063
1975
1883
1971
1975
2058
2137
2056
2278
2281
2215
2279
2282
2216
2342
2344
2281
2343
2347
2345
2396
2397
2344
2345
2400
2346
2397
2399
2347
2279
2344
2343
2396
2445
2397
2401
2451
2450
2349
2401
2404
2400
2451
2401
2146
2222
2148
2066
2146
2148
2147
2222
2146
2284
2222
2218
2289
2221
2222
2060
2061
1974
2062
2060
1976
2060
2062
2142
2064
2066
1978
2065
2064
1978
2147
2066
2064
2218
2147
2143
2218
2222
2147
1696
1792
1786
1697
1696
1598
1697
1791
1696
1975
1886
1884
1976
1974
1885
1977
2065
1978
2143
2065
2061
2143
2147
2065
1886
1793
1884
1887
1888
1795
1788
1882
1794
1973
1977
1887
2061
1973
1974
1973
2061
1977
1793
1698
1790
1788
1794
1699
1690
1787
1692
1880
1882
1788
1881
1880
1792
1886
1885
1792
1974
1880
1881
1882
1880
1974
1595
1600
1502
1694
1595
1596
1693
1600
1595
1691
1786
1787
1595
1502
1497
1689
1691
1594
1594
1591
1689
1494
1496
1594
1496
1591
1594
1501
1591
1496
1501
1598
1591
1598
1696
1689
1040
974
1042
906
972
956
901
852
906
906
853
854
854
851
905
1397
1303
1301
1121
1209
1210
1208
1301
1209
1394
1494
1495
1300
1394
1395
1393
1494
1394
1300
1393
1394
1305
1300
1391
1305
1212
1300
1392
1400
1396
2020
2022
1930
1929
2020
1930
2021
2105
2020
1785
1687
1752
1755
1756
1850
1945
2035
2036
1941
1945
2032
1943
2035
1945
1852
1943
1945
1848
1852
1941
1850
1943
1852
1851
1944
1943
1850
1851
1943
1849
1942
1851
2038
2120
2117
1942
1947
2033
2037
2119
2038
2197
2267
2262
2124
2200
2121
2201
2124
2123
2201
2200
2124
2262
2328
2291
2192
2197
2262
2141
2192
2211
2111
2116
2192
2267
2328
2262
2268
2200
2269
2211
2192
2223
2390
2333
2334
2353
2409
2407
2278
2290
2342
2354
2409
2353
2388
2436
2434
2407
2456
2447
1976
2060
1974
2145
2138
2213
2056
2138
2063
2212
2213
2138
2142
2143
2061
2144
2142
2062
2144
2217
2142
1783
1784
1686
1785
1783
1688
1878
1784
1783
1885
1974
1881
1792
1885
1881
1886
1976
1885
2063
1976
1975
2063
2062
1976
1783
1683
1688
1975
1976
1886
1399
1398
1499
1587
1498
1490
1683
1587
1586
1683
1684
1587
1597
1694
1596
1500
1597
1596
1498
1500
1596
1498
1589
1500
1686
1588
1589
1686
1685
1588
1588
1685
1597
1504
1598
1501
1884
1793
1790
1791
1792
1696
1886
1791
1793
1886
1792
1791
1589
1588
1500
1403
1501
1400
1403
1504
1501
1400
1402
1403
1503
1504
1403
1502
1503
1403
1502
1600
1503
1599
1698
1697
1693
1698
1600
1790
1693
1694
1790
1698
1693
1599
1598
1504
1793
1697
1698
1793
1791
1697
1399
1499
1397
1388
1399
1302
1489
1388
1387
1388
1398
1399
1398
1490
1498
1499
1398
1498
1388
1490
1398
1303
1402
1304
1694
1693
1595
1599
1697
1598
1600
1599
1504
1600
1698
1599
1295
1296
1204
1297
1295
1205
1388
1296
1295
1209
1303
1210
1402
1502
1403
1499
1497
1401
1497
1502
1401
1596
1497
1499
1596
1595
1497
1600
1504
1503
1203
1115
1118
1397
1499
1401
1118
1087
1173
1205
1118
1173
1116
1037
1115
1117
1120
1042
1296
1208
1204
1303
1209
1301
1302
1301
1208
1302
1397
1301
1015
968
949
1039
1016
1089
1039
1037
1016
1118
1039
1087
1037
968
1016
1036
1038
974
1203
1117
1116
1204
1208
1120
840
804
793
888
850
840
887
888
839
887
949
888
850
904
851
903
904
850
968
903
949
968
970
903
908
905
904
1646
1645
1744
1557
1652
1555
1656
1557
1556
1656
1755
1654
1756
1755
1758
1849
1756
1758
1849
1851
1756
1757
1753
1655
1754
1753
1848
1847
1754
1848
1752
1687
1754
1847
1752
1754
1940
1847
1848
1846
1752
1847
1687
1785
1688
1687
1683
1590
2281
2278
2342
2279
2280
2344
2139
2058
2057
2281
2214
2215
2212
2137
2140
2215
2211
2278
2214
2140
2215
2280
2214
2281
2280
2212
2214
2057
1969
1970
2059
2141
2139
2058
1971
2057
2141
2111
2192
2215
2141
2211
2059
2111
2141
2139
2057
2059
2140
2139
2215
2140
2058
2139
1878
1877
1784
1846
1879
1785
1970
1877
1878
2031
1972
1938
1969
1877
1970
1939
2030
1938
1846
1939
1938
1846
1847
1939
1847
1940
1939
2036
2118
2116
2032
2036
2116
2032
1945
2036
1941
1852
1945
1848
1941
1940
1848
1753
1757
1944
2033
2034
2035
2034
2118
2197
2118
2198
2197
2198
2267
2223
2192
2262
2116
2030
2032
2197
2116
2118
2111
2031
2116
1037
969
970
974
969
1036
974
908
969
904
903
970
850
888
903
838
887
839
790
791
839
837
878
886
838
837
886
827
878
837
1004
1017
1015
838
886
887
939
1004
948
1004
1015
948
1015
1017
1089
968
1015
1016
949
948
1015
1171
1260
1262
1643
1647
1741
1547
1643
1644
1550
1547
1450
1550
1551
1647
1643
1547
1550
1450
1451
1550
1643
1550
1647
1550
1452
1551
1261
1355
1353
1262
1261
1259
1262
1355
1261
1169
1170
1259
1260
1256
1350
1355
1260
1354
1171
1256
1260
1455
1454
1552
1355
1455
1453
1354
1454
1455
1454
1549
1552
1552
1549
1646
1551
1552
1648
1454
1449
1549
1453
1455
1552
1455
1355
1354
1648
1646
1745
1648
1747
1746
1551
1453
1552
1842
1931
1932
1747
1842
1841
1840
1931
1842
1843
1844
1933
1761
1749
1843
1857
1761
1856
1857
1762
1761
1843
1749
1748
2019
2023
2104
1843
1933
1856
1590
1683
1586
1491
1590
1586
1555
1653
1590
1654
1755
1655
1652
1654
1655
1557
1656
1654
1558
1657
1656
1758
1755
1656
1687
1688
1683
1653
1687
1590
1753
1653
1652
1753
1754
1653
1653
1754
1687
1266
1268
1175
1253
1266
1175
1163
1253
1175
1252
1348
1253
1347
1346
1266
1547
1446
1447
1359
1360
1268
1346
1445
1359
1459
1460
1359
1555
1652
1653
1491
1555
1590
1457
1557
1555
1390
1389
1491
1556
1557
1457
878
827
834
883
877
834
886
948
887
827
837
838
878
939
886
1077
1076
1006
948
949
887
1006
1076
1004
938
1006
939
1005
1077
1006
1015
1089
1016
1166
1171
1086
1349
1256
1255
1350
1354
1260
1448
1350
1349
1260
1355
1262
1449
1354
1350
1449
1454
1354
1548
1449
1448
1552
1646
1648
1548
1549
1449
1648
1745
1747
1645
1646
1549
1747
1745
1840
1836
1746
1841
1647
1551
1648
1645
1743
1744
1841
1842
1932
1836
1841
1928
1928
1837
1836
1837
1742
1836
1647
1648
1746
1841
1746
1747
1741
1647
1746
1352
1351
1257
1452
1550
1451
1352
1353
1451
1453
1551
1452
1547
1447
1450
1461
1445
1546
1453
1452
1353
1447
1351
1450
1353
1259
1261
1453
1353
1355
1452
1451
1353
1351
1352
1451
1257
1167
1258
1266
1346
1359
1163
1252
1253
1447
1346
1347
1258
1169
1259
1351
1348
1257
1083
1012
1013
946
885
884
946
945
885
942
946
884
942
947
946
944
1011
1005
946
1012
945
1075
1081
1161
1005
1075
1077
1011
1081
1075
937
944
1005
1012
1082
1011
1168
1082
1083
1164
1254
1252
1081
1164
1161
1005
1011
1075
1082
1167
1081
1081
1167
1164
942
884
943
1010
942
943
947
1012
946
1010
947
942
1013
1012
947
1009
1013
947
1083
1082
1012
1084
1083
1013
1084
1168
1083
1170
1169
1085
1168
1167
1082
1169
1168
1084
1169
1258
1168
1085
1169
1084
1171
1170
1086
1171
1262
1170
1258
1352
1257
1168
1258
1167
1259
1352
1258
1256
1349
1350
692
724
693
633
660
661
662
695
694
660
692
661
634
660
633
662
694
667
638
664
636
611
638
609
610
611
583
610
639
611
666
664
638
698
697
666
662
663
695
635
634
637
581
606
580
611
609
583
636
606
609
638
636
609
637
607
636
1078
1079
1008
1013
1009
1014
1008
941
1007
947
1010
1009
943
941
1010
581
609
606
554
556
580
583
609
581
1166
1256
1171
555
554
528
529
555
528
501
502
528
530
557
529
557
582
555
1208
1209
1121
1399
1397
1302
1303
1304
1210
1401
1303
1397
1304
1402
1400
1401
1402
1303
1401
1502
1402
1501
1496
1400
972
973
956
1120
1208
1121
1120
1121
1119
1117
1204
1120
1392
1299
1298
1082
1081
1011
791
788
827
838
791
827
790
750
791
712
681
711
745
712
711
746
714
712
745
746
712
787
747
746
836
787
833
836
789
787
1166
1165
1255
1256
1166
1255
1086
1014
1080
530
502
524
941
940
1007
1008
1079
1010
941
1008
1010
1007
1078
1008
943
881
941
1079
1165
1080
744
710
740
781
744
740
785
745
744
784
785
744
832
786
785
784
831
785
781
784
744
743
781
740
743
783
781
781
828
784
882
833
832
884
882
943
884
835
882
1259
1170
1262
1085
1086
1170
1013
1085
1084
1014
1086
1085
1013
1014
1085
1079
1078
1165
1014
1079
1080
1009
1010
1079
1080
1165
1166
1086
1080
1166
1014
1009
1079
836
834
788
556
581
580
555
556
554
582
583
556
557
530
558
556
555
582
530
524
550
555
529
557
524
498
525
529
502
530
497
498
524
475
474
500
519
520
493
494
519
492
470
494
469
447
470
446
425
447
421
425
452
447
447
471
470
471
452
477
470
471
496
452
426
453
447
452
471
425
426
452
496
471
495
494
496
521
494
470
496
523
547
521
495
523
496
477
495
471
453
477
452
428
453
426
428
455
453
453
478
477
477
503
495
522
532
548
495
522
523
503
478
504
630
657
631
630
605
632
629
604
631
605
597
624
604
605
630
597
572
598
579
597
605
572
547
573
571
572
597
546
547
572
701
702
668
685
701
668
718
755
736
720
757
758
685
686
718
719
757
720
686
719
720
656
686
685
687
719
686
686
658
687
657
658
631
688
659
689
688
689
721
658
688
687
658
657
688
687
721
719
755
777
736
779
738
778
685
668
655
656
658
686
718
701
685
737
702
738
779
737
738
703
702
737
656
629
631
658
656
631
685
655
656
669
668
702
655
629
656
641
655
668
628
629
655
602
628
613
686
720
718
756
757
719
721
756
719
759
797
756
797
843
800
756
797
757
759
801
797
603
629
628
545
520
546
572
545
546
571
544
545
572
571
545
579
553
571
604
579
605
604
578
579
637
634
608
607
637
608
734
774
765
700
732
734
733
774
732
699
733
732
660
667
692
694
726
699
667
694
699
692
667
699
660
662
667
695
727
726
815
814
771
813
769
814
813
768
769
735
726
768
695
696
727
771
769
729
730
771
729
770
815
771
582
610
583
581
556
583
502
501
497
524
502
497
529
528
502
665
698
666
640
665
639
613
640
612
613
641
640
669
698
665
770
728
731
770
730
728
772
770
731
816
772
780
816
815
772
729
727
696
582
557
584
739
703
737
577
576
551
578
577
552
602
576
577
584
585
612
527
500
518
544
527
518
552
526
527
553
552
527
577
551
552
558
576
585
551
526
552
550
551
576
526
500
527
525
526
551
499
500
526
597
579
571
631
604
630
603
578
604
602
603
628
578
553
579
577
578
603
553
544
571
552
553
578
544
520
545
527
544
553
518
520
544
1022
1098
1025
1041
1022
973
1043
1098
1022
1041
1043
1022
1040
1041
973
1119
1043
1041
1040
1119
1041
1121
1206
1119
1213
1280
1185
1185
1123
1213
1211
1305
1213
1122
1211
1123
1119
1122
1043
1206
1207
1122
1210
1206
1121
1210
1298
1206
1213
1306
1280
1299
1393
1300
1207
1299
1212
1211
1207
1212
1206
1298
1207
1392
1298
1304
1207
1298
1299
1210
1304
1298
1391
1404
1305
1212
1299
1300
1211
1212
1305
1211
1122
1207
1404
1476
1374
1492
1404
1391
1505
1476
1404
1601
1505
1592
1574
1476
1505
1581
1483
1575
1505
1404
1492
1375
1380
1285
1476
1375
1374
1477
1380
1375
1575
1477
1574
1575
1483
1477
1306
1305
1404
1374
1306
1404
1374
1280
1306
1574
1477
1476
1380
1294
1285
1476
1477
1375
1483
1386
1380
1392
1494
1393
1299
1392
1393
1304
1400
1392
1699
1692
1788
1674
1673
1774
1775
1674
1774
1680
1581
1674
1380
1386
1294
1477
1483
1380
1673
1575
1574
1673
1674
1575
1581
1488
1483
1495
1594
1593
1395
1495
1493
1494
1594
1495
1395
1394
1495
1391
1395
1492
1391
1300
1395
1396
1496
1494
1392
1396
1494
1400
1496
1396
1774
1794
1795
1871
1780
1775
1964
1871
1870
1875
1780
1871
1483
1488
1386
1674
1581
1575
1680
1585
1581
1787
1880
1788
1692
1787
1788
1787
1786
1880
1593
1691
1690
1593
1594
1691
1592
1593
1690
1493
1495
1593
1492
1493
1592
1492
1395
1493
1591
1598
1689
1786
1792
1880
1689
1786
1691
1689
1696
1786
1870
1888
1889
1871
1775
1870
1781
1780
1875
1682
1585
1680
1795
1888
1870
1774
1795
1870
1794
1887
1795
1690
1691
1787
1601
1690
1692
1592
1493
1593
1964
1978
2052
1882
1973
1887
1794
1882
1887
1973
1882
1974
2052
2066
2134
2065
1977
2061
1978
1889
1977
1888
1887
1977
2134
2148
2208
2065
2147
2064
2135
2055
2054
2066
2147
2146
2210
2276
2277
2496
2536
2491
2496
2542
2536
2454
2499
2496
2405
2455
2454
2405
2406
2455
2351
2349
2406
2222
2284
2289
2346
2349
2288
2217
2144
2219
2218
2217
2283
2218
2143
2217
2345
2347
2400
2285
2282
2345
2346
2285
2345
2346
2283
2285
2285
2283
2219
2400
2402
2451
2346
2400
2349
2347
2402
2400
2451
2452
2497
2349
2400
2401
2402
2452
2451
2497
2498
2543
2404
2401
2450
2452
2498
2497
2543
2541
2582
2453
2497
2499
2498
2541
2543
2543
2582
2542
1678
1672
1580
1867
1771
1866
1867
1772
1771
1773
1772
1869
1663
1563
1580
1875
1874
1781
1964
1965
1871
1967
1874
1875
2130
2133
2050
1961
2048
2050
2136
2205
2130
2135
2136
2055
2220
2208
2148
2220
2276
2208
2205
2207
2133
2130
2205
2133
2209
2274
2205
2536
2535
2491
1869
1963
1868
1764
1772
1773
1867
1866
1961
1869
1867
1962
1772
1672
1771
2136
2130
2055
2051
2049
1963
2133
2051
2050
2133
2132
2051
2534
2533
2489
1665
1668
1667
1565
1665
1568
1468
1469
1567
1368
1468
1470
1368
1469
1468
1661
1662
1763
1666
1661
1763
1566
1662
1661
1666
1766
1665
698
728
697
640
641
665
703
731
698
1214
1308
1217
1308
1310
1406
1217
1308
1309
1215
1310
1308
1127
1124
1214
1133
1226
1225
1124
1133
1215
1134
1226
1133
1321
1409
1310
1324
1320
1230
1422
1324
1323
1423
1419
1324
1420
1419
1519
1321
1226
1320
1814
1813
1906
1815
1814
1907
1815
1719
1720
1529
1431
1530
1623
1529
1624
1528
1430
1529
1622
1528
1623
1527
1428
1429
1819
1727
1818
1910
1819
1909
1828
1811
1734
1813
1811
1904
1718
1625
1716
1905
1908
1994
1992
1905
1994
1902
1812
1905
1617
1703
1606
696
663
697
729
696
730
695
663
696
856
909
912
808
809
857
807
855
856
1055
1134
1133
1044
1055
1124
1056
1137
1055
862
917
918
855
862
910
855
821
862
1421
1428
1521
1147
1145
1063
1138
1057
1135
1137
1138
1228
1137
1056
1138
984
917
926
990
1061
1054
985
918
984
1238
1237
1147
1430
1332
1333
1430
1429
1332
1047
1126
1046
1225
1226
1321
1215
1225
1310
1215
1133
1225
919
985
986
910
911
977
911
862
918
977
911
919
910
862
911
1322
1235
1329
1139
1228
1229
1230
1139
1229
1224
1134
1139
1054
985
984
1136
1138
1135
1227
1136
1135
1228
1138
1136
1056
986
1057
1127
1218
1126
1225
1321
1310
1044
1056
1055
977
978
1047
978
919
986
1047
978
1044
977
919
978
1521
1522
1422
1622
1618
1527
1713
1619
1618
1421
1329
1428
1422
1421
1521
1323
1229
1322
1324
1419
1320
1522
1423
1422
1519
1419
1423
1323
1322
1421
1324
1230
1323
1138
1056
1057
1139
1137
1228
1134
1055
1137
1426
1425
1327
1430
1333
1427
1529
1430
1431
1528
1429
1430
1147
1235
1145
1333
1332
1239
1329
1235
1236
1217
1313
1218
1408
1420
1510
1321
1408
1409
1321
1420
1408
1124
1055
1133
1048
1044
1124
1047
1048
1127
1047
1044
1048
1127
1048
1124
1713
1622
1717
1618
1521
1527
1620
1523
1619
1521
1428
1527
1522
1521
1618
1422
1323
1421
1523
1519
1423
1139
1134
1137
1230
1224
1139
1323
1230
1229
1320
1224
1230
1320
1226
1224
1621
1525
1539
1529
1623
1528
1625
1624
1530
1720
1719
1624
1328
1333
1239
1234
1328
1239
1326
1425
1328
1424
1426
1327
1526
1431
1427
1625
1720
1624
1331
1329
1236
1237
1330
1236
1429
1428
1331
1309
1312
1313
1510
1520
1606
1214
1124
1215
1308
1214
1215
1217
1127
1214
1808
1717
1812
1224
1226
1134
1422
1423
1324
1419
1321
1320
1621
1625
1530
1635
1727
1734
1811
1718
1716
1906
1907
1814
1734
1636
1635
1624
1719
1623
1813
1720
1718
1814
1815
1720
1331
1428
1329
1330
1429
1331
1236
1330
1331
1332
1429
1330
1528
1527
1429
1411
1513
1413
1312
1411
1314
1407
1508
1509
636
607
606
664
637
636
611
639
638
697
663
664
663
635
637
662
635
663
634
633
608
662
634
635
662
660
634
1544
1640
1543
1345
1369
1436
1670
1573
1671
1816
1864
1770
1723
1816
1770
1863
1864
1816
1641
1640
1544
1572
1641
1544
1670
1738
1641
1832
1738
1769
1831
1833
1739
1832
1831
1738
1832
1925
1831
1865
1911
1832
1671
1770
1769
1864
1958
1865
1770
1864
1865
1863
1957
1864
1833
1919
1824
1739
1738
1831
1640
1739
1730
1640
1641
1739
1925
1919
1833
779
778
825
739
779
780
739
737
779
772
739
780
703
669
702
731
703
739
772
731
739
728
698
731
669
641
668
698
669
703
641
628
655
665
641
669
613
628
641
843
846
800
896
891
847
895
894
845
957
895
891
957
961
895
892
844
893
797
800
757
847
843
801
891
846
843
844
798
845
758
755
720
870
822
842
800
795
758
798
795
799
755
718
720
822
777
796
736
702
701
664
663
637
697
730
696
666
697
664
639
666
638
612
639
610
612
640
639
639
665
666
728
730
697
770
771
730
722
723
760
721
722
759
691
723
722
722
721
689
679
680
659
680
713
684
659
680
684
679
713
680
716
717
690
752
762
761
804
763
793
804
806
763
801
802
847
763
806
805
897
902
899
848
803
849
847
848
896
847
803
848
805
852
849
852
853
906
805
853
852
806
854
853
965
902
967
965
899
902
1032
965
1033
898
899
965
897
848
849
898
897
899
898
963
897
896
848
897
901
900
966
852
901
902
901
906
900
629
603
604
723
717
751
690
717
723
691
690
723
691
684
690
713
716
684
683
713
679
683
715
713
713
748
716
754
753
717
717
716
754
750
790
754
625
624
598
626
625
599
651
624
625
630
632
657
574
548
549
575
574
549
599
573
574
601
599
574
625
598
599
605
624
632
598
573
599
597
598
624
573
548
574
572
573
598
547
548
573
623
627
600
683
653
654
652
626
653
651
652
679
626
601
627
625
626
652
601
575
600
599
601
626
575
560
587
574
575
601
549
560
575
3
2
1
