1.884686515
1.878906682
1.90893324
1.894322116
1.87110292
1.868345161
1.911496092
1.89878987
1.878936089
1.914943257
1.872003698
1.924356378
1.872850432
1.868882333
1.891904093
1.912983436
1.867947869
1.914126245
1.908813574
1.891815751
1.878489667
1.916904188
1.9160308
1.925017584
1.932772413
1.918038256
1.875543215
1.874321082
1.869702981
1.872376762
1.885845806
1.910511507
1.876891008
1.920755322
1.917840478
1.906104961
1.913969418
1.892169165
1.917364308
1.917501404
1.919951812
1.923538745
1.928006623
1.848956702
1.857266974
1.873000568
1.880114683
1.85155829
1.887448802
1.888902713
1.902111634
1.919539925
1.922867931
1.924042861
1.91941111
1.932109855
1.92171397
1.925397416
1.93059662
1.934383023
1.939405834
1.947989217
1.943309342
1.819855526
1.822964872
1.855191928
1.862218419
1.880352855
1.896267568
1.83246778
1.913318806
1.933011597
1.92440001
1.926702576
1.930923801
1.935818204
1.943698145
1.931719871
1.935700468
1.935863587
1.936846624
1.94193841
1.950712991
1.945308028
1.954834052
1.958884836
1.801617275
1.795921137
1.813744046
1.843231386
1.873016578
1.899208671
1.922597295
1.817397715
1.947726154
1.934089763
1.929957446
1.935123596
1.937308673
1.94305575
1.946231547
1.954165858
1.940856543
1.941476568
1.943966288
1.948758455
1.953113827
1.958591102
1.959496555
1.957955534
1.961845385
1.963679018
1.968768493
1.790220135
1.781525909
1.786315152
1.855198592
1.829944603
1.887325653
1.914671073
1.950749744
1.808812676
1.938898797
1.944890357
1.940787253
1.944125995
1.948093382
1.954340943
1.959471953
1.954819496
1.950343171
1.954464664
1.962327116
1.965280951
1.972501878
1.969228843
1.966854355
1.967294328
1.968081852
1.970362689
1.968897387
1.964927675
1.914930962
1.953523352
1.946622887
1.785521457
1.775677544
1.77415211
1.836619975
1.868097976
1.812169853
1.900329043
1.93916932
1.795327581
1.949868359
1.950599966
1.956698377
1.953113157
1.959183498
1.958732807
1.964276703
1.966508187
1.958142302
1.946840063
1.962381091
1.969308534
1.977723698
1.979307783
1.978660076
1.978679969
1.973552717
1.972506825
1.970106258
1.959335693
1.951255337
1.898312479
1.917788444
1.932686007
1.946757887
1.941381955
1.894485097
1.780078153
1.777666615
1.773027196
1.858006724
1.825842133
1.883023248
1.801627165
1.918109364
1.787417425
1.963468476
1.962353911
1.961181328
1.967159695
1.96565517
1.966767613
1.969129363
1.967606888
1.960573017
1.938032142
1.919618085
1.973225632
1.977700413
1.979640925
1.980480789
1.977848486
1.97541824
1.971083725
1.966669471
1.95833234
1.949289677
1.943179771
1.891772708
1.903458217
1.937604134
1.925471297
1.940458863
1.896520617
1.905032057
1.911385748
1.779635243
1.779724368
1.782948326
1.861443303
1.839887292
1.812305589
1.891996035
1.791415527
1.782240486
1.973744939
1.971444478
1.971700935
1.967371494
1.974783678
1.974671078
1.977234433
1.94841327
1.928895385
1.901160183
1.88503688
1.976160259
1.973593713
1.973402093
1.96675202
1.96348619
1.960198683
1.954897583
1.95376237
1.946473452
1.940622557
1.937973569
1.894661757
1.889598114
1.912007235
1.935609656
1.927863986
1.898128381
1.908050868
1.908999124
1.910794493
1.780375744
1.783742925
1.912592089
1.783899734
1.866636048
1.847456552
1.825475594
1.801686278
1.787023126
1.780608195
1.981095101
1.98154257
1.980394943
1.974669229
1.948424501
1.980043546
1.977377005
1.972014501
1.913907938
1.894385764
1.869214025
1.857747673
1.965968931
1.965630409
1.959051209
1.954345611
1.95103945
1.94680557
1.943858502
1.937760452
1.935627619
1.932801666
1.887766343
1.900231621
1.886966961
1.917156751
1.925292318
1.899133561
1.905382529
1.920157387
1.779912851
1.789468816
1.787433443
1.919146065
1.789600322
1.848571085
1.83204774
1.813557258
1.793845138
1.782868702
1.778927379
1.98320969
1.984581898
1.975166864
1.980468759
1.958479124
1.912087857
1.975360501
1.969503874
1.96081061
1.869830995
1.844410273
1.835625165
1.957631146
1.953481203
1.949222156
1.94630378
1.942255322
1.939896319
1.935178804
1.934532826
1.932476809
1.891957315
1.880247647
1.906477173
1.884702069
1.918778066
1.922848133
1.894166599
1.912008106
1.933910343
1.935251451
1.777735694
1.788100367
1.934437343
1.937659997
1.928636331
1.786394763
1.828446747
1.814130963
1.80067425
1.787626624
1.782755846
1.777848315
1.973968331
1.981094938
1.978182197
1.953759127
1.974800728
1.925473678
1.87809084
1.969107203
1.961051265
1.955546546
1.843573295
1.820387785
1.814621748
1.953564796
1.947798606
1.945523654
1.940686979
1.934682962
1.932248296
1.928777897
1.909557133
1.887627192
1.874323655
1.879469928
1.918410785
1.92032365
1.909125442
1.928394797
1.940399272
1.777341223
1.782627431
1.937444849
1.930692363
1.91980247
1.919595289
1.926098075
1.919788481
1.776327199
1.810339994
1.799819474
1.793149798
1.786282136
1.781681433
1.776617428
1.977611949
1.947659593
1.980247027
1.974531614
1.91653104
1.968551498
1.889796152
1.843104332
1.967027427
1.962319522
1.963505611
1.820092818
1.803446915
1.799402398
1.959559363
1.960392337
1.953229115
1.942042144
1.937883837
1.929751618
1.916813111
1.897386244
1.873531901
1.868373384
1.887049879
1.919673102
1.925284457
1.912496034
1.93032746
1.927869809
1.773974927
1.77447159
1.921871223
1.916476809
1.920245369
1.930322872
1.928848981
1.915876127
1.766978417
1.796309109
1.791851436
1.784725207
1.782007087
1.778633439
1.981369886
1.964046393
1.912647367
1.97705752
1.971392867
1.874075906
1.973414501
1.849325875
1.816748531
1.971927017
1.975259409
1.975500013
1.80224463
1.795025223
1.791075544
1.981362111
1.971455212
1.959171705
1.949232164
1.943239934
1.899835513
1.919459818
1.878144602
1.86131283
1.866479486
1.887076551
1.921237769
1.942563787
1.907970411
1.913875336
1.908825493
1.775290826
1.773583028
1.902056969
1.918016356
1.940093175
1.93501622
1.89624126
1.760783141
1.791022681
1.790891491
1.788399471
1.786329044
1.782675981
1.970231282
1.975353418
1.929942648
1.8789127
1.973402277
1.976058904
1.841209171
1.977994816
1.819710077
1.795452589
1.97994139
1.981756345
1.993510476
1.785959388
1.783592536
1.786184549
1.991435007
1.98388654
1.96774004
1.968941826
1.880280675
1.913916765
1.859509723
1.853491636
1.864685383
1.89090251
1.943913243
1.964808388
1.902034742
1.897167884
1.908480276
1.770036974
1.779730551
1.898042642
1.935194518
1.948533536
1.880965087
1.895542986
1.762875078
1.777050014
1.757950655
1.788122103
1.789675006
1.789901241
1.78547993
1.787282397
1.943794009
1.961485769
1.968466562
1.897493836
1.849354802
1.969002265
1.968727055
1.820832889
1.811046102
1.967768305
1.79354722
1.97568965
1.986811109
1.996781853
1.77230053
1.771024085
1.776679516
2.000000076
1.987993236
1.98604983
1.86026252
1.932708956
1.844450374
1.848525725
1.871607081
1.894269545
1.965685059
1.985572393
1.891032415
1.890214726
1.917295439
1.771768208
1.900880523
1.93826149
1.87266861
1.907098988
1.759898407
1.774521072
1.765572142
1.83954258
1.753668437
1.783202705
1.785650446
1.784960971
1.784245576
1.776048351
1.903846573
1.937937968
1.958282287
1.962569296
1.860655744
1.824432444
1.959213015
1.955784753
1.798682437
1.7887799
1.960369703
1.967119809
1.98984842
1.975132999
1.996355349
1.762769446
1.763518641
1.773845895
1.99342521
1.99109328
1.853855285
1.841327502
1.956021374
1.859298237
1.886918647
1.893123755
1.981266111
1.992155509
1.885763162
1.894781923
1.917263373
1.762460115
1.902193586
1.879955962
1.928243141
1.75511553
1.764867371
1.7743885
1.75926437
1.838212947
1.852513581
1.746868899
1.779967395
1.780723759
1.777384907
1.773323493
1.764055407
1.904806318
1.870565374
1.936792849
1.954276958
1.95363965
1.832215215
1.801726867
1.951047001
1.951605028
1.783653762
1.956177775
1.964859533
1.984479056
1.976991298
1.990132073
1.756633082
1.768053268
1.757155436
1.997144777
1.860497207
1.841036597
1.963013902
1.879840679
1.884848823
1.881132602
1.981208671
1.997076783
1.898737583
1.905605475
1.751304055
1.755899771
1.8941365
1.930937736
1.761648137
1.768539502
1.777236506
1.756573567
1.835612002
1.845932251
1.867033852
1.742648555
1.737464511
1.777700603
1.775513572
1.767024305
1.759379086
1.752404002
1.914621874
1.877294221
1.84456523
1.93265119
1.949907194
1.949053472
1.813271712
1.790185237
1.945368293
1.947195778
1.951745765
1.960649669
1.968521041
1.986073165
1.753339389
1.762068633
1.751893435
1.995467259
1.866990149
1.845328665
1.956507853
1.876521398
1.87157684
1.886986814
1.978007681
1.991526619
1.902676411
1.744004911
1.901619404
1.927436825
1.764379377
1.770530096
1.779031027
1.790193604
1.757933094
1.835473274
1.833525617
1.849214703
1.863540596
1.731407557
1.72708864
1.771812841
1.761307578
1.753057961
1.745709376
1.742407363
1.898293557
1.917757896
1.862765747
1.829720985
1.922663239
1.930245037
1.931499898
1.937989541
1.801611914
1.938481508
1.93850719
1.94520058
1.952633093
1.978635968
1.753145733
1.752883262
1.749894959
1.980038777
1.848168823
1.879467188
1.952225595
1.860373683
1.866133771
1.88222455
1.97402775
1.978804393
1.735327941
1.915378292
1.932515214
1.781054718
1.77078935
1.787425015
1.791387217
1.796733123
1.762336616
1.828626668
1.837215827
1.838225322
1.850146746
1.854759514
1.774007583
1.844801826
1.726779387
1.722275213
1.719130937
1.755033136
1.747196098
1.73811446
1.735763506
1.734561695
1.911892276
1.884297888
1.92027714
1.847894686
1.818942214
1.920290317
1.920401552
1.923581663
1.931464932
1.932908777
1.933304547
1.937577202
1.958120498
1.755449859
1.746300789
1.75222215
1.963858742
1.857117808
1.886652866
1.955323316
1.849080061
1.858887238
1.967440564
1.970194246
1.916956734
1.935309782
1.790657012
1.783860819
1.79428096
1.796115019
1.80168021
1.814382112
1.76397729
1.82849828
1.827495179
1.836690143
1.845201878
1.841646937
1.771958827
1.763366072
1.834391322
1.840309127
1.719575376
1.725066967
1.715740362
1.713437347
1.741733591
1.735253641
1.73007006
1.729501183
1.729267833
1.903247503
1.917328106
1.867806371
1.920975837
1.833657188
1.922052524
1.919584855
1.920705281
1.922327863
1.928834113
1.928366594
1.940337795
1.756597414
1.744786654
1.75331294
1.948559701
1.866503639
1.89171146
1.95163641
1.843939199
1.967929427
1.961292543
1.905627096
1.929041113
1.788868194
1.776477764
1.794932645
1.795707477
1.806978831
1.824010307
1.758032083
1.826031094
1.835919966
1.826918878
1.830247469
1.852024116
1.759159942
1.756685903
1.749017042
1.836095005
1.829996174
1.839449061
1.717944235
1.714986483
1.72125154
1.711332581
1.709630803
1.736100042
1.730535108
1.724731399
1.722562247
1.887410973
1.916114931
1.928323781
1.852637677
1.932898815
1.927898684
1.921162135
1.917619058
1.917789985
1.92463898
1.928717922
1.921487233
1.752726084
1.741173522
1.745171842
1.937828635
1.864353742
1.872536561
1.877385609
1.955620896
1.840543083
1.960638175
1.939432781
1.896089257
1.926431404
1.768342155
1.777119846
1.782977861
1.800660374
1.820881248
1.845948891
1.746627892
1.831354043
1.822064504
1.843555411
1.823074363
1.747308999
1.75459984
1.744167678
1.737822208
1.837724203
1.829314319
1.713633205
1.714269169
1.71172716
1.716280903
1.708173341
1.706606552
1.733811494
1.725773363
1.719236739
1.912168441
1.877850973
1.937124228
1.940939511
1.932661405
1.925432642
1.916834502
1.915068238
1.915337779
1.91904556
1.742878788
1.736993807
1.734727708
1.920629689
1.851052776
1.861877594
1.856714007
1.865211248
1.933146904
1.845690929
1.936309462
1.920636902
1.885456059
1.904782115
1.763896567
1.773151721
1.791147279
1.812216691
1.834890359
1.865317821
1.73833898
1.839451451
1.824518468
1.824185283
1.742289709
1.749721416
1.759362602
1.737409687
1.730561852
1.843660114
1.836562847
1.82974489
1.711191325
1.70834272
1.709192031
1.7093586
1.713994269
1.703868345
1.705449552
1.727407042
1.72017997
1.900325795
1.938194263
1.954814666
1.947901513
1.937372287
1.924813212
1.917173982
1.912507178
1.911693187
1.731870395
1.727444603
1.725568557
1.908127181
1.842059842
1.850119063
1.83982719
1.83838138
1.852345644
1.888717193
1.907787074
1.852672481
1.912489289
1.901794249
1.869542177
1.771392919
1.791598371
1.821316493
1.855937679
1.899598161
1.728390039
1.830576927
1.825449423
1.750617226
1.741522993
1.761435978
1.772539792
1.732234312
1.725201963
1.848492857
1.838063202
1.830546651
1.707798639
1.708882581
1.706175148
1.705058348
1.704737037
1.71461337
1.702659852
1.699935059
1.70197821
1.705418205
1.70974866
1.70323104
1.701793137
1.702969675
1.719197953
1.938554209
1.955683289
1.95603489
1.946462356
1.934815582
1.924856189
1.917290627
1.907735259
1.72412293
1.720117519
1.719528739
1.896507061
1.829138919
1.830779419
1.819231509
1.823201094
1.840118333
1.867410908
1.856236859
1.884788503
1.851695361
1.883929169
1.880420131
1.789867994
1.817137747
1.854928323
1.898443845
1.933907147
1.722045377
1.83157865
1.748500711
1.760995016
1.733648222
1.775435482
1.786866972
1.725685332
1.72103005
1.844678067
1.837133107
1.833412084
1.705277514
1.705912666
1.703385588
1.713137934
1.701853652
1.70083035
1.698938518
1.699500535
1.698301941
1.70088384
1.702847446
1.709577141
1.705833892
1.701335351
1.701393703
1.69994606
1.69989422
1.714444268
1.950043353
1.949684741
1.938043886
1.929605577
1.923104579
1.918019075
1.910443136
1.719377172
1.716665382
1.715575979
1.90167308
1.881945888
1.823123796
1.834767647
1.812582055
1.805707201
1.813248447
1.836227192
1.838392516
1.849963172
1.862031078
1.843229961
1.855240709
1.85400484
1.809993238
1.846852826
1.884221698
1.914012834
1.932545858
1.718186655
1.736100985
1.752872907
1.767879535
1.726287829
1.78341464
1.80729443
1.720027365
1.717632584
1.840247145
1.836661368
1.837932499
1.703446363
1.700432653
1.697252033
1.697711818
1.698463624
1.696990631
1.83818443
1.823171589
1.707559004
1.782343998
1.701300112
1.712334432
1.7030487
1.705253002
1.698956182
1.699801215
1.698003307
1.697753377
1.714801653
1.940723017
1.930746669
1.915997285
1.908797903
1.902451481
1.907233335
1.713684972
1.711860712
1.88872626
1.864658338
1.823874082
1.835565851
1.803380544
1.795861198
1.803036201
1.8194741
1.829415785
1.839811603
1.83831084
1.834553806
1.836735698
1.83721973
1.866889071
1.902022848
1.921545085
1.920748226
1.713835704
1.726907781
1.742340402
1.762624087
1.720253195
1.804414835
1.833856782
1.714563976
1.71040222
1.838834719
1.839916401
1.699425212
1.695734767
1.696016307
1.696040528
1.696497819
1.697648769
1.69606302
1.836043367
1.803853386
1.804302082
1.710385605
1.70814437
1.802448408
1.780288828
1.70782232
1.694567017
1.695511171
1.701120465
1.710405482
1.703546697
1.706577922
1.696835281
1.697738611
1.695909898
1.695239296
1.919926417
1.911311179
1.897347119
1.88460731
1.884595208
1.707259192
1.706414783
1.861897727
1.839897883
1.815540252
1.831573296
1.793985956
1.778162498
1.789973343
1.78983644
1.807984193
1.817250735
1.833956029
1.810676557
1.812260739
1.866765423
1.89487903
1.909330854
1.91225514
1.901017093
1.721091161
1.733765687
1.751765641
1.715348564
1.826157775
1.8513713
1.709966016
1.706176469
1.839633503
1.836790111
1.699155685
1.6944193
1.694294837
1.694501366
1.694851635
1.697262255
1.830623426
1.782492621
1.782756885
1.707457314
1.821385676
1.796963115
1.770654877
1.704181254
1.69306275
1.693834725
1.697335563
1.695358549
1.693397953
1.704313409
1.762996185
1.726658788
1.701614838
1.703678732
1.704236608
1.702354052
1.694749248
1.693411013
1.692395524
1.692827404
1.896659809
1.890381444
1.872324086
1.861271201
1.70274921
1.838145238
1.817139679
1.797818327
1.820847861
1.777556924
1.764813822
1.771737816
1.769280188
1.785125643
1.791488297
1.823899581
1.785055303
1.786340033
1.87084684
1.885158697
1.88597654
1.89301009
1.888977266
1.878978563
1.717386112
1.741275718
1.712134615
1.847978835
1.707699748
1.703992734
1.832850791
1.824009517
1.699508073
1.692582351
1.692176115
1.692417324
1.823598618
1.761472727
1.835560947
1.806239916
1.782657108
1.75865242
1.702203516
1.692171963
1.691082601
1.693449529
1.699811345
1.697812208
1.695626443
1.691310364
1.700848625
1.751963899
1.745704164
1.72191655
1.729777941
1.691158264
1.71071266
1.691148868
1.702227057
1.700297836
1.700235909
1.698780333
1.691289177
1.692390264
1.691302445
1.691246365
1.691252914
1.871240036
1.854637845
1.845465184
1.700686862
1.819011005
1.795270668
1.802225917
1.78507635
1.765303789
1.752144049
1.758629516
1.760215604
1.767607623
1.811539523
1.760551253
1.767175349
1.868436779
1.857044768
1.865247718
1.869196737
1.874152246
1.871823781
1.854368341
1.716958815
1.737234426
1.705798506
1.702432659
1.816599328
1.804002308
1.691104386
1.691147857
1.691182062
1.69122862
1.810548314
1.742328563
1.838926644
1.813626181
1.788539218
1.768295709
1.750385224
1.691005876
1.691023327
1.69350589
1.700117428
1.698083833
1.695851562
1.698493549
1.737914666
1.748066575
1.732232514
1.724729633
1.708918578
1.712952982
1.690900145
1.690931234
1.690968772
1.691095797
1.697918103
1.698140017
1.699302514
1.69685878
1.696933405
1.691273867
1.691228487
1.691259698
1.691173495
1.691193942
1.834311981
1.82711106
1.701180565
1.802724313
1.782972412
1.76994201
1.788723032
1.771035634
1.752222467
1.741325939
1.739473195
1.746984615
1.790582453
1.741356255
1.74837438
1.846338528
1.851146972
1.847416771
1.855487907
1.862039506
1.844254724
1.718434687
1.734194988
1.704676924
1.800485967
1.790077536
1.691036621
1.691092295
1.790604208
1.72806413
1.835621086
1.814716488
1.794480558
1.77693961
1.758558792
1.745531791
1.690925175
1.690937055
1.693536348
1.696823466
1.69527953
1.698034629
1.728062078
1.733384839
1.736841322
1.722889902
1.725224219
1.708817626
1.713436873
1.690786484
1.690784075
1.690577448
1.690512739
1.695394845
1.693792538
1.696652123
1.694983295
1.700222503
1.695347462
1.69119467
1.691147731
1.691211751
1.691112654
1.809966253
1.818393905
1.703382033
1.787991183
1.771469828
1.754640534
1.773287185
1.755053102
1.742300436
1.735935043
1.729517544
1.724722098
1.766412872
1.727316606
1.721699939
1.734948939
1.829385067
1.829504651
1.832462541
1.841658969
1.837346752
1.718480643
1.724841347
1.733234884
1.741498051
1.707500013
1.779795901
1.772703216
1.690968758
1.691012074
1.768533845
1.718656338
1.814038402
1.797466419
1.783589272
1.765249373
1.750716806
1.690796136
1.690826867
1.692577109
1.690292329
1.694247131
1.693166678
1.698950411
1.7300251
1.725017816
1.73298513
1.719116871
1.712725435
1.690577937
1.690597502
1.690312528
1.690278678
1.693348692
1.69326158
1.6907339
1.695084794
1.697020304
1.698262322
1.691037062
1.691139263
1.700404185
1.737449698
1.693501395
1.702900105
1.691147274
1.691048737
1.69107273
1.691169955
1.796469207
1.813996918
1.70722759
1.77427806
1.760873143
1.743094053
1.756358411
1.745917864
1.738020647
1.737445422
1.716037186
1.747889763
1.745952931
1.719285178
1.714540754
1.72529194
1.809204598
1.811736222
1.809908738
1.814791296
1.823247297
1.717824976
1.72458395
1.733062154
1.738413728
1.744105436
1.711679835
1.756240142
1.75630404
1.690877392
1.690923809
1.714378817
1.799440163
1.793803131
1.785728452
1.769767835
1.752777039
1.690626192
1.690706718
1.6901539
1.690041751
1.690595483
1.690130758
1.741323127
1.726799986
1.718745232
1.690329707
1.690394778
1.690044222
1.690010808
1.690633693
1.691199635
1.689950043
1.693741465
1.695639127
1.70269023
1.699299411
1.690093767
1.691087971
1.705982947
1.738079131
1.751974546
1.69112594
1.734404564
1.796838191
1.689752208
1.712780574
1.749368131
1.690062262
1.803634309
1.704938809
1.733306693
1.690699007
1.709617883
1.691082187
1.690970358
1.691009777
1.783818652
1.802943989
1.714255527
1.761387476
1.749611488
1.747280674
1.741529745
1.738899205
1.746856101
1.710953797
1.743046818
1.734259326
1.71362848
1.710943396
1.718350982
1.797546105
1.791622187
1.786285682
1.718193382
1.72392725
1.730147534
1.735533544
1.74150806
1.74732854
1.690737633
1.690827174
1.714409824
1.786142777
1.780684992
1.771360581
1.756251313
1.690460257
1.689760035
1.689844263
1.689557975
1.723889085
1.690096084
1.689727439
1.689739593
1.689402727
1.693612121
1.696650635
1.708896388
1.701001218
1.689402037
1.711966747
1.738573534
1.727137842
1.755149686
1.691079646
1.727141104
1.68949419
1.708578062
1.70947248
1.708345028
1.747765715
1.689624069
1.689273988
1.787971408
1.790854613
1.706406263
1.710221681
1.725831266
1.737908876
1.722868365
1.691009184
1.694480276
1.775446831
1.786587568
1.689323164
1.690381769
1.716385526
1.690989669
1.690882676
1.690919138
1.775599022
1.721608147
1.745728986
1.762659916
1.753375141
1.741913985
1.739811469
1.74174868
1.712068034
1.708385091
1.738540481
1.733743052
1.72652776
1.707868483
1.719176759
1.711681985
1.780526703
1.77902399
1.775374311
1.775765867
1.725219453
1.730410566
1.727165619
1.734859445
1.74555054
1.690494944
1.690590599
1.690681052
1.719213756
1.775314019
1.768865472
1.758257472
1.690132772
1.689269342
1.689146431
1.68894106
1.689704653
1.689290204
1.68887782
1.688866816
1.697622926
1.714421493
1.701804081
1.68857088
1.739250451
1.728759299
1.742629375
1.750551249
1.691025297
1.705421876
1.705448257
1.704772409
1.704148078
1.744120258
1.688758424
1.688262586
1.776274377
1.775555081
1.709631894
1.704598549
1.706526325
1.712382394
1.728476886
1.735508873
1.721775567
1.71995835
1.694657966
1.764504328
1.767502612
1.774500586
1.745023019
1.760170233
1.707474258
1.764671486
1.688207494
1.68881624
1.690032734
1.718601222
1.690903859
1.690838785
1.690753983
1.762311626
1.721251294
1.734658197
1.751808939
1.736335349
1.737699584
1.719171553
1.711437716
1.706764672
1.73243944
1.727142731
1.714209484
1.724430403
1.70679313
1.772019741
1.769117841
1.762639397
1.765052401
1.722712246
1.72975758
1.725400736
1.737685458
1.747185666
1.690203778
1.690310721
1.690433454
1.755230905
1.689740841
1.688796109
1.688361584
1.688348871
1.689209659
1.687886524
1.698351922
1.71466657
1.702247989
1.687659416
1.731952922
1.736820505
1.725469929
1.738514038
1.744981445
1.690961235
1.705130568
1.701674957
1.701797555
1.701215172
1.703205642
1.738590712
1.687590158
1.687114696
1.763443393
1.76336738
1.709877153
1.70441702
1.703947626
1.721929749
1.718149826
1.717683891
1.694935113
1.755238362
1.754205563
1.767659632
1.740324837
1.753940597
1.705361264
1.762465471
1.75363212
1.708625999
1.744218851
1.690520491
1.749227806
1.699301244
1.690181863
1.687556942
1.686897389
1.688340139
1.690063524
1.68802714
1.716997575
1.690725633
1.690805845
1.690615902
1.750077473
1.718468667
1.73231267
1.725677405
1.728218452
1.732630713
1.719836249
1.716018153
1.709861004
1.719163651
1.7076367
1.712866999
1.702451471
1.762977431
1.761624057
1.754637112
1.752528186
1.721055325
1.725148713
1.731900787
1.73931386
1.744597144
1.689851404
1.6899806
1.690066744
1.689264738
1.688671342
1.688096379
1.68767311
1.68680214
1.698566667
1.71418457
1.711584868
1.701270742
1.686826786
1.729807636
1.732532801
1.733887214
1.725310997
1.73732776
1.732622652
1.737836905
1.690882179
1.706476846
1.698598651
1.69843468
1.700844644
1.703405503
1.732699714
1.686296199
1.685861229
1.750511072
1.705765238
1.701598324
1.722545033
1.71773636
1.715497703
1.71551532
1.689837292
1.69512275
1.746346349
1.744054262
1.760740699
1.735553112
1.747720457
1.701321581
1.703342122
1.755283634
1.74665632
1.710187516
1.707750599
1.738351557
1.742663962
1.743008627
1.69821128
1.697137675
1.689817242
1.689634631
1.690308496
1.6895119
1.735103817
1.719165582
1.73769944
1.686854981
1.686136144
1.685590373
1.687451439
1.68622719
1.715055207
1.712754133
1.690443825
1.69060193
1.690786838
1.737378562
1.717593607
1.728420499
1.723914805
1.717429659
1.728167061
1.723047104
1.72542145
1.721568548
1.716547672
1.711235498
1.704323326
1.699741204
1.710764456
1.75598535
1.755641756
1.748396466
1.738964497
1.721313585
1.727332846
1.733132348
1.736738872
1.739801221
1.689374946
1.689527427
1.688686749
1.687982261
1.687281964
1.68574984
1.697590138
1.695041418
1.698275224
1.686177912
1.726046316
1.730031011
1.73134446
1.730819897
1.733051708
1.728773998
1.730852863
1.705766861
1.694265659
1.695495788
1.695235131
1.70164654
1.727975483
1.684998222
1.684621225
1.701474517
1.705268154
1.703424074
1.698019465
1.714322945
1.716157517
1.71316063
1.713255616
1.686645106
1.688985135
1.736836189
1.75488771
1.728751844
1.741752141
1.699828562
1.69752875
1.74877598
1.742545483
1.710282452
1.70761815
1.730372831
1.736366146
1.735871403
1.694925355
1.696673134
1.698625813
1.689336592
1.68999174
1.689025266
1.688948198
1.6895853
1.68891241
1.726953442
1.728629427
1.719566644
1.716266227
1.730041912
1.690834813
1.72661721
1.730718344
1.729479843
1.720745417
1.72803876
1.741532222
1.695411495
1.700517449
1.711034416
1.729846586
1.716818744
1.685107303
1.684567077
1.685231347
1.684207378
1.712655647
1.71555932
1.690128217
1.690461482
1.69064531
1.726044434
1.726606798
1.719235811
1.71781558
1.714760038
1.705988111
1.723498302
1.720754479
1.721868264
1.716970688
1.711263413
1.695170634
1.70037848
1.689644541
1.749314801
1.751756826
1.745756184
1.723853992
1.728147877
1.731500185
1.735140704
1.738687405
1.688649464
1.687783478
1.686980539
1.684510239
1.690755146
1.687512061
1.685629312
1.725283295
1.729510241
1.729511039
1.727566117
1.724774773
1.725762826
1.724426482
1.705611809
1.689618345
1.689503068
1.689506466
1.689189004
1.700883737
1.724099073
1.683775297
1.683339888
1.697439683
1.702719624
1.704739599
1.689795344
1.711846927
1.713486545
1.710757911
1.684386939
1.685335778
1.727279825
1.748862504
1.715454109
1.733742962
1.696029218
1.690328599
1.744050144
1.711183098
1.708121635
1.717690878
1.690451134
1.694959405
1.696468912
1.688470684
1.688292684
1.68791786
1.689393564
1.68860235
1.687715337
1.718560264
1.713454637
1.717172766
1.721367459
1.713624278
1.724522924
1.723899884
1.724121028
1.707488157
1.727338502
1.738976493
1.687770732
1.697114128
1.699163553
1.709047424
1.709829746
1.722164513
1.714132553
1.717388579
1.684535976
1.734352495
1.718072721
1.68292327
1.687499322
1.688548578
1.688398496
1.683369727
1.683000769
1.714454989
1.717897181
1.690164296
1.689739454
1.690441222
1.712667663
1.721147052
1.701170477
1.690299245
1.718680192
1.721310381
1.716099211
1.711866106
1.689172453
1.688723725
1.744989035
1.746273463
1.742055077
1.724075753
1.727258424
1.730851015
1.735295642
1.740338253
1.687352134
1.686219151
1.684466229
1.682966816
1.685387986
1.724057139
1.727888285
1.726835508
1.724069313
1.719168249
1.720254551
1.720817363
1.719648142
1.708017841
1.704055649
1.689065406
1.689586072
1.688884707
1.688288679
1.697936901
1.699814699
1.720827996
1.682474748
1.681894222
1.689351819
1.701262121
1.706235783
1.702994048
1.685435294
1.685563192
1.710864204
1.708083581
1.682782656
1.682757347
1.712977687
1.744422387
1.688303915
1.703403571
1.730110693
1.686045855
1.709749724
1.71280599
1.690342893
1.693657962
1.686944633
1.686533491
1.689165757
1.687079471
1.686033815
1.70258281
1.702517084
1.687019675
1.707737062
1.697797329
1.713934088
1.711221716
1.715107796
1.721142793
1.717453929
1.715584429
1.69455346
1.725631666
1.736492187
1.690394612
1.696879737
1.707852024
1.707117696
1.708223898
1.711207816
1.714872267
1.711757576
1.682482821
1.731176207
1.70397835
1.681474
1.68627894
1.684611869
1.685788626
1.688295706
1.687153876
1.700263811
1.687766816
1.687062203
1.709357931
1.72589708
1.719287737
1.705607092
1.701172163
1.700844251
1.698343542
1.681816031
1.681574418
1.715679005
1.719509208
1.689678818
1.690109661
1.687426441
1.688866851
1.688346886
1.688626381
1.714375912
1.721649871
1.716418072
1.71381854
1.710978879
1.688020295
1.68760624
1.741395546
1.741449018
1.737768726
1.723099646
1.727151161
1.733721647
1.737434205
1.685369879
1.684114592
1.682693553
1.681213109
1.683288673
1.723561854
1.725657319
1.723249035
1.720349793
1.714943787
1.716209497
1.716861872
1.715388813
1.707578046
1.704009819
1.688412753
1.689000738
1.687969001
1.687329709
1.693673261
1.716861255
1.680871762
1.680311222
1.685340594
1.698722228
1.707905326
1.704414081
1.68296069
1.682752193
1.707890579
1.704967959
1.706218316
1.681075095
1.681104912
1.698464191
1.685910877
1.740575213
1.686941321
1.687307001
1.730482862
1.724691371
1.711250396
1.689260745
1.688917247
1.685376384
1.684660377
1.684468565
1.688756832
1.685589638
1.68494239
1.683539525
1.68626198
1.686265113
1.686247233
1.707494527
1.701741592
1.710774364
1.714424527
1.732515474
1.686078319
1.688737705
1.695470461
1.705518421
1.70513109
1.705051251
1.699497505
1.712670745
1.708437904
1.710242253
1.680595829
1.681700549
1.730360496
1.685591934
1.679872305
1.683023484
1.687473943
1.685732675
1.69692904
1.706664381
1.724354884
1.719180614
1.700105611
1.687926448
1.696065576
1.702178319
1.698028983
1.697690306
1.701930918
1.690221429
1.685430161
1.711007141
1.688231543
1.727122035
1.6801506
1.715141225
1.718794945
1.689570612
1.688814778
1.686246166
1.687547721
1.710572049
1.71092278
1.72103751
1.716524969
1.713451747
1.710439177
1.686975899
1.68669914
1.73806152
1.737269685
1.737534171
1.734108254
1.723120837
1.732592271
1.735174966
1.682948929
1.681436223
1.679622665
1.681006175
1.721859909
1.723619514
1.721506907
1.719255012
1.716167629
1.711544454
1.711665473
1.713129638
1.712473369
1.706662881
1.703183815
1.687618381
1.688399353
1.687160033
1.68651692
1.688618024
1.712634302
1.679239392
1.67857622
1.682095412
1.683745788
1.689524619
1.70619951
1.680786773
1.703030633
1.703335761
1.701606757
1.679501016
1.685655551
1.685084715
1.685275325
1.736843511
1.685821217
1.686251465
1.686668288
1.725782474
1.719602052
1.710203058
1.688213465
1.683115742
1.68176937
1.681721508
1.683324758
1.682366127
1.680461172
1.685458187
1.685560486
1.68566593
1.685465789
1.685503975
1.685205169
1.701053701
1.709328002
1.729091991
1.685121683
1.686537195
1.7015437
1.703210532
1.704570786
1.706545435
1.707725359
1.680108686
1.679081014
1.729808846
1.685018742
1.678086182
1.686008454
1.687695189
1.683733959
1.687759102
1.72243989
1.718476683
1.684049989
1.684627238
1.686397676
1.688806758
1.696578899
1.700608767
1.697797668
1.689452637
1.688562965
1.707621198
1.708346916
1.687607528
1.726582783
1.730716374
1.686922391
1.683455597
1.680857165
1.714969707
1.678395959
1.714175881
1.718298011
1.688652684
1.685326119
1.686405614
1.706564043
1.719659793
1.714824
1.710355734
1.707220739
1.686119384
1.685890042
1.733761441
1.735215088
1.733415264
1.733546169
1.722506113
1.731334966
1.680343844
1.678925554
1.677630318
1.679075888
1.679373067
1.720559919
1.719219239
1.717148598
1.711644302
1.707584479
1.708260183
1.708918773
1.709252828
1.70279733
1.686909139
1.687566976
1.686336289
1.685686525
1.687736496
1.687653828
1.70801764
1.677474055
1.676755293
1.681639155
1.679854897
1.683049631
1.685439664
1.704881768
1.698653324
1.69982506
1.700284095
1.700486151
1.698444748
1.677586973
1.684668499
1.684905854
1.68452587
1.684230369
1.732779219
1.68493996
1.685390263
1.685854966
1.71704402
1.721620218
1.709100376
1.680097335
1.678306142
1.678736016
1.679735482
1.678042724
1.684957416
1.684911168
1.68461836
1.6846186
1.684411823
1.68424284
1.685865981
1.705154813
1.725127008
1.684239988
1.698075573
1.701240987
1.703678586
1.678198916
1.728229304
1.676150365
1.686531083
1.684135911
1.681286206
1.684364906
1.717123435
1.682878504
1.684610813
1.686565106
1.684969778
1.690807743
1.698210308
1.697076574
1.688230911
1.687773497
1.705325477
1.704035907
1.686862121
1.724936658
1.727473328
1.686201695
1.682419525
1.67700609
1.677837991
1.709933459
1.71227395
1.704396784
1.689391684
1.710296615
1.675837051
1.714145486
1.675708337
1.676505219
1.712931344
1.717833308
1.687301292
1.684526459
1.685569544
1.7015581
1.715809823
1.70914786
1.703818306
1.685274209
1.684990322
1.729471358
1.731252618
1.728861482
1.728966846
1.721163321
1.727108223
1.677241752
1.675879322
1.677579875
1.678185639
1.71669539
1.713153711
1.706265596
1.704435683
1.704901409
1.705367609
1.704558719
1.697856607
1.686099746
1.686849306
1.685481702
1.684804639
1.686902022
1.686825322
1.703278566
1.675555619
1.674752917
1.681359714
1.679967673
1.682673531
1.682958235
1.7020953
1.696460617
1.695750457
1.697209841
1.69737077
1.696131196
1.675733316
1.676483872
1.684100997
1.683842698
1.68424311
1.683574899
1.683292137
1.727850081
1.68407143
1.684535464
1.685036939
1.709310374
1.716561242
1.704758138
1.676681468
1.674295157
1.675441508
1.675245106
1.684158799
1.683820883
1.683038776
1.682367069
1.681354762
1.720298532
1.695859907
1.699365911
1.697233273
1.724031446
1.67410854
1.684767439
1.681824633
1.678407646
1.682914327
1.712965999
1.680906039
1.681743687
1.683521559
1.685386246
1.683846453
1.687473345
1.691234209
1.687194925
1.701618651
1.70136658
1.686076484
1.720465928
1.721975596
1.685356138
1.673451789
1.67336885
1.674407248
1.704379297
1.706422849
1.708183641
1.701078369
1.688091065
1.706124368
1.704388843
1.672562196
1.673667627
1.673413909
1.685653319
1.701255924
1.674504121
1.708196719
1.715297203
1.685511064
1.683642499
1.684684213
1.698824778
1.69787005
1.708615677
1.708385794
1.710676489
1.701125516
1.701290145
1.695227436
1.696289404
1.68432085
1.683943071
1.724350825
1.726163816
1.723285637
1.723127235
1.722019771
1.673522347
1.676442665
1.67837721
1.705543904
1.700710528
1.701527314
1.701049118
1.70154894
1.700581623
1.68514638
1.685906783
1.684454363
1.68598459
1.69962436
1.673517175
1.672649151
1.67972201
1.681194642
1.681355228
1.695653698
1.694446212
1.695008948
1.69405071
1.694864509
1.69457135
1.694329096
1.67457192
1.683308976
1.68343843
1.682974248
1.682238403
1.682352889
1.72030917
1.683119008
1.683589304
1.684123152
1.702600297
1.681741727
1.710406448
1.699633996
1.688555428
1.673022807
1.670242707
1.670249291
1.683250853
1.682908929
1.681211472
1.680076123
1.679307947
1.710505827
1.696065265
1.717540861
1.671955269
1.682546601
1.678979031
1.675079686
1.68188093
1.679877106
1.678928629
1.682374185
1.683729952
1.68461045
1.686133795
1.69868554
1.715642379
1.669444209
1.669276662
1.670629786
1.700073594
1.701412076
1.702762495
1.698010092
1.686472804
1.701391658
1.700155255
1.669118695
1.671267517
1.670976537
1.682700418
1.69900494
1.698305354
1.67979864
1.676963367
1.693096471
1.671198266
1.672708036
1.688558506
1.703379396
1.708255056
1.683194383
1.68266559
1.683698175
1.696174025
1.702002011
1.702137304
1.696588029
1.696120188
1.686977977
1.688630674
1.683287166
1.683372462
1.682781359
1.717138793
1.719065435
1.714046775
1.670199561
1.674859544
1.678071922
1.699842162
1.698093975
1.697461891
1.698130869
1.6973803
1.684064167
1.684917587
1.684862764
1.671431345
1.670448865
1.67982391
1.680298148
1.683642698
1.693254901
1.693356693
1.69265866
1.692862677
1.694257971
1.692782495
1.672950553
1.682478775
1.682415075
1.681892483
1.680335425
1.681054097
1.709644223
1.706152798
1.682047397
1.682508538
1.683104058
1.685436395
1.680887617
1.684501836
1.68243456
1.666043442
1.666534354
1.665263867
1.665567188
1.682214403
1.681940127
1.679053412
1.67839757
1.677679382
1.681764913
1.702200328
1.707209474
1.669583474
1.67980575
1.675235955
1.680686919
1.677595128
1.681119567
1.681705635
1.685020087
1.665134688
1.665054349
1.666472766
1.698467741
1.697624316
1.698876935
1.695920886
1.696535034
1.69612196
1.66874359
1.668473011
1.696693648
1.697210574
1.696114814
1.676115072
1.692104218
1.666561705
1.668998345
1.672262071
1.67690431
1.691310232
1.682124094
1.671003259
1.682182732
1.682332186
1.688043615
1.686223591
1.68028828
1.681444384
1.682543363
1.693801372
1.697206513
1.696974473
1.69071551
1.689444017
1.685484079
1.686072895
1.68209665
1.682848761
1.68148265
1.703445072
1.685924292
1.665938131
1.672862823
1.674398776
1.678739768
1.677165059
1.696641603
1.695615055
1.696031645
1.695911612
1.695467041
1.694607063
1.683743565
1.68351915
1.669390767
1.668080241
1.67919625
1.680466229
1.691318081
1.691196667
1.692449542
1.690691459
1.68129811
1.680340237
1.678837537
1.680392576
1.680308064
1.68117579
1.681906335
1.679331329
1.68079834
1.662006888
1.661903468
1.66318678
1.660521504
1.661213994
1.680717802
1.677356679
1.67706047
1.676068636
1.679154094
1.680295797
1.681268827
1.667172762
1.67688269
1.679387792
1.675795606
1.680013787
1.679296532
1.683715914
1.660941729
1.660844048
1.662021539
1.695819854
1.694559777
1.68991784
1.691158073
1.665536002
1.694974899
1.675463975
1.690972285
1.662791994
1.668086681
1.664353105
1.673641716
1.675411245
1.690994388
1.681427734
1.680727162
1.680148047
1.664773709
1.670775946
1.668739046
1.67871838
1.682500773
1.679554766
1.680052993
1.679212776
1.679832195
1.676786067
1.680287936
1.681020425
1.693239307
1.691071584
1.693979682
1.6945181
1.687073738
1.683823576
1.684073088
1.682153252
1.680126886
1.678502713
1.678234782
1.661619396
1.672913333
1.677674082
1.676047034
1.694206501
1.694268943
1.693678874
1.694265687
1.693416006
1.693294873
1.69070538
1.68195661
1.666960948
1.665694353
1.677999255
1.679047638
1.678696271
1.690693488
1.690861202
1.69098094
1.690504835
1.690418159
1.678969351
1.676408721
1.677585814
1.679923805
1.677500754
1.657786872
1.65919347
1.65682573
1.657367031
1.679145567
1.678102746
1.676006513
1.674420899
1.677607507
1.677941723
1.678083241
1.6741545
1.657106027
1.657025749
1.658217705
1.69374651
1.688462772
1.686649534
1.688839796
1.662075022
1.674256577
1.690841081
1.65889885
1.66406999
1.670371931
1.660253604
1.674814175
1.673633047
1.68063383
1.679763599
1.679047287
1.677412585
1.663128821
1.674186326
1.676002931
1.668453365
1.67047342
1.666325067
1.677182434
1.677607857
1.677505906
1.677857643
1.672589355
1.678515143
1.679475253
1.69028099
1.690191659
1.69000584
1.684151187
1.681730954
1.681644917
1.680211231
1.67832006
1.675989776
1.675567187
1.675712071
1.657530289
1.658840779
1.672314916
1.676550288
1.674835536
1.69013948
1.690554661
1.690289415
1.68975481
1.69026781
1.689716946
1.688968982
1.679893922
1.664435283
1.676879056
1.677684504
1.690651048
1.69038685
1.690801458
1.690148377
1.690019733
1.675782041
1.678004617
1.654633921
1.655832341
1.654068715
1.654370528
1.676438109
1.672497681
1.675698476
1.676872628
1.672430738
1.654098063
1.654120367
1.655329517
1.686299242
1.684036714
1.68795318
1.686138027
1.660451734
1.672690524
1.690651577
1.655454882
1.66013475
1.66624061
1.656771621
1.674011964
1.67271821
1.671842202
1.678596897
1.677880637
1.676963055
1.675874554
1.661923285
1.672488794
1.674478408
1.674605385
1.689612308
1.675701242
1.688711859
1.668230032
1.666319096
1.670425803
1.664102894
1.676098921
1.67604086
1.676607899
1.676710372
1.667890077
1.676072005
1.677065831
1.689417744
1.689631454
1.688479938
1.68163547
1.679283526
1.679307465
1.677679189
1.675436086
1.67394497
1.67331537
1.656529249
1.655089471
1.658996366
1.675706732
1.674524821
1.673012056
1.688845042
1.688878512
1.688188282
1.688423005
1.675825225
1.676489411
1.690386165
1.690040839
1.690601811
1.689614248
1.673121098
1.675157753
1.653159903
1.653881675
1.652824769
1.652807341
1.673262822
1.670446445
1.670769773
1.674264108
1.652806314
1.653064818
1.683919566
1.681420141
1.686630735
1.684645316
1.67079706
1.690390128
1.653547071
1.656789395
1.66204287
1.654374729
1.671008871
1.676239226
1.673827962
1.674771246
1.662043939
1.670346638
1.67306231
1.689050537
1.673682411
1.687499767
1.687538766
1.686579225
1.668273404
1.665430212
1.675589829
1.674884954
1.674987315
1.675658769
1.662998212
1.672732657
1.673508278
1.688617495
1.687262527
1.685969678
1.678334832
1.677044968
1.675215098
1.67147882
1.671658712
1.67289803
1.671333812
1.655960204
1.657652844
1.654685788
1.660011091
1.674919861
1.67369227
1.671982667
1.687014246
1.68729172
1.675539272
1.690031872
1.689555391
1.690367555
1.689009626
1.669300157
1.671505846
1.653750457
1.654003343
1.653609144
1.653221892
1.669844337
1.668842673
1.668817438
1.673150568
1.653694794
1.65342667
1.681560989
1.678889554
1.682716735
1.669530512
1.690086447
1.653509796
1.65454897
1.658281527
1.653584559
1.669422688
1.673426239
1.670797976
1.673768201
1.662339647
1.664203619
1.668203089
1.688353064
1.670561126
1.685833638
1.685702059
1.653930974
1.666842459
1.674897596
1.674457567
1.673686439
1.673725891
1.674752899
1.658475717
1.668551128
1.66897858
1.687521203
1.685189987
1.683566886
1.675183124
1.676381151
1.672764298
1.667199873
1.670104036
1.671729477
1.669628955
1.658155509
1.65891104
1.66037874
1.656602275
1.662764675
1.673649254
1.671593217
1.685529457
1.685896619
1.689649364
1.688939468
1.690075104
1.688346378
1.666044657
1.666133593
1.667337054
1.656834573
1.656788012
1.656856895
1.65600334
1.667478954
1.667014576
1.672285672
1.657174238
1.65622812
1.678944118
1.680547497
1.669311137
1.65582238
1.655486483
1.654953858
1.670900031
1.667324012
1.664840827
1.68751606
1.668003407
1.683944567
1.68436214
1.655459085
1.654156467
1.667787232
1.674125232
1.673995881
1.673239049
1.672506399
1.673942053
1.654948406
1.664318253
1.663552938
1.686397936
1.683055879
1.681584106
1.673347051
1.67654526
1.669556943
1.663402307
1.668185385
1.669045994
1.670679794
1.661622308
1.662875426
1.663672653
1.663246016
1.664335527
1.666303356
1.665999782
1.672922578
1.670943018
1.683525505
1.684528949
1.689682401
1.689182479
1.688291869
1.687706724
1.663107755
1.665161154
1.662501653
1.66204517
1.66278272
1.661578859
1.66598901
1.671215289
1.663268726
1.661712184
1.678787827
1.660790302
1.658837441
1.664703907
1.686416711
1.666379609
1.681802028
1.682459377
1.659189231
1.654265451
1.669696876
1.663613823
1.669304489
1.6734589
1.673828942
1.673398641
1.671964046
1.653669313
1.66108216
1.659404588
1.684900174
1.680734914
1.679823968
1.674415965
1.670784748
1.667025408
1.660493676
1.667185069
1.669634573
1.668912446
1.670139837
1.668594302
1.669511687
1.668649762
1.669689365
1.67277437
1.672166568
1.682755736
1.681175015
1.689131656
1.688200969
1.686927597
1.686649467
1.662051223
1.660397524
1.66364278
1.670388125
1.669519766
1.671242382
1.669452189
1.66462099
1.671674805
1.669663095
1.678031458
1.668252821
1.665236934
1.684889147
1.67927558
1.680107685
1.665380157
1.656737808
1.663478364
1.669933088
1.677050858
1.673311969
1.674238835
1.674165259
1.674043974
1.671725407
1.673203777
1.655026418
1.658360936
1.657328371
1.656582872
1.682657399
1.678074769
1.669377407
1.673671046
1.659761184
1.667001064
1.678209844
1.677383544
1.677110313
1.675665848
1.674827232
1.675265484
1.674856611
1.680327265
1.678453243
1.688317168
1.687001731
1.684876229
1.68522482
1.661922806
1.659418019
1.678311435
1.679562705
1.681802749
1.679494103
1.680271183
1.664367725
1.68167623
1.679132047
1.676842355
1.677430098
1.673607326
1.682723982
1.673083506
1.661739127
1.664549281
1.669600399
1.67516853
1.673398136
1.679105155
1.68017574
1.679998897
1.678296721
1.675289675
1.675530758
1.67123311
1.674689887
1.659577756
1.657167995
1.655523736
1.657508328
1.655511451
1.679871018
1.674198603
1.66667656
1.669387724
1.673504955
1.66147301
1.667415425
1.68589075
1.684619331
1.685546631
1.682963014
1.681723795
1.682049023
1.677408197
1.677256592
1.686880193
1.685235275
1.682229691
1.683162144
1.662135037
1.660057224
1.686914369
1.688858893
1.690368189
1.689322831
1.690295975
1.66564461
1.691000188
1.688475283
1.686813752
1.681980818
1.68101623
1.668746611
1.673394335
1.671557159
1.667872646
1.669342219
1.68549297
1.685319019
1.686588299
1.683903984
1.681553158
1.678462177
1.66969444
1.674112402
1.678334863
1.667096753
1.659157089
1.656982555
1.65540726
1.656738812
1.659416052
1.656046427
1.679118741
1.676303699
1.669957592
1.663084188
1.668957436
1.665708162
1.690165864
1.691201726
1.688830445
1.691678664
1.687668345
1.687782625
1.684851502
1.682643328
1.680333619
1.664965009
1.66289941
1.693220702
1.69497097
1.69643903
1.69633866
1.69719741
1.697568928
1.695814304
1.691680628
1.69509609
1.68957709
1.687541453
1.676458732
1.672385194
1.668975362
1.665067032
1.664063289
1.665542969
1.683203629
1.688676928
1.689755743
1.689695394
1.690331256
1.686797102
1.683980591
1.67029794
1.674774055
1.679277039
1.682932119
1.676326435
1.663483013
1.660107977
1.658586876
1.6576493
1.657102156
1.658825309
1.66085094
1.675953164
1.666068938
1.662846653
1.665481915
1.691521171
1.692196706
1.692995027
1.690868889
1.694057028
1.690745398
1.682270677
1.678509454
1.667671783
1.695401529
1.69677309
1.697934344
1.698924928
1.699401575
1.699303464
1.69878035
1.697380613
1.695395505
1.693047074
1.69050461
1.668120346
1.672091514
1.66133884
1.663578042
1.660892278
1.662341676
1.687371258
1.690985462
1.690388185
1.690889985
1.69081222
1.69036979
1.688979693
1.687869789
1.676637747
1.673908296
1.681322386
1.684974663
1.684098075
1.665369373
1.669550748
1.663442584
1.660756561
1.660551848
1.660074563
1.66055775
1.661462832
1.674619743
1.662993902
1.663115854
1.689302086
1.690516544
1.690118284
1.690193173
1.690104183
1.689746655
1.691742186
1.679063859
1.692642337
1.693425875
1.694334363
1.696073674
1.695752876
1.694743197
1.695467987
1.693932441
1.693411126
1.691117035
1.689144497
1.665462725
1.669040438
1.658556484
1.660124202
1.661829052
1.658617601
1.659989318
1.688471365
1.683449554
1.690615419
1.689513305
1.690830421
1.688105255
1.687841035
1.686157833
1.690477724
1.689310966
1.680738654
1.682596721
1.676604073
1.687148153
1.685966957
1.687737205
1.672276619
1.670167624
1.66644011
1.665500455
1.663422254
1.66222676
1.662082292
1.661465353
1.671475083
1.675255063
1.660894062
1.684630023
1.683525978
1.684669985
1.684364676
1.68357476
1.682881899
1.684982569
1.685189945
1.686520771
1.685541056
1.687751404
1.686426018
1.684558703
1.686401665
1.684985457
1.685993492
1.68437044
1.665025267
1.667637654
1.656821586
1.657569971
1.658835326
1.661660115
1.657490073
1.658918009
1.685033047
1.674763446
1.674488065
1.66031229
1.688814686
1.686662812
1.684477336
1.689291087
1.681248685
1.680958172
1.678174748
1.690130057
1.68995259
1.683463105
1.686598033
1.68780075
1.679673087
1.689429563
1.685657622
1.677888169
1.673498643
1.67237876
1.668822422
1.666169108
1.665360371
1.663071946
1.661309569
1.671020765
1.675306098
1.675971985
1.674340106
1.675396717
1.67391766
1.67268036
1.67496321
1.676555718
1.673162657
1.674988017
1.67303386
1.675322766
1.673051297
1.670679876
1.674175751
1.671949769
1.674956044
1.663413787
1.66698742
1.656336184
1.656141907
1.656879139
1.659017016
1.657886777
1.659669239
1.677965087
1.665181358
1.66396034
1.663174027
1.662404448
1.683178676
1.68406728
1.679297987
1.679469028
1.675604239
1.686842408
1.671685661
1.671429093
1.667945745
1.688817586
1.689340042
1.686141464
1.688548737
1.689831188
1.689875619
1.684476059
1.678507106
1.680174928
1.676110275
1.672005773
1.670523633
1.667170656
1.664164494
1.666534912
1.664696251
1.666105708
1.663330495
1.664786054
1.663160246
1.66153307
1.662858974
1.661876405
1.663893879
1.661967192
1.659744883
1.661460424
1.659175263
1.659657089
1.659592811
1.66075019
1.65615236
1.657499341
1.656162347
1.657321495
1.660229722
1.662533298
1.669156171
1.656731117
1.654985148
1.653420477
1.649890917
1.666442046
1.675593106
1.674021714
1.679829124
1.669272472
1.670139759
1.665403052
1.683614349
1.66166952
1.661230925
1.657874326
1.684946548
1.687956035
1.690139234
1.68964072
1.690332076
1.688955107
1.687077102
1.66866426
1.683131289
1.679092302
1.677053605
1.672838453
1.668835969
1.662295932
1.656206072
1.654375455
1.655140327
1.653624039
1.651915982
1.652889219
1.651659469
1.652447322
1.650614297
1.648699424
1.649736211
1.649290331
1.648988232
1.65799734
1.658004836
1.656955765
1.660791136
1.656449569
1.664889474
1.667394976
1.661317539
1.649486701
1.652888871
1.647407251
1.644632664
1.643181885
1.672266322
1.670448985
1.665493015
1.664140006
1.675300493
1.659388572
1.660399302
1.6561482
1.67787823
1.653284323
1.652827063
1.651039559
1.683280257
1.690368812
1.691474298
1.691445459
1.687508812
1.6893607
1.658822154
1.686043475
1.68424208
1.679721824
1.674983285
1.658754375
1.64937366
1.648286776
1.648496484
1.647366494
1.646140137
1.646618638
1.644943077
1.644936294
1.643572182
1.642415975
1.64281368
1.642657468
1.656559376
1.659601285
1.661943009
1.657205892
1.666675957
1.6724747
1.647722016
1.645708653
1.649841134
1.644237181
1.642826387
1.641835065
1.678832169
1.673675585
1.660740497
1.66560189
1.656275962
1.655709501
1.668382452
1.651889915
1.652467496
1.649832804
1.674577255
1.648349734
1.648102326
1.647273763
1.681016507
1.689197824
1.686216771
1.69218788
1.692958871
1.69164113
1.651919124
1.69064678
1.686974534
1.682267308
1.65658593
1.646797462
1.64659499
1.646258538
1.645892728
1.644921961
1.644097554
1.642907507
1.642258902
1.642039546
1.641445659
1.656950616
1.664078376
1.659746171
1.667805675
1.680338536
1.648118224
1.647437356
1.647832269
1.648638129
1.647155814
1.646502333
1.64547543
1.686335847
1.681089003
1.674610057
1.656712004
1.652803032
1.659160299
1.650297048
1.664860609
1.64867194
1.648201184
1.647713965
1.671919276
1.647877133
1.647670852
1.648115627
1.678621428
1.682890643
1.688806015
1.692775181
1.694147922
1.694603298
1.648601619
1.693131771
1.689425272
1.656374012
1.648973758
1.649639429
1.648830631
1.64860477
1.648626142
1.648388181
1.646579594
1.647120411
1.64758422
1.659224151
1.66400259
1.670021373
1.687559446
1.651850261
1.651125206
1.654101464
1.654504922
1.65025772
1.654567095
1.654648026
1.692394147
1.681544136
1.687804287
1.676731992
1.65082291
1.652322967
1.649237418
1.656228628
1.648638074
1.662182673
1.649020257
1.649111279
1.650595227
1.669010081
1.652312843
1.65163861
1.653781656
1.673607111
1.681625878
1.688840836
1.693672287
1.69541335
1.649051743
1.694580484
1.658534252
1.655463076
1.656832346
1.65541018
1.655952205
1.656773685
1.65697563
1.655050327
1.657106339
1.663280723
1.669593208
1.69282601
1.662019735
1.657626805
1.656592709
1.663172809
1.664107219
1.65448105
1.665133656
1.667675535
1.695441968
1.683628552
1.687641405
1.692387868
1.675894995
1.653748496
1.649264176
1.649407904
1.650720018
1.64986725
1.654060724
1.651581288
1.659564274
1.65382759
1.654850038
1.659096369
1.662730436
1.659848718
1.662553271
1.671670165
1.680748588
1.68821354
1.692346933
1.695657029
1.652518067
1.663091718
1.665121629
1.667064682
1.665357406
1.666303074
1.667696338
1.667897574
1.665561877
1.668603559
1.69497785
1.666325602
1.671585528
1.672211346
1.663469452
1.673713396
1.675366533
1.660500642
1.678304434
1.676453521
1.694630568
1.690967385
1.687236184
1.681363247
1.693912718
1.674302986
1.652077847
1.651004195
1.649427092
1.649700135
1.654801487
1.652559877
1.658537184
1.662155047
1.663658291
1.669510112
1.661823895
1.65508959
1.670715856
1.673608222
1.670397852
1.679200504
1.685122727
1.692507422
1.664547758
1.658707306
1.669542477
1.676509882
1.679171144
1.676226314
1.678529315
1.679186687
1.679040729
1.693441759
1.678546049
1.673818311
1.681096412
1.682482989
1.670068867
1.684319352
1.687159574
1.68629949
1.688815069
1.68968271
1.690546215
1.692531203
1.686176508
1.679402204
1.692112175
1.676161319
1.657188054
1.658638723
1.65265395
1.64959914
1.64870683
1.663481591
1.64928093
1.668221592
1.672687265
1.674501477
1.681171165
1.652733424
1.659605863
1.6823757
1.685159849
1.668056231
1.674769399
1.685212683
1.671271809
1.66599766
1.676808302
1.687776419
1.688376631
1.690599578
1.689124371
1.689299883
1.688043345
1.687895969
1.685264681
1.680615754
1.689716871
1.691503075
1.694007736
1.693670408
1.696389401
1.696995704
1.680796691
1.68936859
1.691013046
1.690609774
1.68474927
1.686830854
1.686553027
1.682423747
1.685501159
1.665463274
1.66757335
1.659348505
1.653918951
1.64983131
1.647919919
1.673506568
1.647530907
1.679143632
1.68402156
1.686014708
1.692160358
1.650660077
1.656926988
1.693272828
1.695631643
1.662923723
1.674376513
1.677992238
1.673682422
1.683375623
1.697965442
1.698932997
1.697542303
1.697384782
1.680003056
1.695215057
1.693465312
1.69096559
1.696868591
1.699033248
1.699449578
1.700073693
1.702216099
1.702037646
1.702895466
1.671542659
1.667266723
1.688338579
1.689953949
1.688452986
1.678614897
1.695315903
1.691711535
1.688002377
1.683051793
1.677585008
1.669159823
1.675611014
1.678796012
1.661838836
1.655352411
1.651349716
1.647247768
1.684438697
1.645914411
1.689949372
1.694836306
1.696400573
1.701249815
1.648291483
1.651519026
1.702001991
1.703568102
1.659529645
1.684091168
1.681086565
1.687852664
1.70467423
1.704830065
1.703544341
1.669291836
1.700748031
1.699383141
1.697826862
1.702435332
1.702972565
1.703488265
1.704668593
1.70527178
1.705893936
1.706680987
1.660029959
1.655279266
1.689374995
1.68775082
1.668286171
1.700414164
1.698843723
1.695934397
1.692897335
1.682606254
1.674737362
1.667859965
1.679942142
1.672119751
1.686247313
1.689387786
1.664258986
1.658816019
1.651806375
1.646299601
1.694420096
1.644193221
1.698946488
1.703327864
1.70290975
1.705575915
1.707692328
1.644544374
1.64870722
1.707705143
1.708217522
1.690126232
1.688745781
1.687740037
1.689236741
1.708282982
1.707810221
1.657978803
1.704662201
1.703430859
1.702376639
1.705065861
1.705387218
1.706079956
1.706453988
1.706986912
1.707684486
1.708451437
1.6496321
1.646101923
1.687477256
1.657571672
1.702617923
1.703555087
1.701381038
1.69906405
1.696625623
1.674442851
1.682336814
1.665357997
1.657991898
1.704833923
1.690281065
1.682948465
1.674933383
1.695786474
1.698473791
1.669332446
1.660345973
1.651825064
1.645333937
1.702571411
1.642780904
1.706139362
1.708470721
1.708934032
1.710095422
1.710601543
1.642691049
1.710269783
1.709909638
1.694886384
1.695778668
1.692621255
1.687012102
1.709255414
1.6483154
1.706114459
1.70635459
1.705305714
1.706480145
1.706798736
1.706875647
1.707070114
1.707451747
1.707805744
1.708522178
1.642740359
1.641397729
1.682765633
1.648566563
1.703858142
1.704769814
1.705668866
1.702708761
1.700971719
1.699143105
1.666075891
1.67538069
1.656616567
1.649857583
1.706313345
1.645809961
1.692912187
1.698986597
1.685609801
1.680521067
1.703196096
1.705318925
1.672038553
1.663022406
1.650409339
1.658092749
1.64615719
1.70812589
1.642079836
1.710112901
1.711079926
1.711179163
1.711197183
1.71075088
1.71027632
1.709379594
1.699084308
1.698319414
1.696353765
1.681771685
1.642356566
1.706822668
1.707056179
1.707128943
1.707197095
1.707060388
1.706894677
1.706842439
1.706765142
1.707103041
1.707746372
1.640706651
1.641971586
1.643010617
1.70389049
1.704830897
1.705466093
1.706232813
1.702874679
1.701820764
1.700671375
1.658725043
1.669647515
1.650301997
1.706651775
1.647067097
1.64312469
1.644942526
1.707821618
1.694968689
1.701099977
1.70520716
1.690640453
1.683030618
1.70818041
1.709375295
1.674332253
1.668604561
1.659311343
1.653703891
1.646543138
1.710714135
1.711232943
1.711043634
1.71084596
1.710075398
1.709134663
1.708801896
1.699795554
1.700586835
1.699061242
1.698173079
1.673436464
1.641129567
1.707105452
1.70732852
1.707347945
1.707206882
1.706822366
1.706389361
1.705950673
1.70582163
1.706006649
1.705907955
1.644102729
1.647507742
1.642469588
1.703741663
1.702804071
1.704145174
1.705115706
1.705436797
1.701907787
1.7013859
1.652647575
1.661661209
1.706282899
1.647379582
1.649090324
1.645616469
1.647741114
1.706491473
1.701555877
1.698701709
1.70542335
1.706940572
1.709118884
1.692619353
1.685163985
1.710324198
1.710734291
1.679757785
1.670295095
1.664305688
1.655090955
1.710795283
1.710202076
1.709308881
1.708886169
1.707776608
1.706732035
1.699517729
1.699707895
1.700087176
1.699057504
1.698702736
1.664397388
1.645551079
1.706873989
1.706963874
1.707106042
1.70696258
1.706532504
1.706127015
1.705518563
1.705022637
1.704723677
1.704340338
1.704475141
1.651904167
1.656642309
1.647527948
1.701675691
1.701987583
1.700821547
1.703239836
1.704332931
1.700075474
1.655284363
1.705482905
1.651181491
1.649032181
1.650822613
1.65180321
1.653526873
1.704395732
1.706384529
1.70438633
1.7000106
1.70863741
1.709514262
1.710245741
1.694155728
1.689649152
1.710258584
1.710085572
1.68124123
1.67599609
1.666057176
1.709191337
1.708120138
1.706717706
1.706307945
1.70523033
1.698398132
1.698725043
1.69847468
1.697931833
1.698536331
1.698403138
1.656577395
1.653688815
1.705751867
1.706342529
1.70655676
1.706250717
1.705853919
1.705257644
1.704631055
1.704016583
1.70331462
1.703153494
1.702728382
1.662003333
1.667740872
1.655733075
1.699011117
1.699069623
1.700242914
1.698347818
1.701731783
1.703052938
1.703528171
1.652431375
1.658771019
1.650132392
1.651551626
1.660080319
1.703139986
1.70883478
1.707769331
1.705022947
1.700903949
1.709760111
1.709960484
1.709700981
1.696777116
1.688418697
1.708970102
1.70848708
1.678277159
1.706816449
1.707287593
1.705487789
1.704258564
1.703937487
1.696599811
1.697149937
1.697822538
1.69605405
1.697901435
1.697845249
1.651168472
1.663686922
1.70464464
1.705361145
1.705282729
1.705260693
1.704740209
1.704284639
1.703618585
1.702733812
1.702090177
1.701804409
1.672744441
1.678857823
1.665140272
1.696042572
1.696268695
1.696919468
1.698366361
1.699899327
1.700376658
1.701936458
1.657725576
1.651376523
1.666806702
1.667858315
1.702211875
1.709578292
1.709223935
1.707878027
1.705359464
1.702520645
1.709550869
1.709283699
1.708471182
1.696535003
1.688227513
1.707380875
1.706623778
1.705327496
1.704611331
1.703436025
1.70247063
1.694695271
1.695446717
1.696329418
1.697145526
1.694104788
1.697446759
1.697464784
1.650251234
1.673796086
1.703165619
1.703233818
1.703906991
1.703497866
1.703481658
1.703088014
1.702241645
1.701574244
1.701183458
1.701181211
1.682591703
1.688039406
1.674510267
1.693516232
1.693836486
1.694902452
1.696272304
1.696670962
1.698379296
1.700015623
1.664369938
1.655494261
1.674633096
1.676444396
1.701360451
1.709558488
1.709261116
1.707913283
1.706095668
1.702033112
1.709043097
1.708358509
1.707292207
1.695745123
1.7060918
1.705180127
1.703884082
1.703073309
1.702092045
1.693890396
1.692928933
1.694989165
1.69603066
1.696823423
1.691972634
1.69723996
1.697284165
1.697402578
1.652768873
1.683058542
1.70048236
1.701600272
1.701863329
1.701947525
1.701286161
1.700866513
1.700565243
1.700532874
1.700638272
1.690704595
1.695163777
1.68322353
1.691612379
1.691879832
1.692971877
1.69289386
1.694312946
1.696227276
1.696926105
1.661273786
1.671491922
1.684211432
1.681802662
1.701275549
1.709344862
1.709635224
1.709200491
1.708182089
1.705584715
1.701206035
1.708550274
1.707640763
1.706469038
1.705293722
1.704274668
1.703065418
1.702175171
1.693989705
1.692712272
1.691613501
1.69520279
1.696210865
1.69685905
1.690602108
1.697083317
1.697381652
1.697504122
1.658069244
1.69124139
1.698433253
1.699579579
1.699983397
1.699611996
1.699595101
1.699635084
1.699754176
1.69986016
1.700554228
1.697193999
1.700463395
1.691133079
1.690090902
1.690244163
1.690563897
1.692380041
1.693257387
1.694878894
1.667943014
1.678184912
1.690646319
1.688002768
1.701513586
1.684243018
1.709202734
1.709758549
1.709796359
1.709369483
1.707787614
1.704786925
1.70825601
1.707133978
1.705684098
1.704128136
1.702571657
1.69469974
1.693440917
1.692458145
1.690874868
1.69582782
1.696632774
1.689639236
1.696941329
1.69720392
1.697309375
1.697426916
1.66514909
1.698709568
1.696421663
1.697363247
1.697253407
1.69768589
1.698024815
1.69857322
1.698587294
1.699430823
1.700598492
1.703303653
1.696674211
1.688945365
1.68870246
1.689621808
1.690220204
1.691584369
1.693190599
1.673713125
1.69580361
1.693203361
1.701697353
1.680436056
1.689845583
1.709026839
1.709754855
1.710082898
1.710008598
1.709141163
1.707025296
1.707922775
1.7066914
1.704896054
1.703353265
1.694294995
1.695595063
1.692074449
1.693966522
1.690399768
1.69645941
1.68907973
1.696786915
1.696666899
1.696960474
1.696850968
1.696837306
1.672966645
1.702934212
1.694374792
1.694511987
1.695365241
1.696070138
1.696793438
1.697386219
1.69899111
1.700211375
1.706122063
1.700793753
1.688331588
1.688165698
1.688365191
1.689227175
1.690460031
1.691846125
1.699745886
1.697350711
1.702005988
1.685401058
1.694031088
1.709412892
1.708436089
1.709959342
1.710114429
1.709807375
1.708575556
1.707090778
1.705777204
1.703590254
1.695439241
1.696274088
1.693605499
1.691880743
1.695207731
1.690278602
1.6892148
1.695837097
1.696143665
1.696126471
1.696211572
1.696079149
1.695932518
1.695617462
1.680569764
1.705468128
1.691808674
1.69304324
1.693933002
1.694705593
1.6952667
1.696996832
1.698109398
1.699901709
1.707701739
1.703645964
1.688126023
1.687913543
1.688184511
1.688991919
1.690114485
1.702513866
1.699773707
1.70142036
1.690644952
1.697323097
1.709320127
1.708358447
1.707001764
1.709637212
1.709359651
1.709164555
1.70532501
1.703992293
1.695965001
1.693420268
1.694742858
1.691913646
1.695458388
1.690788977
1.689264316
1.694442635
1.694757644
1.69521574
1.694734068
1.69549235
1.694685211
1.694698927
1.693971304
1.693443103
1.687334305
1.706799786
1.691321146
1.69025227
1.692144187
1.692816565
1.693241402
1.694755216
1.695626648
1.697203898
1.698504658
1.708172968
1.705377435
1.688721256
1.688441692
1.68873869
1.689417792
1.704673688
1.702872807
1.701364462
1.701204547
1.69478276
1.699511913
1.707787399
1.707436155
1.706188143
1.704463064
1.708744855
1.708453893
1.702318292
1.69427635
1.693232109
1.694869989
1.692370967
1.694539899
1.691214314
1.690336689
1.692694305
1.692925129
1.693412616
1.693991645
1.693118034
1.693180547
1.692223504
1.692461426
1.691949662
1.692742076
1.706881272
1.691188006
1.690699469
1.690319271
1.691585933
1.691795252
1.692702986
1.693218239
1.694362107
1.695116084
1.697077406
1.70746567
1.705661634
1.690187779
1.689631248
1.689604868
1.6899342
1.703331111
1.704231307
1.701950568
1.698978966
1.697629177
1.700531561
1.70506561
1.706212042
1.704524863
1.702983883
1.700954637
1.70718379
1.697839717
1.693942659
1.693574606
1.692992279
1.693630559
1.692385474
1.692548393
1.691736118
1.691514358
1.691139924
1.691083542
1.691331297
1.691849796
1.691696746
1.691592405
1.691278872
1.691663441
1.690860127
1.696501334
1.705629061
1.691329647
1.691356251
1.691245014
1.691446395
1.691300337
1.6913931
1.691410497
1.691971543
1.692239959
1.693482949
1.695138244
1.705590807
1.704138292
1.691200826
1.691076337
1.691268127
1.702590553
1.702730437
1.701486309
1.699176341
1.700574501
1.699794059
1.702987631
1.701472333
1.704551959
1.700801791
1.699060281
1.696775101
1.693638274
1.692225224
1.692677483
1.692392197
1.692357868
1.691047626
1.692220661
1.690156879
1.692129885
1.692191606
1.6897998
1.690297757
1.68956706
1.689698012
1.691771091
1.691416089
1.690888394
1.691924371
1.690404468
1.698606186
1.703280716
1.692172155
1.692465556
1.691940218
1.692667837
1.693042157
1.691294921
1.690911383
1.690565832
1.6905041
1.690306053
1.690791323
1.691843556
1.702772804
1.7017772
1.692409791
1.692777859
1.701060752
1.700601738
1.700317964
1.699833744
1.699647994
1.699206371
1.701135032
1.69757354
1.696726115
1.694953224
1.69295383
1.690562422
1.690684578
1.689425067
1.690673415
1.691127179
1.691532324
1.688452411
1.691608855
1.688105787
1.692173884
1.69289992
1.688731379
1.689613095
1.688222055
1.692320802
1.692642744
1.69179695
1.691488317
1.69311575
1.690510317
1.699178991
1.700337571
1.69372993
1.693420481
1.694184551
1.692440527
1.694471645
1.694462427
1.691498449
1.690865954
1.690062231
1.689562768
1.689335581
1.689619764
1.699469723
1.699100967
1.69372229
1.699213588
1.698292725
1.698904554
1.698722431
1.698946691
1.699153746
1.697409684
1.695641442
1.693786299
1.69300738
1.691497388
1.690041342
1.688827759
1.688311184
1.688138838
1.686971474
1.689027877
1.689792642
1.690058368
1.686690999
1.691009201
1.68704768
1.692240763
1.693602772
1.689470392
1.68880792
1.687831929
1.693658576
1.693297164
1.693783521
1.693203414
1.692242008
1.694778244
1.694516493
1.691049981
1.699014122
1.697366745
1.695451815
1.695149519
1.694127856
1.695854285
1.692909825
1.695824248
1.694914408
1.692067672
1.690814734
1.690044132
1.689196944
1.688743997
1.696469452
1.696613005
1.697357426
1.696341313
1.697432986
1.697758433
1.698216616
1.698617282
1.694677674
1.693967235
1.692331965
1.69097463
1.690322121
1.68925959
1.688536534
1.688544868
1.686680986
1.686076627
1.68603342
1.685690306
1.687533895
1.687825085
1.689087247
1.68624284
1.690464331
1.687352794
1.692310843
1.694115477
1.690315033
1.688812191
1.694840399
1.694925466
1.694955102
1.6942837
1.69323368
1.695479674
1.695180113
1.69515039
1.692593621
1.698576665
1.694927396
1.696464256
1.696654257
1.695678859
1.694540767
1.696593994
1.693637645
1.69565755
1.692208096
1.691334799
1.690120763
1.689146683
1.693930561
1.694814914
1.69611219
1.695151816
1.696638786
1.697257804
1.697849223
1.69827373
1.698168089
1.692442169
1.691625076
1.690481078
1.689608716
1.689069296
1.688610886
1.688802876
1.689440898
1.685521949
1.684950777
1.684862803
1.68512464
1.685891445
1.685769394
1.686748246
1.688002336
1.68728761
1.690372212
1.688632352
1.689059444
1.692295904
1.694188216
1.690963442
1.696038819
1.695763321
1.695903173
1.695318141
1.694879909
1.694815314
1.695535035
1.694226258
1.694170046
1.693521918
1.698293954
1.693442471
1.696786152
1.696453848
1.6967581
1.695666964
1.694805524
1.695751384
1.69360289
1.692792466
1.691549917
1.690377899
1.692526199
1.694007792
1.695669495
1.694848927
1.696488745
1.697239613
1.697844782
1.698207398
1.691454633
1.690726643
1.690093302
1.689687945
1.689296476
1.689616655
1.690187636
1.690870759
1.68467667
1.684576729
1.684836038
1.685271372
1.686073801
1.687675828
1.68515287
1.685989854
1.686603202
1.689563412
1.689925962
1.688048029
1.691635004
1.691896395
1.693781334
1.695885563
1.696405614
1.69650829
1.696425943
1.695605911
1.692338742
1.693976293
1.694235404
1.692047507
1.691293405
1.694293524
1.698279766
1.693125911
1.695807874
1.696044407
1.695784363
1.695540618
1.695002129
1.693986723
1.692805995
1.691771464
1.692317782
1.694123875
1.695907497
1.695289766
1.696812572
1.697505657
1.697996613
1.69825539
1.691852471
1.69118173
1.690947054
1.690887629
1.6906533
1.691275922
1.691659737
1.692070021
1.684972424
1.684813069
1.685143847
1.686441416
1.687089109
1.688461383
1.690339387
1.68505
1.685479648
1.686352796
1.692301806
1.689437148
1.687733202
1.691279355
1.693310589
1.695288676
1.696231116
1.696467995
1.696603539
1.696157833
1.689287131
1.691457799
1.692318976
1.689363364
1.686943104
1.695677484
1.694501176
1.698353272
1.693377943
1.693706742
1.694300417
1.694686236
1.69417744
1.693766063
1.693194185
1.692590637
1.694818894
1.696523215
1.696076263
1.697277232
1.697750209
1.698024843
1.69806723
1.69305057
1.692510141
1.692498672
1.692552858
1.692273151
1.692572133
1.692508631
1.692413328
1.685922145
1.686668196
1.685518534
1.687060787
1.689067518
1.689784792
1.691313531
1.692996923
1.685685575
1.685912126
1.686531175
1.687574523
1.688840801
1.690294904
1.691210335
1.694281711
1.694872338
1.695820151
1.696245324
1.696070483
1.688834683
1.686943104
1.686943104
1.689110946
1.691601325
1.695719742
1.694899204
1.698166532
1.694609706
1.691522127
1.692541308
1.692335047
1.692375985
1.69239624
1.692384596
1.695865518
1.697074581
1.696747189
1.697475116
1.697626189
1.697655586
1.697428039
1.694464234
1.69403512
1.694029388
1.693821463
1.693347272
1.692953559
1.692293623
1.691639251
1.687351037
1.688260155
1.689319576
1.687323381
1.689833052
1.691835357
1.692491118
1.693743159
1.686756129
1.686761145
1.68698088
1.687499312
1.688234178
1.688933925
1.689127918
1.691995155
1.69356345
1.694655112
1.69478174
1.695260154
1.686943104
1.686943104
1.688957919
1.695355296
1.695009142
1.697401955
1.695711854
1.690158107
1.690021895
1.690271794
1.690635524
1.691082943
1.69646225
1.697095979
1.696756208
1.696977885
1.696884145
1.696754773
1.696310823
1.695440747
1.694970086
1.694492863
1.693851659
1.693166986
1.692083341
1.690944489
1.689879716
1.689911244
1.690052383
1.69124979
1.692129807
1.688969222
1.692546972
1.693898941
1.694347818
1.688226772
1.688471517
1.687834434
1.687594263
1.687564032
1.687716618
1.687709585
1.688185717
1.688828716
1.690631916
1.691846571
1.692211472
1.693209788
1.694104422
1.686943104
1.694643261
1.694760504
1.695978838
1.69606862
1.687974872
1.688095475
1.688532386
1.689050057
1.696185273
1.696158714
1.695814612
1.695562693
1.695384604
1.694888061
1.695451398
1.694812236
1.693563954
1.692794949
1.69162033
1.690207141
1.688858628
1.687650245
1.692541668
1.69169284
1.692776809
1.693815641
1.694024543
1.690822183
1.694411711
1.694622874
1.690807603
1.689978382
1.68907098
1.68837278
1.68790619
1.687671793
1.687251526
1.68686605
1.688859921
1.686943104
1.688980462
1.690150704
1.69147622
1.692524739
1.693543695
1.693636228
1.694171068
1.69350737
1.695354514
1.686595006
1.686654322
1.687125427
1.694993505
1.694504741
1.694079197
1.693860769
1.693768262
1.694308738
1.69348428
1.691580601
1.69074404
1.689363844
1.687949872
1.686794983
1.685901264
1.685899122
1.693935507
1.694376569
1.693313268
1.694394545
1.694558374
1.694451635
1.693292807
1.694184123
1.692504205
1.691471029
1.690361927
1.689433856
1.68898811
1.687755395
1.687119075
1.686307264
1.686943104
1.686943104
1.688784237
1.689122768
1.691089226
1.691406953
1.692439074
1.692617067
1.692091395
1.69227642
1.69365105
1.685770024
1.685647495
1.692978675
1.692444827
1.692176413
1.692177461
1.692225212
1.691254408
1.689139949
1.68833012
1.687070873
1.685966535
1.685210467
1.685085343
1.684958834
1.694915555
1.694992247
1.694794362
1.694961699
1.69455427
1.69361938
1.693272606
1.6946084
1.693879574
1.692896563
1.691776352
1.691377839
1.689952672
1.688912137
1.687252317
1.6885163
1.686206579
1.686943104
1.686943104
1.688824931
1.688651011
1.689968075
1.69094045
1.691854158
1.691623791
1.691177954
1.690869899
1.691360656
1.685449528
1.690796558
1.690520315
1.69060675
1.689718169
1.688745301
1.686980022
1.686321226
1.685482994
1.684980734
1.684952578
1.685678868
1.685355261
1.695275309
1.695049564
1.694444731
1.693625652
1.695486998
1.693188253
1.69143143
1.695426473
1.695022972
1.694134636
1.693777918
1.692597493
1.691365979
1.69081209
1.68940301
1.687898749
1.686615176
1.686943104
1.688434244
1.688681844
1.691952733
1.692187017
1.691193874
1.690471192
1.689819109
1.689287275
1.68905243
1.689289633
1.692038472
1.687996092
1.687411705
1.686502773
1.685746419
1.685393492
1.685199199
1.685458875
1.686127098
1.687540622
1.687030307
1.694879905
1.693995109
1.693605333
1.692317586
1.691155751
1.695451093
1.690832583
1.69567793
1.695588627
1.695381956
1.694698673
1.693733043
1.693241924
1.691949025
1.690416872
1.688857468
1.686943104
1.686943104
1.688400782
1.692949716
1.693391492
1.69114606
1.690176362
1.689175964
1.68786923
1.688321143
1.693364877
1.69255763
1.687037939
1.68650993
1.686125136
1.686110059
1.685959258
1.686541842
1.687373372
1.688293505
1.690139436
1.689647547
1.692767445
1.693953179
1.691536932
1.690977807
1.689146613
1.694431582
1.695480054
1.695602097
1.695615783
1.695243937
1.694933778
1.694099776
1.692917859
1.691521094
1.686943104
1.686943104
1.694171123
1.694440057
1.694736428
1.691518611
1.690245458
1.688886774
1.687732185
1.694226269
1.694761643
1.693371068
1.687495893
1.687119909
1.687327089
1.687840337
1.687972813
1.689399964
1.689920326
1.691088996
1.692289611
1.692688137
1.69135535
1.689785163
1.691942392
1.688717937
1.688591303
1.693892559
1.694281775
1.694987441
1.695350976
1.695293864
1.695117628
1.694610707
1.693761268
1.686943104
1.695223897
1.695217066
1.6952352
1.692140693
1.690606775
1.688953872
1.695516814
1.695111369
1.695525814
1.694188004
1.689237345
1.688992027
1.689614633
1.690401275
1.690593939
1.692193
1.692523274
1.693385555
1.694105555
1.694366137
1.688977135
1.688603694
1.686943104
1.691280036
1.691766069
1.692899286
1.693919724
1.694079163
1.694686909
1.69484666
1.69481917
1.695314406
1.694269944
1.694111557
1.692956952
1.691150413
1.695835179
1.696058934
1.695828593
1.695011353
1.691202144
1.691639071
1.691571658
1.692291069
1.692986472
1.693094135
1.694132263
1.694219555
1.694496105
1.694533928
1.694525262
1.686943104
1.686943104
1.688763768
1.688832214
1.689896104
1.691363723
1.691625599
1.692720185
1.693607683
1.693915414
1.694739722
1.693637551
1.691980929
1.693408305
1.694965419
1.695710899
1.696236127
1.696212011
1.689091469
1.686943104
1.694116646
1.694029636
1.694503187
1.69476139
1.694672525
1.694664697
1.694481005
1.69407831
1.693432825
1.693181741
1.686943104
1.686943104
1.688658545
1.688766758
1.689768093
1.69115929
1.691599812
1.693950296
1.692039697
1.691325157
1.68921998
1.695454482
1.696213222
1.695225895
1.696077002
1.686943104
1.688963477
1.695710276
1.695535684
1.69545569
1.695067099
1.694691176
1.693658406
1.693232753
1.692225235
1.691091464
1.69094044
1.686943104
1.686943104
1.688550193
1.68880084
1.691396158
1.693090954
1.689003716
1.686943104
1.69617406
1.69596976
1.694555422
1.695815058
1.69542311
1.694336005
1.693679427
1.692685391
1.691299397
1.690913812
1.689527188
1.688625542
1.688469519
1.686943104
1.686943104
1.688665643
1.689866839
1.691841296
1.686943104
1.695343397
1.694263392
1.694381128
1.693845122
1.691878586
1.691197201
1.689680414
1.688607938
1.688458176
1.686943104
1.686943104
1.686943104
1.688799962
1.691534212
1.693167377
1.69169734
1.691361843
1.688933683
1.688558728
1.686943104
1.686943104
1.686943104
1.688721053
1.690396999
1.688696515
1.68883297
1.686943104
1.686943104
1.686943104
1.686943104
