1.889975937
1.884664477
1.915007472
1.900029044
1.876332321
1.873051776
1.914544263
1.902155626
1.882696406
1.917758259
1.87618333
1.931212644
1.879710933
1.875330126
1.898228304
1.919150932
1.873102788
1.917993331
1.913148919
1.896061207
1.883269313
1.920463562
1.918613808
1.931859289
1.94048996
1.920446641
1.882875026
1.882673999
1.878137086
1.879752772
1.892715379
1.91706893
1.883547081
1.926046206
1.923598198
1.911785592
1.920701448
1.898819268
1.921242619
1.924531888
1.92331938
1.925827817
1.930227034
1.857705983
1.864855968
1.883538564
1.890003673
1.861933117
1.896580498
1.895827527
1.911101866
1.926132707
1.930673669
1.932413225
1.927452411
1.941654223
1.927055177
1.929240591
1.93418251
1.936598942
1.941708608
1.95054814
1.945732363
1.830433713
1.831845168
1.862715577
1.875088998
1.892756515
1.908008657
1.845005001
1.925052789
1.943780007
1.933865118
1.934983635
1.941849769
1.947210099
1.956246438
1.938511172
1.941972671
1.941256713
1.940698157
1.945780162
1.954322651
1.948952594
1.957520137
1.961736084
1.814375777
1.806602564
1.822415814
1.858426507
1.887917682
1.913571882
1.937106571
1.832168741
1.961401604
1.947009747
1.941467782
1.946512314
1.947198083
1.957295226
1.960781089
1.9697521
1.950423363
1.949764473
1.950969562
1.955319408
1.959013378
1.963515169
1.963430213
1.963723925
1.965796826
1.96660795
1.971887314
1.805393383
1.794436151
1.796600045
1.872406047
1.847297358
1.904190089
1.931721207
1.967251411
1.825737597
1.953921033
1.961202659
1.955539722
1.957608163
1.961167197
1.971755512
1.97704261
1.973259868
1.962013464
1.964804357
1.972421794
1.974045466
1.981256724
1.976737792
1.973207572
1.973384618
1.973044164
1.974715501
1.973297862
1.968074333
1.918337435
1.956819667
1.949982162
1.802636363
1.790633157
1.786349261
1.855812962
1.887144142
1.831339937
1.91969366
1.957987691
1.813947402
1.968215061
1.968697724
1.976083253
1.970046407
1.975857147
1.973939588
1.984529457
1.986686959
1.979032622
1.967405233
1.976212177
1.982734925
1.989667714
1.990094517
1.987999172
1.987727498
1.981291024
1.979290564
1.976697895
1.964828055
1.956295734
1.901546682
1.92254417
1.935992778
1.951300559
1.945871078
1.89773585
1.798605262
1.794324305
1.787203062
1.878790337
1.846566351
1.904225941
1.822117037
1.9390825
1.807260468
1.984654638
1.983579636
1.981205706
1.989161681
1.98568711
1.985452
1.986450123
1.990217316
1.98309237
1.960784908
1.942061598
1.990145767
1.993193351
1.993603876
1.993175476
1.990186876
1.98637487
1.980859775
1.976199013
1.966769543
1.957420344
1.950171725
1.896710924
1.909226708
1.943369103
1.932872709
1.94676393
1.901167515
1.908179698
1.914558543
1.799231383
1.797719295
1.798974592
1.883917813
1.861887882
1.834000661
1.914531036
1.812540059
1.80293813
1.997246893
1.994111741
1.99524783
1.991432284
1.996600564
1.995246834
1.997422306
1.972789839
1.953011706
1.925227593
1.908733483
1.995051592
1.990992188
1.989448006
1.982529167
1.977872158
1.973285053
1.967843565
1.965338217
1.958036538
1.950789502
1.946992658
1.902254442
1.896735162
1.920916228
1.94423805
1.938362658
1.903770888
1.912649073
1.91364416
1.913930739
1.800698716
1.802885547
1.916883527
1.801508595
1.890140399
1.870655443
1.848145424
1.823800677
1.808629271
1.801754896
2.00591589
2.006833256
2.004472065
1.999898815
1.973900911
2.003364577
2.000382932
1.99396205
1.939373126
1.919409898
1.8940586
1.882098967
1.986584732
1.984997413
1.978187573
1.972168113
1.967544799
1.962972131
1.958662086
1.951448484
1.947905155
1.944664176
1.89801743
1.910949857
1.895574611
1.929377
1.939149169
1.906308037
1.912050572
1.923206933
1.800632408
1.809377825
1.806374408
1.924534361
1.808488162
1.872509332
1.855498972
1.836449913
1.816157479
1.804631679
1.80022512
2.009487481
2.010452865
2.001577798
2.005825286
1.984702625
1.93819588
2.000576576
1.993939624
1.984291912
1.895462023
1.869481323
1.860129267
1.979880017
1.975772977
1.970429349
1.966123092
1.961675435
1.958065365
1.951983872
1.950207351
1.947708931
1.905674917
1.892225692
1.920452645
1.89505689
1.934476332
1.940016214
1.903758061
1.920016451
1.938237834
1.938388522
1.79862125
1.808320631
1.940870183
1.940854756
1.93197456
1.806151652
1.852388313
1.837484255
1.823511473
1.809856614
1.804466476
1.7991259
2.001049943
2.008095996
2.004959673
1.98067289
2.00156676
1.952037993
1.90416987
1.995372486
1.986605609
1.980270151
1.869091246
1.845229554
1.838892956
1.977825971
1.970627163
1.967838447
1.961894502
1.954619755
1.951067862
1.947265044
1.926592733
1.903156346
1.888027051
1.892296627
1.937144606
1.940519101
1.920125616
1.937508742
1.945172692
1.798284255
1.803180756
1.944888708
1.935161114
1.923945462
1.923157968
1.929952428
1.92408675
1.796659033
1.83397929
1.822833191
1.815703748
1.80831758
1.803226822
1.797790046
2.005149954
1.974970879
2.007769887
2.002213779
1.943433359
1.995983085
1.916227809
1.868798941
1.994054915
1.988839294
1.989690771
1.845171747
1.827797996
1.82319317
1.984619299
1.985037024
1.976978197
1.964686229
1.959557789
1.951190733
1.936901947
1.915906089
1.890535642
1.884439236
1.901224457
1.941195514
1.9480702
1.924591944
1.940576734
1.934485355
1.794882188
1.795186269
1.931132171
1.922030716
1.924653909
1.934549801
1.9332446
1.920640554
1.787631892
1.819404795
1.814246136
1.806514375
1.803343984
1.799665999
2.009201633
1.991587146
1.939732394
2.005000257
1.999353597
1.900573044
2.001252425
1.875276026
1.841815894
1.999518134
2.002653944
2.002144329
1.826695894
1.818755831
1.81427665
2.007686617
1.997105922
1.984013895
1.973094416
1.967265962
1.921075657
1.94203963
1.898018044
1.880369474
1.883707606
1.902291983
1.944969051
1.967303902
1.921100247
1.926102678
1.916410467
1.796125866
1.79434129
1.912086713
1.924013618
1.945079991
1.939594955
1.919619026
1.781563107
1.81358445
1.812865746
1.809886013
1.807451924
1.803557368
1.997786954
2.003103573
1.957062838
1.905432701
2.001364236
2.004126
1.867015411
2.006032795
1.844923656
1.819776314
2.007895189
2.009347197
2.020869785
1.809714547
1.806682246
1.808826527
2.018321782
2.010164256
1.99325918
1.994815644
1.902538848
1.938345403
1.881116746
1.873422567
1.88261659
1.906669111
1.969182465
1.99082253
1.916682349
1.909687711
1.916508096
1.79077292
1.800459213
1.908350836
1.941610873
1.953800512
1.904899725
1.920410625
1.783595704
1.800556499
1.778743919
1.810222639
1.811285189
1.811118099
1.806400942
1.807997137
1.970743213
1.98867304
1.995987289
1.923927156
1.875157469
1.996804231
1.996682616
1.845963009
1.835844013
1.995737592
1.817746188
2.003627118
2.014613255
2.024300607
1.795365739
1.793504502
1.79881644
2.027128169
2.014626566
2.012780545
1.883919436
1.958285757
1.866591345
1.868927706
1.890134548
1.911491351
1.991828317
2.012172176
1.906201327
1.90304909
1.925605005
1.792387339
1.911331127
1.944964011
1.897599607
1.932711364
1.780528753
1.797866194
1.788345132
1.861824506
1.774376093
1.804883308
1.806937663
1.805930036
1.804968958
1.796608529
1.92996475
1.964305556
1.985052479
1.989736031
1.886218262
1.849325572
1.986667018
1.983299735
1.822938948
1.812701658
1.988084528
1.99488183
2.017451314
2.002764801
2.023771618
1.78518426
1.785389062
1.795521097
2.020554766
2.018023813
1.878643169
1.864985263
1.982101883
1.879995803
1.906375845
1.910683315
2.007683117
2.018799453
1.901065801
1.907798742
1.926002779
1.782929604
1.913306288
1.905386966
1.954054202
1.775646417
1.787421077
1.797459597
1.781336681
1.861722857
1.874791409
1.767424462
1.801266114
1.801706814
1.798108098
1.793848774
1.784441624
1.930201539
1.895699872
1.962606241
1.980548505
1.980289018
1.856786627
1.825660983
1.977779208
1.978626004
1.80700194
1.983402768
1.992027954
2.011715463
2.004231181
2.017248576
1.778426674
1.789340186
1.778393177
2.023819716
1.885596894
1.865511637
1.989074248
1.901028325
1.904379775
1.898442241
2.0074176
2.023301096
1.913181439
1.916690393
1.77169651
1.776194646
1.919512347
1.956482138
1.78341223
1.79076109
1.799664817
1.777925735
1.859739859
1.869202508
1.889430005
1.762878636
1.757823679
1.798630107
1.796173026
1.787473658
1.779668572
1.772576863
1.939412868
1.901569551
1.868628037
1.957838508
1.975551514
1.974791277
1.836803773
1.813133073
1.971463191
1.973602924
1.978135068
1.987230389
1.995214934
2.012779243
1.774465988
1.782854728
1.77246432
2.021533875
1.89185671
1.870023193
1.982148798
1.897554496
1.89076691
1.903695635
2.003607554
2.016916512
1.916228308
1.764100342
1.926538165
1.952392895
1.785303126
1.791859641
1.80052008
1.812121594
1.77848148
1.859171298
1.857734269
1.872310926
1.885666263
1.751393501
1.747203925
1.792310627
1.781589349
1.773174905
1.765709852
1.762331094
1.921845125
1.9418021
1.885851994
1.852658598
1.946703907
1.954787115
1.956095077
1.963002279
1.824058648
1.963886891
1.963924098
1.970898749
1.978550428
2.004663396
1.773545157
1.77310432
1.769759536
2.005318172
1.872599184
1.903753484
1.977169608
1.881050359
1.884678634
1.898058768
1.998702436
2.003298347
1.755187931
1.939588062
1.956701309
1.801428227
1.79077833
1.807877827
1.812312889
1.818024083
1.782005835
1.852279234
1.860478952
1.862099061
1.872886052
1.876662176
1.79294819
1.866230625
1.746409579
1.74202947
1.739013682
1.775027044
1.76703072
1.757827943
1.755452566
1.754170969
1.934641924
1.906585057
1.943074883
1.869747146
1.840703275
1.943511214
1.943726866
1.947384446
1.955723141
1.957250853
1.957975172
1.962553763
1.983303968
1.775033099
1.765879996
1.771321351
1.988259105
1.880898222
1.9101302
1.979405337
1.868906554
1.876667664
1.991195156
1.993796623
1.940362458
1.95866204
1.810013364
1.803191098
1.814030462
1.816282418
1.821775117
1.834942565
1.782674474
1.851770502
1.850543152
1.859502089
1.868463909
1.863994158
1.790164234
1.781122223
1.856293219
1.86112315
1.738974039
1.744365883
1.735291268
1.733155987
1.761149701
1.754577956
1.74927195
1.748839991
1.748563715
1.924646184
1.938772295
1.888774032
1.942841858
1.854209648
1.943974598
1.942050185
1.943703094
1.945433415
1.952462225
1.952283583
1.964576228
1.775297184
1.763653729
1.771601526
1.97202493
1.889300822
1.914377047
1.974865021
1.863245891
1.99081213
1.98398968
1.928234836
1.95159293
1.807420233
1.794704553
1.813836597
1.814557869
1.826141732
1.843178668
1.775818981
1.84861554
1.85861031
1.849489744
1.852642958
1.874574551
1.776255588
1.773834575
1.765749203
1.85748081
1.85198811
1.859977315
1.736965922
1.734190477
1.74016349
1.730728194
1.729219102
1.75486282
1.749234163
1.74343392
1.741421141
1.90740942
1.936074586
1.948813911
1.87221213
1.953309312
1.948846993
1.942782981
1.939389641
1.940132819
1.947471539
1.951955562
1.944290148
1.770397979
1.759295652
1.762627308
1.96030778
1.886250844
1.894507153
1.899290797
1.977964799
1.860971805
1.982633582
1.961218348
1.917959577
1.948223833
1.785695757
1.794744175
1.800518443
1.81845572
1.838590394
1.86405763
1.763466452
1.853349585
1.844202411
1.865557434
1.845259817
1.763340466
1.770795525
1.760318171
1.75365512
1.859314979
1.85119964
1.732458682
1.73286586
1.730770945
1.734704083
1.72744089
1.726073819
1.751887395
1.743893089
1.737423276
1.930710849
1.89639295
1.956097034
1.960137764
1.952758324
1.945804034
1.937826059
1.936621423
1.936994051
1.941145502
1.759654843
1.754387657
1.75143271
1.9420655
1.872398798
1.883094204
1.877969626
1.886433708
1.95449867
1.866712131
1.957465013
1.941475943
1.906649163
1.92586862
1.780285241
1.78934566
1.807652954
1.828470931
1.851473918
1.882373652
1.754355662
1.860816448
1.846123112
1.845995028
1.757389703
1.764884155
1.774626716
1.752677956
1.745694051
1.865167461
1.858224104
1.851307288
1.729278789
1.727282732
1.727841575
1.727744964
1.731756002
1.723226989
1.724578809
1.744833497
1.737776272
1.917395315
1.955638826
1.972483461
1.966532998
1.956289006
1.944401938
1.937402773
1.932913746
1.932642426
1.74790784
1.744189107
1.74165679
1.928454286
1.862812138
1.870872024
1.860403924
1.859019723
1.872955247
1.909209482
1.92833235
1.874023948
1.932783611
1.921621472
1.89008473
1.786449706
1.806740651
1.83638842
1.871530015
1.915243644
1.743751258
1.851614841
1.846780486
1.764915827
1.755885921
1.775769791
1.78664666
1.746848212
1.739840442
1.869966079
1.859451078
1.851690444
1.725754593
1.726403562
1.724697377
1.723699013
1.723564803
1.731864011
1.721064989
1.718234572
1.720547306
1.723577519
1.726849677
1.722350473
1.721066202
1.721869506
1.736021122
1.954532903
1.971856598
1.973180339
1.963900895
1.952953409
1.943691003
1.936405413
1.927463311
1.739593639
1.7363282
1.735137162
1.915589931
1.849598106
1.850996288
1.839288975
1.843299669
1.860171257
1.887241194
1.876197452
1.904561811
1.873083618
1.903319553
1.899180559
1.803942405
1.831104017
1.869293498
1.912806938
1.948537015
1.736941759
1.852398694
1.762235733
1.774666967
1.747649907
1.78885764
1.800154087
1.739864971
1.735399105
1.86595351
1.85816654
1.85410322
1.723004838
1.723191985
1.721585951
1.72984163
1.719779756
1.718937203
1.71740241
1.71733541
1.716316419
1.719557645
1.720527761
1.726064359
1.722596635
1.720313892
1.720517583
1.719145604
1.718687049
1.730619369
1.964834641
1.965353098
1.954018775
1.946282863
1.940510718
1.93571938
1.928962022
1.734461605
1.73244354
1.730869954
1.919636207
1.899651004
1.843098336
1.855077619
1.832299079
1.825290047
1.832860315
1.855754388
1.857766205
1.869124281
1.880996602
1.86443711
1.873677671
1.871636273
1.823105563
1.860208132
1.897515366
1.927480579
1.946120266
1.732836926
1.74959711
1.766176399
1.78089687
1.740057209
1.796211244
1.819872204
1.734047931
1.73194151
1.861228544
1.857291796
1.858158776
1.720616752
1.717976712
1.715444857
1.716287339
1.715990456
1.714729787
1.858825367
1.841986906
1.723836161
1.794933225
1.718414103
1.728289417
1.71972702
1.721533667
1.717884798
1.71884979
1.717132293
1.716560278
1.730410636
1.955011895
1.945336793
1.931254049
1.924787239
1.918745775
1.924346262
1.728592985
1.727042139
1.90537891
1.881071834
1.843382698
1.855403251
1.822651129
1.815009674
1.822188121
1.838454695
1.847832441
1.857928472
1.859178472
1.851992388
1.853242993
1.849829271
1.879377265
1.914587999
1.934116191
1.933708092
1.728461512
1.740377405
1.755515874
1.775499838
1.734009882
1.816751889
1.846073762
1.728632883
1.724799999
1.859028983
1.85968279
1.716495706
1.713675185
1.714325154
1.71456627
1.715209636
1.714872906
1.713516329
1.856301964
1.821987193
1.822830726
1.72623067
1.724051557
1.814808948
1.792909216
1.72249724
1.712239201
1.712691128
1.717747793
1.725859449
1.719745873
1.722396757
1.715745483
1.71676671
1.714965962
1.714048661
1.93333654
1.925249066
1.911989679
1.899585482
1.900375403
1.72217383
1.721581569
1.877317683
1.855162324
1.834619073
1.85095839
1.812849409
1.79690008
1.808674914
1.808209634
1.825639305
1.83451114
1.854376708
1.827122744
1.827675701
1.878747571
1.906848902
1.921245721
1.924354253
1.913448166
1.734694758
1.747001181
1.764710264
1.729250781
1.838274782
1.863328803
1.724210678
1.720720097
1.859376765
1.856104675
1.715870951
1.712500617
1.71261485
1.712980743
1.713524566
1.71418866
1.850417323
1.799974799
1.800703247
1.72302135
1.833637239
1.809510223
1.783461503
1.718980181
1.710918111
1.711261791
1.713969947
1.712250652
1.712025482
1.719833223
1.780395613
1.740094181
1.717838872
1.718965986
1.720051925
1.717904506
1.713666038
1.712388793
1.711184685
1.711559027
1.90957101
1.903841288
1.886127869
1.875833464
1.717788006
1.852469131
1.831424242
1.81650415
1.839804543
1.79603897
1.783155695
1.789986541
1.787129779
1.80205562
1.807932346
1.843809444
1.800575052
1.800834473
1.882611984
1.896835942
1.897553114
1.904622835
1.900770411
1.891116659
1.73119982
1.754428844
1.72623228
1.859966658
1.722080419
1.718595635
1.852108437
1.842873824
1.715902379
1.710775474
1.710573402
1.710930755
1.842870826
1.778351294
1.847739338
1.818729828
1.795455422
1.771696479
1.717026332
1.709800824
1.709684147
1.710621045
1.715975303
1.714147627
1.712190579
1.710185154
1.716168974
1.769361118
1.76261479
1.735626011
1.743236473
1.70993355
1.724921515
1.709235625
1.718099103
1.715409381
1.715818105
1.714138945
1.710315484
1.711285317
1.71038441
1.71019725
1.710246501
1.883817408
1.867479326
1.858995562
1.715553116
1.832449953
1.808839389
1.820782418
1.80338636
1.783432409
1.770107151
1.776463576
1.77649049
1.783350974
1.830911285
1.7753474
1.781171093
1.880060314
1.868918941
1.876739677
1.880621296
1.885619485
1.883477708
1.866375917
1.730911772
1.750605304
1.720187783
1.717019762
1.835309375
1.822434655
1.709850889
1.709989026
1.710051095
1.710124556
1.82936455
1.758684248
1.851006303
1.826037387
1.80126622
1.781301855
1.763604074
1.709532066
1.709721079
1.710333422
1.716017307
1.714152046
1.712074455
1.713629992
1.754921056
1.765526337
1.748733837
1.73838313
1.72307105
1.726995624
1.709230262
1.709415131
1.709023252
1.709929879
1.713686657
1.713761873
1.714156111
1.712248562
1.712090235
1.71031391
1.71024838
1.710319296
1.7101081
1.710175611
1.846482159
1.839840585
1.715724551
1.815543244
1.795988511
1.783372175
1.806902947
1.789013781
1.770038453
1.758943351
1.755180399
1.762169386
1.809424991
1.755686222
1.762079342
1.857917629
1.862893658
1.858855695
1.866874168
1.873489698
1.855938729
1.732235311
1.747625121
1.71894005
1.818763656
1.808156197
1.709860796
1.710003375
1.808999945
1.744007913
1.847537789
1.826964732
1.807054179
1.789786622
1.771611171
1.758752925
1.709593082
1.709753228
1.709908596
1.712693945
1.711287313
1.712845436
1.744702525
1.750427273
1.754161986
1.739047664
1.738801568
1.722801417
1.727302806
1.709243901
1.709443284
1.709075133
1.708879845
1.711019709
1.709760261
1.711456681
1.710394186
1.714642141
1.710538266
1.710246407
1.710176808
1.710289587
1.710099479
1.822224396
1.830243949
1.717502755
1.800414041
1.784268573
1.76781659
1.791154173
1.772752752
1.75985913
1.753276043
1.744424228
1.740075082
1.784768295
1.74138299
1.736264485
1.748498749
1.840921122
1.841225802
1.843892221
1.853075669
1.848880378
1.732050896
1.738263627
1.746516049
1.754582441
1.721384609
1.797699475
1.790493973
1.709899503
1.710019045
1.786572389
1.734253857
1.826031665
1.809755483
1.796145071
1.777990409
1.763589104
1.709626391
1.709785709
1.708694049
1.708717175
1.709989507
1.70895954
1.713296767
1.746803659
1.741398309
1.750069376
1.735002492
1.726419334
1.709274328
1.709469906
1.709104755
1.70890459
1.708957834
1.708699642
1.708368276
1.709910671
1.71143153
1.712240296
1.707936047
1.710214224
1.714316052
1.754017745
1.708726529
1.716776118
1.710254132
1.710110728
1.710176228
1.710288934
1.80845658
1.825674514
1.720885952
1.78656423
1.773520974
1.756153239
1.773972294
1.76340783
1.755388084
1.75460967
1.731062886
1.765677148
1.763988372
1.733259303
1.729063076
1.738782401
1.820784466
1.823218634
1.82163233
1.826226642
1.834733891
1.73115232
1.737728587
1.746046767
1.751259325
1.756682519
1.725203995
1.773888352
1.773886275
1.709926148
1.710040111
1.729731416
1.811187743
1.805740581
1.797836422
1.782050332
1.765187549
1.709639526
1.709802513
1.708543032
1.708729496
1.708064425
1.708192606
1.758229451
1.742945973
1.734427357
1.709294917
1.709470683
1.709108902
1.7089214
1.707762581
1.707601959
1.708342951
1.70848148
1.709913757
1.716157882
1.712890615
1.707878343
1.71022722
1.71939215
1.754357237
1.768707025
1.710299793
1.752254334
1.808272597
1.708743362
1.726489852
1.765900649
1.707591621
1.815107235
1.7179985
1.746383688
1.707402507
1.722921186
1.71027031
1.71013432
1.710209811
1.795729578
1.81456976
1.727403458
1.773619096
1.762243971
1.764725913
1.758888078
1.756142697
1.763886525
1.725870112
1.760548112
1.751880268
1.727537255
1.725344863
1.731769476
1.809076647
1.803049307
1.797684344
1.731266323
1.736826583
1.74282511
1.747965492
1.753575671
1.764770853
1.709929156
1.71006767
1.729734021
1.797639073
1.792240552
1.783020904
1.768104502
1.709655439
1.708529994
1.708000972
1.708143719
1.73969215
1.709302162
1.708941361
1.707699529
1.708300366
1.707960219
1.710402907
1.721870457
1.714168122
1.707796959
1.724905389
1.754707856
1.742926433
1.772014128
1.710317584
1.744863084
1.708662253
1.722708428
1.723136788
1.722285298
1.764245087
1.707432348
1.707512095
1.799424207
1.802443436
1.71910293
1.722842367
1.738949455
1.750685896
1.740511092
1.710255318
1.708330328
1.786765333
1.797936948
1.707251074
1.707136369
1.729192025
1.710296328
1.710167249
1.710238643
1.787438697
1.73430188
1.758157029
1.774664328
1.765564677
1.759263383
1.757089677
1.758898945
1.727148046
1.723113422
1.755907347
1.751163855
1.744029856
1.722239154
1.732331721
1.725094578
1.791757629
1.790278952
1.786646145
1.787154464
1.73773056
1.742523834
1.739443746
1.746636785
1.756951525
1.709793906
1.70994508
1.710075933
1.73466846
1.786402743
1.779894394
1.7694543
1.709479582
1.708447997
1.707918063
1.708064549
1.709096356
1.708694268
1.707587474
1.708231677
1.710920893
1.726996106
1.714622439
1.707686769
1.755311826
1.744449926
1.759694406
1.767333208
1.710340607
1.719768107
1.719094654
1.718669231
1.718324943
1.760499438
1.707313711
1.707368042
1.787798782
1.787255015
1.721980067
1.717152494
1.71891897
1.724685217
1.741384342
1.748145496
1.739225822
1.737546914
1.708095726
1.775777362
1.778707341
1.785548433
1.75725444
1.771265179
1.719593178
1.775266834
1.707117592
1.707060912
1.706919021
1.731017903
1.71033125
1.710276844
1.710194264
1.774134838
1.733516669
1.747147451
1.763799109
1.753635443
1.754913478
1.73449061
1.726413235
1.721424943
1.749776943
1.744514121
1.727359387
1.737282522
1.720188585
1.782773619
1.780125354
1.773640629
1.776441705
1.734770044
1.741239022
1.737206276
1.74876521
1.757906383
1.709656144
1.709829924
1.709990585
1.765773277
1.70927238
1.708387771
1.707811306
1.707997108
1.708816197
1.70744383
1.711183193
1.726852109
1.71466836
1.707548884
1.747637175
1.752773979
1.740898864
1.75555727
1.761654033
1.71036796
1.719717496
1.715246877
1.715636083
1.715432406
1.717637725
1.754841207
1.707150789
1.707199411
1.774948617
1.775027901
1.721879251
1.716582492
1.716277952
1.739287609
1.735577264
1.735233652
1.707869921
1.766368736
1.765471157
1.778284938
1.752517836
1.764871075
1.717297998
1.772765231
1.763685648
1.720415718
1.756190215
1.710111059
1.76020007
1.713413744
1.709975707
1.706926288
1.706951862
1.706903484
1.706758088
1.706757299
1.729014113
1.710312061
1.7103698
1.710226318
1.761863165
1.730295881
1.744703797
1.738332705
1.745523597
1.749873605
1.735038341
1.731037878
1.724708196
1.732071189
1.720836244
1.725904968
1.715784687
1.773155621
1.772204508
1.765264375
1.763934803
1.732643936
1.73638133
1.7427516
1.749724382
1.754627602
1.709476075
1.709667207
1.709822011
1.709011024
1.708525312
1.708076503
1.707723325
1.707272348
1.710886748
1.726103337
1.723464952
1.713557234
1.707429119
1.745299302
1.748184817
1.749758368
1.740592178
1.754196066
1.749739789
1.754307018
1.71039911
1.72118167
1.712369199
1.711883121
1.715307258
1.717967434
1.748762008
1.706972425
1.70700603
1.762098823
1.717518236
1.713672347
1.739867905
1.735091551
1.732906595
1.733037738
1.706632584
1.707442507
1.757456604
1.755321837
1.770803432
1.747686621
1.758413466
1.713249692
1.715097117
1.765038757
1.756240777
1.721839534
1.71938425
1.750259481
1.753429036
1.75395048
1.712575159
1.711198335
1.709827302
1.709622872
1.710110814
1.709776458
1.746352751
1.736480941
1.748794853
1.706739693
1.706758742
1.706787815
1.706611766
1.706592794
1.726600064
1.724418334
1.710249862
1.710356483
1.710440397
1.749077449
1.728913401
1.74073024
1.736450512
1.730215971
1.745402023
1.740338066
1.742688162
1.736655279
1.731459571
1.726006065
1.717435788
1.712971655
1.723718381
1.765543272
1.765653935
1.758541559
1.75041526
1.732352043
1.737987266
1.743370622
1.746608402
1.749343486
1.709223441
1.70943417
1.708713906
1.708205321
1.707746754
1.707114914
1.709869862
1.706959345
1.710443609
1.707371122
1.741199533
1.745386906
1.746854262
1.746514009
1.749816492
1.745848444
1.74714404
1.720410871
1.708149857
1.70911448
1.708567711
1.716176205
1.743857065
1.706781239
1.706820388
1.713156979
1.716904307
1.715165376
1.709998317
1.731682885
1.733492336
1.730566619
1.730758093
1.706497783
1.706528938
1.747752202
1.764273526
1.740848718
1.752183756
1.71142918
1.709470729
1.758069929
1.751808282
1.721637789
1.719001151
1.742280683
1.746893647
1.746618205
1.709174762
1.711066746
1.713092831
1.709588659
1.710026967
1.709197299
1.709278786
1.70992404
1.709511076
1.738242666
1.73970194
1.736854462
1.733576136
1.740941812
1.706943873
1.738453827
1.741019686
1.746115132
1.732980464
1.743161799
1.751478506
1.707212111
1.712348773
1.728434977
1.740390037
1.734100947
1.706574058
1.706604557
1.706468066
1.706449197
1.723880873
1.726563148
1.710226949
1.710383015
1.710478121
1.737741739
1.738133026
1.729991977
1.730255999
1.727425005
1.718886552
1.740694175
1.738007557
1.736803897
1.731750187
1.725921852
1.708342778
1.713448218
1.706493912
1.75833899
1.76111699
1.755104373
1.734306508
1.738225579
1.741218129
1.744591692
1.747770328
1.708857115
1.708286451
1.707798099
1.706919608
1.706502169
1.706462509
1.707332672
1.740215763
1.744697922
1.744840433
1.743073296
1.741785758
1.742141805
1.740463995
1.720171431
1.706968382
1.706842218
1.706684662
1.706698261
1.715346364
1.739782364
1.706575497
1.70660123
1.709073356
1.714378844
1.716065709
1.706513713
1.729203915
1.730819446
1.728246593
1.706401866
1.706418778
1.737967026
1.757669691
1.727504925
1.743761731
1.707357984
1.70654203
1.75300115
1.722119037
1.719218063
1.729536611
1.707121083
1.709413232
1.710896263
1.709171264
1.708822821
1.708793922
1.709949566
1.70948427
1.708955279
1.729761259
1.72480432
1.728199614
1.73219584
1.730933254
1.734530913
1.734158382
1.740870727
1.719804447
1.742273454
1.748241083
1.706479134
1.709094379
1.711015234
1.72644955
1.727188752
1.732592326
1.731412029
1.73463611
1.706411066
1.74353883
1.728548091
1.706607203
1.708470572
1.706575851
1.70953121
1.706431033
1.706359539
1.725168266
1.728355153
1.710369656
1.710199612
1.710510218
1.724289665
1.731409879
1.713890929
1.706341244
1.735857004
1.736067807
1.730728503
1.726380255
1.706541221
1.7067422
1.753640389
1.754930573
1.750614658
1.734046571
1.736926256
1.740224743
1.744184856
1.749046063
1.708245321
1.707658523
1.707050599
1.706681237
1.706441736
1.738793812
1.74286913
1.741989955
1.739359354
1.736166131
1.736871831
1.737049058
1.735555967
1.722481646
1.718484611
1.707063532
1.707160945
1.706928435
1.706935551
1.712282491
1.714139113
1.736307041
1.706407756
1.706403789
1.706588894
1.712744774
1.717150464
1.714095724
1.706492955
1.706539978
1.728197584
1.72556335
1.706350636
1.706367126
1.72349517
1.752794694
1.706390496
1.715193936
1.739338554
1.706563987
1.720466557
1.723355168
1.707305258
1.707831348
1.708483659
1.708154628
1.710000576
1.708851838
1.708284317
1.713569567
1.713870429
1.706606881
1.718477425
1.708504754
1.724615543
1.728530776
1.724795483
1.730058848
1.727431256
1.725718221
1.706830684
1.740370207
1.74495349
1.706591465
1.708553956
1.725219161
1.724513001
1.725571336
1.721359834
1.732107627
1.729034263
1.70640769
1.740285654
1.714117051
1.706413582
1.707929714
1.706607403
1.706619621
1.709642339
1.709104852
1.711396334
1.706498126
1.706625755
1.726666455
1.740788864
1.733865164
1.715219762
1.712052064
1.711759635
1.71256135
1.706319261
1.706314483
1.726011414
1.72959457
1.710335247
1.710509677
1.706561793
1.706463662
1.70653384
1.706612656
1.731526115
1.736209795
1.730851866
1.728095314
1.725298755
1.706821356
1.706963873
1.749764931
1.749523803
1.745737733
1.732861578
1.736554012
1.742449198
1.745950096
1.707510815
1.707072585
1.70671875
1.706443121
1.706478658
1.738102573
1.740366899
1.738144129
1.73542011
1.731849647
1.732628697
1.732507675
1.731398713
1.721863279
1.718276361
1.707127273
1.707229203
1.70707107
1.707051648
1.707744481
1.732114188
1.706287342
1.706276275
1.706657666
1.710129465
1.718585154
1.715188888
1.706546826
1.706608336
1.725223227
1.722444784
1.723652835
1.706324548
1.706360232
1.708819357
1.706834849
1.748612766
1.706766585
1.706766475
1.738726097
1.732884936
1.72178557
1.707334872
1.707360954
1.707809556
1.707696372
1.707381053
1.709974577
1.708458037
1.708065121
1.70750638
1.706790218
1.706809048
1.706780472
1.717315092
1.71136141
1.719460874
1.722333438
1.740289294
1.706661635
1.706616149
1.706846745
1.722887456
1.722525048
1.722407251
1.709296243
1.729899736
1.72572929
1.7274984
1.706411148
1.706469366
1.739327497
1.706834937
1.706273606
1.706660422
1.709493216
1.708739943
1.708073062
1.723987775
1.73902152
1.733560374
1.70835866
1.706376616
1.706834921
1.713209155
1.709104149
1.711727798
1.716084793
1.707415978
1.706814153
1.727982402
1.707207875
1.736341083
1.706283409
1.725454855
1.728793021
1.710467596
1.710147128
1.706851128
1.706825508
1.727777448
1.728039903
1.735381616
1.730727919
1.727476825
1.724511786
1.706968966
1.707034656
1.746179674
1.744954751
1.745223384
1.741616103
1.732710462
1.74114477
1.743490095
1.706903043
1.706540695
1.706286563
1.706575778
1.736184318
1.738108072
1.7360347
1.733930574
1.73102071
1.728236353
1.727947248
1.728559159
1.728297797
1.720693849
1.71714191
1.707162264
1.707273418
1.707104846
1.707072241
1.707327685
1.727670515
1.706250631
1.706221712
1.706733834
1.706741642
1.706648248
1.717131998
1.70668381
1.720385167
1.720763053
1.719089367
1.706355117
1.706849135
1.706819884
1.706840195
1.744601361
1.706918244
1.70690894
1.706907601
1.733305528
1.727185904
1.720946972
1.707284677
1.707155494
1.706969193
1.706757135
1.707824598
1.707379771
1.706858174
1.706879462
1.706858399
1.706883076
1.706772591
1.706546693
1.706660514
1.708441254
1.71663774
1.736376435
1.706717901
1.706669741
1.718932377
1.720601588
1.721890104
1.723823985
1.724965011
1.706492046
1.706442652
1.738588668
1.706781713
1.706201544
1.70912993
1.709809064
1.708292748
1.706744097
1.736867328
1.732621518
1.706004273
1.706214313
1.706868369
1.70687524
1.70804499
1.712302522
1.711427231
1.707336125
1.707309922
1.724715678
1.725247394
1.707208349
1.735696757
1.737904622
1.707132155
1.705830608
1.707478444
1.729432347
1.70633169
1.724590863
1.728275832
1.710275957
1.706916552
1.706975331
1.723761333
1.733766997
1.728707864
1.724043045
1.720901928
1.707015814
1.707039351
1.741784078
1.743055301
1.74075039
1.740968871
1.732011658
1.739639098
1.706461072
1.706272059
1.70618836
1.706715051
1.706595598
1.734759158
1.73344008
1.731435117
1.726279875
1.7242017
1.724355573
1.724128558
1.724866863
1.716295419
1.707157008
1.707225882
1.707093288
1.707048874
1.707229872
1.707234792
1.722824407
1.706287429
1.706244781
1.706827714
1.706809283
1.706818249
1.706784388
1.716265321
1.716061546
1.717193217
1.717738912
1.717910612
1.715943407
1.706477137
1.706822997
1.706852438
1.706777998
1.706694954
1.740327746
1.706928499
1.706950122
1.706964418
1.724047607
1.728489406
1.720121895
1.706581514
1.706444964
1.706347651
1.706970339
1.706594774
1.706897032
1.706867772
1.706871373
1.706671458
1.706352136
1.706489092
1.705708904
1.711689773
1.731984895
1.706804698
1.715515797
1.718564217
1.720948205
1.706567084
1.736859575
1.706214592
1.709542992
1.708743087
1.707943838
1.706939507
1.7310118
1.705968485
1.707036573
1.707107223
1.707127403
1.707018725
1.710485103
1.710164587
1.707215398
1.707199904
1.722329526
1.721199471
1.707164386
1.733965294
1.734430167
1.707101927
1.705725128
1.706849358
1.707252905
1.724176757
1.72634662
1.721225173
1.707137947
1.723575838
1.706338767
1.727792251
1.706191222
1.706447603
1.723452451
1.727745618
1.709919174
1.706895864
1.706991447
1.718802541
1.729571904
1.722382727
1.716812682
1.707001826
1.706997512
1.737460537
1.738984207
1.735955502
1.736219301
1.730615899
1.735432116
1.706199886
1.706150619
1.706750823
1.706896033
1.730641851
1.727009744
1.720636264
1.720870966
1.720770185
1.720768184
1.719553546
1.710573223
1.707098421
1.70715915
1.707044814
1.706986278
1.707103689
1.707136083
1.717865811
1.706395787
1.706351741
1.706933711
1.706936915
1.70691019
1.706995022
1.714017943
1.71388798
1.713217393
1.714591462
1.714848418
1.713654101
1.70664296
1.70671756
1.706780875
1.706699948
1.70682202
1.706480449
1.706524682
1.735286793
1.706878871
1.706924747
1.706961389
1.715453089
1.722954317
1.716206149
1.706249108
1.706201581
1.706169948
1.7064493
1.706854443
1.706800279
1.706223712
1.705635209
1.705636623
1.726909572
1.713346333
1.716667546
1.714577999
1.732782703
1.706307613
1.709146602
1.708382594
1.707700121
1.7071868
1.726456417
1.705690324
1.705904851
1.70730623
1.707384006
1.707426027
1.707295811
1.707208294
1.707059873
1.718717725
1.718562323
1.707087583
1.72971936
1.728734374
1.707032183
1.706579682
1.706854624
1.707190628
1.718390831
1.720270093
1.721883528
1.717934519
1.707009288
1.719183968
1.717258676
1.706279104
1.706261887
1.706221114
1.707499337
1.716457883
1.70664708
1.719066903
1.725246531
1.709487325
1.706822341
1.706957942
1.716024226
1.715119667
1.721880903
1.721738643
1.724227318
1.713730283
1.71384355
1.707137185
1.70826268
1.706939798
1.706906177
1.732369928
1.733825836
1.730228932
1.730264395
1.730509048
1.706160358
1.706979466
1.707066487
1.718984899
1.714771847
1.715786439
1.717353786
1.717209818
1.71539279
1.706996962
1.707046603
1.70694773
1.706989967
1.714049012
1.706589685
1.70654496
1.707101596
1.707074605
1.707263356
1.707266468
1.711924976
1.712441289
1.711564567
1.71223447
1.712097133
1.711882892
1.706910377
1.706657675
1.706720129
1.706532961
1.706208769
1.706331135
1.727525026
1.706780686
1.7068476
1.706907341
1.708296648
1.705630419
1.716727433
1.711016278
1.707429629
1.706167401
1.706276052
1.706461978
1.706753728
1.70667284
1.705938659
1.705621107
1.705610433
1.716922671
1.713350144
1.726608536
1.706488029
1.708762483
1.708103012
1.707601085
1.707507008
1.705700142
1.705625696
1.707720792
1.707674512
1.707647007
1.706908038
1.715757796
1.722292413
1.706732788
1.707031845
1.707293239
1.713960902
1.715101888
1.716273978
1.714783746
1.706868798
1.714406745
1.712981191
1.706401673
1.706439948
1.706354725
1.707863366
1.714429624
1.713339989
1.705659382
1.707179788
1.71061213
1.707635563
1.706890031
1.707409418
1.71418476
1.718222346
1.709050208
1.706699926
1.706876718
1.713324268
1.715143792
1.715379749
1.709225324
1.708324549
1.706823783
1.706802446
1.70683661
1.706827399
1.706773901
1.725251309
1.72662027
1.720918652
1.70631092
1.707185538
1.707326969
1.713140723
1.71225841
1.711398432
1.714227045
1.711993084
1.706873476
1.706921742
1.706835449
1.706879935
1.706814499
1.707301426
1.707553118
1.707806885
1.710755039
1.710806924
1.710224693
1.710194889
1.711498229
1.71037374
1.707123996
1.706502017
1.706547038
1.706327003
1.705912116
1.706095521
1.716303103
1.712624854
1.706637448
1.706720841
1.706805639
1.705723613
1.70569477
1.70771452
1.707979961
1.706618827
1.706606191
1.70675122
1.706850678
1.706600481
1.706510885
1.705704308
1.705683619
1.705639124
1.705851678
1.708302537
1.715663241
1.706742989
1.708445822
1.707938527
1.707843746
1.705617851
1.708030669
1.70803724
1.706757301
1.707108174
1.7073747
1.707526346
1.712225465
1.711219485
1.712312249
1.712637089
1.709721609
1.709124873
1.706654548
1.706546287
1.711996803
1.712883117
1.711098177
1.707381519
1.709627578
1.707777047
1.707895916
1.708040432
1.705724183
1.709280594
1.706679796
1.70727435
1.707837004
1.707927197
1.707310458
1.707191081
1.708691082
1.706517498
1.706746297
1.710916853
1.710441371
1.710166329
1.706818013
1.706790396
1.706703032
1.706690979
1.70669454
1.706731183
1.706618996
1.709973915
1.706132815
1.706774095
1.707402707
1.707491552
1.707587349
1.707635435
1.709921373
1.70991153
1.710080186
1.709717025
1.711405004
1.709468831
1.706781473
1.706678181
1.707202454
1.707123315
1.707901323
1.708237722
1.709300725
1.709285083
1.709619647
1.709305944
1.70630823
1.706070515
1.705799477
1.706643269
1.706452021
1.706536242
1.706656648
1.705826299
1.708169174
1.707121732
1.707171269
1.707092534
1.707368361
1.707389534
1.706315099
1.705637238
1.705853483
1.70569591
1.705978302
1.706101695
1.707158021
1.7069982
1.708284923
1.708191414
1.705658357
1.708280386
1.708354203
1.706631325
1.70760988
1.707826554
1.707907167
1.709311832
1.711185249
1.706798456
1.70685437
1.706988858
1.710261585
1.70767671
1.709297847
1.708059447
1.708141467
1.708139154
1.708229507
1.705864418
1.70930114
1.706576374
1.706523913
1.707568787
1.707318108
1.707679646
1.707614808
1.708274491
1.707624205
1.708019569
1.708170038
1.708353053
1.707808693
1.708462385
1.706350289
1.706553621
1.709761101
1.709216547
1.707039073
1.707627951
1.706711194
1.706604555
1.706615885
1.706598367
1.706458523
1.707106144
1.706399937
1.707498317
1.707753716
1.707947392
1.707995215
1.707509664
1.708339101
1.708074325
1.708058583
1.709127045
1.708526746
1.70823397
1.70652678
1.70754712
1.707443313
1.708291903
1.708446994
1.708505534
1.709312915
1.709310502
1.709316953
1.709271259
1.709294023
1.705930601
1.705641942
1.706798677
1.706369582
1.706094997
1.707829316
1.707742686
1.707997486
1.707983665
1.706117187
1.705908019
1.70606348
1.705814843
1.707733436
1.707459692
1.708540372
1.705731171
1.708149244
1.708286892
1.708283594
1.707258265
1.706775386
1.706711038
1.70681656
1.707709545
1.708030808
1.70931799
1.708356093
1.70831078
1.708262309
1.708376313
1.706119524
1.70608715
1.706483821
1.706420862
1.70635729
1.707992728
1.707846997
1.705692791
1.707139266
1.708040774
1.708072636
1.708000117
1.708468551
1.708565181
1.708213852
1.708622157
1.708418226
1.706118222
1.706359691
1.708989193
1.70914582
1.706926548
1.706637577
1.706534215
1.706573668
1.706437377
1.706270604
1.707558702
1.706387357
1.706724438
1.708343824
1.708392507
1.708100126
1.708341804
1.708432385
1.707081245
1.707455404
1.707659851
1.707982113
1.707289193
1.708623046
1.708303931
1.706459946
1.707947663
1.708641191
1.708693567
1.709323743
1.709311899
1.709344901
1.709226116
1.709257016
1.705687946
1.706140599
1.708528632
1.708433061
1.708575527
1.708512752
1.705807675
1.706020025
1.707907022
1.708794461
1.705878677
1.708596214
1.708619259
1.708546058
1.706730735
1.706668996
1.706849789
1.706772801
1.708374316
1.708469003
1.709338606
1.708560758
1.708481043
1.708378911
1.708538852
1.706395192
1.706469037
1.706361982
1.706352072
1.706287877
1.70620113
1.708212561
1.708445833
1.705755371
1.707008756
1.707368977
1.709148173
1.706196303
1.70773408
1.708513275
1.708441431
1.708509877
1.708476849
1.708721021
1.708477084
1.708792108
1.708852714
1.708507333
1.705883182
1.706115218
1.708862629
1.709076379
1.707024196
1.706617864
1.70651443
1.70658601
1.706399501
1.706070581
1.707680811
1.706769071
1.709172536
1.709068659
1.709076084
1.708738381
1.708817716
1.708833706
1.707228149
1.707431881
1.708073043
1.708438256
1.708978788
1.708924079
1.709329789
1.709293704
1.709368606
1.709209872
1.705704305
1.705913573
1.709035059
1.709071931
1.708952591
1.708834615
1.705723795
1.706412336
1.706076547
1.708100952
1.708771101
1.708671439
1.706716341
1.706673584
1.706888104
1.706811169
1.708905373
1.709349849
1.708589329
1.708583655
1.708532248
1.708566739
1.706777672
1.706282279
1.706100164
1.708412723
1.709009923
1.705926186
1.707258291
1.708999799
1.706226491
1.707488828
1.707837103
1.707642027
1.708949769
1.708910475
1.708985354
1.708906107
1.708682777
1.70909026
1.708669175
1.705779096
1.705923589
1.708745645
1.707228757
1.70699672
1.70664374
1.706545981
1.706442148
1.706006371
1.707671726
1.707938011
1.707187126
1.709785615
1.709776791
1.709590309
1.709650204
1.709118511
1.709141379
1.709221249
1.708016446
1.708312467
1.709130822
1.709317951
1.70924453
1.709384196
1.709087499
1.705928566
1.705846479
1.709261301
1.709440549
1.709044884
1.708864866
1.705868947
1.706849885
1.706420345
1.708347428
1.708635968
1.708519566
1.706760077
1.706730077
1.706862847
1.709301069
1.709346698
1.708422985
1.70857181
1.708649559
1.708438706
1.707192399
1.706365129
1.706166363
1.708623698
1.709585155
1.709303742
1.706270961
1.708845819
1.706323522
1.707401876
1.707708269
1.708435732
1.709438742
1.709260892
1.709138904
1.708857778
1.709077063
1.709339667
1.708809905
1.705952199
1.705984917
1.708551716
1.70718524
1.707019042
1.706637716
1.706763463
1.706572172
1.706202711
1.708120069
1.708203096
1.707630725
1.710022943
1.710185148
1.710187209
1.709746267
1.710096744
1.709441216
1.709570527
1.707923875
1.708160162
1.709300275
1.709149603
1.709388161
1.708964357
1.706567094
1.706284373
1.706067427
1.709166252
1.709497483
1.708837046
1.708619564
1.70745972
1.706874918
1.708660946
1.708274772
1.70817249
1.706836643
1.706950251
1.709673447
1.708101
1.708680291
1.708180199
1.706460038
1.706361036
1.709769371
1.708717974
1.706492856
1.707355352
1.707578749
1.708219448
1.708601774
1.70997942
1.709358881
1.709568294
1.709285232
1.709034051
1.709617421
1.708853997
1.706453392
1.706494843
1.708408375
1.707204743
1.707113644
1.706815256
1.706948083
1.706652466
1.706620207
1.70809042
1.708561763
1.708602422
1.709683861
1.710211356
1.709918518
1.710394074
1.710429361
1.710378185
1.710130318
1.709769296
1.709939053
1.707779482
1.708054224
1.70936778
1.709248182
1.709073852
1.708878731
1.707012536
1.707257243
1.708792882
1.709240281
1.708393796
1.708163916
1.707946079
1.708994993
1.70779583
1.707730153
1.707106351
1.707716583
1.707869872
1.706656118
1.708563345
1.706693384
1.707364869
1.707523972
1.708000371
1.708492772
1.710171971
1.706973374
1.710394789
1.709499233
1.709857507
1.70970516
1.709372123
1.708763684
1.707095352
1.707256825
1.70825003
1.70730922
1.707291544
1.707203702
1.706987623
1.706987565
1.707200037
1.70860737
1.709015357
1.709193479
1.709472468
1.710180238
1.709849323
1.710374707
1.710428819
1.710021656
1.710238673
1.707918055
1.707678863
1.709312587
1.709112099
1.7088413
1.708719014
1.707784251
1.707787872
1.707792233
1.708264938
1.708732465
1.707847179
1.707641996
1.708511039
1.707349735
1.707331164
1.70739225
1.707392545
1.707607739
1.708376823
1.707449979
1.707508592
1.707838319
1.708312759
1.70735903
1.709351107
1.707591498
1.710300629
1.710284874
1.709942836
1.710089061
1.70966245
1.709855148
1.708606769
1.70794076
1.70789369
1.708149825
1.708059025
1.707558159
1.707468171
1.707709911
1.707934023
1.709125794
1.708862472
1.708606097
1.709236238
1.709622186
1.709918103
1.710038401
1.710189482
1.707823898
1.707650112
1.709194066
1.708919164
1.708474094
1.708593439
1.708543256
1.708625611
1.708195174
1.707809328
1.70750935
1.707361327
1.707191614
1.709144551
1.707090667
1.707115189
1.707686331
1.707245348
1.707492156
1.708173668
1.707828975
1.70817342
1.707804371
1.709575908
1.707719766
1.707847494
1.709823787
1.709621178
1.709767274
1.709975433
1.7099713
1.7100625
1.709829252
1.709925378
1.708469991
1.708833131
1.708638125
1.708619851
1.70886763
1.707949072
1.707949458
1.708158536
1.708318313
1.708120519
1.708448123
1.709594951
1.708310145
1.708584385
1.708118449
1.708909016
1.709201848
1.709283502
1.710007639
1.707786747
1.70895892
1.708663556
1.70821255
1.708375191
1.709271263
1.709323752
1.707822356
1.707564334
1.707374626
1.707226587
1.70715225
1.709637444
1.707160945
1.707176082
1.70735357
1.707616452
1.708004083
1.708153133
1.707870252
1.707920186
1.708209336
1.708268154
1.708981468
1.708961192
1.708695099
1.709280314
1.709601258
1.709852384
1.709846448
1.70985825
1.709736533
1.708456753
1.709522506
1.709360185
1.709178755
1.709152793
1.709000951
1.709344908
1.708033932
1.707909222
1.708435875
1.708814765
1.708649008
1.708842174
1.70812764
1.708029029
1.708273154
1.707924303
1.708447241
1.708453434
1.708659099
1.708375788
1.708164926
1.709752529
1.709687776
1.707793544
1.707694698
1.70763542
1.707480367
1.707492714
1.707557626
1.707515366
1.707770807
1.707715853
1.708028599
1.708358109
1.708289742
1.707997369
1.708093478
1.708367798
1.708578726
1.708693134
1.708534213
1.708369127
1.708054217
1.708060776
1.707882555
1.708782731
1.709211642
1.709745868
1.709680836
1.709489303
1.70921708
1.708635872
1.70966792
1.709606029
1.709540392
1.70941403
1.709458082
1.709331341
1.709228451
1.708010877
1.708886215
1.709199713
1.70906874
1.70795144
1.708054338
1.708164762
1.707906588
1.708147969
1.707803949
1.70837533
1.708119157
1.709682582
1.708181191
1.708224775
1.708253638
1.708070836
1.708127855
1.708199654
1.708126866
1.708240612
1.708277287
1.708503992
1.708753501
1.708195603
1.708073777
1.708684949
1.708477527
1.708886816
1.709007454
1.708853153
1.707492166
1.707842819
1.707302874
1.707382743
1.707399036
1.708245359
1.708408546
1.709302224
1.709302226
1.709071255
1.708795473
1.708997491
1.709450622
1.709395767
1.709389212
1.709395515
1.709349513
1.709367894
1.709357956
1.709330366
1.708070836
1.709167089
1.7092757
1.708016364
1.70815717
1.707754636
1.708458112
1.708746765
1.707548763
1.708774792
1.708176911
1.708923424
1.709032388
1.709039062
1.708851863
1.708875684
1.708889381
1.708736646
1.708766741
1.708754145
1.708902489
1.709068079
1.708362531
1.708193498
1.708898048
1.708713073
1.708574176
1.709048873
1.70915052
1.709181663
1.70921173
1.707089742
1.706931887
1.707391704
1.706979893
1.707143296
1.707415174
1.707553549
1.707924891
1.708639194
1.708630458
1.708825394
1.708290876
1.708325303
1.709391756
1.708969054
1.708932948
1.709023677
1.708986255
1.709106555
1.709198512
1.709190581
1.709249867
1.708135951
1.70811114
1.709230324
1.708105768
1.708587518
1.708811983
1.707813927
1.709255179
1.709620373
1.709647169
1.709829218
1.709788675
1.709809364
1.709572892
1.70947798
1.709343975
1.709145882
1.709059887
1.709031455
1.70909199
1.708380533
1.70825528
1.708960641
1.708842433
1.708716625
1.708538056
1.709024799
1.709082681
1.70938178
1.709137638
1.709012404
1.709036589
1.706867269
1.706766066
1.706892372
1.70697945
1.707217257
1.707464021
1.707984848
1.707228283
1.707521204
1.708130094
1.707914602
1.707859429
1.708314341
1.707615639
1.709660501
1.708277741
1.708475421
1.708414309
1.708613979
1.708791687
1.708803318
1.708961922
1.709076139
1.708155211
1.708608907
1.708931272
1.709523021
1.709767747
1.710213598
1.710538854
1.710504563
1.710461946
1.710656469
1.710416795
1.710245415
1.709960392
1.70967359
1.709355893
1.709158822
1.708988019
1.708989083
1.708421895
1.708275673
1.708855488
1.708829248
1.708737406
1.7086225
1.708814948
1.708812068
1.709390179
1.708897585
1.708713594
1.70864675
1.708698344
1.706847268
1.706885976
1.707051113
1.707006429
1.70744218
1.706940922
1.708002259
1.708296304
1.708998379
1.707072403
1.707169169
1.707699976
1.707540065
1.707373996
1.707325939
1.707714951
1.709697784
1.707879365
1.708017928
1.708240832
1.708279278
1.708490367
1.708676613
1.70827937
1.709726291
1.709967775
1.710558571
1.71072851
1.711049965
1.711216857
1.711149635
1.711051412
1.7108347
1.710542474
1.71011628
1.709787691
1.709258923
1.708837105
1.708574198
1.708495625
1.708675497
1.708601518
1.708645464
1.708610446
1.708458006
1.708416557
1.70923675
1.708621508
1.708334178
1.708158139
1.707954431
1.708236672
1.707348497
1.707395849
1.707186676
1.707879113
1.707722604
1.708446144
1.707125317
1.709117055
1.709447362
1.710208846
1.707206516
1.707202433
1.70733398
1.707355585
1.707271437
1.707245436
1.707440019
1.70952761
1.707569655
1.707710087
1.707758386
1.707962884
1.708171938
1.708418559
1.710826804
1.711283061
1.71139124
1.711470342
1.711366932
1.711206004
1.710851433
1.710566047
1.710014018
1.709368871
1.709028229
1.708493667
1.708091248
1.708529344
1.708412414
1.708456145
1.708250244
1.708524027
1.70804231
1.707991442
1.709066766
1.708098206
1.708663062
1.707733876
1.707390004
1.707310005
1.70776996
1.707934265
1.708291802
1.708362256
1.707695669
1.709028514
1.708813474
1.709634157
1.707722475
1.710260777
1.710563656
1.711082995
1.707555644
1.70737802
1.70737346
1.707320214
1.707483248
1.707318575
1.709295384
1.707371916
1.707393774
1.707526961
1.707702548
1.708493101
1.711450388
1.711548317
1.711498957
1.71125611
1.710815127
1.710603066
1.709970681
1.709646692
1.708919066
1.708195932
1.707968576
1.707530345
1.708465419
1.708205791
1.708099601
1.708355163
1.707882659
1.707666483
1.708152934
1.707583336
1.708742028
1.707116488
1.706779062
1.706717449
1.707474275
1.707626508
1.708996721
1.708645989
1.709442042
1.709464453
1.7086313
1.710155989
1.709977351
1.710654778
1.708352284
1.711078368
1.711255362
1.711465001
1.708075818
1.70782802
1.707883442
1.707610065
1.707423665
1.707326724
1.709182644
1.707311736
1.707313257
1.707394808
1.708461127
1.711431199
1.711150637
1.710929603
1.710320008
1.709614684
1.70872668
1.708293553
1.707551778
1.706976088
1.706900565
1.708321482
1.707960109
1.708148905
1.707819722
1.707462502
1.70836737
1.707757917
1.707245925
1.708922532
1.706700188
1.706324477
1.706248069
1.707378655
1.707538523
1.707659769
1.709712743
1.710071942
1.709674666
1.710382613
1.70938064
1.710758281
1.710940327
1.711203052
1.709031852
1.711301917
1.711340108
1.711178313
1.708729696
1.708655096
1.708289741
1.707941883
1.707638218
1.707601407
1.709280589
1.707434658
1.707351516
1.708328696
1.710745428
1.710155766
1.709780792
1.709038306
1.708128026
1.707288373
1.706908463
1.706340518
1.706114371
1.708144618
1.707962377
1.707788169
1.707496988
1.708185384
1.708768898
1.707732531
1.707096861
1.709247503
1.706507527
1.706067754
1.707560678
1.707665592
1.707658455
1.707743675
1.710548722
1.710524449
1.710723838
1.710338571
1.710921972
1.710045084
1.711051192
1.711129662
1.711042786
1.709747475
1.71080301
1.710775098
1.710247586
1.709669315
1.709221514
1.708714688
1.708251044
1.708012973
1.70954519
1.707645611
1.708145555
1.709586005
1.70882797
1.708412704
1.707626198
1.706817314
1.706231681
1.70599571
1.705897162
1.707990492
1.707851229
1.707775422
1.708436193
1.708742186
1.709195909
1.707821827
1.707210665
1.70951972
1.706673408
1.70637899
1.707995589
1.707857606
1.707838425
1.707988414
1.707850594
1.709687388
1.710879724
1.710898697
1.710899352
1.710879926
1.710822436
1.710821561
1.710586657
1.710683812
1.710598092
1.710046606
1.710615552
1.709750593
1.709065948
1.710176993
1.709648412
1.709117857
1.708775382
1.708193372
1.709780756
1.707988809
1.708289304
1.707552955
1.70718515
1.706577497
1.706122573
1.705950637
1.705957413
1.707911514
1.708235991
1.709162201
1.708938525
1.708549805
1.709504164
1.708113245
1.707668638
1.70972216
1.707417465
1.706700025
1.708591234
1.708143094
1.708093865
1.70797413
1.708401655
1.707927726
1.710612063
1.710656507
1.710861377
1.711019154
1.710415282
1.711070432
1.710113911
1.709778573
1.70959073
1.708828083
1.710817827
1.711008512
1.708477974
1.707867171
1.71043987
1.709950965
1.70956675
1.708891149
1.709696177
1.709746795
1.70793193
1.707253136
1.706737911
1.706539072
1.706310411
1.706310605
1.70653438
1.708768211
1.709217409
1.709375769
1.709081097
1.708887261
1.709546122
1.708670203
1.708572509
1.707933908
1.707749025
1.709206498
1.708390711
1.708540449
1.708196072
1.708031727
1.708851936
1.709239305
1.709797892
1.709829227
1.710200621
1.710561752
1.710826658
1.709423879
1.710861226
1.709041863
1.708639292
1.708425484
1.707746734
1.710924139
1.710815841
1.707491594
1.707135508
1.710504137
1.710160721
1.70956667
1.709309567
1.709314259
1.708026852
1.706900954
1.706715704
1.706896364
1.706914053
1.707294489
1.709246278
1.709093704
1.709034855
1.709149
1.709199938
1.709282285
1.709393108
1.709132757
1.709130915
1.708687365
1.709675595
1.70847453
1.708709615
1.708896551
1.708241134
1.709193539
1.708541779
1.708590679
1.709128362
1.708647183
1.708706215
1.709122131
1.709552152
1.709938476
1.710039361
1.708336717
1.710341964
1.707974607
1.70765271
1.707504217
1.707207266
1.710557128
1.710540574
1.707138332
1.707153103
1.710342161
1.710022812
1.708609634
1.708482024
1.70824691
1.707368731
1.707669812
1.70773917
1.708173926
1.709492819
1.708878573
1.708560384
1.708403225
1.709235344
1.709507963
1.709806283
1.709914737
1.70990909
1.710101384
1.709577216
1.709692873
1.709908073
1.708504338
1.708742522
1.708957992
1.709327883
1.70753457
1.707704625
1.70777624
1.709069067
1.709160438
1.707845395
1.707612498
1.707629507
1.708255018
1.708645949
1.708741061
1.70916947
1.707444246
1.709644153
1.707277738
1.707187251
1.707207902
1.707419756
1.709941939
1.709923356
1.707570028
1.707951453
1.710018248
1.707767217
1.707435077
1.708533478
1.70848715
1.708983566
1.709147127
1.709443634
1.708503256
1.708003201
1.707633575
1.708817294
1.709434466
1.709931778
1.710228173
1.71054069
1.710572221
1.71037936
1.709442424
1.709506325
1.708751389
1.708929634
1.709178766
1.706717545
1.706653111
1.706887483
1.707001789
1.708994595
1.708976377
1.708942472
1.70693194
1.707079833
1.706928954
1.707031801
1.707317908
1.707373219
1.707726522
1.708281118
1.70708565
1.708797341
1.707207954
1.707511272
1.70746836
1.707823054
1.708377583
1.708923831
1.709308562
1.708628075
1.709207663
1.706968576
1.706760216
1.706401305
1.708791054
1.709823962
1.71027022
1.709044286
1.707557373
1.707314002
1.706839082
1.708276377
1.709029659
1.70940931
1.710131435
1.710684257
1.710922981
1.710971108
1.70876405
1.708658231
1.708913808
1.708730731
1.705945756
1.705957967
1.706070485
1.706334888
1.706476804
1.708851148
1.708938902
1.708668682
1.708498225
1.705781565
1.70662689
1.706445926
1.706388446
1.706891318
1.70709257
1.706300864
1.706544459
1.706848608
1.707419968
1.707405621
1.707632511
1.707842648
1.708323676
1.708499471
1.709037801
1.70962038
1.708189518
1.709878506
1.710410833
1.706352735
1.705981578
1.705736801
1.708922843
1.710817418
1.708332478
1.706143096
1.706738904
1.706097803
1.70751685
1.707873579
1.708811848
1.709764033
1.710464255
1.710736682
1.711023728
1.70782908
1.707582765
1.708914752
1.708074174
1.70568132
1.705432237
1.705189857
1.705980234
1.706198401
1.706325022
1.708554283
1.708784913
1.708236909
1.707953151
1.705103866
1.707559015
1.706555863
1.707049741
1.706172295
1.705944006
1.707524506
1.707810571
1.705819014
1.705907956
1.706277389
1.705907054
1.706440877
1.708330809
1.706990969
1.708929832
1.70948953
1.709690849
1.710198206
1.710618389
1.71079411
1.71104254
1.706284408
1.705991277
1.705416594
1.708890549
1.707509554
1.705022531
1.70532232
1.705865158
1.706135824
1.706987508
1.708063408
1.709071231
1.709499831
1.710217501
1.710732889
1.706931196
1.706599927
1.707406018
1.706004725
1.705575232
1.705277962
1.704871528
1.706366336
1.706450738
1.706541159
1.708220117
1.708582407
1.707844572
1.704615851
1.707642678
1.70719311
1.707414249
1.710758465
1.706742234
1.70740642
1.708013042
1.706419858
1.705964435
1.708648435
1.708930868
1.705674515
1.705591628
1.705626159
1.705741554
1.706099255
1.709481509
1.710022375
1.710435293
1.710583412
1.710840018
1.710936207
1.710962173
1.706499024
1.706853258
1.706003267
1.705400673
1.708652476
1.706842125
1.704490564
1.704629888
1.704681871
1.705320732
1.70608051
1.707160192
1.707646633
1.708596012
1.709450069
1.709690056
1.70634457
1.70606802
1.706870454
1.706302158
1.706759256
1.706039549
1.705421665
1.705121369
1.707055419
1.70700367
1.707937995
1.708278216
1.704564059
1.707738214
1.707833182
1.70718292
1.707608806
1.710228468
1.707814614
1.707533925
1.708511613
1.708680909
1.709278312
1.706880131
1.706309432
1.709775347
1.709978723
1.70611341
1.705810765
1.705817885
1.705831251
1.710358135
1.710622074
1.710732377
1.710780942
1.710665844
1.710368138
1.706604175
1.707085501
1.707450695
1.705967788
1.705374024
1.708335931
1.706550064
1.704225068
1.704084718
1.704152141
1.704533938
1.704688658
1.705431641
1.705768366
1.706681027
1.707617543
1.707989738
1.708772971
1.706381462
1.706210284
1.706949327
1.707309671
1.707091625
1.707614106
1.706353292
1.705590523
1.707697455
1.708054486
1.70481135
1.708121954
1.707998869
1.7079763
1.707597739
1.708074385
1.708986915
1.709150816
1.708881909
1.708217919
1.709649153
1.709818696
1.710162606
1.707545102
1.707326656
1.710358543
1.710456605
1.706720375
1.706684056
1.706333029
1.710514178
1.710454483
1.71016455
1.710113257
1.709636018
1.706969719
1.706425907
1.707482691
1.707870732
1.705629055
1.705027426
1.708101958
1.706904209
1.704520123
1.704082207
1.703924348
1.703953014
1.704216534
1.704455589
1.705080684
1.70585415
1.706194968
1.707072994
1.707230753
1.707030067
1.707001313
1.707513019
1.708148953
1.708130551
1.707680312
1.708140603
1.706942654
1.706166613
1.705806658
1.708385233
1.708611512
1.708169788
1.708058016
1.708298236
1.708031383
1.710013893
1.70988044
1.709442853
1.708891285
1.710188597
1.710258336
1.710220393
1.708595455
1.70792225
1.710052076
1.710074488
1.707438641
1.709836106
1.70972733
1.709393925
1.708839308
1.70874103
1.707199754
1.706373274
1.705816124
1.707895246
1.704895604
1.704178782
1.708076407
1.707698551
1.705039178
1.704449599
1.704308689
1.70409821
1.704166578
1.704316246
1.704715198
1.705060147
1.705735595
1.706371639
1.708017303
1.708113813
1.708301782
1.70858326
1.70836824
1.708603678
1.708261347
1.707685895
1.707458701
1.706654581
1.708749577
1.708419509
1.708986723
1.708859937
1.707086003
1.709970387
1.709951425
1.709974588
1.709767989
1.709564141
1.709697087
1.709690426
1.709289143
1.709109877
1.708560034
1.708808328
1.708750103
1.708326097
1.708343405
1.707801636
1.707213558
1.706927637
1.706019845
1.705207101
1.70479606
1.707691237
1.703844692
1.702866542
1.708337174
1.708585537
1.705869661
1.705687577
1.705029574
1.705028447
1.704660039
1.70456693
1.704740209
1.704973459
1.70535355
1.705737818
1.708912597
1.709032566
1.708958407
1.708124317
1.708680941
1.708940005
1.708857948
1.708843807
1.708356629
1.70766764
1.708950087
1.708735278
1.708969155
1.70910356
1.705823648
1.708999108
1.709392665
1.709698458
1.709665084
1.709611644
1.708338
1.708188479
1.707551973
1.709365267
1.706924645
1.706977611
1.706596348
1.706634364
1.706221585
1.705348111
1.706250788
1.704429636
1.703757204
1.703538069
1.706735187
1.702718017
1.70160791
1.701339589
1.708672399
1.709164185
1.707398557
1.706585862
1.706019488
1.705469795
1.705444521
1.705224408
1.705136941
1.705166458
1.7051443
1.709286653
1.709362853
1.709150099
1.707735076
1.708584147
1.709111703
1.709368209
1.709478278
1.709190296
1.709055205
1.708864272
1.708795801
1.708803726
1.708475331
1.705188816
1.707142649
1.707982933
1.708573761
1.708749291
1.709144738
1.709367394
1.706349676
1.706171134
1.705465439
1.705071314
1.705380536
1.705106996
1.705302117
1.703496564
1.704310697
1.704679923
1.70275994
1.702328116
1.702240499
1.705927813
1.701198371
1.700608769
1.699969332
1.708828725
1.709066749
1.708441877
1.707679552
1.707078763
1.706895571
1.706361454
1.705857231
1.705507848
1.705401513
1.705059973
1.708847106
1.708878733
1.708645986
1.707264011
1.708461129
1.709139873
1.709749934
1.709921937
1.709778003
1.708668011
1.708258183
1.707988127
1.707622799
1.704783339
1.707511375
1.70508634
1.705980916
1.706793098
1.707077034
1.707814841
1.708412269
1.704443217
1.704321726
1.70395138
1.704197601
1.704481165
1.701794078
1.702490486
1.702347779
1.703672036
1.701433346
1.701247377
1.70512829
1.700750104
1.700598782
1.699990323
1.699026809
1.708613808
1.708023433
1.709297948
1.708744184
1.708550795
1.70792301
1.707293144
1.706607751
1.706558283
1.70594761
1.705268576
1.707692956
1.707620019
1.70657655
1.707552779
1.709050437
1.709612393
1.710080444
1.710142836
1.708209691
1.706894783
1.706670349
1.704861826
1.7075569
1.706713915
1.70352953
1.704146204
1.704880559
1.705199629
1.706074387
1.706951361
1.703294216
1.703426724
1.703761587
1.7042348
1.701075551
1.700798576
1.701658785
1.700667006
1.702855258
1.700777163
1.704229434
1.700870607
1.700896391
1.700444724
1.699713245
1.698546271
1.708041952
1.706645988
1.709923808
1.709803772
1.709315472
1.708721734
1.708080833
1.707687889
1.706651093
1.706121118
1.706151982
1.706380815
1.705260757
1.707275958
1.708140268
1.709169686
1.709833869
1.71010176
1.705882254
1.705922375
1.705283486
1.706978222
1.70619092
1.703109075
1.703020624
1.703561224
1.7037216
1.704508903
1.705353966
1.703287245
1.703661175
1.704666413
1.700484927
1.700685354
1.700489431
1.701113248
1.700491558
1.702075981
1.702932829
1.701627374
1.701618706
1.701037167
1.701413984
1.700448603
1.699522739
1.698296843
1.707304697
1.70537951
1.710090266
1.710006816
1.709734275
1.709368601
1.709105253
1.708214104
1.707775764
1.706957794
1.704886883
1.705356753
1.704889191
1.705887551
1.707283887
1.708466546
1.709320436
1.70529861
1.70567619
1.70633603
1.706482477
1.706029231
1.703191771
1.703274533
1.703706436
1.703737304
1.703484892
1.704253343
1.704444658
1.704967245
1.700968706
1.700431274
1.700596036
1.700759855
1.701508008
1.701247195
1.70259672
1.702184921
1.702663535
1.702653495
1.701405167
1.702259306
1.700503969
1.699364961
1.697799429
1.698815223
1.706694013
1.704677873
1.709622221
1.708762978
1.709850039
1.709881469
1.709852268
1.709471238
1.709242758
1.708681536
1.708213723
1.704324178
1.704913614
1.703472831
1.704949564
1.706340195
1.707533932
1.70528733
1.705500811
1.705910083
1.706871055
1.706309992
1.706263318
1.704089483
1.704046328
1.704525814
1.705360437
1.704036699
1.703988886
1.70648995
1.701040818
1.700685141
1.701858312
1.700732976
1.703195654
1.700997051
1.701583416
1.702264123
1.703222465
1.703794246
1.703800765
1.701295893
1.700090866
1.697677881
1.696675303
1.698984115
1.706412935
1.70477711
1.708942523
1.708159438
1.706620479
1.709402611
1.709630513
1.709951123
1.710001632
1.709858284
1.70971382
1.709059395
1.704660608
1.705342051
1.70198535
1.702980861
1.704134542
1.705330968
1.706053001
1.706085745
1.70651436
1.708239345
1.706470934
1.706765819
1.705581996
1.705154015
1.705717063
1.706422395
1.70740656
1.704790147
1.708829767
1.702699953
1.701833968
1.701599768
1.70386871
1.701195801
1.704881527
1.701144042
1.701361203
1.701440726
1.702886091
1.704133915
1.704853103
1.700395983
1.695873293
1.697170538
1.694785899
1.698621002
1.706510747
1.705688215
1.707226799
1.708021312
1.706158889
1.704509572
1.708453205
1.709390204
1.709730827
1.710073368
1.710169562
1.710117909
1.709750468
1.705759128
1.706485143
1.701773441
1.702502862
1.703409869
1.706939549
1.707145343
1.707252175
1.706825726
1.707306578
1.707172853
1.706821954
1.707384465
1.706210224
1.707604549
1.708319602
1.709191168
1.710011938
1.704820163
1.703735327
1.703358735
1.702580831
1.705748463
1.702001613
1.705698146
1.701990762
1.701822487
1.701398728
1.699603835
1.703258493
1.704790594
1.693687323
1.694864813
1.696180993
1.692443567
1.69688889
1.706827453
1.707007319
1.706153256
1.70526077
1.706570741
1.704211382
1.703012961
1.707603403
1.708365932
1.708556472
1.709304361
1.709521647
1.709956375
1.710156684
1.70720084
1.70768233
1.701956434
1.702366523
1.707768504
1.708049404
1.707802026
1.707617484
1.707268785
1.708376252
1.707778594
1.708832961
1.709089624
1.709584574
1.709974304
1.709872614
1.705631418
1.706392396
1.705293504
1.704494908
1.703682947
1.706193283
1.703529487
1.705091995
1.702974406
1.702603922
1.700997948
1.698903489
1.703296345
1.692529123
1.691642428
1.693541773
1.69394605
1.690338829
1.695583275
1.706992778
1.708201218
1.704411569
1.704764237
1.70366966
1.705607213
1.702969872
1.70260923
1.706470495
1.706809464
1.707647695
1.707982306
1.708737229
1.709404926
1.708437788
1.708490931
1.70249999
1.708203245
1.708443885
1.707949235
1.707592847
1.707267998
1.707002204
1.70892143
1.709235579
1.709483024
1.709642672
1.709742661
1.709551251
1.708623576
1.70658771
1.7066893
1.706269764
1.706137344
1.705491496
1.705259571
1.704941363
1.704680522
1.703000675
1.704100976
1.70365252
1.697528123
1.698354468
1.70073128
1.69073075
1.691307798
1.690295215
1.691477151
1.692597853
1.689753576
1.689419183
1.694113629
1.706707291
1.708811094
1.703373568
1.703600296
1.704082992
1.703058106
1.704728206
1.703124453
1.703368053
1.705014819
1.70575923
1.706033181
1.706882164
1.707758586
1.708973658
1.708593534
1.708005676
1.708100569
1.707456215
1.706888197
1.706440628
1.706278261
1.709060194
1.7092219
1.70916621
1.708999663
1.70905487
1.708715184
1.707935243
1.706655802
1.706733474
1.706509946
1.7061927
1.70441715
1.706601296
1.70649344
1.70607938
1.702200268
1.705777845
1.699715055
1.705295179
1.704890468
1.694921227
1.69710735
1.690050552
1.68991017
1.690059614
1.690515857
1.691393287
1.690342262
1.690401141
1.690069855
1.691921186
1.705790055
1.708557792
1.70344813
1.703414718
1.703474806
1.703681093
1.703857677
1.70383383
1.704450602
1.704252478
1.704395014
1.705022791
1.705807532
1.708597324
1.707862532
1.707102993
1.707041443
1.706374956
1.705751998
1.705272768
1.705204381
1.704107826
1.708378128
1.708412887
1.708001392
1.707541088
1.707503446
1.706726356
1.705570646
1.704749498
1.706350492
1.705645666
1.704704829
1.703991583
1.70122951
1.706448912
1.706679733
1.706699435
1.698533431
1.706681644
1.706818991
1.695912418
1.706503382
1.706162266
1.693587566
1.690048457
1.690108118
1.689826539
1.689939568
1.690143444
1.691965975
1.691412436
1.692298356
1.692180871
1.691018143
1.704334832
1.707414057
1.7043523
1.703948297
1.704538807
1.703686086
1.703672821
1.705529185
1.703634214
1.703597365
1.703777912
1.704193242
1.707365606
1.706447382
1.705747377
1.705524531
1.705020177
1.704462558
1.703972519
1.70304658
1.706852061
1.706765581
1.70616491
1.705583256
1.705478501
1.704440001
1.70379739
1.703527288
1.704862124
1.704374515
1.702446731
1.701495824
1.699846643
1.697226122
1.705761255
1.706416862
1.706668054
1.69480006
1.707483042
1.707180717
1.692617167
1.707523711
1.707172371
1.691380616
1.690675345
1.690083932
1.689964089
1.689962255
1.694530578
1.693381692
1.693569191
1.694351289
1.69476436
1.690579649
1.702665444
1.705694798
1.705974813
1.705312323
1.70468987
1.706223244
1.704463805
1.703931986
1.703620498
1.703457433
1.705671095
1.704702496
1.704306306
1.704007851
1.703751981
1.703344411
1.702875017
1.702025589
1.704901972
1.704834542
1.704248414
1.703757285
1.703651739
1.703107505
1.703114882
1.703377993
1.702014936
1.703427898
1.701320438
1.698680841
1.697726094
1.695893989
1.693802169
1.70465537
1.705070753
1.706173958
1.692005376
1.707867943
1.707181887
1.708115233
1.707729663
1.692763205
1.691658089
1.691348185
1.690575312
1.69023065
1.69606057
1.695516742
1.695283226
1.695641807
1.695853169
1.690491308
1.690805529
1.701190189
1.704028505
1.70758421
1.707076656
1.706292407
1.705951216
1.705178253
1.704434419
1.703844248
1.703376785
1.703195462
1.702994103
1.702906278
1.7026529
1.702228268
1.701369336
1.703375498
1.703233104
1.702873885
1.702706482
1.702773284
1.703028282
1.703589393
1.704289473
1.700158911
1.698554216
1.701706618
1.697798905
1.695254716
1.694442673
1.692991745
1.691690693
1.702302586
1.703780958
1.705371846
1.706763114
1.707756298
1.70830664
1.708366301
1.694011201
1.693592113
1.692518869
1.691641708
1.691568917
1.696333211
1.695853169
1.695853169
1.69654347
1.695806524
1.691198853
1.691182347
1.70018641
1.702826771
1.708306137
1.707796027
1.707447913
1.706751353
1.705908707
1.705076367
1.702663342
1.702727063
1.702714208
1.702682084
1.702507091
1.702028123
1.701078065
1.702534557
1.702497345
1.702572437
1.70286249
1.703109399
1.70405
1.70497107
1.70584849
1.698254982
1.696709368
1.695339108
1.698804694
1.694672767
1.692967185
1.692395176
1.691626717
1.700660526
1.702291618
1.704276241
1.705877047
1.707145716
1.707831575
1.708031139
1.695761258
1.694778256
1.693841307
1.693635185
1.692869693
1.695853169
1.695853169
1.69657445
1.692229316
1.691892588
1.699668244
1.702573203
1.708329267
1.708213999
1.707912575
1.707367805
1.706664969
1.702858964
1.703004838
1.703206548
1.703117478
1.702821194
1.702113359
1.700925432
1.702760007
1.702962936
1.703742852
1.704132766
1.704782173
1.705829299
1.7066963
1.707399635
1.695609754
1.695157584
1.693925963
1.69320482
1.697075738
1.692792901
1.692217086
1.691945725
1.6986956
1.699091632
1.701068868
1.702863694
1.704557913
1.705826695
1.706248549
1.707548327
1.696582456
1.696292534
1.695844511
1.695648683
1.695001217
1.694184823
1.695853169
1.693439104
1.692925181
1.699363773
1.703314295
1.707722517
1.708019991
1.708080132
1.707864828
1.703879386
1.70399774
1.703876864
1.70324277
1.702174171
1.70070494
1.703937085
1.704343328
1.705587964
1.705985962
1.706743081
1.707492357
1.707977951
1.708173813
1.693548686
1.694385301
1.693224699
1.692754097
1.692639094
1.695513312
1.692623962
1.692979938
1.695959655
1.697440313
1.699289072
1.70111709
1.702692541
1.703299314
1.705348554
1.705808886
1.696581109
1.695853169
1.696605198
1.696520423
1.696049428
1.695527842
1.694720051
1.694663501
1.698747465
1.699874674
1.704705121
1.706719983
1.707519314
1.708017037
1.70507626
1.704987959
1.704373198
1.703272553
1.701788942
1.705591423
1.706110833
1.707305685
1.707613242
1.708076057
1.708300941
1.708178477
1.707537785
1.707649285
1.69312567
1.692976947
1.69358746
1.692955299
1.693442965
1.693570206
1.693844093
1.694040955
1.694718584
1.696004096
1.697585048
1.699109309
1.699773588
1.702099278
1.702693773
1.704149791
1.695853169
1.695853169
1.696595767
1.696777502
1.69632115
1.696270373
1.695776982
1.697401843
1.698737066
1.700850771
1.706136465
1.705507141
1.706696487
1.706067298
1.705365424
1.704155101
1.702585499
1.707036827
1.707542506
1.708138069
1.70828105
1.708207153
1.707748161
1.706858932
1.705388559
1.705756355
1.693164858
1.693358953
1.693786409
1.693201887
1.69397025
1.69504534
1.695236344
1.693390843
1.693909405
1.694775694
1.695929241
1.696302393
1.697898151
1.699138074
1.700912999
1.699239616
1.702468825
1.695853169
1.695853169
1.696680141
1.696870021
1.696837969
1.696694022
1.695311832
1.696713254
1.69919161
1.70117946
1.706950086
1.704052812
1.706122116
1.704703286
1.702995828
1.707554181
1.707898113
1.707572162
1.707489434
1.706788688
1.70560843
1.704139809
1.702194524
1.702645051
1.693944766
1.694078452
1.694727881
1.695389366
1.693515337
1.69561549
1.69658414
1.693379061
1.6934281
1.693896929
1.694093864
1.694908675
1.695886914
1.696139717
1.697347359
1.698958217
1.700632613
1.695853169
1.696898232
1.697093465
1.694304399
1.692830826
1.696649239
1.698661173
1.700700237
1.706510209
1.704861006
1.702805031
1.694043259
1.706300399
1.706768013
1.706379994
1.705304888
1.70515777
1.70387777
1.702257254
1.700562025
1.698602794
1.699102067
1.694786653
1.695483203
1.69568114
1.696427698
1.69686837
1.694184974
1.696895715
1.693905291
1.693456236
1.693406736
1.693505592
1.693881522
1.693990424
1.69468542
1.695767392
1.697168907
1.695853169
1.695853169
1.697110706
1.692136951
1.69070854
1.69574887
1.69764646
1.699860742
1.704510234
1.702262589
1.691956268
1.693095457
1.703948992
1.704123484
1.703196068
1.701841313
1.701606894
1.699856427
1.698358814
1.697141871
1.695465281
1.695747189
1.696394498
1.695726221
1.696856015
1.696985622
1.697176401
1.695419188
1.694355057
1.694087478
1.693616203
1.693364319
1.693285773
1.693337992
1.693724661
1.694477585
1.695853169
1.695853169
1.690820847
1.690297693
1.689728761
1.694544364
1.696465956
1.698826906
1.701390213
1.691258063
1.690749654
1.692087561
1.700416763
1.700491487
1.699291335
1.697983065
1.697585702
1.695670158
1.695199931
1.694264203
1.693559193
1.693486407
1.697009096
1.697255849
1.696850192
1.697088694
1.697032198
1.69586298
1.69555315
1.694840905
1.694170662
1.693928188
1.693461889
1.693159153
1.693159501
1.695853169
1.690475031
1.690973832
1.690413962
1.693388528
1.695245484
1.697656319
1.690657458
1.690781736
1.69078937
1.691359282
1.696604996
1.696670918
1.695584804
1.694594897
1.69441126
1.693194206
1.693140818
1.692899123
1.692917814
1.693039938
1.697241821
1.697030507
1.695853169
1.697077709
1.696910076
1.696400727
1.695683104
1.695433423
1.694642608
1.694015829
1.693432294
1.691866342
1.692668263
1.69248184
1.692328811
1.694172019
1.691400778
1.690907097
1.690660197
1.690890738
1.69488878
1.693451803
1.69346727
1.692831915
1.692437319
1.692530387
1.692428455
1.692677822
1.693087978
1.693684843
1.694038862
1.695853169
1.695853169
1.697115627
1.697145644
1.697271978
1.696967061
1.696826813
1.696270019
1.695543002
1.69509453
1.693222527
1.693914771
1.694672044
1.691894044
1.690912191
1.692277136
1.691467508
1.690861076
1.695749557
1.695853169
1.691461438
1.691614346
1.69160944
1.691895476
1.692254583
1.693155544
1.693594585
1.694402278
1.695251883
1.695594488
1.695853169
1.695853169
1.697018251
1.697084136
1.6972077
1.696882976
1.696650626
1.694314304
1.695472116
1.695516693
1.69601122
1.690876025
1.690989854
1.693258027
1.692164719
1.695853169
1.696216087
1.691147017
1.691436839
1.692121188
1.692887856
1.693429113
1.694763635
1.695232131
1.696085103
1.696754097
1.696817701
1.695853169
1.695853169
1.696987952
1.697152982
1.696023783
1.695213639
1.696526853
1.695853169
1.691532758
1.692400263
1.694127405
1.692318264
1.692806212
1.694155364
1.694755857
1.695605138
1.696427179
1.696653029
1.69706631
1.697064589
1.696944317
1.695853169
1.695853169
1.696562495
1.696646842
1.696009907
1.695853169
1.693281123
1.694441185
1.694279672
1.694703663
1.696037159
1.696383432
1.69689858
1.696889833
1.696857646
1.695853169
1.695853169
1.695853169
1.696705027
1.696187866
1.695290419
1.696159922
1.696250154
1.696857683
1.696759262
1.695853169
1.695853169
1.695853169
1.696702344
1.696554369
1.696724285
1.696776238
1.695853169
1.695853169
1.695853169
1.695853169
