1.884686515
1.878906682
1.90893324
1.894322116
1.87110292
1.868345161
1.911496092
1.89878987
1.878936089
1.914943257
1.872003698
1.924356378
1.872850432
1.868882333
1.891904093
1.912983436
1.867947869
1.914126245
1.908813574
1.891815751
1.878489667
1.916904188
1.9160308
1.925017584
1.932772413
1.918038256
1.875543215
1.874321082
1.869702981
1.872376762
1.885845806
1.910511507
1.876891008
1.920755322
1.917840478
1.906104961
1.913969418
1.892169165
1.917364308
1.917501404
1.919951812
1.923538745
1.928006623
1.848956702
1.857266974
1.873000568
1.880114683
1.85155829
1.887448802
1.888902713
1.902111634
1.919539925
1.922867931
1.924042861
1.91941111
1.932109855
1.921713969
1.925397416
1.93059662
1.934383023
1.939405834
1.947989216
1.943309342
1.819855526
1.822964872
1.855191928
1.862218419
1.880352855
1.896267568
1.83246778
1.913318805
1.933011597
1.92440001
1.926702576
1.930923801
1.935818204
1.943698145
1.93171987
1.935700468
1.935863587
1.936846624
1.94193841
1.950712991
1.945308028
1.954834052
1.958884836
1.801617275
1.795921137
1.813744046
1.843231386
1.873016577
1.899208671
1.922597294
1.817397715
1.947726154
1.934089762
1.929957445
1.935123596
1.937308672
1.94305575
1.946231547
1.954165858
1.940856543
1.941476567
1.943966288
1.948758455
1.953113827
1.958591102
1.959496554
1.957955534
1.961845385
1.963679018
1.968768493
1.790220134
1.781525909
1.786315152
1.855198592
1.829944603
1.887325652
1.914671073
1.950749744
1.808812676
1.938898797
1.944890356
1.940787252
1.944125994
1.948093381
1.954340942
1.959471952
1.954819495
1.95034317
1.954464663
1.962327116
1.965280951
1.972501878
1.969228843
1.966854355
1.967294327
1.968081852
1.970362689
1.968897387
1.964927675
1.914930962
1.953523352
1.946622887
1.785521456
1.775677544
1.77415211
1.836619973
1.868097975
1.812169852
1.900329042
1.939169319
1.79532758
1.949868358
1.950599964
1.956698374
1.953113155
1.959183496
1.958732806
1.9642767
1.966508184
1.958142299
1.946840061
1.962381089
1.969308533
1.977723697
1.979307782
1.978660075
1.978679969
1.973552716
1.972506824
1.970106257
1.959335693
1.951255337
1.898312479
1.917788444
1.932686007
1.946757887
1.941381955
1.894485097
1.780078151
1.777666614
1.773027196
1.858006721
1.82584213
1.883023245
1.801627162
1.918109361
1.787417422
1.963468472
1.962353907
1.961181324
1.967159691
1.965655166
1.96676761
1.96912936
1.967606883
1.960573012
1.938032137
1.919618081
1.97322563
1.977700411
1.979640924
1.980480788
1.977848485
1.975418239
1.971083725
1.96666947
1.95833234
1.949289677
1.943179771
1.891772708
1.903458217
1.937604134
1.925471297
1.940458863
1.896520617
1.905032057
1.911385748
1.77963524
1.779724366
1.782948326
1.861443297
1.839887286
1.812305583
1.89199603
1.791415521
1.78224048
1.97374493
1.971444471
1.971700927
1.967371485
1.974783672
1.974671072
1.977234428
1.948413259
1.928895375
1.901160172
1.885036871
1.976160255
1.973593709
1.973402091
1.966752018
1.963486189
1.960198682
1.954897582
1.953762369
1.946473451
1.940622557
1.937973569
1.894661757
1.889598114
1.912007235
1.935609656
1.927863986
1.898128381
1.908050868
1.908999124
1.910794493
1.780375736
1.783742921
1.912592089
1.783899733
1.866636037
1.847456539
1.825475582
1.801686266
1.787023113
1.78060818
1.981095085
1.981542552
1.98039493
1.974669212
1.948424481
1.980043535
1.977376994
1.972014492
1.913907915
1.894385744
1.869214002
1.857747653
1.965968924
1.965630404
1.959051204
1.954345607
1.951039447
1.946805568
1.943858501
1.937760451
1.935627618
1.932801666
1.887766343
1.900231621
1.886966961
1.917156751
1.925292318
1.899133561
1.905382529
1.920157387
1.779912833
1.789468807
1.787433439
1.919146065
1.789600318
1.848571063
1.832047714
1.813557235
1.793845113
1.782868674
1.778927347
1.983209658
1.984581872
1.975166828
1.980468737
1.958479089
1.912087811
1.975360478
1.969503856
1.960810595
1.869830952
1.844410227
1.835625124
1.957631135
1.953481192
1.949222149
1.946303774
1.942255318
1.939896316
1.935178802
1.934532825
1.932476807
1.891957314
1.880247647
1.906477172
1.884702069
1.918778065
1.922848131
1.894166598
1.912008106
1.933910343
1.935251451
1.77773566
1.788100352
1.934437343
1.937659997
1.928636331
1.786394753
1.828446701
1.81413091
1.800674203
1.787626573
1.782755789
1.777848252
1.973968268
1.981094885
1.978182152
1.953759055
1.974800682
1.925473609
1.878090749
1.969107166
1.961051236
1.955546524
1.843573208
1.820387692
1.814621665
1.953564777
1.947798594
1.945523644
1.940686972
1.934682957
1.932248293
1.928777895
1.909557132
1.887627191
1.874323655
1.879469927
1.918410783
1.920323647
1.909125441
1.928394797
1.940399272
1.777341156
1.7826274
1.937444849
1.930692363
1.91980247
1.919595289
1.926098075
1.919788481
1.776327173
1.810339901
1.799819366
1.793149705
1.786282028
1.781681317
1.776617302
1.977611843
1.94765947
1.980246939
1.974531521
1.916530901
1.968551424
1.889796018
1.843104152
1.96702737
1.962319478
1.963505572
1.820092644
1.80344673
1.79940223
1.959559339
1.960392316
1.953229101
1.942042134
1.937883831
1.929751613
1.916813109
1.897386242
1.8735319
1.868373383
1.887049878
1.919673098
1.92528445
1.912496034
1.93032746
1.927869809
1.773974794
1.774471524
1.921871223
1.916476809
1.920245369
1.930322872
1.928848981
1.915876127
1.766978357
1.796308918
1.791851244
1.784724996
1.78200686
1.778633194
1.981369715
1.964046188
1.912647129
1.977057333
1.971392724
1.874075636
1.973414389
1.849325612
1.81674818
1.971926929
1.975259333
1.975499965
1.802244289
1.79502486
1.791075215
1.981362071
1.971455183
1.959171686
1.949232151
1.943239922
1.89983551
1.919459813
1.8781446
1.861312829
1.866479486
1.887076551
1.92123776
1.942563772
1.907970411
1.913875335
1.908825493
1.775290566
1.773582893
1.902056969
1.918016356
1.940093175
1.93501622
1.896241254
1.760783006
1.791022336
1.790891115
1.788399063
1.786328606
1.782675503
1.970230942
1.975353073
1.929942256
1.878912243
1.97340199
1.976058685
1.841208644
1.977994644
1.819709565
1.795451914
1.979941239
1.98175625
1.993510395
1.785958731
1.783591836
1.786183928
1.991434949
1.983886501
1.967740016
1.968941798
1.880280671
1.913916754
1.85950972
1.853491634
1.864685382
1.890902509
1.943913224
1.964808357
1.902034742
1.897167884
1.908480276
1.770036689
1.779730028
1.898042642
1.935194518
1.948533536
1.880965079
1.895542972
1.762874754
1.777048695
1.757950356
1.788121438
1.78967428
1.789900459
1.785479091
1.787281484
1.943793362
1.961485116
1.968466015
1.897493095
1.849353939
1.969001838
1.968726721
1.820831815
1.811045146
1.967768012
1.793546135
1.975689462
1.986810949
1.996781741
1.77229928
1.771022742
1.776678324
2
1.987993186
1.98604977
1.860262513
1.932708934
1.84445037
1.848525723
1.87160708
1.894269544
1.965685023
1.985572331
1.891032415
1.890214726
1.917295439
1.771767453
1.900880522
1.93826149
1.872668594
1.907098961
1.759897763
1.774518919
1.765569643
1.839542575
1.753667781
1.783201439
1.785649065
1.7849595
1.784244015
1.776046818
1.903845357
1.937936746
1.958281256
1.962568484
1.860654342
1.824430749
1.959212375
1.955784169
1.79868046
1.788778025
1.960369286
1.967119488
1.989848208
1.975132692
1.996355202
1.762767087
1.763515979
1.773843718
1.993425112
1.99109316
1.853855269
1.841327494
1.956021329
1.859298235
1.886918645
1.893123754
1.981266037
1.992155386
1.885763161
1.894781923
1.917263373
1.762458569
1.902193586
1.87995593
1.928243087
1.75511436
1.764863317
1.774384977
1.759259742
1.838212938
1.852513576
1.74686756
1.779964963
1.780721187
1.777382203
1.77332072
1.764052551
1.904804086
1.870563107
1.936790934
1.954275434
1.953638445
1.832212571
1.801723708
1.951045884
1.951604185
1.783650069
1.95617714
1.964858956
1.984478772
1.976990882
1.990131881
1.756628645
1.768049228
1.757149534
1.997144542
1.860497172
1.841036581
1.963013813
1.879840675
1.884848821
1.881132601
1.981208523
1.997076531
1.898737582
1.905605475
1.75130197
1.755896734
1.894136436
1.93093763
1.761640707
1.768533058
1.777229764
1.756565094
1.835611984
1.84593224
1.867033844
1.742644974
1.737461708
1.77769615
1.775508885
1.767019429
1.759374059
1.752398792
1.914618516
1.877290092
1.844561057
1.932648347
1.949904961
1.949051388
1.813266847
1.790179438
1.945366691
1.947194573
1.951744673
1.960648878
1.968520497
1.986072797
1.753330944
1.762061238
1.751882062
1.995466805
1.866990076
1.845328631
1.956507678
1.876521393
1.871576838
1.886986812
1.978007382
1.991526091
1.90267641
1.743999462
1.901619278
1.927436618
1.764365978
1.770518476
1.779019151
1.790183167
1.757917655
1.835473252
1.833525578
1.849214686
1.863540586
1.731400612
1.727082921
1.77180485
1.761299181
1.753049211
1.745700406
1.742398298
1.898287306
1.917752863
1.862758216
1.829713433
1.922658076
1.93024104
1.931496076
1.937986586
1.801603093
1.938479275
1.938505164
1.945199102
1.952632071
1.978635275
1.753130528
1.752870037
1.749874598
1.98003792
1.848168753
1.879467043
1.952225258
1.860373678
1.866133769
1.882224549
1.974027132
1.978803356
1.735318233
1.915378046
1.932514821
1.781034142
1.770765362
1.787403914
1.791369634
1.796717321
1.762309281
1.828626622
1.837215792
1.838225244
1.850146725
1.854759502
1.7739647
1.844801814
1.726763943
1.722263076
1.719120853
1.755018985
1.747181315
1.738098969
1.735748665
1.734545369
1.911883031
1.884286634
1.920268028
1.84788127
1.818928795
1.920282871
1.920394592
1.923576279
1.931460834
1.932905116
1.933301827
1.937575302
1.95811921
1.755422908
1.746277621
1.752186982
1.963857151
1.857117662
1.886652582
1.955322672
1.849080055
1.858887236
1.96743935
1.970192307
1.916956268
1.935309038
1.790620253
1.783824738
1.794249773
1.796088731
1.801652131
1.814358965
1.763929202
1.828498188
1.827495109
1.836690099
1.845201722
1.841646912
1.77189572
1.763286746
1.834391295
1.840309116
1.719551321
1.725039447
1.715721565
1.713422824
1.741708957
1.73522799
1.730041072
1.729476619
1.729241258
1.903231014
1.917311953
1.86778659
1.920962508
1.833633692
1.922039801
1.91957507
1.920697848
1.922321141
1.928829312
1.928363072
1.940335427
1.756550743
1.744746729
1.753253277
1.948556809
1.866503323
1.891710919
1.951635183
1.843939194
1.967927155
1.961289011
1.905626223
1.929039717
1.788814438
1.776415282
1.794886582
1.795660292
1.806937645
1.823969624
1.757953157
1.826030956
1.835919791
1.826918792
1.830247418
1.852023838
1.759055861
1.756581337
1.748882559
1.836094981
1.82999612
1.839449049
1.7179012
1.714951878
1.721205814
1.711306629
1.709611523
1.736057318
1.730488929
1.724682472
1.722517894
1.887382318
1.916086239
1.928300697
1.852603418
1.932875815
1.927880578
1.921148729
1.917606945
1.917781062
1.924632431
1.928713748
1.921481211
1.752640706
1.741105871
1.74507064
1.937823444
1.864353234
1.872535911
1.877384586
1.95561852
1.840543071
1.960633998
1.939426488
1.896087642
1.926428827
1.768252063
1.777041538
1.782898382
1.800590581
1.820811155
1.845890146
1.746494873
1.831353776
1.822064335
1.843555072
1.823074262
1.747138887
1.75445136
1.743996944
1.737602111
1.837724162
1.829314215
1.713573611
1.7141978
1.711680738
1.716205368
1.708139501
1.706581369
1.733738043
1.72569545
1.719152538
1.912120855
1.877802056
1.93708492
1.940904406
1.932636977
1.925411365
1.916818565
1.91505637
1.91532723
1.919037981
1.7427328
1.736881155
1.734561939
1.920620403
1.85105213
1.861876637
1.856712768
1.865209368
1.933142128
1.845690898
1.936302019
1.920625802
1.885453188
1.904777746
1.763766915
1.773017638
1.791033128
1.812097903
1.834789552
1.865235516
1.738123322
1.839450933
1.82451814
1.824185087
1.742016392
1.749481506
1.759152439
1.73713423
1.730218144
1.843660044
1.83656273
1.829744667
1.711075423
1.708285464
1.709112309
1.709260096
1.713859125
1.703836871
1.705404708
1.727283869
1.72005267
1.900246849
1.938127623
1.954755023
1.947860192
1.937335919
1.924785617
1.917153253
1.912488801
1.911679779
1.731634496
1.727261898
1.725307576
1.908110745
1.842058841
1.850117856
1.83982539
1.838379098
1.852342223
1.888709707
1.907777981
1.852672411
1.912476108
1.901774808
1.869536956
1.771180972
1.791411788
1.821138679
1.855799711
1.899469649
1.728053334
1.830576295
1.825449038
1.750230255
1.741092973
1.761102559
1.772208201
1.731806387
1.724687819
1.848492714
1.83806295
1.830546212
1.707651793
1.708687477
1.706075764
1.70496748
1.704665106
1.714425556
1.702534351
1.699778113
1.701869862
1.705281962
1.709504631
1.703183469
1.701755046
1.702902037
1.718989183
1.93844516
1.955585032
1.955966355
1.946401621
1.934768865
1.924820657
1.917259436
1.907712
1.723758787
1.719827462
1.719131598
1.896477639
1.82913766
1.830777431
1.819228364
1.82319695
1.840112125
1.867397758
1.856227539
1.884772425
1.851695204
1.88390635
1.880386763
1.789570999
1.81685653
1.854710582
1.898240113
1.933733238
1.721541082
1.831577909
1.747882657
1.760477442
1.733021928
1.774931466
1.786411732
1.725017537
1.720296179
1.844677782
1.837132616
1.833411248
1.705083823
1.705651062
1.703239526
1.712858062
1.701655086
1.700650754
1.698800846
1.699258985
1.698081737
1.700784686
1.702622044
1.709199265
1.705463391
1.701272979
1.701344564
1.699901589
1.69980832
1.714070622
1.949886126
1.949572448
1.937944344
1.929528099
1.92304496
1.917965644
1.910404423
1.718838404
1.716230765
1.714998732
1.901624731
1.881891953
1.823121483
1.834766237
1.812578331
1.805701479
1.813240966
1.836216021
1.838376134
1.849940485
1.862003256
1.843229616
1.8552018
1.853947667
1.809560037
1.846516002
1.883905358
1.913740965
1.932298436
1.717478382
1.735214149
1.752123837
1.767143937
1.725401394
1.782741472
1.806650912
1.719096228
1.716675772
1.8402466
1.836660443
1.837930936
1.703129234
1.700148563
1.697054421
1.697585961
1.698145296
1.69670026
1.838183447
1.823143713
1.707060039
1.781387266
1.700931181
1.71181703
1.702587216
1.704693447
1.698884524
1.69974365
1.697951101
1.697663813
1.71423402
1.940541311
1.930585888
1.915870731
1.90869968
1.902362261
1.907166568
1.712938519
1.711117233
1.888644634
1.864563998
1.823869879
1.83556327
1.803373806
1.795850965
1.803022846
1.819453762
1.829376193
1.839764081
1.838310111
1.834487512
1.836638767
1.836706107
1.866404218
1.901606004
1.921155578
1.920438065
1.712929336
1.725717345
1.741305171
1.76159693
1.719087696
1.803489873
1.833101852
1.713386836
1.709251872
1.838833
1.839913536
1.699004885
1.69547144
1.695829613
1.695896592
1.696389944
1.697239331
1.695692176
1.83604163
1.803804035
1.804267702
1.70975894
1.707477589
1.80115702
1.778990355
1.706760914
1.694230224
1.69505153
1.700587637
1.709676784
1.702894666
1.705819612
1.696757493
1.697676301
1.695848259
1.695143756
1.919673479
1.911105582
1.897187162
1.884462107
1.884484441
1.706331748
1.705547295
1.861763258
1.839740493
1.815532736
1.831568632
1.793974007
1.778144491
1.789950057
1.789798681
1.807916516
1.817170679
1.833954475
1.810564308
1.812094487
1.866025313
1.894252593
1.90873974
1.911764756
1.900618816
1.719600436
1.732397844
1.750390593
1.713920661
1.825016444
1.850363754
1.708585863
1.704892672
1.839630351
1.836784917
1.698603326
1.694168654
1.694094745
1.694339212
1.694732006
1.696745614
1.830620147
1.782409
1.782697471
1.706680586
1.819807256
1.795267507
1.768973635
1.703051253
1.692744167
1.693429782
1.696694827
1.694785156
1.693264899
1.703466853
1.762896284
1.72496616
1.700912361
1.702782938
1.70341332
1.701473992
1.694668645
1.693336086
1.692288803
1.692713245
1.896342505
1.890124608
1.872090923
1.861091273
1.701731256
1.83792702
1.816878845
1.797805129
1.820839527
1.777535954
1.764782574
1.771697398
1.769212798
1.785012758
1.791355345
1.823896392
1.784863697
1.786047014
1.869680019
1.884237576
1.885102823
1.892267077
1.888368084
1.878492414
1.715627317
1.739502151
1.710486677
1.846560206
1.706167455
1.702589741
1.832844856
1.824000009
1.698819239
1.692333152
1.691976223
1.692251309
1.823592229
1.761334135
1.833677468
1.804212375
1.780544773
1.756572945
1.700979554
1.691798417
1.691398137
1.692962206
1.699015023
1.697031309
1.694892342
1.691398137
1.69990284
1.751850435
1.745539981
1.719907589
1.727758038
1.691398137
1.708926759
1.691398137
1.701368555
1.699247651
1.699331816
1.697819226
1.691398137
1.692301083
1.691398137
1.691398137
1.691398137
1.870842323
1.85426474
1.845177607
1.699441142
1.818661478
1.794853413
1.802211146
1.785052863
1.765267298
1.752089437
1.758560186
1.760030212
1.767390799
1.811533134
1.760222615
1.766719804
1.867100901
1.855379644
1.863979884
1.868100806
1.873239545
1.871083121
1.853776893
1.714947059
1.734966245
1.704119144
1.700927596
1.816587161
1.80398489
1.691398137
1.691398137
1.691398137
1.691398137
1.810536823
1.742103597
1.836732333
1.811250546
1.786061344
1.765770529
1.747901525
1.691398137
1.691398137
1.692851317
1.699223154
1.697183895
1.694938641
1.697422681
1.737728819
1.747949734
1.731968589
1.722415491
1.706969576
1.710911782
1.691398137
1.691398137
1.691398137
1.691398137
1.696992465
1.697222412
1.698013793
1.695899221
1.695869827
1.691398137
1.691398137
1.691398137
1.691398137
1.691398137
1.833727717
1.826651932
1.699616653
1.80218625
1.78236622
1.769352683
1.788696531
1.770994617
1.752159691
1.741229912
1.739168794
1.746637611
1.79056995
1.740820786
1.747708074
1.844533993
1.84930739
1.845839117
1.854154128
1.860947854
1.843398495
1.716097915
1.731552975
1.702840772
1.800463557
1.790047308
1.691398137
1.691398137
1.79058384
1.727705983
1.833228207
1.811965148
1.791612119
1.774020308
1.755623376
1.742694948
1.691398137
1.691398137
1.692604783
1.695876521
1.694302737
1.696711872
1.727752609
1.733166849
1.736680043
1.722468787
1.722661488
1.706708085
1.711180013
1.691398137
1.691398137
1.691398137
1.691398137
1.694477738
1.692780219
1.695346614
1.694039681
1.698567913
1.694325454
1.691398137
1.691398137
1.691398137
1.691398137
1.809281453
1.81751953
1.701453324
1.787215228
1.770689802
1.753852361
1.773241271
1.754982355
1.742193846
1.735760503
1.72900757
1.724235399
1.766389107
1.726549363
1.72099568
1.734098261
1.827190033
1.827032178
1.83058918
1.840099059
1.836151332
1.715935286
1.722111675
1.730333505
1.738395719
1.70533964
1.779755364
1.772651634
1.691398137
1.691398137
1.768498377
1.718087278
1.810992793
1.794166722
1.780235088
1.761892244
1.747413783
1.691398137
1.691398137
1.691538476
1.691398137
1.693296789
1.692149438
1.697274051
1.729661238
1.724526693
1.732717319
1.718471052
1.710351563
1.691398137
1.691398137
1.691398137
1.691398137
1.692451634
1.692350208
1.691398137
1.693831856
1.695439404
1.696373594
1.691398137
1.691398137
1.698414536
1.736877982
1.692558009
1.700826526
1.691398137
1.691398137
1.691398137
1.691398137
1.795498078
1.8127818
1.704941524
1.77328798
1.759909545
1.742139088
1.75627953
1.745798891
1.737842394
1.737152704
1.71532151
1.74783444
1.745911302
1.718349867
1.713669423
1.72428382
1.806264731
1.809223837
1.806747852
1.812643689
1.821634875
1.715144537
1.721680177
1.729946466
1.735124387
1.740553971
1.7092299
1.756171534
1.756223453
1.691398137
1.691398137
1.713557927
1.795762628
1.790018097
1.781860665
1.765947063
1.749051595
1.691398137
1.691398137
1.691398137
1.691398137
1.691398137
1.691398137
1.740900333
1.726063814
1.717841607
1.691398137
1.691398137
1.691398137
1.691398137
1.691398137
1.691398137
1.691398137
1.692472964
1.694014635
1.700394775
1.697151053
1.691398137
1.691398137
1.703590342
1.73723358
1.751353378
1.691398137
1.734344297
1.794060859
1.691398137
1.711611971
1.748537651
1.691398137
1.801568349
1.702374634
1.732232231
1.691398137
1.707095245
1.691398137
1.691398137
1.691398137
1.782591489
1.801408354
1.711558363
1.760179092
1.748499017
1.747152756
1.741341909
1.738617198
1.746411567
1.709966367
1.742945554
1.734178563
1.712548488
1.709922163
1.717189063
1.793793286
1.788269655
1.783395267
1.715374126
1.720903991
1.726863106
1.731961712
1.73759019
1.747206115
1.691398137
1.691398137
1.713334279
1.781890991
1.776306289
1.76702069
1.752097284
1.691398137
1.691398137
1.691398137
1.691398137
1.72287432
1.691398137
1.691398137
1.691398137
1.691398137
1.692107491
1.694671568
1.706216489
1.698568908
1.691398137
1.709209424
1.737509058
1.725991548
1.754498505
1.691398137
1.72706463
1.691398137
1.707407041
1.70820839
1.70713162
1.746807783
1.691398137
1.691398137
1.785536292
1.788975595
1.703608004
1.707319946
1.724656919
1.736723503
1.722775539
1.691398137
1.692628746
1.772125613
1.782593228
1.691398137
1.691398137
1.713474513
1.691398137
1.691398137
1.691398137
1.774106794
1.71852716
1.744415424
1.761174548
1.751961535
1.741722497
1.739534169
1.741339793
1.710825827
1.70721502
1.73837125
1.73360773
1.726414715
1.706721405
1.717900259
1.710370213
1.776066758
1.774999697
1.771568998
1.772869142
1.721918958
1.726681719
1.723629386
1.730824838
1.741175295
1.691398137
1.691398137
1.691398137
1.717989357
1.770575558
1.764072701
1.753649124
1.691398137
1.691398137
1.691398137
1.691398137
1.691398137
1.691398137
1.691398137
1.691398137
1.69534422
1.711419977
1.699147965
1.691398137
1.738032193
1.727443046
1.742091321
1.749756413
1.691398137
1.704161355
1.704076649
1.703456266
1.702859204
1.743027007
1.691398137
1.691398137
1.773931492
1.773703994
1.706574914
1.701735876
1.703550796
1.709240841
1.727223945
1.734184362
1.721638109
1.719849494
1.692544092
1.761068212
1.763677551
1.769917274
1.743494692
1.756091339
1.704278216
1.759602267
1.691398137
1.691398137
1.691398137
1.715405741
1.691398137
1.691398137
1.691398137
1.76051018
1.717864169
1.733201223
1.750097172
1.736074897
1.737316317
1.717787569
1.710036613
1.705463646
1.732234108
1.726971361
1.712828862
1.723071514
1.705358456
1.767055482
1.764590672
1.758201481
1.762081644
1.719107341
1.725616013
1.721550288
1.733205603
1.742389355
1.691398137
1.691398137
1.691398137
1.750221962
1.691398137
1.691398137
1.691398137
1.691398137
1.691398137
1.691398137
1.695761549
1.711385638
1.699326675
1.691398137
1.730518198
1.73546451
1.723973356
1.737902789
1.744047319
1.691398137
1.703751346
1.700180745
1.700397836
1.699857611
1.701820163
1.73735979
1.691398137
1.691398137
1.760847722
1.761193906
1.706543151
1.701309536
1.700973141
1.721735821
1.717993258
1.717559664
1.692492748
1.751361445
1.75078291
1.762643561
1.738655074
1.749489005
1.702042521
1.757223687
1.748325248
1.705119398
1.742320313
1.691398137
1.744957085
1.697916655
1.691398137
1.691398137
1.691398137
1.691398137
1.691398137
1.691398137
1.713514725
1.691398137
1.691398137
1.691398137
1.747956957
1.714788062
1.730706466
1.724187774
1.727954606
1.732252324
1.718297439
1.714438456
1.708340479
1.717736038
1.706133778
1.711392464
1.700884521
1.757657574
1.756616708
1.749720525
1.749522132
1.717146372
1.720936081
1.727372267
1.734434334
1.739397579
1.691398137
1.691398137
1.691398137
1.691398137
1.691398137
1.691398137
1.691398137
1.691398137
1.695604148
1.71068379
1.708105025
1.698313563
1.691398137
1.728229501
1.730989565
1.732425068
1.723676935
1.736511899
1.732063111
1.736708788
1.691398137
1.704955267
1.697102963
1.696806269
1.699387986
1.701927087
1.731309209
1.691398137
1.691398137
1.747952212
1.702267625
1.698459015
1.722297231
1.71752685
1.71532219
1.715376152
1.691398137
1.692200084
1.742489586
1.740624016
1.755354046
1.733707545
1.742920299
1.698052711
1.699877108
1.749781649
1.741156751
1.706545522
1.70413693
1.736232203
1.738030566
1.738739248
1.696795453
1.695721175
1.691398137
1.691398137
1.691398137
1.691398137
1.731593411
1.718889905
1.733834854
1.691398137
1.691398137
1.691398137
1.691398137
1.691398137
1.711236617
1.709073317
1.691398137
1.691398137
1.691398137
1.734859842
1.713572059
1.726639012
1.722277547
1.71587689
1.727752512
1.722731803
1.725060514
1.719871578
1.714838522
1.709555157
1.702707389
1.698073793
1.709190799
1.750350437
1.750229717
1.743083965
1.735944777
1.717054092
1.722768993
1.728245659
1.731565097
1.734379555
1.691398137
1.691398137
1.691398137
1.691398137
1.691398137
1.691398137
1.694681129
1.691799177
1.695271851
1.691398137
1.724288656
1.72832814
1.729681143
1.72922182
1.732110332
1.728127288
1.729566076
1.70413429
1.692735696
1.693851961
1.693478365
1.7000582
1.726449727
1.691398137
1.691398137
1.697956177
1.70169469
1.699956481
1.694840132
1.714101721
1.715905957
1.712971552
1.713101932
1.691398137
1.691398137
1.732566217
1.749138382
1.726711456
1.73670206
1.696247576
1.694312232
1.743071645
1.736911453
1.706413819
1.703806448
1.728092774
1.731431564
1.731266542
1.693562651
1.695257411
1.697083919
1.691398137
1.691398137
1.691398137
1.691398137
1.691398137
1.691398137
1.723491147
1.724725245
1.71922465
1.71595959
1.7257789
1.691398137
1.724147841
1.725573045
1.728417755
1.718703163
1.726211398
1.736097248
1.692089007
1.697160152
1.710829511
1.724964352
1.716443523
1.691398137
1.691398137
1.691398137
1.691398137
1.708656961
1.711372631
1.691398137
1.691398137
1.691398137
1.723332537
1.723595335
1.714849188
1.71594144
1.713040501
1.7042781
1.722991589
1.72033844
1.720043443
1.715132983
1.709460393
1.69339917
1.6986739
1.691398137
1.743422298
1.745976971
1.739968958
1.719229982
1.723240779
1.726320929
1.72974083
1.733002988
1.691398137
1.691398137
1.691398137
1.691398137
1.691398137
1.691398137
1.691398137
1.723380787
1.727677633
1.72772082
1.725840861
1.724019646
1.724503306
1.722962308
1.70385891
1.691398137
1.691398137
1.691398137
1.691398137
1.699172157
1.722442369
1.691398137
1.691398137
1.693896172
1.699194512
1.700907984
1.691398137
1.71160621
1.713214596
1.710589477
1.691398137
1.691398137
1.722637149
1.742808408
1.71306114
1.728361583
1.692196527
1.691398137
1.738195359
1.707004365
1.704082758
1.715064774
1.691398137
1.693552868
1.694870804
1.691398137
1.691398137
1.691398137
1.691398137
1.691398137
1.691398137
1.714883348
1.70998888
1.71317354
1.71700547
1.713293028
1.719148751
1.718709646
1.723123739
1.705237465
1.725389476
1.733143975
1.691398137
1.693912682
1.695838511
1.708829603
1.709574698
1.717164034
1.713727028
1.716937721
1.691398137
1.728800852
1.713157343
1.691398137
1.691398137
1.691398137
1.691398137
1.691398137
1.691398137
1.710099895
1.713350443
1.691398137
1.691398137
1.691398137
1.709623064
1.716446939
1.699189178
1.691398137
1.718109196
1.719361695
1.714157833
1.70991749
1.691398137
1.691398137
1.738911434
1.74010195
1.735806731
1.719163657
1.72211477
1.725471866
1.729531317
1.734378023
1.691398137
1.691398137
1.691398137
1.691398137
1.691398137
1.722043331
1.725928693
1.72493498
1.722216074
1.718364077
1.719133832
1.719446839
1.718088905
1.706109566
1.70219993
1.691398137
1.691398137
1.691398137
1.691398137
1.696160134
1.697951714
1.719052364
1.691398137
1.691398137
1.691398137
1.697581993
1.702049529
1.698961867
1.691398137
1.691398137
1.710569246
1.707899964
1.691398137
1.691398137
1.708140267
1.738132049
1.691398137
1.700452166
1.724267029
1.691398137
1.705414085
1.708351115
1.691398137
1.691798585
1.691398137
1.691398137
1.691398137
1.691398137
1.691398137
1.698482079
1.698972528
1.691398137
1.703262913
1.693287427
1.709353723
1.710864348
1.709590349
1.715121146
1.712026483
1.710275247
1.691984781
1.723584337
1.730171395
1.691398137
1.693373529
1.707587899
1.706879765
1.707927402
1.705913872
1.714376207
1.711321376
1.691398137
1.725614262
1.698686067
1.691398137
1.691398137
1.691398137
1.691398137
1.691398137
1.691398137
1.696232483
1.691398137
1.691398137
1.708974626
1.723877019
1.717252609
1.700142152
1.696862592
1.696593533
1.696410691
1.691398137
1.691398137
1.711072317
1.71472142
1.691398137
1.691398137
1.691398137
1.691398137
1.691398137
1.691398137
1.713730181
1.719563531
1.714334809
1.711670526
1.708903971
1.691398137
1.691398137
1.735171764
1.734938564
1.73115886
1.718067868
1.721835696
1.727854168
1.731373817
1.691398137
1.691398137
1.691398137
1.691398137
1.691398137
1.721430184
1.723573766
1.721215124
1.718385202
1.714027226
1.714933482
1.715157296
1.713872881
1.705532823
1.702012296
1.691398137
1.691398137
1.691398137
1.691398137
1.691680006
1.71497308
1.691398137
1.691398137
1.691398137
1.694962813
1.703529992
1.700076527
1.691398137
1.691398137
1.707552588
1.704766035
1.705998273
1.691398137
1.691398137
1.693455889
1.691398137
1.734091792
1.691398137
1.691398137
1.724017325
1.718186968
1.706792338
1.691398137
1.691398137
1.691398137
1.691398137
1.691398137
1.691398137
1.691398137
1.691398137
1.691398137
1.691398137
1.691398137
1.691398137
1.701909545
1.696089158
1.704614134
1.707711029
1.725758592
1.691398137
1.691398137
1.691649201
1.705225731
1.704870884
1.704721094
1.693862303
1.712143857
1.707997654
1.709745158
1.691398137
1.691398137
1.724694873
1.691398137
1.691398137
1.691398137
1.691398137
1.691398137
1.692856024
1.706278651
1.722235075
1.717022115
1.693625546
1.691398137
1.691538674
1.698005963
1.69381237
1.695633508
1.699884306
1.691398137
1.691398137
1.710140523
1.691398137
1.721658843
1.691398137
1.710534953
1.713950504
1.691398137
1.691398137
1.691398137
1.691398137
1.709984277
1.7102127
1.718830461
1.71429657
1.711153586
1.708204237
1.691398137
1.691398137
1.731684492
1.730491337
1.730786728
1.727182202
1.717953726
1.726584286
1.728971638
1.691398137
1.691398137
1.691398137
1.691398137
1.719622999
1.721441074
1.719323291
1.717127385
1.714112449
1.710446738
1.710294
1.711318421
1.710851005
1.704451171
1.700970039
1.691398137
1.691398137
1.691398137
1.691398137
1.691398137
1.710657163
1.691398137
1.691398137
1.691398137
1.691398137
1.691398137
1.702013351
1.691398137
1.702655312
1.7030886
1.701384081
1.691398137
1.691398137
1.691398137
1.691398137
1.730170586
1.691398137
1.691398137
1.691398137
1.71884044
1.712694331
1.705902197
1.691398137
1.691398137
1.691398137
1.691398137
1.691398137
1.691398137
1.691398137
1.691398137
1.691398137
1.691398137
1.691398137
1.691398137
1.691398137
1.693939379
1.702232383
1.721980816
1.691398137
1.691398137
1.701214108
1.702918386
1.7041375
1.706051134
1.707169811
1.691398137
1.691398137
1.72398016
1.691398137
1.691398137
1.691398137
1.691398137
1.691398137
1.691398137
1.720224354
1.71619127
1.691398137
1.691398137
1.691398137
1.691398137
1.692622196
1.696976607
1.695408562
1.691398137
1.691398137
1.706859968
1.707405328
1.691398137
1.721013655
1.723547229
1.691398137
1.691398137
1.691398137
1.712772353
1.691398137
1.709623369
1.713399907
1.691398137
1.691398137
1.691398137
1.705928223
1.717334661
1.712432576
1.707880496
1.704765003
1.691398137
1.691398137
1.727309645
1.728613407
1.726381798
1.726591707
1.717231922
1.725103684
1.691398137
1.691398137
1.691398137
1.691398137
1.691398137
1.718260764
1.716923808
1.714881873
1.70951963
1.706421201
1.706777477
1.707019108
1.707526873
1.700255759
1.691398137
1.691398137
1.691398137
1.691398137
1.691398137
1.691398137
1.705968217
1.691398137
1.691398137
1.691398137
1.691398137
1.691398137
1.691398137
1.701025905
1.698289799
1.699404469
1.700027683
1.700197575
1.698201604
1.691398137
1.691398137
1.691398137
1.691398137
1.691398137
1.725922113
1.691398137
1.691398137
1.691398137
1.709693958
1.714163795
1.704958434
1.691398137
1.691398137
1.691398137
1.691398137
1.691398137
1.691398137
1.691398137
1.691398137
1.691398137
1.691398137
1.691398137
1.691398137
1.697398596
1.717672769
1.691398137
1.697758883
1.700755851
1.703128375
1.691398137
1.722240923
1.691398137
1.691398137
1.691398137
1.691398137
1.691398137
1.714713137
1.691398137
1.691398137
1.691398137
1.691398137
1.691398137
1.694959477
1.694273632
1.691398137
1.691398137
1.7044614
1.70333384
1.691398137
1.719248427
1.720109954
1.691398137
1.691398137
1.691398137
1.691398137
1.707687088
1.709956271
1.703388449
1.691398137
1.707611384
1.691398137
1.711629875
1.691398137
1.691398137
1.708365325
1.712817903
1.691398137
1.691398137
1.691398137
1.700944468
1.713349341
1.706416959
1.700936494
1.691398137
1.691398137
1.72293481
1.724527497
1.721610848
1.721830053
1.71578417
1.720815121
1.691398137
1.691398137
1.691398137
1.691398137
1.714306383
1.710753085
1.704082608
1.703154053
1.703304136
1.703557037
1.702595258
1.694789817
1.691398137
1.691398137
1.691398137
1.691398137
1.691398137
1.691398137
1.701184268
1.691398137
1.691398137
1.691398137
1.691398137
1.691398137
1.691398137
1.698567567
1.696069677
1.695412165
1.696753941
1.697093493
1.695874463
1.691398137
1.691398137
1.691398137
1.691398137
1.691398137
1.691398137
1.691398137
1.720830361
1.691398137
1.691398137
1.691398137
1.701193361
1.708682736
1.700785688
1.691398137
1.691398137
1.691398137
1.691398137
1.691398137
1.691398137
1.691398137
1.691398137
1.691398137
1.712615601
1.695557199
1.698814003
1.696718372
1.718050532
1.691398137
1.691398137
1.691398137
1.691398137
1.691398137
1.71039239
1.691398137
1.691398137
1.691398137
1.691398137
1.691398137
1.691398137
1.691398137
1.691398137
1.700833339
1.700688226
1.691398137
1.714857264
1.714399135
1.691398137
1.691398137
1.691398137
1.691398137
1.702108021
1.704084017
1.705780908
1.700090904
1.691398137
1.703386026
1.701505914
1.691398137
1.691398137
1.691398137
1.691398137
1.699387957
1.691398137
1.703733571
1.710193591
1.691398137
1.691398137
1.691398137
1.698135845
1.697233136
1.705988724
1.705824545
1.708181166
1.698070127
1.698130652
1.691526818
1.692691115
1.691398137
1.691398137
1.717718041
1.719280151
1.715834463
1.715790406
1.715735408
1.691398137
1.691398137
1.691398137
1.703080489
1.698488395
1.699350005
1.699695836
1.69986333
1.698583241
1.691398137
1.691398137
1.691398137
1.691398137
1.697512321
1.691398137
1.691398137
1.691398137
1.691398137
1.691398137
1.69140201
1.694083608
1.694584125
1.693734474
1.694349903
1.694287123
1.69406526
1.691398137
1.691398137
1.691398137
1.691398137
1.691398137
1.691398137
1.712931802
1.691398137
1.691398137
1.691398137
1.694043487
1.691398137
1.702438699
1.695291613
1.691398137
1.691398137
1.691398137
1.691398137
1.691398137
1.691398137
1.691398137
1.691398137
1.691398137
1.702574634
1.695458371
1.711650229
1.691398137
1.691398137
1.691398137
1.691398137
1.691398137
1.691398137
1.691398137
1.691398137
1.691398137
1.691398137
1.691398137
1.697874471
1.707873212
1.691398137
1.691398137
1.691398137
1.697819289
1.699084257
1.700360685
1.696976231
1.691398137
1.69874887
1.697365056
1.691398137
1.691398137
1.691398137
1.691398137
1.697229081
1.696406612
1.691398137
1.691398137
1.692753319
1.691398137
1.691398137
1.691398137
1.69864051
1.702905137
1.691398137
1.691398137
1.691398137
1.695430684
1.69944972
1.699645146
1.69371118
1.692807274
1.691398137
1.691398137
1.691398137
1.691398137
1.691398137
1.710360471
1.711886346
1.706378614
1.691398137
1.691398137
1.691398137
1.697410561
1.695922869
1.695259627
1.696669085
1.695349792
1.691398137
1.691398137
1.691398137
1.691398137
1.691398137
1.691398137
1.691398137
1.691398137
1.692881922
1.692918822
1.69236857
1.692291882
1.693595703
1.692520672
1.691398137
1.691398137
1.691398137
1.691398137
1.691398137
1.691398137
1.701428923
1.697849715
1.691398137
1.691398137
1.691398137
1.691398137
1.691398137
1.691398137
1.691398137
1.691398137
1.691398137
1.691398137
1.691398137
1.691398137
1.691398137
1.691398137
1.691398137
1.691398137
1.691398137
1.693795992
1.700412137
1.691398137
1.691398137
1.691398137
1.691398137
1.691398137
1.691398137
1.691398137
1.691398137
1.691398137
1.691398137
1.691398137
1.696201353
1.695314265
1.696499558
1.694863894
1.694190177
1.693619435
1.691398137
1.691398137
1.694884376
1.695552891
1.694228947
1.691398137
1.691746093
1.691398137
1.691398137
1.691398137
1.691398137
1.691398137
1.691398137
1.691398137
1.691398137
1.691398137
1.691398137
1.691398137
1.691398137
1.691398137
1.691398137
1.693053288
1.694867554
1.694560375
1.691398137
1.691398137
1.691398137
1.691398137
1.691398137
1.691398137
1.691398137
1.694789372
1.691398137
1.691398137
1.691398137
1.691398137
1.691398137
1.691398137
1.69423657
1.693489839
1.693879648
1.693705857
1.693922699
1.692715682
1.691398137
1.691398137
1.691398137
1.691398137
1.691398137
1.691398137
1.691398137
1.691398137
1.691723872
1.691398137
1.691398137
1.691398137
1.691398137
1.691398137
1.691398137
1.691398137
1.691398137
1.691398137
1.691398137
1.691398137
1.691398137
1.691398137
1.691398137
1.691398137
1.691398137
1.691398137
1.691398137
1.691398137
1.691398137
1.691398137
1.691398137
1.691398137
1.691398137
1.691398137
1.691398137
1.691398137
1.691398137
1.691398137
1.691398137
1.691398137
1.691398137
1.693494623
1.693456651
1.691398137
1.691398137
1.691398137
1.693162371
1.691398137
1.691398137
1.691398137
1.691398137
1.691398137
1.691398137
1.691398137
1.691398137
1.691398137
1.691398137
1.691398137
1.691398137
1.691398137
1.691398137
1.691398137
1.691398137
1.691398137
1.691398137
1.691398137
1.691398137
1.691398137
1.691398137
1.691398137
1.692081603
1.691398137
1.691537801
1.692052509
1.691398137
1.691398137
1.691398137
1.691398137
1.691398137
1.691398137
1.691398137
1.691398137
1.691398137
1.691398137
1.691398137
1.69183775
1.692158745
1.691581102
1.692090337
1.691743574
1.691469106
1.691398137
1.691398137
1.691398137
1.691398137
1.691398137
1.691398137
1.691398137
1.691398137
1.691398137
1.691398137
1.691398137
1.691398137
1.691398137
1.691398137
1.691398137
1.691398137
1.691398137
1.691398137
1.691398137
1.691398137
1.691398137
1.691398137
1.691398137
1.691398137
1.691398137
1.691398137
1.691398137
1.691398137
1.691398137
1.691398137
1.691398137
1.691398137
1.691448958
1.691398137
1.691398137
1.691398137
1.691398137
1.691398137
1.691398137
1.691398137
1.691398137
1.691398137
1.691398137
1.691398137
1.691398137
1.691398137
1.691398137
1.691398137
1.691398137
1.691398137
1.691398137
1.691398137
1.691398137
1.691398137
1.691398137
1.691398137
1.691398137
1.691398137
1.691398137
1.691398137
1.691398137
1.691398137
1.691398137
1.691398137
1.691398137
1.691398137
1.691398137
1.691398137
1.691398137
1.691398137
1.691398137
1.691398137
1.691398137
1.691398137
1.691398137
1.691398137
1.691398137
1.691398137
1.691398137
1.691398137
1.691398137
1.691398137
1.691398137
1.691398137
1.691398137
1.691398137
1.691398137
1.691398137
1.691398137
1.691398137
1.691398137
1.691398137
1.691398137
1.691398137
1.691398137
1.691398137
1.691398137
1.691398137
1.691398137
1.691398137
1.691398137
1.691398137
1.691398137
1.691398137
1.691398137
1.691398137
1.691398137
1.691398137
1.691398137
1.691398137
1.691398137
1.691398137
1.691398137
1.691398137
1.691398137
1.691398137
1.691398137
1.691398137
1.691398137
1.691398137
1.691398137
1.691398137
1.691398137
1.691398137
1.691398137
1.691398137
1.691398137
1.691398137
1.691398137
1.691398137
1.691398137
1.691398137
1.691398137
1.691398137
1.691398137
1.691398137
1.691398137
1.691398137
1.691398137
1.691398137
1.691398137
1.691398137
1.691398137
1.691398137
1.691398137
1.691398137
1.691398137
1.691398137
1.691398137
1.691398137
1.691398137
1.691398137
1.691398137
1.691398137
1.691398137
1.691398137
1.691398137
1.691398137
1.691398137
1.691398137
1.691398137
1.691398137
1.691398137
1.691398137
1.691398137
1.691398137
1.691398137
1.691398137
1.691398137
1.691398137
1.691398137
1.691398137
1.691398137
1.691398137
1.691398137
1.691398137
1.691398137
1.691398137
1.691398137
1.691398137
1.691398137
1.691398137
1.691398137
1.691398137
1.691398137
1.691398137
1.691398137
1.691398137
1.691398137
1.691398137
1.691398137
1.691398137
1.691398137
1.691398137
1.691398137
1.691398137
1.691398137
1.691398137
1.691398137
1.691398137
1.691398137
1.691398137
1.691398137
1.691398137
1.691398137
1.691398137
1.691398137
1.691398137
1.691398137
1.691398137
1.691398137
1.691398137
1.691398137
1.691398137
1.691398137
1.691398137
1.691398137
1.691398137
1.691398137
1.691398137
1.691398137
1.691398137
1.691398137
1.691398137
1.691398137
1.691398137
1.691398137
1.691398137
1.691398137
1.691398137
1.691398137
1.691398137
1.691398137
1.691398137
1.691398137
1.691398137
1.691398137
1.691398137
1.691398137
1.691398137
1.691398137
1.691398137
1.691398137
1.691398137
1.691398137
1.691398137
1.691398137
1.691398137
1.691398137
1.691398137
1.691398137
1.691398137
1.691398137
1.691398137
1.691398137
1.691398137
1.691398137
1.691398137
1.691398137
1.691398137
1.691398137
1.691398137
1.691398137
1.691398137
1.691398137
1.691398137
1.691398137
1.691398137
1.691398137
1.691398137
1.691398137
1.691398137
1.691398137
1.691398137
1.691398137
1.691398137
1.691398137
1.691398137
1.691398137
1.691398137
1.691398137
1.691398137
1.691398137
1.691398137
1.691398137
1.691398137
1.691398137
1.691398137
1.691398137
1.691398137
1.691398137
1.691398137
1.691398137
1.691398137
1.691398137
1.691398137
1.691398137
1.691398137
1.691398137
1.691398137
1.691398137
1.691398137
1.691398137
1.691398137
1.691398137
1.691398137
1.691398137
1.691398137
1.691398137
1.691398137
1.691398137
1.691398137
1.691398137
1.691398137
1.691398137
1.691398137
1.691398137
1.691398137
1.691398137
1.691398137
1.691398137
1.691398137
1.691398137
1.691398137
1.691398137
1.691398137
1.691398137
1.691398137
1.691398137
1.691398137
1.691398137
1.691398137
1.691398137
1.691398137
1.691398137
1.691398137
1.691398137
1.691398137
1.691398137
1.691398137
1.691398137
1.691398137
1.691398137
1.691398137
1.691398137
1.691398137
1.691398137
1.691398137
1.691398137
1.691398137
1.691398137
1.691398137
1.691398137
1.691398137
1.691398137
1.691398137
1.691398137
1.691398137
1.691398137
1.691398137
1.691398137
1.691398137
1.691398137
1.691398137
1.691398137
1.691398137
1.691398137
1.691398137
1.691398137
1.691398137
1.691398137
1.691398137
1.691398137
1.691398137
1.691398137
1.691398137
1.691398137
1.691398137
1.691398137
1.691398137
1.691398137
1.691398137
1.691398137
1.691398137
1.691398137
1.691398137
1.691398137
1.691398137
1.691398137
1.691398137
1.691398137
1.691398137
1.691398137
1.691398137
1.691398137
1.691398137
1.691398137
1.691398137
1.691398137
1.691398137
1.691398137
1.691398137
1.691398137
1.691398137
1.691398137
1.691398137
1.691398137
1.691398137
1.691398137
1.691398137
1.691398137
1.691398137
1.691398137
1.691398137
1.691398137
1.691398137
1.691398137
1.691398137
1.691398137
1.691398137
1.691398137
1.691398137
1.691398137
1.691398137
1.691398137
1.691398137
1.691398137
1.691398137
1.691398137
1.691398137
1.691398137
1.691398137
1.691398137
1.691398137
1.691398137
1.691398137
1.691398137
1.691398137
1.691398137
1.691398137
1.691398137
1.691398137
1.691398137
1.691398137
1.691398137
1.691398137
1.691398137
1.691398137
1.691398137
1.691398137
1.691398137
1.691398137
1.691398137
1.691398137
1.691398137
1.691398137
1.691398137
1.691398137
1.691398137
1.691398137
1.691398137
1.691398137
1.691398137
1.691398137
1.691398137
1.691398137
1.691398137
1.691398137
1.691398137
1.691398137
1.691398137
1.691398137
1.691398137
1.691398137
1.691398137
1.691398137
1.691398137
1.691398137
1.691398137
1.691398137
1.691398137
1.691398137
1.691398137
1.691398137
1.691398137
1.691398137
1.691398137
1.691398137
1.691398137
1.691398137
1.691398137
1.691398137
1.691398137
1.691398137
1.691398137
1.691398137
1.691398137
1.691398137
1.691398137
1.691398137
1.691398137
1.691398137
1.691398137
1.691398137
1.691398137
1.691398137
1.691398137
1.691398137
1.691398137
1.691398137
1.691398137
1.691398137
1.691398137
1.691398137
1.691398137
1.691398137
1.691398137
1.691398137
1.691398137
1.691398137
1.691398137
1.691398137
1.691398137
1.691398137
1.691398137
1.691398137
1.691398137
1.691398137
1.691398137
1.691398137
1.691398137
1.691398137
1.691398137
1.691398137
1.691398137
1.691398137
1.691398137
1.691398137
1.691398137
1.691398137
1.691398137
1.691398137
1.691398137
1.691398137
1.691398137
1.691398137
1.691398137
1.691398137
1.691398137
1.691398137
1.691398137
1.691398137
1.691398137
1.691398137
1.691398137
1.691398137
1.691398137
1.691398137
1.691398137
1.691398137
1.691398137
1.691398137
1.691398137
1.691398137
1.691398137
1.691398137
1.691398137
1.691398137
1.691398137
1.691398137
1.691398137
1.691398137
1.691398137
1.691398137
1.691398137
1.691398137
1.691398137
1.691398137
1.691398137
1.691398137
1.691398137
1.691398137
1.691398137
1.691398137
1.691398137
1.691398137
1.691398137
1.691398137
1.691398137
1.691398137
1.691398137
1.691398137
1.691398137
1.691398137
1.691398137
1.691398137
1.691398137
1.691398137
1.691398137
1.691398137
1.691398137
1.691398137
1.691398137
1.691398137
1.691398137
1.691398137
1.691398137
1.691398137
1.691398137
1.691398137
1.691398137
1.691398137
1.691398137
1.691398137
1.691398137
1.691398137
1.691398137
1.691398137
1.691398137
1.691398137
1.691398137
1.691398137
1.691398137
1.691398137
1.691398137
1.691398137
1.691398137
1.691398137
1.691398137
1.691398137
1.691398137
1.691398137
1.691398137
1.691398137
1.691398137
1.691398137
1.691398137
1.691398137
1.691398137
1.691398137
1.691398137
1.691398137
1.691398137
1.691398137
1.691398137
1.691398137
1.691398137
1.691398137
1.691398137
1.691398137
1.691398137
1.691398137
1.691398137
1.691398137
1.691398137
1.691398137
1.691398137
1.691398137
1.691398137
1.691398137
1.691398137
1.691398137
1.691398136
1.691398136
1.691398137
1.691398136
1.691398137
1.691398136
1.691398136
1.691398137
1.691398137
1.691398137
1.691398137
1.691398137
1.691398137
1.691398137
1.691398137
1.691398137
1.691398137
1.691398137
1.691398137
1.691398137
1.691398137
1.691398137
1.691398137
1.691398137
1.691398136
1.691398137
1.691398137
1.691398137
1.691398137
1.691398136
1.691398136
1.691398137
1.691398137
1.691398137
1.691398137
1.691398137
1.691398137
1.691398137
1.691398137
1.691398137
1.691398137
1.691398137
1.691398137
1.691398137
1.691398137
1.691398137
1.691398137
1.691398137
1.691398137
1.691398137
1.691398136
1.691398136
1.691398136
1.691398136
1.691398136
1.691398136
1.691398136
1.691398136
1.691398136
1.691398136
1.691398136
1.691398136
1.691398136
1.691398136
1.691398136
1.691398136
1.691398136
1.691398137
1.691398137
1.691398137
1.691398137
1.691398137
1.691398137
1.691398137
1.691398137
1.691398137
1.691398136
1.691398136
1.691398137
1.691398137
1.691398136
1.691398136
1.691398137
1.691398136
1.691398136
1.691398136
1.691398137
1.691398137
1.691398137
1.691398137
1.691398137
1.691398137
1.691398137
1.691398137
1.691398137
1.691398137
1.691398137
1.691398137
1.691398137
1.691398137
1.691398137
1.691398137
1.691398137
1.691398135
1.691398135
1.691398135
1.691398135
1.691398135
1.691398134
1.691398135
1.691398135
1.691398134
1.691398135
1.691398135
1.691398135
1.691398135
1.691398135
1.691398135
1.691398135
1.691398136
1.691398137
1.691398137
1.691398137
1.691398137
1.691398137
1.691398137
1.691398137
1.691398137
1.691398136
1.691398134
1.691398134
1.691398134
1.691398137
1.691398136
1.691398136
1.691398136
1.691398136
1.691398135
1.691398136
1.691398134
1.691398134
1.691398133
1.691398137
1.691398137
1.691398137
1.691398137
1.691398137
1.691398137
1.691398137
1.691398136
1.691398137
1.691398137
1.691398137
1.691398137
1.691398137
1.691398137
1.691398137
1.691398132
1.691398132
1.691398131
1.691398132
1.691398131
1.69139813
1.691398131
1.69139813
1.691398132
1.691398131
1.691398131
1.691398132
1.691398131
1.691398132
1.691398132
1.691398137
1.691398137
1.691398137
1.691398137
1.691398137
1.691398137
1.691398137
1.691398134
1.691398128
1.691398128
1.691398128
1.691398123
1.691398137
1.691398135
1.691398135
1.691398136
1.691398134
1.691398134
1.691398133
1.691398136
1.69139813
1.69139813
1.691398127
1.691398136
1.691398136
1.691398137
1.691398137
1.691398137
1.691398137
1.691398137
1.691398134
1.691398137
1.691398137
1.691398137
1.691398137
1.691398137
1.691398137
1.691398125
1.691398122
1.691398124
1.691398121
1.691398118
1.691398121
1.691398119
1.691398124
1.691398122
1.69139812
1.691398123
1.691398123
1.691398123
1.691398137
1.691398137
1.691398137
1.691398137
1.691398137
1.691398137
1.691398137
1.69139813
1.691398112
1.691398117
1.691398111
1.691398099
1.691398097
1.691398137
1.691398134
1.691398132
1.691398131
1.691398135
1.691398129
1.691398129
1.691398125
1.691398135
1.69139812
1.691398119
1.691398114
1.691398136
1.691398137
1.691398137
1.691398137
1.691398136
1.691398137
1.69139813
1.691398137
1.691398137
1.691398137
1.691398137
1.691398137
1.691398106
1.691398098
1.691398103
1.691398095
1.691398086
1.691398095
1.691398089
1.691398101
1.691398097
1.69139809
1.691398101
1.691398098
1.691398137
1.691398137
1.691398137
1.691398137
1.691398137
1.691398137
1.691398081
1.691398069
1.691398096
1.691398038
1.69139803
1.691398033
1.691398137
1.691398137
1.691398129
1.691398132
1.691398123
1.691398123
1.691398133
1.691398115
1.691398115
1.691398106
1.691398135
1.691398093
1.691398093
1.691398078
1.691398136
1.691398136
1.691398136
1.691398137
1.691398137
1.691398137
1.691398114
1.691398137
1.691398137
1.691398137
1.691398137
1.691398058
1.691398039
1.691398049
1.691398029
1.691398027
1.691398015
1.691398041
1.691398028
1.69139801
1.691398037
1.691398137
1.691398137
1.691398137
1.691398137
1.691398137
1.691398004
1.691397976
1.69139789
1.691398031
1.691397865
1.691397854
1.691397876
1.691398137
1.691398137
1.691398137
1.691398123
1.691398113
1.691398126
1.691398102
1.691398131
1.691398084
1.691398081
1.691398057
1.691398134
1.691398024
1.691398024
1.691397987
1.691398135
1.691398136
1.691398136
1.691398137
1.691398137
1.691398137
1.691398066
1.691398137
1.691398137
1.691398137
1.691397938
1.691397895
1.691397918
1.691397895
1.691397856
1.691397829
1.691397884
1.691397833
1.691397789
1.691398137
1.691398137
1.691398137
1.691398137
1.691397751
1.69139782
1.691397551
1.691397474
1.691397882
1.691397432
1.691397421
1.691398137
1.691398137
1.691398137
1.691398137
1.691398099
1.691398107
1.691398079
1.69139812
1.691398046
1.691398128
1.691398004
1.691397993
1.691397924
1.691398132
1.691397841
1.691397858
1.691397752
1.691398134
1.691398135
1.691398136
1.691398137
1.691398137
1.691397929
1.691398137
1.691398137
1.691397648
1.691397545
1.691397615
1.691397536
1.691397431
1.691397362
1.691397462
1.691397244
1.691398137
1.691398137
1.691398137
1.691396774
1.691397269
1.691397377
1.691396602
1.691396477
1.691397529
1.69139636
1.691395998
1.691398137
1.691398137
1.691398137
1.691398137
1.691398137
1.69139753
1.691398043
1.691398061
1.691398094
1.691397992
1.691398114
1.691397909
1.691398125
1.691397804
1.691397756
1.691397502
1.691398129
1.69139745
1.691397224
1.691398133
1.691398135
1.691398136
1.691398136
1.691398137
1.691397679
1.691398137
1.691396959
1.691396712
1.691396858
1.691396661
1.691396395
1.69139624
1.691396495
1.691398137
1.691398137
1.691395999
1.691394554
1.69139464
1.691396351
1.691394347
1.691393995
1.691396667
1.691393102
1.691394267
1.691398137
1.691398137
1.691398137
1.691398137
1.691398137
1.691398137
1.691397905
1.69139795
1.691398029
1.691398081
1.691397778
1.69139811
1.691397576
1.691397332
1.691397224
1.69139659
1.691398128
1.691398117
1.691396435
1.691395954
1.691398133
1.691398135
1.691398136
1.691398136
1.691395695
1.691396854
1.691398137
1.691395324
1.691394635
1.691395105
1.691394439
1.691393958
1.691393651
1.691398137
1.691391082
1.691393367
1.691389955
1.69138967
1.691394352
1.691388909
1.69138696
1.691389189
1.691387885
1.691398136
1.691398137
1.691398137
1.691398137
1.691398137
1.691398137
1.691390756
1.691397667
1.691397581
1.691397872
1.691397997
1.691398065
1.691397248
1.691398089
1.691396801
1.691396235
1.691395979
1.691394442
1.691398113
1.691398127
1.691394084
1.691392999
1.691398132
1.691398134
1.691398136
1.69139288
1.69139492
1.691398137
1.691391573
1.691390855
1.691389308
1.691389554
1.691388483
1.691398136
1.691381267
1.691383685
1.691388231
1.691379927
1.69137839
1.691374292
1.691378526
1.69137527
1.6913767
1.691398136
1.691398137
1.691398137
1.691398137
1.691398137
1.691398136
1.691378551
1.691383356
1.691398136
1.69139705
1.691396901
1.691397519
1.691397799
1.691397957
1.691398017
1.691396127
1.691398077
1.691395048
1.691393717
1.691393047
1.691389595
1.69139811
1.691398125
1.691388698
1.691386152
1.69139813
1.691398134
1.691387172
1.691390512
1.691398137
1.691382299
1.691379234
1.691380785
1.69137882
1.691398136
1.691361233
1.691364369
1.691369521
1.691357738
1.691348103
1.691352881
1.691354961
1.69135218
1.69134312
1.69135623
1.691398134
1.691398133
1.691398137
1.691398137
1.691398137
1.691398136
1.691344687
1.69136043
1.691369591
1.691398136
1.691398136
1.691396666
1.69139572
1.691395136
1.691397334
1.691397702
1.691397846
1.691397988
1.691393532
1.691398069
1.691391102
1.691387867
1.691386306
1.691378715
1.691398106
1.691398119
1.69137666
1.691370783
1.691398129
1.691376455
1.691380938
1.691398137
1.691363021
1.691356827
1.691359728
1.691398134
1.69131805
1.691325642
1.691332831
1.691297672
1.691301402
1.691305587
1.691289293
1.691297101
1.691309366
1.691316804
1.69139813
1.691398126
1.691398137
1.691398137
1.691398134
1.691287235
1.691299295
1.691327671
1.691343897
1.691398136
1.691398135
1.691398134
1.691394761
1.691396253
1.691392711
1.691391345
1.691397101
1.691397446
1.691397774
1.691397968
1.691387897
1.69139806
1.691382797
1.691374701
1.691374837
1.691367116
1.69135341
1.69139809
1.691398115
1.691350851
1.691338553
1.691354492
1.691356208
1.691364309
1.691398137
1.691322891
1.691310908
1.69139813
1.691205592
1.691245841
1.691260925
1.691207289
1.691214425
1.691183138
1.691197015
1.691215926
1.691231726
1.691223587
1.69139812
1.69139811
1.691398137
1.69139813
1.691199178
1.691186203
1.691218111
1.691269077
1.691295686
1.691398135
1.691398136
1.691398133
1.69139813
1.691107384
1.69139059
1.691393837
1.691395719
1.691386189
1.691383173
1.691396458
1.691397276
1.691397716
1.691397945
1.691375599
1.691398019
1.691363495
1.691348507
1.691344649
1.691325924
1.691301597
1.691398081
1.691297674
1.691272794
1.691307139
1.69127757
1.691321359
1.691398137
1.691243022
1.691398119
1.691040758
1.691040642
1.691114032
1.691051615
1.690992867
1.691013025
1.691044089
1.691070829
1.691052452
1.691107669
1.691398096
1.691398071
1.691398136
1.691398119
1.691040616
1.691011129
1.690898569
1.691079963
1.691169333
1.691210025
1.691398133
1.691398135
1.691398127
1.691398119
1.690855315
1.691398097
1.69138853
1.691381594
1.691392652
1.691394193
1.691372465
1.691365483
1.691395936
1.691396973
1.691397701
1.691397281
1.69139785
1.691348888
1.691397997
1.691323678
1.691292701
1.691284087
1.691245228
1.69119937
1.691192991
1.691142383
1.691170697
1.691159117
1.69125583
1.691398136
1.691398093
1.690750392
1.690753312
1.690767931
1.690678963
1.690690365
1.690735595
1.690780018
1.690738196
1.690828362
1.690927413
1.691398037
1.691397974
1.691398093
1.690781696
1.690721404
1.690536414
1.690458116
1.690847923
1.69099248
1.691030408
1.691398127
1.691398134
1.691398114
1.690252035
1.691398081
1.691398048
1.69139804
1.690891673
1.691385951
1.691376694
1.691363242
1.691389259
1.691393054
1.691341888
1.691328182
1.69139534
1.691396157
1.691397109
1.691397456
1.6913978
1.691293894
1.691243284
1.691182935
1.691166129
1.69109098
1.691004647
1.691001777
1.690977646
1.690822866
1.691022202
1.691129553
1.691398135
1.691398028
1.69026659
1.690293014
1.690134818
1.690222342
1.690203143
1.690278763
1.690194175
1.690336031
1.690493335
1.690469437
1.691397883
1.69139774
1.691398
1.690253765
1.690362686
1.689902431
1.689847822
1.689464202
1.690466432
1.690679035
1.691398114
1.691398129
1.689469134
1.691397996
1.69139808
1.691397921
1.691397897
1.690615819
1.691372877
1.691378747
1.691356347
1.691348679
1.691319938
1.691386797
1.691391689
1.691278435
1.691252655
1.691393554
1.691395705
1.69139649
1.691397321
1.691184146
1.691087778
1.690980052
1.690940564
1.690803185
1.690642431
1.690713802
1.69045915
1.690240213
1.690782668
1.690920856
1.691398131
1.691397841
1.689516896
1.689248273
1.689373766
1.689516799
1.689205705
1.689452929
1.689283284
1.689509525
1.689748786
1.689715969
1.689962067
1.691397503
1.69139718
1.69139779
1.68951896
1.688965817
1.689710753
1.688691068
1.688273053
1.689865028
1.691398117
1.688288597
1.691397778
1.691397991
1.691398085
1.69139761
1.691397554
1.689978947
1.691343729
1.691356626
1.691373519
1.691311446
1.691291351
1.691233974
1.691383879
1.691387684
1.691154349
1.69110536
1.691392521
1.691394163
1.691396168
1.690968724
1.69081687
1.690587049
1.690527922
1.690277761
1.689872593
1.690313998
1.689616434
1.688993845
1.690420554
1.690589416
1.691398119
1.691397407
1.687876063
1.688022578
1.688189432
1.687824164
1.687979506
1.68779688
1.688161805
1.688528596
1.688396761
1.688893983
1.688845612
1.69139662
1.691395829
1.691397288
1.688434199
1.687610119
1.687161098
1.688721649
1.686850987
1.686492796
1.68583226
1.691397743
1.691397102
1.691397991
1.691398081
1.691396885
1.689355628
1.691284051
1.69130914
1.691345526
1.691367333
1.691219654
1.691178072
1.691070193
1.69137695
1.691387802
1.690921478
1.690848562
1.691393178
1.690566345
1.690617434
1.690265662
1.689890135
1.689801055
1.68838904
1.689043093
1.689734809
1.687412432
1.689905392
1.690092163
1.691398097
1.691396391
1.685989795
1.686173427
1.685640754
1.685844698
1.68543794
1.686043448
1.68659613
1.686488899
1.687208952
1.687777935
1.69139457
1.691392632
1.691396158
1.685646263
1.686861106
1.684931568
1.684451465
1.684047614
1.682901539
1.683046156
1.69139723
1.691397865
1.691395685
1.691395544
1.688554762
1.691167966
1.691211534
1.691287281
1.691332599
1.691352427
1.691038605
1.690966065
1.690766359
1.691374551
1.691386774
1.690495941
1.690347321
1.689981172
1.689835689
1.689339833
1.688727578
1.686031696
1.687014001
1.68797174
1.688955263
1.684774981
1.689217141
1.689396704
1.691398004
1.691394108
1.683226077
1.682214854
1.682820475
1.681969964
1.682829486
1.683676721
1.683510787
1.684505312
1.68563085
1.686556591
1.691389981
1.691385747
1.691393653
1.68296239
1.681821706
1.681118426
1.680436359
1.678803942
1.678875493
1.679056368
1.691396072
1.691397453
1.69139268
1.6913923
1.686851476
1.691001525
1.691159856
1.691261472
1.69130299
1.691347631
1.69074875
1.690579397
1.690214313
1.691373297
1.689718269
1.689486798
1.688873458
1.688610372
1.687819152
1.683730754
1.682150778
1.685127898
1.686510291
1.687899812
1.679429435
1.688294414
1.687336825
1.688365026
1.691397733
1.691389016
1.677754721
1.678126485
1.67823164
1.679405542
1.679184995
1.680544615
1.682190287
1.683640468
1.683963538
1.691380131
1.691371331
1.691387996
1.677695202
1.676231171
1.675855794
1.673033596
1.672931769
1.673404778
1.671745143
1.691396508
1.69139355
1.691385382
1.691386471
1.685428132
1.690630797
1.690937833
1.691121588
1.691206836
1.691293829
1.691345361
1.690195988
1.689880837
1.689174387
1.688359763
1.688095384
1.687014039
1.686667176
1.680786968
1.678502363
1.674834217
1.682657808
1.684608812
1.68649817
1.672456744
1.684776628
1.685833966
1.687008913
1.691397012
1.691376996
1.672060868
1.672930536
1.673591045
1.673226406
1.674954237
1.677243559
1.679277116
1.679702867
1.681763075
1.691358411
1.691341855
1.69137467
1.670240715
1.668306783
1.665048496
1.666012033
1.664036464
1.664213293
1.691394422
1.691388493
1.691371648
1.691374399
1.683685914
1.691379109
1.689997403
1.690541467
1.690872306
1.691028607
1.691193264
1.691290161
1.689250668
1.68860544
1.687078486
1.686061742
1.684430423
1.676716159
1.674531606
1.668718399
1.666050553
1.679526973
1.682207584
1.663166521
1.679279479
1.682572605
1.684017316
1.685277345
1.691395198
1.691343176
1.66528042
1.666292665
1.665417864
1.667558984
1.670158793
1.673369286
1.673382523
1.676202532
1.679227968
1.691300499
1.691350231
1.660321767
1.656634456
1.657401147
1.654683767
1.654572174
1.655874233
1.691390861
1.691345323
1.691351647
1.680439232
1.691383011
1.691360356
1.688945471
1.689857993
1.690438565
1.690711959
1.691012784
1.691199324
1.687741715
1.68672318
1.684223813
1.682709937
1.668037874
1.671789169
1.658104965
1.658679448
1.654787916
1.675735743
1.651144585
1.675806463
1.671391993
1.680232008
1.681908366
1.683137626
1.691391393
1.691283421
1.656885784
1.655515457
1.658262089
1.661671545
1.665364481
1.667378399
1.672616415
1.674779497
1.691202587
1.691303746
1.646550625
1.647374228
1.643956295
1.643463059
1.64427092
1.646698067
1.691296623
1.691309683
1.677995619
1.691371814
1.691329571
1.688727591
1.687305359
1.689704433
1.69013619
1.690691166
1.691021866
1.685422545
1.683871214
1.680153124
1.66136497
1.666399384
1.648203688
1.645193048
1.649478792
1.641049801
1.635926736
1.669082127
1.665797636
1.674631618
1.66014678
1.677511011
1.679596908
1.680714549
1.691382031
1.691179495
1.642837532
1.647046441
1.651098249
1.655153187
1.657640772
1.664533546
1.667302177
1.671584618
1.691033061
1.691219137
1.636133839
1.632327178
1.631601549
1.632215252
1.634408675
1.691207154
1.69124587
1.674560459
1.691347502
1.691275806
1.688765287
1.687134505
1.684843864
1.690196805
1.68941037
1.690721483
1.681940205
1.679694028
1.654093653
1.63487759
1.638727924
1.630532995
1.640620083
1.625236041
1.625231875
1.664589949
1.658908258
1.652979219
1.67042357
1.646236949
1.674060144
1.677007279
1.678272512
1.675078706
1.691363142
1.690999135
1.634423851
1.627041789
1.639063702
1.643501365
1.646243002
1.654549122
1.657916953
1.663267515
1.667083702
1.690744099
1.691059797
1.620555334
1.619970761
1.620309418
1.621922719
1.690969936
1.691107541
1.69113716
1.673858782
1.691304437
1.691185087
1.688127788
1.686940965
1.684583402
1.681203145
1.690226843
1.689368711
1.67669655
1.62496233
1.620467275
1.62911734
1.61516911
1.631630224
1.614049016
1.612808337
1.659700845
1.653001154
1.645460844
1.63787822
1.666437347
1.67098128
1.673065749
1.676398822
1.668655793
1.691326569
1.690689661
1.626415987
1.621196873
1.614102007
1.630966948
1.633881679
1.642799426
1.646726343
1.653077188
1.657010069
1.664078935
1.690266723
1.690682573
1.608981103
1.609648497
1.609835698
1.610953498
1.690898951
1.690652781
1.690952076
1.669688263
1.691231452
1.691036793
1.686183817
1.688056322
1.684362784
1.680976339
1.676238374
1.689424843
1.669148496
1.61565138
1.611570454
1.606999971
1.619112593
1.605456353
1.622285739
1.604497012
1.602431819
1.655648901
1.647750028
1.638883086
1.630010478
1.663211256
1.671503767
1.666752022
1.675075728
1.660876953
1.691259184
1.690124115
1.61448575
1.618705134
1.610205181
1.605032103
1.621420802
1.630022922
1.634076366
1.64150047
1.645714983
1.653408009
1.660788773
1.689500384
1.690138626
1.602182815
1.602502762
1.603212886
1.690569632
1.690168848
1.690664318
1.691115815
1.690798148
1.690926545
1.686121161
1.683391607
1.688183428
1.680757492
1.676106986
1.669690662
1.659668918
1.607254641
1.604653291
1.601768362
1.60091593
1.609394471
1.600484017
1.615363721
1.600350103
1.60043348
1.644107151
1.653396446
1.63414965
1.624231275
1.670326107
1.665343993
1.659306661
1.674117473
1.652291719
1.691144291
1.689295196
1.608495035
1.605483367
1.610081119
1.602865279
1.601045955
1.615506369
1.620728404
1.622801559
1.629957351
1.633675323
1.641709378
1.650346279
1.688349405
1.689347095
1.60055872
1.600711941
1.690069042
1.68944346
1.690229725
1.69041001
1.690724888
1.683369871
1.686357523
1.679501266
1.675821739
1.669618795
1.661324762
1.649061568
1.600938297
1.602481566
1.600587858
1.601026079
1.601685356
1.606129429
1.604341804
1.612808971
1.605289024
1.605673603
1.632529014
1.644020564
1.622057909
1.664380581
1.669542475
1.658361697
1.651896041
1.67347443
1.644803569
1.690933631
1.688076648
1.602556071
1.60325542
1.601606319
1.605877136
1.601915488
1.604491138
1.609748767
1.611964969
1.617854396
1.621645162
1.629558725
1.638747158
1.686659712
1.688210966
1.605476681
1.689314177
1.688370017
1.689520661
1.689629249
1.68999209
1.690382327
1.683657926
1.679408769
1.674013917
1.669366347
1.66137019
1.651120649
1.637446344
1.605590355
1.603431056
1.606128769
1.607222782
1.609159124
1.614727513
1.609579962
1.617878655
1.615184352
1.619175365
1.618867011
1.637227905
1.630155418
1.622778306
1.663865378
1.658106482
1.668936085
1.652284488
1.645823993
1.669446457
1.673380828
1.639162627
1.690608227
1.68637754
1.603169616
1.602764483
1.602146316
1.606023931
1.603220368
1.612228768
1.617033903
1.604366193
1.608142894
1.610963647
1.617918857
1.626729063
1.684613272
1.68659779
1.688141158
1.686851561
1.688392103
1.68873921
1.68924072
1.68984335
1.681421891
1.678767579
1.673548331
1.667080287
1.661360057
1.651361896
1.639095586
1.625637168
1.621319048
1.618858984
1.6138029
1.616960399
1.623873804
1.632461237
1.634812863
1.61895291
1.641355613
1.622328411
1.641464533
1.639363553
1.633799087
1.627805078
1.658770778
1.664325668
1.653687987
1.647901817
1.642318652
1.666141367
1.67092385
1.674593784
1.63869434
1.690105546
1.684061888
1.61055585
1.612629582
1.605973598
1.603066094
1.623302031
1.602461668
1.633739067
1.602801968
1.603949585
1.608415571
1.615693743
1.681669612
1.68437244
1.686552648
1.684792982
1.68698674
1.687531012
1.688229025
1.689117094
1.688249499
1.677200006
1.673428473
1.666832061
1.658875808
1.65190511
1.639802975
1.626479489
1.614903984
1.645266665
1.642919963
1.638963533
1.630324767
1.632417731
1.655735227
1.659024095
1.661455326
1.632054714
1.671829581
1.674931994
1.632592979
1.670535116
1.664679815
1.635001494
1.656369688
1.660691557
1.651104964
1.646413735
1.644248114
1.669770849
1.664261357
1.674218906
1.677949868
1.642665857
1.689384745
1.680845852
1.628403261
1.618994567
1.63319782
1.611212095
1.608554884
1.652215029
1.603831949
1.602684705
1.602908935
1.607021597
1.677625838
1.681366904
1.684478105
1.681991182
1.685135819
1.685957485
1.686918064
1.687299144
1.671761547
1.666880879
1.658843676
1.64949706
1.64154606
1.627707816
1.615209574
1.60655862
1.67896256
1.66839985
1.666833005
1.656296439
1.651209015
1.64931987
1.684084456
1.689076931
1.701191335
1.645838576
1.70537641
1.705744301
1.643137493
1.701093283
1.688500039
1.660747712
1.6558052
1.651493155
1.650398542
1.649049931
1.676282632
1.670029764
1.667337525
1.679627289
1.684147953
1.652435282
1.688329053
1.676511955
1.657954494
1.642929621
1.629190848
1.664669647
1.62218257
1.610463752
1.603909377
1.602524818
1.672443774
1.676865753
1.681758518
1.678253243
1.682756122
1.68393619
1.685105981
1.685804496
1.665371299
1.659308817
1.649810097
1.639391574
1.630887886
1.616608414
1.606848948
1.602460805
1.697186302
1.702401857
1.687865497
1.685504231
1.675632874
1.669256534
1.663928518
1.708059085
1.717970211
1.725131748
1.657612346
1.731785748
1.730762356
1.724403408
1.703171566
1.66262227
1.657932238
1.657284202
1.656088721
1.657234715
1.684811736
1.676534072
1.672823959
1.686600176
1.693668089
1.663755856
1.667634866
1.686946423
1.669011462
1.696331399
1.679530714
1.658332911
1.646905128
1.627990236
1.613019091
1.604397862
1.671339102
1.678315832
1.67375087
1.679774897
1.681364854
1.682967671
1.683883716
1.658926724
1.650668275
1.639819616
1.628759647
1.620269173
1.608056898
1.602571583
1.604259366
1.710198776
1.706579405
1.714304627
1.700614874
1.697365886
1.688678567
1.681642658
1.67471389
1.718175681
1.724880984
1.73361428
1.741853586
1.745557074
1.740519699
1.731804433
1.666240765
1.665199722
1.663633024
1.664517031
1.669890586
1.685183857
1.693668089
1.693668089
1.68341302
1.675046159
1.675681285
1.681850186
1.685152605
1.661837629
1.723022721
1.696979864
1.680215933
1.654636486
1.630929929
1.613891955
1.665380697
1.674160627
1.668618467
1.676068848
1.678182921
1.680348482
1.681551787
1.650356064
1.640867733
1.62878634
1.618613813
1.610817016
1.60301918
1.603543186
1.613099141
1.707668983
1.707138014
1.706831097
1.704130605
1.705328364
1.701613447
1.695374272
1.688668463
1.707569324
1.711230155
1.723394641
1.736414308
1.746274804
1.748049601
1.745371198
1.674575253
1.671734692
1.671639291
1.675911277
1.680360618
1.693668089
1.693668089
1.684189624
1.685938985
1.691686278
1.682910383
1.65408758
1.729093061
1.713940518
1.686980243
1.656992055
1.63146984
1.658484904
1.669012028
1.662400063
1.670887447
1.674215566
1.677259923
1.678929613
1.641038622
1.629789988
1.616474387
1.608672873
1.603389168
1.602916632
1.611025215
1.629544107
1.681421502
1.692033661
1.695858865
1.700118779
1.678785204
1.703092102
1.700908391
1.69721854
1.679746659
1.667293149
1.682373127
1.698303029
1.7178019
1.732791569
1.737281961
1.742879647
1.685439819
1.680417027
1.67934258
1.681654175
1.684490479
1.688291148
1.693668089
1.692471867
1.696311181
1.680388364
1.6457951
1.735228369
1.716214632
1.687062043
1.65616188
1.65152062
1.659741623
1.664809349
1.669772834
1.673814543
1.676049087
1.631766403
1.620441535
1.608284003
1.603486029
1.602465387
1.6089731
1.625413376
1.653379674
1.658436907
1.647061047
1.674980239
1.683480927
1.69414963
1.639199807
1.697614846
1.697704801
1.622436953
1.62441031
1.641278151
1.664386724
1.688154006
1.699641259
1.728714836
1.733082519
1.686850094
1.693668089
1.688467752
1.68824059
1.690283175
1.692560343
1.694762635
1.694748711
1.67787677
1.674113082
1.637434015
1.730379288
1.713286116
1.684936887
1.64509745
1.652503228
1.659294796
1.665449363
1.670496048
1.622932018
1.612372238
1.603665271
1.602445489
1.607514529
1.621340599
1.643354605
1.686635355
1.669086493
1.622649676
1.64084967
1.60634685
1.661485357
1.675038903
1.686871235
1.583777743
1.692578829
1.57586212
1.582195385
1.602009907
1.62720308
1.642827259
1.687600767
1.705003209
1.722939494
1.693668089
1.693668089
1.691621276
1.693031981
1.693779448
1.693225567
1.690150569
1.675873629
1.670600395
1.667160566
1.629243452
1.723866975
1.709820663
1.637291336
1.646038894
1.654185422
1.661482803
1.615196349
1.606601572
1.603719348
1.607349127
1.619481466
1.639861211
1.665766298
1.706299172
1.691594929
1.587270562
1.609901804
1.632864565
1.56319813
1.654527488
1.671516395
1.683409205
1.543901388
1.538719958
1.547165209
1.56769749
1.579543865
1.619051865
1.651617601
1.698326603
1.668462941
1.7159432
1.693668089
1.693668089
1.693545794
1.693030824
1.69056442
1.684246003
1.674429731
1.669079432
1.662883248
1.657124515
1.621885283
1.718150217
1.631170407
1.640800349
1.649750312
1.610026684
1.605094351
1.610576984
1.619508606
1.637969081
1.662264923
1.687491142
1.713840023
1.706280025
1.561274378
1.584633496
1.611022922
1.635841684
1.537346278
1.655551147
1.674706817
1.518298077
1.513762654
1.524187565
1.533926608
1.563938857
1.599661972
1.624498397
1.663205305
1.694217861
1.71164467
1.693668089
1.689982123
1.683528055
1.667788434
1.673359323
1.661367766
1.654394485
1.646746226
1.618555534
1.627677857
1.637647013
1.660371438
1.61234433
1.609234123
1.613002869
1.626022613
1.63786139
1.659855782
1.683218333
1.702247029
1.709238135
1.711150261
1.549125273
1.576939509
1.598225775
1.627178
1.650247877
1.525794283
1.665593152
1.511080234
1.50533132
1.511354063
1.530699389
1.560675027
1.58742967
1.627537629
1.665628667
1.694068584
1.693668089
1.693668089
1.67639346
1.66703768
1.672715947
1.653397756
1.645703994
1.636858837
1.618788295
1.627326285
1.659832072
1.653308011
1.616291863
1.61758832
1.627506217
1.644439635
1.658623254
1.681291388
1.698634795
1.709006594
1.695847746
1.705826299
1.579199916
1.550421846
1.6085086
1.627999201
1.660961614
1.534770876
1.512652629
1.513278409
1.520794472
1.540477
1.565454828
1.600838469
1.638505552
1.671811773
1.693668089
1.693668089
1.665571106
1.669348662
1.672655353
1.646124076
1.638174323
1.629864273
1.622493871
1.654208693
1.660228727
1.647859624
1.624978642
1.630093673
1.644222843
1.662718932
1.678696284
1.698134099
1.70666592
1.706155619
1.694601167
1.679319023
1.592285629
1.626381639
1.576620304
1.651748203
1.661024419
1.54101012
1.537261336
1.533540549
1.541128852
1.560306228
1.588480244
1.620020065
1.651612294
1.693668089
1.666233063
1.669495896
1.674044327
1.640904272
1.634588983
1.629379912
1.656195147
1.6506389
1.661835316
1.645008189
1.635880715
1.643921078
1.659681035
1.677110541
1.690868296
1.703325893
1.705534311
1.698547785
1.68287747
1.664673935
1.633681345
1.646961612
1.693668089
1.586435379
1.579844309
1.566634513
1.561792626
1.574087358
1.587110902
1.613438443
1.637947028
1.665578508
1.67279964
1.677712314
1.640468227
1.63771057
1.659880318
1.654591245
1.649972662
1.646376488
1.684187232
1.646993009
1.656768401
1.671853268
1.686436875
1.696895045
1.702435342
1.70053599
1.690226121
1.673859765
1.654743838
1.693668089
1.693668089
1.63856836
1.638053954
1.61792428
1.59959854
1.60555069
1.605305787
1.614668008
1.634195478
1.665541362
1.671105326
1.678895651
1.646373184
1.648139919
1.659919431
1.655453205
1.652245101
1.687589123
1.693668089
1.657447057
1.666962896
1.680032476
1.691054981
1.698187947
1.699157708
1.694904526
1.684378323
1.670902383
1.655444207
1.693668089
1.693668089
1.647833342
1.650785896
1.640300503
1.63548202
1.645923709
1.667139788
1.674091356
1.677753889
1.685523824
1.655690386
1.655304393
1.662202344
1.658867556
1.693668089
1.685314751
1.665621707
1.674362974
1.685090273
1.692524411
1.697167405
1.695752186
1.691019789
1.682689572
1.674345596
1.663242446
1.693668089
1.693668089
1.66431208
1.668370191
1.675463706
1.670136235
1.68410732
1.693668089
1.662987454
1.6623429
1.666355247
1.672191267
1.680421365
1.689069194
1.693989068
1.69516328
1.693411845
1.690008649
1.686066678
1.678040843
1.685337819
1.693668089
1.693668089
1.685305638
1.680810002
1.675345917
1.693668089
1.669724787
1.669856766
1.677814147
1.684216913
1.690894918
1.693618375
1.69407284
1.693391876
1.691225632
1.693668089
1.693668089
1.693668089
1.685259433
1.677971847
1.676548813
1.683550386
1.687737391
1.692317839
1.693733057
1.693668089
1.693668089
1.693668089
1.68670431
1.683375466
1.688643149
1.690380522
1.693668089
1.693668089
1.693668089
1.693668089
