1.906102845
1.899707571
1.930786441
1.915645811
1.89170684
1.889282197
1.930417684
1.918207272
1.898860863
1.933394231
1.892437687
1.946616477
1.893225018
1.888924307
1.91301189
1.934675202
1.887958302
1.932236745
1.927323246
1.910990824
1.898016397
1.934653872
1.934030974
1.947206574
1.955405077
1.935619923
1.896175599
1.893930302
1.889634649
1.891832781
1.907127862
1.93223417
1.896163721
1.938138629
1.935583538
1.924799171
1.93201434
1.911057
1.934577092
1.939725768
1.936929411
1.940741241
1.94487676
1.869131491
1.878141276
1.892230171
1.899157486
1.871081294
1.906296934
1.910624472
1.920660366
1.936435729
1.940055588
1.941538947
1.93770137
1.949900884
1.938373487
1.941894343
1.946865323
1.950974388
1.955784857
1.964115478
1.959534569
1.839575975
1.843325523
1.876336239
1.881139236
1.899104454
1.914834543
1.851630465
1.931623316
1.951076588
1.941274287
1.943259346
1.948071022
1.953231015
1.961398095
1.948022658
1.951805675
1.95183323
1.952806371
1.957775915
1.966478694
1.961102894
1.970911425
1.974973773
1.820891831
1.815744507
1.834284214
1.861908356
1.891562857
1.917602316
1.940775242
1.836246261
1.96568701
1.951090292
1.946702884
1.951692339
1.953642368
1.960311876
1.963703785
1.971899557
1.957018575
1.957445055
1.959775969
1.964471037
1.96874905
1.974204669
1.975204143
1.973548656
1.977618904
1.979805671
1.98501183
1.809070305
1.800809598
1.806255376
1.873606295
1.848429613
1.905624095
1.932823435
1.968712713
1.82739132
1.95589606
1.962140426
1.957629866
1.960711676
1.964528051
1.971827258
1.977118515
1.972689385
1.966538403
1.970447966
1.978211413
1.981016774
1.988190236
1.984832656
1.982432456
1.982894795
1.983769089
1.986192112
1.984852346
1.981290527
1.932204141
1.970078204
1.963388069
1.804047957
1.794524034
1.79352722
1.854931768
1.886354965
1.830499469
1.918506226
1.957223545
1.81368983
1.967234741
1.967848419
1.974289241
1.970109693
1.976066032
1.975339433
1.982063902
1.984376067
1.976163461
1.964909082
1.978737517
1.985549569
1.993730466
1.995163533
1.994382735
1.99439774
1.989227103
1.988215915
1.985899058
1.975274164
1.967358374
1.915845039
1.934709243
1.949671222
1.963101197
1.957962554
1.912339198
1.798325135
1.796136682
1.791877598
1.876241079
1.844067197
1.901237365
1.819804303
1.936272089
1.805563305
1.981195937
1.980143873
1.978663691
1.985130027
1.983084529
1.98391591
1.986003492
1.98572151
1.978721676
1.956254569
1.937842694
1.989991838
1.994203966
1.995898346
1.996566714
1.99390479
1.991343191
1.986943767
1.982574053
1.97426387
1.965311868
1.959318082
1.909153157
1.920487836
1.954170676
1.942166365
1.956775988
1.914210477
1.923197864
1.929893761
1.797594742
1.797839006
1.801300757
1.879670179
1.858078316
1.83041045
1.910243196
1.809401776
1.800077987
1.991909123
1.98940145
1.989908431
1.985704732
1.992529787
1.992139728
1.994600539
1.966824662
1.947279071
1.91954135
1.903368086
1.99325803
1.99041026
1.989990703
1.983310694
1.979851854
1.976419939
1.971152729
1.969925511
1.962713381
1.956854819
1.954282841
1.91182135
1.906998034
1.928904331
1.952077051
1.944575783
1.915874095
1.926141856
1.927333344
1.929646105
1.797981018
1.801521756
1.931276496
1.801754222
1.884911091
1.865631807
1.843558814
1.81960788
1.804740981
1.798091445
1.999521288
2.000094659
1.998631662
1.993224677
1.96703961
1.99809079
1.99533626
1.989731915
1.932514997
1.912905334
1.887667059
1.876096529
1.98340447
1.982822681
1.976209662
1.971278075
1.967771852
1.963522809
1.960434959
1.954296606
1.9521319
1.949409111
1.905085547
1.917364537
1.904519069
1.934135714
1.942212233
1.916989324
1.923573805
1.939353596
1.797117351
1.806822524
1.804999428
1.937794563
1.806920563
1.866781015
1.850076559
1.831450985
1.811505804
1.800253015
1.796012517
2.001977677
2.003237577
1.993976115
1.998985619
1.977249361
1.930808734
1.993826373
1.987775638
1.978860921
1.888420466
1.862818022
1.853873555
1.975414865
1.971279342
1.966805663
1.963631087
1.95953251
1.956990214
1.952113701
1.951396545
1.949391023
1.909357743
1.89777209
1.923729857
1.902427556
1.936018997
1.940105945
1.912149551
1.930354166
1.9530208
1.954808155
1.794508509
1.80505304
1.953233854
1.957578231
1.948915774
1.80314472
1.846477726
1.831907255
1.818286342
1.804938763
1.799738128
1.794494168
1.992914216
2.000015447
1.997034616
1.972660246
1.993629325
1.94428485
1.896724109
1.987800978
1.979568583
1.973871924
1.862028822
1.838595381
1.832636762
1.971790345
1.965729562
1.963363549
1.958331254
1.952128643
1.949558987
1.94610801
1.927094079
1.90525201
1.892062005
1.897401255
1.93597828
1.937984665
1.927319798
1.946940618
1.959719787
1.793641039
1.79908695
1.956402099
1.950416731
1.939962517
1.940223968
1.947059123
1.941053072
1.792470557
1.828071085
1.817228571
1.810390795
1.803175898
1.798221124
1.79279787
1.996616865
1.966601175
1.999250084
1.99354495
1.935348778
1.987494304
1.908480867
1.861498697
1.985865723
1.98103543
1.982141949
1.838272079
1.821325708
1.817059193
1.977960539
1.978711905
1.971376668
1.959988967
1.955679457
1.94754552
1.934653446
1.915192325
1.891388402
1.886355478
1.905197713
1.937607278
1.943355732
1.930888691
1.949048091
1.947201755
1.789797013
1.790409632
1.940910349
1.93629509
1.940652555
1.951112254
1.949930045
1.93742849
1.782519181
1.813602218
1.808757648
1.80120618
1.798093271
1.794362079
2.000358741
1.982951443
1.931410736
1.996031108
1.990387566
1.892644446
1.992381349
1.867725391
1.834774046
1.990836705
1.994118293
1.994219998
1.820031715
1.812478577
1.808285838
2.00001796
1.9899848
1.977551876
1.967435493
1.961496478
1.91790472
1.937617314
1.896186598
1.879417942
1.884659365
1.905412402
1.939514895
1.960980516
1.926520752
1.932669298
1.928324863
1.790686236
1.789021677
1.921261856
1.938077634
1.960723123
1.956253173
1.914563095
1.775787095
1.807863166
1.80732458
1.804425523
1.801979005
1.797996434
1.989003528
1.99414662
1.948582527
1.897350119
1.992258323
1.994963283
1.859385592
1.996904875
1.83769115
1.813021871
1.998828868
2.000614603
2.01232841
1.803284685
1.800573503
1.80293392
2.010183682
2.002538976
1.986264729
1.987546019
1.898535088
1.932347132
1.877773692
1.871748981
1.883015235
1.909402693
1.9624508
1.983452589
1.92072704
1.916147397
1.928196582
1.785092973
1.794760201
1.91743908
1.955465126
1.969389994
1.899391516
1.914065944
1.77769834
1.794103166
1.772563837
1.804507217
1.80566683
1.805517479
1.800756221
1.802262981
1.962223875
1.979956176
1.987040777
1.915755016
1.867386973
1.98767643
1.987463765
1.838585512
1.828704347
1.98650948
1.810941743
1.994501167
2.005608563
2.015577101
1.789146783
1.787532766
1.79298552
2.018769382
2.006708885
2.004780052
1.878685409
1.95131748
1.862799575
1.866869384
1.890026363
1.912807947
1.984362441
2.004288549
1.909793285
1.909305549
1.937204484
1.786515552
1.920415104
1.958695136
1.891204967
1.925716026
1.774493431
1.791410009
1.782167688
1.85790472
1.768082605
1.799166378
1.801262085
1.800246708
1.799244727
1.790815852
1.92185949
1.956005508
1.976478533
1.980900211
1.87847154
1.841984361
1.977645043
1.974227162
1.815969839
1.805940635
1.978928367
1.985744272
2.008529162
1.993731833
2.015078152
1.779173089
1.779576345
1.789772237
2.012166894
2.009778059
1.872353931
1.859744295
1.974689255
1.877664963
1.905334674
1.911686324
1.999946473
2.010797736
1.904585193
1.913939635
1.937252328
1.777049417
1.921694798
1.898522808
1.946851427
1.769604758
1.781336787
1.791110635
1.775480071
1.856566133
1.870824367
1.761298011
1.7955849
1.796049339
1.792446766
1.788171143
1.778752537
1.922457195
1.888137401
1.954575665
1.972207911
1.971693667
1.849576151
1.818830027
1.969115645
1.969796089
1.800504237
1.974481255
1.983170973
2.003011707
1.995412434
2.008749446
1.772674079
1.783721284
1.772872694
2.015650473
1.878966469
1.859456551
1.981621016
1.898140905
1.903230004
1.899719457
1.999761342
2.015505933
1.917704749
1.925140498
1.76582671
1.770515588
1.912634772
1.949431573
1.777786396
1.784902312
1.793725456
1.772496912
1.853905694
1.864162036
1.885210677
1.75731219
1.752135656
1.79308465
1.790655811
1.781973742
1.774195335
1.76715414
1.932034653
1.89453842
1.861728131
1.950179026
1.967571663
1.966736137
1.830229684
1.806903224
1.963173832
1.965130537
1.969700352
1.978740696
1.986759347
2.004447521
1.769106607
1.777510496
1.767389623
2.013694229
1.885342584
1.863684207
1.974946486
1.894721365
1.889909858
1.905607491
1.99631433
2.009630468
1.921774392
1.758764523
1.919959206
1.945729108
1.780267084
1.786611626
1.795238771
1.806607038
1.773637445
1.853581524
1.851703117
1.867241537
1.881570043
1.746375858
1.742152347
1.787038509
1.776361755
1.767996989
1.760596099
1.75730317
1.915339742
1.934943472
1.879668769
1.846543492
1.939854638
1.947564373
1.948829121
1.955435036
1.818241326
1.956054146
1.956104539
1.962938044
1.970533672
1.996700775
1.768716193
1.768182939
1.765255331
1.997950542
1.8663832
1.897627094
1.970414575
1.878438743
1.884425218
1.900894326
1.99200481
1.996579819
1.750321171
1.933489694
1.950549406
1.796920827
1.78648352
1.803402879
1.807562247
1.813101099
1.777876218
1.846565627
1.855053076
1.856226192
1.867972377
1.872636027
1.789528581
1.862545223
1.742033285
1.737588883
1.734580119
1.770181003
1.762241536
1.753121507
1.750782247
1.749693677
1.92878023
1.90106684
1.937193236
1.864535402
1.835498574
1.937300238
1.93743685
1.940720841
1.948716564
1.950197201
1.950715201
1.955143304
1.975858702
1.770877667
1.76152116
1.767487873
1.981460895
1.875104785
1.904552992
1.973216882
1.867052678
1.877122502
1.985099506
1.987678484
1.93480404
1.953061109
1.806443672
1.799544582
1.810234647
1.812237084
1.817890409
1.830743206
1.779371655
1.846223048
1.845104008
1.854272149
1.862969174
1.859257786
1.787444583
1.778675056
1.85179759
1.857957868
1.735083667
1.74044951
1.731333677
1.729139061
1.756863046
1.750347477
1.745189297
1.744633916
1.744505572
1.91990845
1.934025297
1.884360587
1.93775736
1.850090467
1.938856949
1.936481328
1.937700345
1.939356758
1.945988059
1.945636632
1.957773902
1.771900343
1.759959974
1.768495109
1.965893898
1.884152475
1.909339244
1.969237278
1.861715458
1.985314638
1.978533693
1.923201695
1.946518273
1.804624525
1.79207074
1.810852743
1.811720209
1.823141501
1.84024918
1.773261971
1.843373651
1.853384757
1.844230432
1.847569945
1.869509447
1.774528735
1.771967411
1.764118333
1.853362883
1.847057682
1.856937361
1.733521649
1.7306831
1.73669276
1.727125225
1.725514092
1.751236551
1.745691647
1.739962553
1.737867575
1.903884157
1.932622005
1.944925121
1.869001058
1.94951399
1.944596381
1.937958676
1.934451256
1.934719949
1.941672048
1.945915858
1.938556143
1.767879741
1.756305695
1.760259919
1.954945217
1.88160079
1.889889929
1.894742547
1.972941153
1.857813926
1.977792247
1.956478416
1.913403553
1.943657988
1.783872009
1.792812737
1.798755172
1.816594709
1.836883024
1.862093539
1.761688195
1.848403081
1.839080818
1.860722632
1.840089374
1.762407542
1.769848795
1.759207264
1.752694694
1.854618507
1.846045565
1.729336841
1.729850392
1.727550292
1.731730051
1.724109622
1.722639048
1.748954942
1.740987286
1.734574359
1.928490063
1.894124043
1.953548897
1.957425277
1.94928012
1.942103124
1.933596609
1.931921204
1.9322326
1.936042356
1.757886179
1.752076137
1.749711932
1.937569361
1.86794137
1.878851552
1.873791149
1.8823098
1.95019745
1.862441197
1.953272845
1.937513169
1.902530304
1.921791903
1.779308201
1.788622539
1.806793561
1.827896912
1.850729462
1.881326613
1.753211342
1.856196769
1.84122573
1.84087986
1.757076759
1.76463499
1.774426957
1.752171722
1.745203425
1.860181212
1.853009481
1.846114853
1.726723976
1.724258784
1.724973374
1.725024931
1.729403031
1.72002054
1.721486893
1.742547134
1.735434527
1.916391826
1.954379129
1.971072451
1.964338073
1.95386858
1.94141547
1.933873416
1.929249947
1.928530095
1.7467254
1.742466405
1.740446766
1.924904439
1.858511334
1.866746836
1.856512808
1.85519737
1.869196891
1.905539122
1.924625063
1.868872069
1.92927219
1.918494103
1.886377617
1.786509303
1.806883299
1.836692975
1.871569426
1.915311926
1.743073964
1.846975944
1.841818833
1.765145539
1.755981076
1.776102629
1.787231001
1.746720842
1.739640902
1.864562697
1.854094271
1.846569863
1.723388963
1.72434343
1.7219983
1.720959797
1.720727089
1.729896161
1.718535881
1.715834267
1.717939084
1.721128855
1.725083143
1.719352516
1.718023888
1.71903772
1.734319751
1.954412478
1.971626345
1.972222344
1.962723134
1.9512141
1.941376519
1.933863822
1.924411112
1.738835983
1.735076327
1.734311636
1.913083391
1.84526225
1.847076642
1.835655372
1.839767782
1.856730154
1.88402169
1.872853405
1.90142322
1.867362907
1.900510067
1.896897559
1.804691203
1.832034404
1.870113705
1.913705112
1.949332637
1.736570514
1.847635211
1.762652076
1.775253572
1.747858205
1.789690199
1.801207041
1.739930183
1.73534605
1.860331765
1.852804171
1.849122107
1.720864694
1.721359059
1.719165724
1.728317863
1.717576613
1.716637755
1.714925996
1.715229737
1.714113254
1.716918531
1.718468338
1.724759682
1.721138027
1.717479727
1.717588108
1.716234444
1.716006304
1.729478244
1.965564548
1.965513005
1.953967025
1.945711779
1.939374074
1.934345592
1.926922963
1.733989626
1.731554235
1.730317917
1.918025196
1.898197834
1.839047053
1.850548085
1.828632334
1.82188742
1.829572971
1.85259877
1.85477297
1.866344972
1.878427282
1.85842306
1.871560847
1.87016259
1.824368114
1.861517983
1.898945207
1.928906132
1.947535772
1.73264006
1.750012566
1.766802711
1.781745349
1.740313234
1.797299653
1.821169031
1.734173278
1.731965849
1.855542555
1.85203001
1.853370661
1.718900019
1.716045018
1.713147568
1.713772224
1.714092836
1.712708611
1.853224054
1.839324796
1.722725837
1.795860272
1.716764973
1.727370378
1.718367416
1.720453529
1.715152419
1.716024305
1.714335395
1.713924962
1.729706586
1.956063815
1.9462076
1.931690618
1.924707902
1.918426803
1.923406635
1.728314076
1.726674009
1.904721241
1.880484454
1.839559672
1.851116681
1.81919203
1.811800583
1.819114344
1.835575667
1.845510215
1.855906342
1.853126605
1.850523405
1.852475959
1.85132422
1.881021193
1.916321304
1.935903302
1.935398462
1.728380703
1.740720293
1.756047183
1.776204294
1.734245614
1.817863958
1.847458284
1.728789701
1.724918973
1.853946852
1.855131727
1.714897693
1.711536883
1.711975739
1.712102784
1.712648961
1.713185776
1.711687742
1.85086065
1.819693703
1.820225039
1.725449466
1.723262783
1.81560359
1.793579945
1.72255564
1.710274007
1.711057157
1.716451123
1.725367092
1.718763357
1.721726424
1.7130833
1.714023795
1.712272944
1.711468205
1.934833389
1.926458015
1.912769278
1.900115692
1.900353291
1.722078959
1.721377902
1.877425828
1.855209588
1.831011082
1.846910362
1.809576131
1.793858676
1.805784202
1.805555712
1.823728865
1.832972142
1.848539456
1.826205022
1.82745927
1.880296897
1.908578807
1.923063829
1.926225102
1.91526845
1.734982666
1.747395084
1.765209245
1.729497519
1.839302657
1.864571992
1.724461942
1.720982036
1.854551278
1.85182815
1.714531426
1.710283296
1.710270233
1.710557723
1.711010088
1.712715439
1.84530064
1.797976217
1.798354565
1.72253671
1.834298685
1.810015696
1.783897636
1.719159342
1.708833944
1.7094712
1.712716139
1.710828226
1.709548473
1.719486787
1.778256517
1.740408426
1.716868917
1.718797605
1.719448979
1.717620451
1.711056201
1.709788045
1.708658534
1.709048233
1.911216792
1.905205236
1.887255179
1.876502831
1.717869405
1.853107881
1.831850038
1.813114267
1.83600768
1.792935872
1.78025961
1.787249118
1.784666687
1.800475955
1.806777499
1.838396536
1.800051465
1.800892857
1.883789218
1.898320009
1.899145411
1.906357606
1.902583142
1.892898072
1.731540104
1.754769515
1.726604027
1.860837014
1.722512661
1.719055727
1.847648709
1.838926559
1.714813634
1.708495272
1.708198626
1.708507748
1.838240439
1.776583791
1.848281443
1.819137718
1.795795611
1.772022946
1.717388737
1.707874759
1.707524026
1.70902646
1.715104326
1.713135213
1.711005566
1.70771218
1.716158937
1.76705348
1.760641045
1.736033865
1.743585956
1.707601002
1.725497609
1.707484548
1.71748686
1.715638301
1.715612967
1.714248489
1.70780023
1.708726372
1.707850959
1.707730319
1.707759015
1.885435482
1.868909403
1.86008743
1.716029434
1.833355247
1.809393432
1.817285048
1.800211915
1.780485775
1.767343954
1.773864371
1.775151377
1.782442024
1.826088991
1.774984028
1.781244661
1.881155439
1.869678506
1.877954105
1.882022931
1.88718093
1.885122371
1.867987583
1.731469169
1.750981569
1.720865739
1.717690913
1.831367137
1.818885284
1.707573851
1.707624783
1.707653806
1.707688509
1.825224051
1.757087704
1.851482519
1.826402415
1.80160006
1.781664338
1.764007583
1.707505073
1.707540853
1.708973153
1.715430684
1.713394082
1.711153183
1.714021485
1.752746633
1.763064019
1.746896081
1.738936567
1.723913625
1.727750122
1.707511365
1.707512216
1.707537915
1.707597847
1.713350525
1.713618638
1.714797582
1.712478738
1.712624414
1.707809334
1.707749344
1.70779731
1.707672638
1.707703446
1.847930259
1.841079992
1.716561687
1.816499778
1.796645398
1.78370194
1.803683408
1.786036861
1.767234898
1.756302823
1.754008089
1.761400483
1.805296259
1.755344648
1.762095836
1.858730634
1.86361632
1.859859623
1.868066299
1.874833861
1.857358964
1.733074954
1.748270161
1.719875867
1.815275599
1.804930567
1.707572755
1.707613274
1.805375655
1.742536739
1.848032285
1.827358999
1.807457219
1.790264811
1.772209561
1.759411471
1.707527718
1.707547385
1.708827688
1.712233416
1.710638528
1.713646832
1.742687167
1.748142679
1.751690368
1.737358593
1.739621911
1.723843692
1.728293528
1.707539313
1.707539999
1.707592591
1.707615157
1.711024957
1.709172647
1.712364699
1.710750346
1.715664264
1.711196024
1.70770643
1.707662061
1.707709478
1.70763574
1.823398429
1.831489831
1.718626711
1.801316169
1.784868336
1.768121617
1.788184838
1.769959565
1.75718844
1.750754506
1.743652334
1.738973804
1.781355643
1.741068483
1.735634691
1.748497101
1.841606582
1.841768502
1.844745432
1.85408684
1.850055371
1.733185588
1.739353013
1.747514661
1.755548851
1.722560283
1.794656748
1.78757303
1.707565272
1.707582474
1.783438463
1.732935223
1.826499411
1.810300949
1.796811777
1.778815128
1.7645539
1.707543202
1.707545938
1.707876932
1.707703801
1.709818182
1.708653174
1.714428778
1.74467504
1.739553033
1.747726378
1.73350406
1.72760226
1.707581063
1.707568436
1.707649757
1.707680157
1.70911996
1.709147978
1.707859217
1.710900237
1.712595857
1.713577829
1.7080975
1.707644714
1.715641607
1.752108241
1.70953721
1.718071251
1.707630753
1.707593257
1.707594907
1.707623223
1.809483222
1.826722469
1.72220952
1.787349827
1.774069243
1.756426092
1.771240121
1.760790347
1.752865108
1.752244566
1.730112783
1.762936913
1.761103074
1.732967011
1.728438545
1.738765677
1.82135999
1.823865389
1.822190407
1.826982951
1.83566917
1.732464374
1.739031661
1.74731792
1.752494715
1.757967939
1.726518552
1.771207917
1.771221948
1.707548136
1.707546245
1.728599578
1.811896053
1.806515985
1.798784839
1.783153184
1.766424372
1.707556427
1.707542808
1.707823864
1.707780829
1.708031416
1.707993676
1.756061962
1.741348566
1.733162597
1.707625047
1.707597666
1.707703313
1.707742743
1.708235888
1.708359587
1.707955364
1.709580381
1.71119707
1.717600282
1.714333082
1.708183873
1.707582549
1.720822099
1.752791794
1.766776692
1.707540659
1.749691789
1.808921044
1.707835485
1.726370475
1.764248483
1.708370152
1.8158712
1.719479969
1.746596982
1.708488241
1.72434701
1.707536776
1.70754282
1.707530356
1.796603782
1.815454141
1.72882818
1.774291801
1.762713346
1.762198885
1.756433736
1.753775571
1.761707692
1.725048205
1.758119482
1.749444167
1.727297219
1.72482757
1.731783922
1.809826993
1.803724716
1.798338246
1.732675502
1.73823624
1.744239732
1.74939546
1.755073813
1.76231808
1.707526376
1.707510136
1.728754408
1.798712171
1.793523506
1.784459562
1.769603961
1.707566063
1.707906467
1.708133572
1.708087452
1.738455909
1.707659868
1.707787998
1.708305867
1.708034712
1.709262257
1.711833099
1.72334247
1.715655413
1.708259775
1.726369987
1.753421565
1.741824026
1.770092762
1.707456504
1.742519069
1.707895491
1.722412374
1.723074664
1.722096817
1.76276438
1.708448262
1.708399674
1.800123947
1.803209486
1.720551283
1.724276069
1.739121674
1.751039657
1.738309438
1.707492691
1.709758004
1.787495809
1.798840697
1.708482262
1.708523044
1.730653273
1.707431471
1.70748739
1.707456902
1.788212347
1.735756936
1.758662955
1.775343838
1.766169022
1.756897983
1.754781876
1.756691913
1.726420071
1.722514438
1.753604553
1.74889811
1.741796964
1.721811882
1.732482709
1.725145246
1.792989532
1.7912243
1.787479213
1.78783108
1.739191659
1.744042257
1.74093185
1.748235864
1.758661566
1.70754248
1.707507924
1.707473371
1.733756912
1.787969235
1.781655125
1.77121648
1.707624071
1.707988759
1.708207558
1.708149761
1.707753579
1.70790547
1.708352372
1.708085843
1.712408557
1.728431964
1.716085691
1.70829985
1.754249777
1.743573754
1.757646783
1.765610885
1.707369992
1.719471314
1.719107824
1.718582758
1.718144847
1.759228606
1.708443811
1.708399112
1.788482638
1.78797118
1.723304076
1.718555532
1.720239139
1.726019698
1.741653986
1.74853664
1.73710608
1.735445478
1.709584265
1.77653033
1.779581444
1.786899869
1.757798846
1.772272817
1.72075552
1.777238557
1.708430349
1.708459397
1.708401481
1.732446563
1.707339784
1.707386447
1.707428076
1.77480311
1.734959751
1.747584564
1.764409893
1.75140555
1.752736129
1.733801279
1.725905307
1.721002463
1.747573987
1.742360771
1.727527812
1.737569266
1.720299474
1.784558273
1.781434302
1.774879508
1.77712369
1.736243362
1.742849597
1.738730127
1.75050385
1.759789373
1.707580696
1.70753094
1.707478347
1.767765712
1.707706997
1.708030264
1.708242386
1.708170013
1.707872773
1.70834942
1.712645711
1.728180981
1.716024412
1.708296404
1.746942742
1.751945319
1.74032812
1.753613089
1.760140167
1.70728301
1.719459736
1.715366715
1.715661647
1.715375366
1.717499135
1.753805355
1.708388353
1.708343053
1.775612364
1.775685413
1.723032258
1.717717635
1.717529305
1.737209859
1.73353757
1.733204897
1.709334761
1.767272939
1.766228988
1.780121017
1.753046199
1.76611627
1.718286808
1.774879504
1.765835863
1.721422239
1.756768709
1.707428948
1.761308976
1.713462078
1.707462465
1.708353697
1.708321119
1.708365062
1.708220731
1.708225406
1.730360308
1.707311803
1.70724507
1.707370029
1.762476256
1.731683067
1.745159386
1.738695818
1.743398773
1.747743547
1.734588535
1.730729885
1.72444447
1.732339731
1.721034455
1.726138552
1.715985111
1.775337698
1.774031252
1.766991404
1.764618909
1.734085088
1.737907245
1.744403486
1.751533221
1.756626376
1.707645674
1.707583477
1.707527108
1.707810452
1.707982445
1.708129923
1.708234243
1.708297082
1.712222585
1.7273509
1.724617661
1.714731508
1.708254023
1.744856398
1.747686547
1.749126539
1.740262905
1.752531357
1.747773934
1.75311162
1.707194046
1.721058702
1.71250972
1.712105139
1.715369225
1.717930944
1.748014304
1.708276025
1.708233861
1.762736058
1.718383689
1.714663667
1.737804013
1.733074532
1.730920796
1.7310616
1.708004505
1.708778011
1.758350825
1.756083358
1.773049728
1.748209393
1.759982688
1.714072293
1.715910247
1.767310238
1.758358396
1.722873524
1.720267647
1.750828349
1.754808846
1.755047879
1.712727308
1.711348493
1.707508696
1.707594991
1.707396575
1.707504087
1.747133648
1.734466173
1.749691168
1.708194114
1.708188764
1.708167704
1.707998177
1.707984292
1.727840936
1.725583085
1.707311788
1.707224542
1.707099644
1.749681805
1.730204513
1.741197192
1.736852619
1.730538827
1.743341206
1.738292786
1.740633224
1.736474436
1.731387024
1.726016393
1.717715329
1.713253123
1.724008704
1.767911582
1.767929953
1.760736239
1.751090764
1.733715438
1.739458869
1.744982484
1.748363264
1.75121856
1.707739828
1.707666752
1.707916021
1.708074999
1.708190108
1.708206319
1.710999229
1.708114202
1.711427447
1.708190605
1.741094522
1.745173593
1.746576917
1.746131888
1.748348801
1.744000843
1.746226296
1.720514517
1.708419234
1.709365344
1.708875349
1.716394172
1.743358016
1.708117458
1.708088124
1.713775489
1.717614377
1.715828238
1.710786779
1.729715689
1.73150596
1.728621973
1.728820305
1.707705042
1.707716032
1.748837224
1.766725695
1.741364094
1.754033644
1.712039004
1.71007838
1.760295328
1.753787191
1.722561615
1.719749034
1.74283786
1.748553042
1.747932096
1.709433056
1.711323844
1.713405567
1.70758957
1.707409021
1.70774298
1.707703609
1.707420537
1.707578786
1.739006348
1.74060863
1.734857948
1.731603828
1.742012372
1.70729584
1.739027335
1.742922321
1.744845653
1.733461268
1.743180633
1.753797444
1.707987477
1.712811777
1.726519581
1.741924272
1.732147154
1.707958681
1.707983682
1.707700481
1.707694555
1.724885456
1.727614712
1.707271492
1.707151591
1.707004913
1.738350674
1.73879402
1.731107829
1.730687827
1.727805034
1.71925018
1.738746412
1.736029199
1.736868661
1.731928497
1.72618039
1.70872263
1.71381239
1.706894892
1.760657952
1.763628278
1.7576495
1.735520123
1.739550968
1.742656513
1.746186769
1.749504505
1.707861444
1.708028135
1.708135644
1.708072552
1.707384122
1.707354335
1.708119196
1.740391938
1.744722632
1.744792314
1.742918809
1.740094684
1.74119665
1.739866467
1.720510282
1.707451259
1.707275594
1.707060766
1.707195974
1.715784446
1.739515855
1.70791306
1.707893334
1.709420125
1.714883474
1.716544538
1.706971305
1.727271126
1.728869541
1.72633652
1.707407726
1.707340176
1.739267478
1.760085247
1.728031931
1.746046768
1.707701258
1.706867246
1.755055007
1.72277627
1.719782083
1.730114501
1.707556578
1.709791861
1.711393365
1.707701983
1.70784522
1.707813896
1.70736373
1.70753961
1.707689485
1.73058659
1.725562686
1.729134261
1.73330086
1.728997798
1.736839292
1.736010426
1.739528065
1.720299734
1.742517663
1.750828192
1.707019559
1.709326869
1.71128576
1.724555968
1.725281585
1.734176883
1.729500442
1.732713638
1.70702488
1.744958072
1.730016508
1.707841849
1.707909027
1.706572589
1.707460881
1.707691527
1.707396015
1.725869453
1.729103871
1.707105705
1.707208472
1.706915012
1.724943872
1.732284974
1.714336534
1.706807357
1.734008117
1.736381077
1.731131191
1.726905785
1.707068922
1.707393152
1.755786108
1.757427864
1.753169316
1.734976075
1.73796459
1.741411132
1.745555213
1.750831619
1.707995694
1.708086318
1.708025514
1.707855903
1.706920498
1.739189817
1.743121791
1.742136465
1.739426608
1.734575232
1.735729575
1.736301584
1.735126611
1.723044066
1.719071836
1.707759489
1.707780223
1.707587979
1.707766014
1.712902938
1.714867068
1.736244689
1.707638421
1.70761084
1.706519458
1.713015323
1.717291088
1.714152504
1.706691523
1.706521867
1.726282751
1.723672133
1.70713361
1.706939768
1.724868584
1.755024836
1.707071349
1.715831375
1.741955445
1.706505053
1.720657629
1.723623129
1.707904305
1.708591655
1.707807083
1.707901272
1.707264607
1.707611121
1.707716742
1.714531918
1.714656803
1.707663372
1.719612059
1.709632797
1.725826681
1.726630341
1.727310307
1.732750349
1.72961155
1.727602935
1.707402001
1.740803931
1.747548794
1.706480173
1.708545837
1.723334387
1.722635444
1.723686363
1.723122286
1.73023952
1.7271637
1.706675118
1.741293135
1.715778172
1.707588846
1.707963865
1.706216562
1.706215677
1.707344362
1.707451118
1.711158269
1.707324297
1.707665875
1.724796392
1.741146876
1.734378348
1.717843192
1.711241855
1.711248588
1.713535175
1.707327234
1.7071051
1.726295111
1.730041944
1.707032895
1.706841916
1.707477123
1.707065499
1.707245015
1.707286555
1.729790689
1.736773778
1.731511074
1.728919542
1.726070661
1.707671909
1.707986911
1.751642384
1.751786775
1.748094321
1.733396468
1.737255701
1.743531887
1.747416348
1.708000746
1.707949612
1.707798228
1.707569773
1.706504937
1.738712187
1.740853354
1.738522958
1.735678936
1.730439339
1.731739136
1.732325513
1.730903386
1.722680757
1.719130478
1.708063899
1.708091502
1.708083331
1.708221644
1.708732971
1.732242843
1.707255682
1.707265533
1.706035927
1.710037612
1.718290465
1.71477463
1.706271196
1.706086321
1.723351866
1.720559821
1.72177721
1.706857597
1.706686121
1.71021757
1.708508305
1.750537085
1.707863839
1.707769946
1.741326421
1.735512662
1.721539118
1.708199963
1.708445753
1.707841538
1.707740495
1.707875493
1.707170117
1.707482848
1.707577603
1.707578134
1.708149472
1.708140747
1.708189173
1.719496141
1.713806203
1.722178459
1.724951129
1.742657182
1.706030366
1.706249427
1.706565788
1.721026783
1.720662413
1.720559547
1.711256163
1.728078539
1.723896739
1.72568225
1.706443757
1.70638084
1.740056666
1.708732488
1.707269236
1.705954716
1.707237713
1.707320211
1.707434836
1.722146005
1.739562625
1.734293827
1.711070172
1.7090696
1.705689133
1.712127187
1.707844582
1.712929427
1.717080242
1.708661871
1.708872712
1.726545517
1.708303417
1.736745439
1.706876671
1.725267313
1.728742689
1.706792582
1.707002821
1.708186617
1.707787107
1.726028882
1.726412455
1.736159794
1.731621951
1.728515468
1.725527587
1.708160519
1.708362869
1.747691711
1.746991372
1.747041793
1.743687842
1.732819017
1.74197239
1.744619302
1.707781618
1.707610227
1.707281563
1.706047148
1.736984282
1.738780182
1.736687659
1.73447736
1.731439301
1.727107649
1.727224245
1.728555627
1.727978932
1.721763871
1.718293535
1.708391387
1.708419702
1.708392567
1.708508139
1.708657558
1.727952783
1.706855266
1.706873563
1.705716522
1.705725353
1.705948317
1.716240897
1.705786421
1.718570262
1.718901397
1.717200172
1.706483103
1.708549149
1.708900608
1.70875153
1.746121817
1.708408118
1.708261526
1.708143881
1.735642407
1.729608626
1.720120928
1.708590765
1.707686488
1.707473133
1.707581816
1.707301777
1.707359697
1.707230051
1.708535745
1.70852371
1.70843519
1.709023256
1.709134126
1.709136679
1.710999096
1.718975087
1.738450274
1.705785346
1.7059322
1.717105498
1.718754699
1.72009219
1.722045552
1.723220653
1.70618597
1.706210231
1.739059369
1.708995557
1.706888888
1.707105749
1.707010957
1.707090878
1.705528268
1.737592829
1.733562867
1.708700719
1.708953923
1.705153052
1.705024926
1.706230307
1.710654379
1.712809382
1.708800088
1.708762079
1.723184953
1.723937286
1.708547112
1.735806055
1.739672514
1.708552277
1.708311144
1.706914519
1.730109027
1.706422437
1.723856272
1.727728325
1.706801255
1.708579945
1.708325117
1.722102582
1.734732976
1.729843166
1.725301337
1.722180248
1.708489921
1.708622019
1.742689553
1.744235121
1.742390529
1.742302962
1.731709631
1.740184703
1.707417694
1.707173176
1.70688136
1.705638385
1.705898554
1.735654541
1.734307736
1.732241928
1.726825135
1.723193132
1.723816658
1.724275333
1.724719291
1.717688618
1.708653955
1.708669104
1.708636916
1.708731209
1.708816613
1.708753338
1.72323398
1.706432097
1.706456796
1.705474423
1.705482983
1.70549435
1.705496498
1.714739458
1.714259064
1.715423348
1.715869002
1.716064867
1.714031418
1.706002
1.708926547
1.708803313
1.709011388
1.709126203
1.741328775
1.708713449
1.708590585
1.708467985
1.726171095
1.730418681
1.718682864
1.707309828
1.706995135
1.707134575
1.706978612
1.706856533
1.708706289
1.70876026
1.708829757
1.709131053
1.709088662
1.709142188
1.707876036
1.713658543
1.733654735
1.705490232
1.713679181
1.716829519
1.719242011
1.705882871
1.736994547
1.706458448
1.706929333
1.70690318
1.706740434
1.70507413
1.732123795
1.708671289
1.704830818
1.704556378
1.704626279
1.704583371
1.7081807
1.711724461
1.708865091
1.708864088
1.720954116
1.71964096
1.708747913
1.73371189
1.73579726
1.708742192
1.708010678
1.706493795
1.706435865
1.724944438
1.727246047
1.720049317
1.708856238
1.724968312
1.706571929
1.729034492
1.706468543
1.705977479
1.722091107
1.726810677
1.706820568
1.708825735
1.708607151
1.717177341
1.730732123
1.723823294
1.718363269
1.708730483
1.708830497
1.737762408
1.739625182
1.737057961
1.736992178
1.729947248
1.735361406
1.706877136
1.706588252
1.705508448
1.705277864
1.731680233
1.728058757
1.721282689
1.720053643
1.720419339
1.720763358
1.719811386
1.7122246
1.708823832
1.70882157
1.708825421
1.708891277
1.708889339
1.708876688
1.718347806
1.705994038
1.706001801
1.705225407
1.705225117
1.705251857
1.705016089
1.711795175
1.712106825
1.711386049
1.712860978
1.712969183
1.711711367
1.705591584
1.705514545
1.709028316
1.709122097
1.708958156
1.709150671
1.709165134
1.735673973
1.708922336
1.70882678
1.70872016
1.717130434
1.724414901
1.713949132
1.706771534
1.706357916
1.706562195
1.706391812
1.708927686
1.709017879
1.708998193
1.707328296
1.707475526
1.72806121
1.711475992
1.715003939
1.71289671
1.732300022
1.706016987
1.706813696
1.706640011
1.706349437
1.704619054
1.727750092
1.707911027
1.708532339
1.704395556
1.704163506
1.7041907
1.704189328
1.704207895
1.708872764
1.717292015
1.71701036
1.708871086
1.728834083
1.729557631
1.708884639
1.70604824
1.705928635
1.705960413
1.719192447
1.721199028
1.722928194
1.716776782
1.708789835
1.72059769
1.718739154
1.706053757
1.706051109
1.706092158
1.703968498
1.716552325
1.705516842
1.716915317
1.7238043
1.706797205
1.709007173
1.708827864
1.714515099
1.713554671
1.723216182
1.723009602
1.725418028
1.715269617
1.715426562
1.7088507
1.709926187
1.708914141
1.70897851
1.731996843
1.733819784
1.730722179
1.730403929
1.729773528
1.706187261
1.705107502
1.70498573
1.720125043
1.715462497
1.716399478
1.716659156
1.716999015
1.71570895
1.708935884
1.708912939
1.708957834
1.708899408
1.714541328
1.705541031
1.705545003
1.704911899
1.704921497
1.704564867
1.704106469
1.710114394
1.71069598
1.709688563
1.710566706
1.710177983
1.709903316
1.705154028
1.709137853
1.709102631
1.709160532
1.708989961
1.709070908
1.727149851
1.709056999
1.708995915
1.708917091
1.709437416
1.706900091
1.717651164
1.708064205
1.703918821
1.706145809
1.705704556
1.705658012
1.709077536
1.709125573
1.708590459
1.706905201
1.70709392
1.717415269
1.711761454
1.72531038
1.705570476
1.706635146
1.706327739
1.705962615
1.704182615
1.707930411
1.707332833
1.703899652
1.703872965
1.703826495
1.708783899
1.714413099
1.72251571
1.705504178
1.705449522
1.705558564
1.714704073
1.715975569
1.717282974
1.713735059
1.708653252
1.715770078
1.71441982
1.705543636
1.705580928
1.705662751
1.703720413
1.714350345
1.713496143
1.706498202
1.70481241
1.70875937
1.705626213
1.705111988
1.70385281
1.711520395
1.716001034
1.706692982
1.70910584
1.708983054
1.711942505
1.716431662
1.716574335
1.710689186
1.709898137
1.708530321
1.708384047
1.709017973
1.708992472
1.70901862
1.724041759
1.725816477
1.720624005
1.705637906
1.70479942
1.70457917
1.71417534
1.712819148
1.712032049
1.713675851
1.712343546
1.70895899
1.708923247
1.708805656
1.705077756
1.70510942
1.70456609
1.704197734
1.703695941
1.708973556
1.709093671
1.708291096
1.708566839
1.709971747
1.708357123
1.704847893
1.709145029
1.70914785
1.709068991
1.708511822
1.708837687
1.715002545
1.711542133
1.709100663
1.709081889
1.709039545
1.706209031
1.706288114
1.703691207
1.703585712
1.705122184
1.705125281
1.705066073
1.705107708
1.709135529
1.709125753
1.707915658
1.706301887
1.706744498
1.705726271
1.708036818
1.713508676
1.705143406
1.706403035
1.705977852
1.703858597
1.70714044
1.703662911
1.703612185
1.708590878
1.705092891
1.705136432
1.705272201
1.712963544
1.711981627
1.71320624
1.711651255
1.710962389
1.710454863
1.705188102
1.705283307
1.711949979
1.712606921
1.711240142
1.704543409
1.707774699
1.705364908
1.705554456
1.705819184
1.706156764
1.707337915
1.70894676
1.704652114
1.703586131
1.703569945
1.70388864
1.703941485
1.706509181
1.709098493
1.709056819
1.709640803
1.711590512
1.711187047
1.708152455
1.708225688
1.708308852
1.708082013
1.709036034
1.70890915
1.70897822
1.707893554
1.705104887
1.704947632
1.704538409
1.704432843
1.704218319
1.704215432
1.710790318
1.710322285
1.710615519
1.710327801
1.710914482
1.709646993
1.708858435
1.70861833
1.704693989
1.704736766
1.703873788
1.703510037
1.707553422
1.707230254
1.708147878
1.707695938
1.709050554
1.708785082
1.708207424
1.704383949
1.704602334
1.709067423
1.709069793
1.70574313
1.70350185
1.70472426
1.704630324
1.704670782
1.704701843
1.704817355
1.709032894
1.707448234
1.705662389
1.706361165
1.705372145
1.705122026
1.703927164
1.704816768
1.706183912
1.70362781
1.70675967
1.703527639
1.703527811
1.708325911
1.704910783
1.70503684
1.705168072
1.710015727
1.710259632
1.707966749
1.707924015
1.704765511
1.710176114
1.704214803
1.707428114
1.70533195
1.705673421
1.705486539
1.705999592
1.705649222
1.707319924
1.708761182
1.708824494
1.70368517
1.704534294
1.704279203
1.704337468
1.703449987
1.703681062
1.703508941
1.703484518
1.703448259
1.703571751
1.70628685
1.708993386
1.709018735
1.708901489
1.708018706
1.707995847
1.708471834
1.707931264
1.708007741
1.707753112
1.708635933
1.708860025
1.703938393
1.704632424
1.704396597
1.704187945
1.703894856
1.70391226
1.708202737
1.70879089
1.708355869
1.708586153
1.708691707
1.708413687
1.708267269
1.708149672
1.704383238
1.704450229
1.70362666
1.703450944
1.703467957
1.707597029
1.707495929
1.707221238
1.707850319
1.707720444
1.708549431
1.707469989
1.704196345
1.708945494
1.705106822
1.704472795
1.704364165
1.704649018
1.70480411
1.708752689
1.708441866
1.705175251
1.705849814
1.703590391
1.703724989
1.703490305
1.706266576
1.704989879
1.705186817
1.705299543
1.707816826
1.707743562
1.707714986
1.707654439
1.704289898
1.703936017
1.707366119
1.705480362
1.705679227
1.705882453
1.705605111
1.705075984
1.705140738
1.708481758
1.708538965
1.708590598
1.703503361
1.704206569
1.706739578
1.703911831
1.704037433
1.703981205
1.704090063
1.7034235
1.703420918
1.703453385
1.703426735
1.706100389
1.708697309
1.708850074
1.708216655
1.708039278
1.707636236
1.707574144
1.70764622
1.707366466
1.70811143
1.708592751
1.703662074
1.704646552
1.704259499
1.70419956
1.704102219
1.703931759
1.703656475
1.703667564
1.707599219
1.707846173
1.707966475
1.70811819
1.707707761
1.708281847
1.708196598
1.707655109
1.704136812
1.703503387
1.703440378
1.707479018
1.70759872
1.70721234
1.707863344
1.707746391
1.707602106
1.708631152
1.704615948
1.704369479
1.704891628
1.705062812
1.708099183
1.705302653
1.703528128
1.703458338
1.705768429
1.705331962
1.705555579
1.705608689
1.707512434
1.707381857
1.707461829
1.707343669
1.704044028
1.703715916
1.707345017
1.705793122
1.705823351
1.70584106
1.705865949
1.704650152
1.704566852
1.704727481
1.708053256
1.708208195
1.708219256
1.703453506
1.703968253
1.706283685
1.704018233
1.703770776
1.707850688
1.707795951
1.70790581
1.703795049
1.703872208
1.703751757
1.703905444
1.703419994
1.703422415
1.703426529
1.703432891
1.706019038
1.708152012
1.708430642
1.708179274
1.70800592
1.707411203
1.70717512
1.707204321
1.706958524
1.707385266
1.708021638
1.703612403
1.704220661
1.704191421
1.704376999
1.70398126
1.703518077
1.703538467
1.703578286
1.707538454
1.707701831
1.708056455
1.708147828
1.703467517
1.703450015
1.707471097
1.707592616
1.707198233
1.707724799
1.70689568
1.708005838
1.705018092
1.704673117
1.705347034
1.705545822
1.70721675
1.704687723
1.70526385
1.703481299
1.705894783
1.706016738
1.707170344
1.706971406
1.707248043
1.707046744
1.703621966
1.707343893
1.706164882
1.706080348
1.705936429
1.706204727
1.704240635
1.707579511
1.707544884
1.70343159
1.70384592
1.705672305
1.703841791
1.707941861
1.707225698
1.707624933
1.70786637
1.707635591
1.70367803
1.703751373
1.703451163
1.703448676
1.703425615
1.703470732
1.706095153
1.707275889
1.707634397
1.708086024
1.707368318
1.707075936
1.706683553
1.706785118
1.706849584
1.707124989
1.703635086
1.703534015
1.703904518
1.704647476
1.70430114
1.704841242
1.704023918
1.703489749
1.703529242
1.703571432
1.707904817
1.707979212
1.703485317
1.707469048
1.707581649
1.707180265
1.707770496
1.705788642
1.707082285
1.705558225
1.705187516
1.705874908
1.706046067
1.706268149
1.704217757
1.70473718
1.703449944
1.706352009
1.706433833
1.706762077
1.706557547
1.706703879
1.703628525
1.707333205
1.706519202
1.706384207
1.706150752
1.706528066
1.703932723
1.706828155
1.706828911
1.703433863
1.703895095
1.703778472
1.705038069
1.707927435
1.706555313
1.707340454
1.707579511
1.706653384
1.703702379
1.70352793
1.70350322
1.70345662
1.703504366
1.703542579
1.706323299
1.706144409
1.70652615
1.707948267
1.707030305
1.70669092
1.706401837
1.706275356
1.706322607
1.706157326
1.703518506
1.703480934
1.703686628
1.70528708
1.704876082
1.704462326
1.7054108
1.704159585
1.703578706
1.70365222
1.707683304
1.707760173
1.707398124
1.707580313
1.70715592
1.707742561
1.704656435
1.705193668
1.706017836
1.706068651
1.705763096
1.706317583
1.706448606
1.703803225
1.704246226
1.703449286
1.706638243
1.706690656
1.706362791
1.706322803
1.70372715
1.706734063
1.706422984
1.706742982
1.706364356
1.70609169
1.703866058
1.707817077
1.706039639
1.707007344
1.707319921
1.706810786
1.706668597
1.703922823
1.703589997
1.703687184
1.703588732
1.703511047
1.703692112
1.706637023
1.705089216
1.705258714
1.707774181
1.706658856
1.706316265
1.705982267
1.706010561
1.705962738
1.705368835
1.703559
1.703502008
1.703471366
1.705915637
1.705480642
1.705797184
1.705121802
1.704738635
1.704521255
1.704107266
1.703767692
1.70388613
1.707355331
1.707534118
1.707123188
1.707353148
1.707441889
1.707639968
1.704306517
1.704001655
1.706381912
1.706175311
1.706525603
1.706616822
1.703638803
1.703525702
1.706654648
1.70670519
1.705955806
1.706733903
1.706780462
1.705553083
1.70765022
1.705685074
1.706633576
1.706998664
1.706818997
1.706850801
1.70414266
1.705261133
1.704549443
1.703707442
1.70393406
1.70388568
1.703669397
1.706924799
1.704450825
1.70456555
1.707521732
1.706242366
1.70594769
1.705587004
1.705636346
1.705448937
1.704893793
1.703543254
1.703565544
1.706219925
1.706134163
1.705726764
1.705980806
1.705423136
1.705162584
1.704045705
1.704384388
1.707244331
1.706962537
1.707073468
1.707229974
1.707311195
1.707487235
1.703870619
1.703954214
1.703768635
1.706374434
1.706319038
1.706391074
1.706464619
1.703609009
1.70637342
1.706452255
1.705614525
1.706504034
1.706624143
1.707392146
1.706187389
1.706582814
1.706672976
1.706932839
1.705036155
1.703733753
1.706058406
1.70532389
1.705067158
1.704208414
1.704310536
1.703951978
1.704228185
1.707089189
1.704070414
1.704504239
1.704235225
1.70713986
1.70572949
1.705187122
1.705187803
1.70468251
1.703676836
1.706121456
1.706135564
1.706141877
1.706086418
1.705937055
1.705786866
1.704740368
1.706846803
1.706522156
1.706987749
1.707086599
1.707217725
1.707068614
1.703719778
1.703879039
1.706084748
1.706000705
1.705836562
1.70598349
1.705926957
1.703791071
1.705834309
1.705988954
1.70539463
1.706098512
1.70631319
1.707019614
1.706429301
1.706873327
1.704892448
1.703951556
1.706030575
1.705546692
1.70577711
1.705973662
1.705687543
1.705348995
1.704647135
1.704645923
1.704349159
1.704743249
1.707085582
1.704104901
1.704492436
1.704647367
1.704370342
1.706653649
1.705310147
1.704886662
1.704957752
1.70510093
1.704758963
1.704063764
1.705706303
1.705887548
1.705665092
1.706046425
1.706103837
1.706087457
1.705060022
1.706375047
1.706822154
1.706827112
1.706789876
1.706725093
1.703988846
1.704194961
1.705491764
1.705279053
1.705138205
1.705258608
1.705206634
1.704247915
1.705201387
1.705441637
1.705633547
1.705980288
1.706180426
1.706705925
1.705867605
1.705616175
1.705299271
1.705212004
1.70601114
1.706050319
1.706032342
1.705878259
1.705605687
1.70521122
1.704697127
1.704976255
1.705311651
1.706938052
1.704604592
1.704596489
1.704804297
1.704932557
1.704937816
1.704831371
1.706366626
1.706133209
1.705103693
1.704931364
1.705044017
1.705041689
1.705252215
1.704991178
1.705574198
1.704908063
1.705827161
1.705899906
1.706574317
1.706460954
1.706333996
1.704621716
1.704789296
1.70468078
1.704482871
1.704382313
1.704536363
1.704559241
1.704659748
1.704945952
1.705477821
1.705126526
1.705741988
1.706034648
1.706512408
1.705681708
1.70545293
1.705246201
1.705184938
1.705162645
1.706364602
1.705966607
1.705859712
1.705815793
1.705578226
1.705952762
1.705810475
1.705286694
1.705411526
1.705606997
1.705763672
1.706737872
1.705296762
1.705220566
1.705342453
1.705415363
1.705332792
1.705345113
1.70527137
1.705914999
1.70518058
1.705324438
1.705250072
1.704755593
1.704454871
1.704125033
1.705145724
1.704077337
1.705267804
1.706268552
1.70601945
1.705387463
1.703910267
1.703816066
1.703837099
1.704028358
1.704168341
1.704387511
1.704668897
1.7050163
1.705351049
1.705701361
1.706060793
1.705363773
1.705563138
1.70523155
1.7052283
1.705295981
1.705338415
1.706359818
1.705551541
1.705800335
1.705230708
1.705129344
1.704740928
1.705919959
1.705930331
1.705849032
1.705902273
1.705911772
1.705929952
1.706638921
1.705804117
1.705862068
1.705893412
1.705863974
1.705938907
1.705843288
1.705735286
1.705741959
1.705652881
1.705466457
1.705620279
1.703873238
1.703874889
1.704264346
1.703584403
1.703402845
1.704343726
1.703432656
1.705923906
1.70341485
1.703502721
1.703698704
1.703902494
1.704185099
1.704533348
1.704809556
1.705215842
1.705521616
1.705905643
1.706259526
1.705258617
1.705353065
1.705402797
1.705293072
1.705263333
1.70555855
1.705653209
1.706488189
1.706567857
1.705157069
1.704717255
1.705494556
1.704295637
1.704147747
1.703729422
1.705598651
1.705809098
1.706118835
1.706055595
1.706166365
1.705945991
1.705971324
1.706724807
1.706187138
1.706249468
1.706260996
1.706323634
1.706269234
1.706180691
1.706180108
1.706013654
1.705431593
1.705607486
1.705860233
1.703303103
1.70310234
1.703124054
1.703366185
1.703039615
1.70307445
1.703192897
1.703386823
1.703675864
1.704045946
1.704243086
1.704643988
1.705074177
1.705289374
1.705693371
1.705924297
1.706270481
1.705254161
1.705290857
1.705672276
1.705490942
1.705404837
1.705300789
1.705877314
1.705982765
1.706742618
1.706859918
1.706643799
1.706176535
1.704665055
1.704166614
1.703740348
1.704832721
1.703245485
1.703146745
1.702831558
1.705205468
1.705519231
1.706085266
1.705906647
1.705820632
1.706219117
1.705598569
1.706973822
1.706278482
1.706366483
1.706431675
1.706476485
1.706466104
1.706471426
1.706379649
1.706236142
1.705381697
1.702630647
1.702681715
1.702705158
1.702815815
1.702988066
1.7032578
1.703427439
1.703917718
1.703800566
1.704350167
1.704817921
1.70498134
1.705430241
1.705840655
1.705931374
1.706255756
1.706392172
1.705279473
1.705288269
1.705951539
1.705742722
1.705614522
1.705430759
1.706152834
1.706265051
1.707006016
1.707001447
1.706864173
1.706725811
1.706408733
1.703698802
1.703843732
1.703138175
1.703222559
1.70274463
1.704288117
1.702443808
1.702424618
1.702336836
1.704703323
1.704834227
1.705850911
1.705591246
1.705265046
1.705174116
1.705944757
1.70724401
1.70618306
1.706343476
1.706473551
1.70650125
1.706521487
1.706470437
1.705287566
1.702421718
1.702583745
1.702859139
1.703064617
1.703475018
1.703947995
1.704181172
1.704653703
1.70483323
1.705317351
1.705773087
1.705896537
1.70626134
1.706467082
1.706640492
1.70536948
1.70597016
1.706153726
1.705816253
1.705596149
1.706294648
1.706378943
1.707150101
1.706917255
1.706826262
1.70677165
1.706717005
1.706429863
1.702914291
1.702754836
1.70332262
1.702352908
1.702442972
1.702178438
1.703742138
1.702152423
1.7022263
1.702477926
1.703865462
1.704306087
1.705146525
1.705271958
1.704782146
1.704356527
1.705611329
1.707356733
1.705926655
1.706155315
1.70622773
1.706381783
1.706454166
1.705362309
1.702897819
1.703488805
1.703821454
1.704397874
1.70499638
1.705212304
1.705703885
1.705883503
1.706280091
1.706576688
1.706619118
1.70671065
1.706732519
1.705557515
1.706103078
1.705975417
1.706206232
1.705788836
1.706234099
1.706277287
1.707120287
1.706536774
1.706760197
1.706491357
1.706401254
1.706516798
1.706182591
1.702603767
1.70234443
1.702242526
1.702922038
1.70210739
1.70213213
1.702206295
1.703093061
1.702471351
1.702657995
1.703153024
1.703485783
1.704265635
1.704426452
1.704823611
1.703844102
1.705236167
1.707211993
1.705578265
1.705679646
1.705960564
1.706164081
1.705543122
1.703825298
1.704526915
1.704881898
1.705494964
1.706055158
1.706177207
1.70658238
1.706684561
1.706859734
1.706881966
1.706831448
1.70669769
1.705764491
1.70602466
1.706088734
1.705924618
1.706068414
1.705981228
1.706199388
1.70600394
1.706501033
1.705812098
1.705888942
1.706145331
1.70576145
1.705772682
1.702376548
1.702503582
1.702359935
1.702301617
1.702639009
1.702483723
1.702449635
1.702832899
1.702865832
1.703327408
1.703560854
1.704206871
1.703161403
1.703627083
1.703458324
1.703996924
1.704431629
1.704826968
1.706823209
1.704958718
1.70532415
1.705644313
1.70576851
1.70494402
1.705591984
1.705910561
1.706397337
1.706727686
1.706874389
1.706901591
1.706774615
1.70650987
1.706434377
1.705910172
1.705939579
1.705959303
1.705911002
1.705514367
1.705822101
1.705524335
1.705181788
1.706135042
1.705090553
1.705200616
1.705552644
1.705184625
1.705349096
1.705609348
1.702649972
1.702759778
1.702727447
1.702887127
1.702747197
1.703230762
1.703375898
1.703903712
1.702835304
1.704467846
1.704695512
1.705313208
1.702987855
1.70311143
1.703365638
1.703696823
1.704099886
1.704196314
1.706379556
1.704560958
1.704983788
1.705955529
1.705902274
1.706316258
1.706516481
1.70668507
1.706661351
1.706449382
1.70635046
1.705895868
1.705486649
1.705960935
1.705881866
1.705732234
1.70498791
1.705186968
1.705582943
1.704750438
1.704427245
1.70590916
1.704287789
1.704378216
1.704597388
1.705249083
1.704911501
1.705449244
1.703331072
1.703350292
1.703530301
1.703190924
1.703898821
1.703047462
1.704333012
1.704533961
1.705113808
1.70300325
1.705565085
1.705666664
1.70609913
1.70306694
1.703126805
1.703304003
1.703581997
1.70385132
1.706082445
1.704312374
1.706038352
1.706347805
1.706401323
1.706425941
1.706228348
1.70581022
1.705318833
1.705096405
1.704413502
1.705908365
1.705711449
1.704522971
1.704706948
1.705175302
1.705549602
1.704160359
1.703712835
1.705850827
1.703450249
1.703273494
1.704151755
1.705143518
1.704913614
1.704577096
1.70549125
1.705999981
1.704297656
1.704316599
1.70406873
1.704587075
1.703813101
1.704988184
1.703531124
1.705375839
1.705592249
1.70602059
1.703596034
1.706180343
1.706244559
1.703398136
1.703330965
1.703405841
1.703572709
1.703879152
1.706034341
1.7059924
1.706083895
1.705726084
1.705583987
1.705063591
1.704393781
1.703854118
1.703718433
1.705776593
1.704243521
1.705338051
1.704959238
1.704337
1.705818438
1.703684273
1.703115183
1.706109681
1.702696426
1.702650642
1.703966022
1.704759021
1.7050279
1.705310008
1.704450518
1.705610828
1.705284243
1.705316603
1.705093871
1.704815982
1.705518594
1.704495795
1.705795737
1.705993916
1.706087586
1.70607998
1.704146832
1.704557148
1.705998427
1.705669656
1.703859859
1.703706529
1.703738486
1.703763452
1.706393074
1.706289671
1.705843584
1.705102967
1.704349883
1.704227663
1.703476393
1.702906356
1.702578755
1.704220116
1.705630496
1.705946671
1.705011373
1.704238296
1.706295226
1.703481035
1.702910606
1.702285831
1.701965719
1.704107109
1.704929356
1.704701861
1.705191136
1.705484367
1.704522857
1.706720492
1.70601756
1.705903113
1.705920306
1.705782664
1.705594711
1.706008972
1.70557806
1.70602732
1.705961017
1.705896208
1.705387405
1.705250019
1.704794997
1.705100516
1.704483982
1.704443464
1.704316762
1.704034954
1.706726119
1.706616363
1.705663908
1.703730958
1.702736589
1.702934395
1.702173376
1.701897481
1.704469199
1.705910647
1.706374176
1.706555185
1.705215519
1.704431191
1.703842443
1.702835317
1.7022885
1.701753829
1.704579194
1.705157177
1.704992264
1.704845791
1.705375238
1.704817615
1.706947329
1.706955279
1.705145613
1.706068932
1.706028159
1.706242837
1.70634379
1.706370205
1.706427098
1.705835306
1.706248124
1.705584772
1.705244926
1.705018477
1.704168786
1.70586914
1.70543923
1.703760338
1.703051646
1.705195677
1.70465729
1.706878651
1.706783249
1.705539237
1.702313411
1.701812154
1.701651309
1.701536202
1.704940685
1.706237127
1.706683227
1.706903905
1.705632302
1.705236257
1.704355102
1.70361808
1.702501378
1.703351282
1.701865077
1.705234627
1.70530545
1.705364357
1.705253322
1.705199065
1.705265179
1.707001344
1.706958599
1.706850361
1.705490048
1.70553496
1.705879236
1.705519477
1.705396481
1.706260425
1.706543328
1.706716553
1.706806112
1.705038627
1.706680404
1.70457912
1.70401646
1.703715387
1.702820208
1.70637522
1.706164899
1.702442457
1.70189969
1.705668101
1.706724086
1.706598373
1.705536559
1.701527397
1.70144383
1.701511359
1.705543312
1.706639332
1.706926344
1.707032963
1.706453405
1.705891276
1.705220372
1.70491641
1.704044842
1.70308626
1.702348735
1.705892504
1.706080643
1.705474612
1.7054605
1.705750029
1.706826517
1.706582633
1.706533498
1.706391847
1.705698469
1.705819834
1.705900215
1.704905488
1.705473322
1.704442357
1.704293237
1.705991273
1.706277249
1.706659766
1.70689841
1.703859409
1.706882048
1.703357978
1.702699034
1.702785881
1.702255516
1.701812106
1.706763087
1.706453261
1.701650224
1.701514518
1.706265495
1.706126045
1.706044114
1.705679806
1.701664995
1.702049871
1.70606226
1.707102649
1.707088944
1.707006848
1.706941615
1.706580939
1.706413676
1.705737759
1.704821279
1.703908296
1.703426622
1.706366656
1.706548764
1.705689534
1.706105645
1.706057488
1.706422693
1.705747758
1.705767329
1.705643772
1.705973732
1.705862925
1.706048833
1.706099911
1.706457465
1.70360724
1.704209655
1.704828085
1.703172781
1.703051322
1.705143252
1.705824889
1.706346532
1.706715648
1.702654617
1.706747027
1.702224627
1.701914555
1.701822855
1.701655777
1.701667482
1.706733211
1.701718661
1.702069628
1.705438078
1.704979084
1.705256091
1.705937898
1.702710145
1.706311268
1.706964465
1.707196748
1.706838191
1.707255922
1.70726628
1.707002664
1.706420131
1.705650904
1.705194041
1.704237323
1.706421166
1.706506501
1.706005763
1.706170083
1.704995524
1.705349966
1.705414774
1.704779992
1.70490318
1.704870311
1.706113946
1.706106231
1.706065678
1.70602102
1.705866272
1.705678927
1.702851893
1.702402309
1.70340626
1.703666098
1.702152726
1.702073331
1.704361692
1.705109076
1.705905107
1.705270737
1.706053012
1.701865655
1.706376862
1.701739905
1.701755473
1.701770542
1.701995157
1.702399191
1.702640905
1.70341856
1.704519324
1.704437454
1.704548389
1.706229915
1.706139278
1.706057254
1.706581065
1.707019817
1.707187393
1.707391648
1.707325765
1.706947103
1.70664679
1.705957278
1.705115798
1.705983949
1.705891915
1.705851994
1.704029767
1.704199168
1.704188271
1.704555299
1.703999266
1.704201905
1.704265567
1.706068968
1.706225225
1.705836998
1.704640557
1.705426332
1.705332593
1.705150446
1.704848232
1.702191708
1.701858811
1.701759823
1.702353277
1.702890857
1.701728191
1.701752504
1.703570085
1.703850028
1.704547558
1.704846268
1.705447556
1.701843554
1.702073151
1.702416238
1.702533834
1.703078312
1.703736317
1.704013605
1.704255869
1.704117415
1.704307985
1.704231818
1.706417784
1.705586709
1.705274758
1.705933847
1.706152989
1.706811268
1.707195741
1.70733528
1.707238194
1.706968974
1.706473082
1.706173782
1.705088458
1.704856501
1.705170704
1.703398582
1.703498595
1.703221335
1.703401661
1.703262436
1.70369407
1.703903936
1.70582543
1.706171756
1.703723917
1.704974913
1.705452459
1.704687217
1.704652274
1.705527338
1.701627301
1.701650881
1.701667439
1.701673738
1.701873528
1.701877033
1.702289528
1.702170439
1.702265856
1.702550628
1.70317425
1.703485371
1.704204218
1.702633932
1.703124419
1.703633064
1.70384754
1.704512633
1.705206233
1.704447821
1.704418125
1.704188697
1.704536365
1.704387324
1.70638931
1.704667061
1.704360828
1.704524608
1.705305231
1.706055024
1.706122127
1.706708193
1.70677267
1.70698552
1.706961226
1.706794626
1.70647755
1.704062332
1.703749275
1.704386504
1.703252756
1.702940794
1.703628321
1.702643729
1.7025415
1.70403357
1.705945462
1.702843013
1.704702074
1.705093306
1.705578781
1.704203076
1.704412325
1.706265514
1.701952277
1.701862941
1.701698227
1.702303523
1.702398923
1.702875056
1.701741104
1.701904634
1.703357406
1.70346027
1.702268418
1.702501985
1.70309057
1.703984409
1.704418569
1.705041116
1.705222404
1.705780772
1.705097582
1.704961495
1.704895606
1.70491562
1.705022401
1.704902678
1.706119004
1.703858451
1.70289741
1.703514972
1.704253678
1.704448685
1.705154906
1.705387136
1.706000535
1.706418636
1.706396623
1.706552303
1.706462168
1.703341468
1.703000729
1.703876394
1.703865522
1.703487429
1.702807959
1.704430008
1.702272595
1.701988865
1.701834933
1.704929302
1.704664173
1.705266749
1.705651122
1.704178089
1.706380112
1.703158272
1.703041713
1.702489985
1.702148618
1.703711189
1.703840926
1.704385172
1.702185258
1.702201285
1.704866367
1.704865266
1.702551841
1.705283923
1.7053259
1.705694674
1.706035279
1.706138354
1.705835584
1.705841957
1.705571632
1.705642571
1.705523879
1.70545856
1.705702035
1.703501916
1.702041341
1.702487538
1.702640727
1.703301672
1.703509258
1.704335088
1.705052602
1.705256807
1.705794028
1.706040997
1.703229804
1.702956897
1.703896559
1.704701939
1.705063429
1.703817331
1.70286605
1.702120219
1.701744307
1.701404683
1.705074684
1.705201034
1.705164302
1.704609827
1.706231636
1.70478384
1.704788936
1.704045785
1.703423676
1.703320609
1.705436756
1.705457402
1.70586218
1.702952678
1.702810883
1.706144207
1.706105842
1.70621471
1.706172768
1.706249654
1.706223649
1.706603576
1.70660036
1.706355977
1.706001268
1.706385864
1.705783906
1.705687741
1.705385131
1.703782752
1.701375459
1.701338056
1.701780084
1.701827415
1.70254672
1.703325656
1.703637122
1.70437263
1.705025168
1.705454738
1.703827055
1.70366105
1.704473051
1.706160952
1.70534945
1.70425518
1.703190599
1.70269726
1.701862722
1.701293314
1.705527893
1.705312101
1.705876054
1.705383467
1.705550904
1.706292117
1.705824996
1.705134936
1.704941024
1.704369853
1.706664474
1.706641771
1.70672628
1.703889568
1.706639836
1.70649551
1.706284811
1.706181706
1.705915443
1.707172423
1.70727951
1.706831809
1.706382034
1.706042489
1.707302691
1.705677169
1.70518419
1.705286479
1.705343259
1.704647842
1.701054787
1.70098847
1.701281234
1.701840635
1.702162011
1.702841282
1.703565902
1.704162615
1.704271475
1.704946873
1.704906493
1.705431092
1.706826675
1.705979172
1.704852154
1.704482595
1.70342667
1.702334537
1.701860084
1.705662994
1.706088663
1.706237515
1.706512421
1.704818652
1.707141213
1.70694423
1.706603272
1.70642117
1.705914012
1.705330954
1.707067519
1.706897988
1.706524872
1.706050246
1.705932594
1.70541827
1.705317571
1.706948206
1.707418747
1.707635296
1.706330995
1.705785962
1.705561307
1.707676978
1.704602612
1.704225805
1.704311479
1.705596885
1.705845024
1.701264627
1.701034687
1.701153712
1.701371423
1.701760761
1.702278903
1.702780416
1.702868374
1.703351777
1.706204961
1.706139112
1.706422681
1.707274934
1.706456045
1.705720755
1.704256517
1.703535882
1.702567651
1.70608259
1.706510154
1.706820804
1.706802176
1.703907268
1.7066097
1.706896351
1.707206912
1.70724301
1.707187679
1.706963591
1.706616776
1.706370148
1.705986799
1.705018611
1.704640831
1.704041917
1.705835936
1.706607103
1.706745374
1.707466328
1.705119139
1.704623535
1.707740112
1.703146304
1.703343901
1.703073036
1.703016655
1.705976631
1.70684144
1.701832919
1.701499674
1.701560935
1.701546412
1.701664179
1.701896022
1.701863093
1.702072318
1.702470202
1.706985756
1.706959442
1.707571514
1.707211803
1.706115428
1.705468251
1.704448061
1.703432755
1.706328658
1.70688347
1.706610991
1.702534064
1.706372329
1.706314492
1.705618646
1.706379155
1.706849795
1.70694383
1.707128388
1.707128829
1.704809629
1.704369166
1.703241681
1.702944873
1.705087738
1.704108149
1.706044944
1.704353964
1.706983974
1.703450076
1.707491332
1.70170794
1.701741746
1.702169427
1.70203477
1.701826744
1.706213491
1.707022426
1.702769624
1.702701578
1.702268308
1.701971847
1.701767591
1.701659996
1.701598669
1.701516947
1.706987082
1.706862242
1.707584717
1.707334265
1.70695148
1.706207429
1.705322831
1.704402927
1.70636041
1.705965585
1.701608386
1.706113429
1.705698219
1.704675923
1.703771554
1.705562671
1.705684007
1.706342311
1.706769064
1.702923515
1.702559567
1.701691738
1.702844541
1.702086888
1.703610125
1.705064855
1.701612087
1.706116395
1.706624322
1.700532732
1.700404627
1.701036018
1.700327304
1.701253064
1.701325105
1.701101766
1.706049578
1.706427426
1.70453717
1.703691401
1.703075288
1.702583502
1.702292156
1.701667783
1.701379881
1.701090239
1.706181152
1.706116244
1.707380759
1.707391839
1.707179195
1.706652084
1.705907043
1.705375414
1.70511127
1.700931273
1.705545023
1.704908292
1.703821992
1.702883237
1.702011425
1.704928283
1.704055063
1.705639075
1.701354545
1.701178522
1.700627942
1.702372159
1.70092334
1.703700641
1.69935179
1.704457577
1.706032818
1.700235129
1.699707494
1.699245486
1.700648697
1.699012147
1.70092619
1.701063505
1.70099425
1.701120369
1.705505036
1.70528718
1.705267831
1.706214694
1.704566541
1.703963062
1.703601916
1.702598627
1.70217925
1.701578627
1.701212459
1.704863368
1.704951681
1.706448094
1.706932719
1.707014358
1.706777423
1.704152788
1.704445389
1.704227954
1.700791083
1.704825496
1.704182624
1.702548509
1.702150434
1.701474068
1.700944325
1.704132974
1.703284869
1.700702025
1.69965496
1.700848697
1.698633106
1.701464561
1.697992302
1.703038248
1.70416584
1.700548758
1.699918335
1.699109302
1.698365471
1.700842557
1.701083436
1.701323215
1.701160141
1.701401274
1.704736164
1.703987329
1.705844805
1.706323442
1.706571515
1.705367332
1.705060335
1.70407669
1.703641476
1.702903885
1.702524773
1.701713034
1.703507575
1.703572366
1.704309124
1.705429767
1.706088911
1.706438781
1.70364592
1.703335551
1.703652253
1.701209327
1.704185989
1.703759176
1.701666171
1.702156496
1.701336869
1.701029925
1.701006596
1.702809888
1.701643135
1.69760837
1.698333551
1.698724288
1.697313048
1.699911698
1.697767419
1.701184761
1.701583169
1.701191459
1.700667657
1.699800792
1.698748338
1.701315509
1.701263366
1.701499384
1.701055239
1.70164017
1.704040761
1.702961889
1.706322751
1.706198971
1.706265907
1.705572593
1.706080441
1.70551835
1.705249769
1.704577177
1.704295979
1.703483256
1.702662152
1.702617872
1.702953388
1.702803558
1.703981736
1.70483858
1.703339326
1.703166261
1.703562242
1.703831725
1.703752993
1.703832654
1.701929249
1.701802531
1.702194757
1.701608493
1.701718565
1.702249833
1.703564603
1.696750662
1.696777071
1.696864404
1.697529183
1.697393762
1.698479225
1.698595113
1.698825302
1.699958209
1.701470159
1.701679732
1.700853056
1.699832692
1.700550841
1.700983712
1.70137535
1.700087491
1.701516346
1.703708104
1.702733535
1.705996931
1.705622834
1.706118144
1.704933881
1.70343915
1.706313008
1.706250138
1.706261486
1.705944329
1.70587703
1.705331421
1.704564485
1.702549895
1.703155361
1.701187548
1.702304056
1.703627233
1.703654478
1.703966143
1.704184428
1.704073526
1.702704329
1.702530254
1.702887235
1.702882783
1.7033416
1.704134679
1.705509992
1.696475697
1.697318673
1.696230363
1.696269394
1.696665653
1.69863645
1.696835947
1.699954504
1.697558204
1.698509905
1.701662525
1.701761475
1.701020678
1.699622541
1.699036742
1.700219034
1.700347616
1.697966442
1.70105572
1.703887081
1.70332673
1.704609513
1.704911225
1.70371455
1.705652235
1.702378444
1.700609148
1.706153736
1.706341355
1.706581656
1.706683068
1.706588103
1.706207518
1.703332648
1.704020313
1.699522486
1.70436299
1.70461979
1.704659384
1.704838139
1.704740237
1.704519159
1.703732195
1.704075545
1.70464278
1.704725532
1.705291897
1.70602601
1.706842664
1.696786663
1.697316371
1.698793833
1.696271964
1.696060096
1.696024785
1.700102586
1.696180196
1.701081324
1.696588488
1.697206261
1.701554237
1.701554251
1.701586574
1.697473918
1.698138345
1.696956224
1.698180052
1.699207424
1.694597605
1.694956777
1.700171304
1.704372182
1.70451915
1.702259998
1.702702159
1.703802304
1.700858913
1.704811324
1.69913117
1.697966568
1.705192733
1.705957552
1.706257275
1.706748518
1.706963202
1.704643552
1.705227262
1.705329491
1.70568021
1.705473071
1.705406345
1.705192581
1.704933875
1.705275892
1.705280326
1.705886032
1.706388127
1.706456944
1.70686417
1.707181857
1.707006937
1.697292383
1.698121618
1.698771671
1.700162294
1.696613953
1.696383463
1.696012636
1.701003758
1.695836929
1.701338854
1.695894109
1.696142455
1.700426612
1.701091594
1.695427426
1.694818888
1.69534028
1.696459399
1.697697575
1.692289973
1.692096031
1.691964067
1.698076845
1.704860137
1.705869166
1.699990869
1.699485905
1.701210956
1.702474861
1.697788143
1.702987796
1.69667335
1.704153267
1.704566773
1.705605478
1.706446455
1.706130483
1.706300818
1.706039098
1.70637925
1.705864344
1.705552041
1.705224166
1.705044479
1.704776074
1.706658837
1.706796198
1.707187366
1.707402736
1.707398228
1.707336653
1.70675642
1.705787316
1.697849049
1.698719348
1.699430503
1.70001571
1.700690349
1.697502833
1.696847265
1.696304696
1.700754158
1.695737304
1.696164044
1.70027316
1.695475797
1.695437369
1.699278296
1.692455338
1.692682718
1.693366482
1.694559838
1.695010159
1.690498173
1.690610086
1.69044845
1.690104309
1.696403111
1.704979079
1.706832697
1.697441174
1.698515799
1.696976586
1.699747112
1.700198069
1.69580966
1.701623063
1.701925054
1.703319847
1.704669297
1.70706881
1.706757395
1.706124258
1.706344559
1.705617831
1.705109471
1.704710142
1.704227741
1.707349451
1.707460024
1.707448432
1.707229522
1.707067852
1.7060781
1.704755933
1.70343461
1.69862191
1.699020418
1.699620737
1.699994048
1.700200235
1.69985356
1.698024635
1.697416797
1.697167962
1.699105051
1.695906029
1.696548443
1.697904158
1.695408874
1.695162108
1.690267728
1.690660918
1.691515446
1.691770905
1.693285849
1.690217268
1.689860428
1.689410848
1.690451059
1.69039382
1.694654617
1.704450628
1.706907009
1.695679523
1.696351046
1.697286561
1.695458947
1.697806033
1.699140078
1.70039098
1.701989845
1.707063972
1.706249346
1.705428759
1.705411754
1.704682571
1.704099858
1.70366374
1.703205703
1.706870429
1.706904346
1.706420211
1.705721532
1.705318031
1.703479105
1.701945157
1.700544189
1.699007266
1.698768475
1.699240391
1.699005801
1.699082893
1.698642164
1.697639373
1.698401818
1.698187563
1.697685802
1.696352635
1.696285097
1.697012896
1.695614892
1.695148767
1.689155429
1.689376081
1.689396884
1.690253226
1.691437495
1.691686446
1.690250386
1.68962265
1.691769502
1.693668089
1.691676113
1.693247932
1.703377469
1.70602434
1.695116311
1.695217011
1.69567007
1.696002689
1.696840653
1.697950306
1.699140587
1.704910393
1.70401628
1.703769189
1.703214257
1.702699308
1.70238992
1.702002726
1.705351742
1.705136948
1.704195309
1.703088889
1.702573213
1.700480901
1.699039511
1.697875273
1.698475661
1.698180045
1.698585089
1.698191283
1.696999442
1.696876046
1.695937762
1.694633682
1.698498494
1.698380683
1.698041695
1.697467588
1.696774134
1.696031191
1.695637849
1.688831704
1.688558668
1.688606532
1.689089893
1.689306813
1.691901103
1.693668089
1.693668089
1.69151022
1.689809325
1.690238866
1.691514284
1.702035251
1.704004556
1.695451539
1.695233907
1.695310517
1.695582284
1.696135823
1.696907864
1.702787155
1.702190183
1.701730511
1.701521288
1.701235761
1.70116511
1.700956193
1.702925075
1.702477811
1.7011105
1.700016167
1.699542435
1.697762729
1.696715073
1.696037856
1.69752942
1.696857451
1.696067019
1.697600458
1.695861309
1.69414694
1.69389509
1.692797609
1.698096276
1.698264484
1.698178021
1.697819549
1.697262579
1.696742568
1.696480439
1.689416241
1.688675718
1.688380003
1.688365992
1.688578616
1.693668089
1.693668089
1.691578863
1.689162462
1.690039738
1.700863711
1.701498773
1.695805171
1.695650679
1.695449389
1.695423541
1.695614906
1.700501991
1.700343348
1.699855626
1.699976327
1.700080344
1.700289804
1.700321043
1.700216028
1.699510549
1.697924443
1.697400234
1.696662909
1.6958487
1.695447188
1.695333163
1.695429355
1.695216224
1.693984119
1.693052344
1.696445936
1.692824169
1.691176651
1.69093444
1.697247533
1.697237508
1.69784933
1.698052584
1.697970156
1.697682421
1.697468588
1.696808881
1.691643664
1.690211272
1.689377236
1.689126677
1.688620507
1.688372437
1.693668089
1.688466231
1.688843618
1.70022383
1.699133843
1.696565392
1.696139145
1.695718825
1.695450346
1.698634109
1.698814668
1.69909105
1.699529651
1.699920985
1.700139005
1.697943734
1.697280172
1.696102782
1.695778982
1.695400014
1.695255657
1.695370139
1.695707823
1.692505339
1.693722594
1.692084653
1.690497084
1.690219449
1.694891939
1.689595068
1.688852041
1.695129615
1.696148683
1.697055583
1.697595917
1.697794113
1.697734552
1.697576769
1.69739226
1.691580552
1.693668089
1.691418901
1.690374364
1.689386985
1.688693038
1.688262033
1.688104407
1.700230779
1.7002823
1.697530909
1.697050617
1.696597362
1.69608462
1.697768656
1.698323865
1.698996167
1.699602985
1.700038989
1.696632701
1.696096013
1.695641839
1.695463123
1.695498776
1.695754431
1.696123431
1.696646046
1.69660924
1.690705064
1.689621915
1.691913543
1.689340893
1.688210557
1.688200211
1.692209178
1.688033914
1.693459127
1.69477976
1.695931203
1.696681319
1.696853525
1.697466904
1.69747087
1.697490039
1.693668089
1.693668089
1.691547702
1.691063558
1.689407707
1.689033314
1.688271021
1.700496504
1.700530631
1.700376507
1.69698721
1.697352594
1.697042392
1.697771432
1.698699928
1.699500222
1.700065228
1.696480754
1.696113048
1.696285638
1.696199224
1.696467267
1.696852565
1.697238295
1.69744106
1.697449273
1.689079985
1.688211401
1.687634733
1.689379996
1.687606274
1.687505945
1.687773104
1.690430247
1.691778747
1.693153563
1.694390406
1.69463432
1.695787416
1.696387902
1.696981323
1.696335358
1.697340851
1.693668089
1.693668089
1.691356471
1.691345956
1.689989746
1.689016608
1.700444219
1.700432494
1.700605759
1.700516269
1.697440809
1.697491291
1.698557537
1.699539316
1.700181289
1.697322721
1.697045991
1.697505394
1.697427101
1.697651116
1.697837937
1.697814901
1.697397618
1.697575328
1.687344434
1.687257265
1.687024045
1.687179654
1.688060365
1.68743238
1.688519264
1.688841531
1.689932569
1.691371294
1.691706252
1.692978249
1.694043272
1.694246495
1.695228005
1.69621154
1.69693916
1.693668089
1.691474578
1.691033726
1.699634633
1.699500171
1.700235749
1.700530825
1.700580724
1.69853721
1.699612265
1.700306052
1.699032224
1.698724076
1.69838136
1.698472035
1.698611116
1.698406511
1.69829953
1.697956057
1.697342111
1.696186477
1.69657552
1.686820274
1.686914862
1.687057586
1.687693732
1.688547798
1.687072476
1.688885442
1.687291571
1.688460173
1.688854939
1.689963632
1.691121699
1.691396997
1.692609244
1.693946056
1.695205048
1.693668089
1.693668089
1.691292152
1.698037251
1.697427552
1.699674383
1.70016189
1.700412225
1.699682192
1.700271516
1.697059866
1.697883803
1.699615899
1.699354349
1.699168104
1.698789185
1.698444899
1.697707347
1.696752191
1.695699928
1.693874458
1.694343325
1.687413025
1.686854405
1.68824988
1.688690021
1.690445039
1.686675193
1.686804941
1.686922481
1.687527955
1.688382327
1.688596221
1.689685939
1.691058701
1.6925292
1.693668089
1.693668089
1.69581362
1.695218676
1.694568143
1.698697897
1.699455668
1.699955113
1.700031821
1.695356564
1.694481374
1.696335368
1.69959828
1.699269174
1.698596973
1.697670747
1.697042311
1.695318088
1.694417704
1.692948165
1.691418974
1.69094232
1.688384054
1.689789226
1.687907142
1.690995112
1.691150823
1.686752169
1.686544958
1.686404923
1.686616243
1.686710867
1.687287965
1.688270544
1.689552108
1.693668089
1.693002457
1.691552313
1.691739533
1.697386304
1.698409854
1.699210368
1.692589414
1.693451998
1.692029512
1.69467395
1.698301081
1.69788291
1.69671809
1.695355555
1.694595982
1.692235699
1.691429548
1.689956369
1.688612267
1.688164462
1.690648133
1.691176274
1.693668089
1.688375444
1.687930521
1.687060701
1.686467893
1.686328295
1.686227669
1.686464473
1.687046046
1.690176506
1.690156975
1.690070757
1.695722274
1.697139866
1.690219057
1.69069334
1.691557445
1.692865432
1.690487651
1.695876038
1.695319226
1.69384565
1.692313656
1.691555742
1.689270395
1.688636199
1.687538402
1.686736637
1.686446895
1.693668089
1.693668089
1.690940075
1.690800908
1.689533468
1.688091157
1.687783715
1.686877204
1.686340086
1.686210649
1.688961036
1.689463348
1.690297746
1.694334184
1.692475618
1.688859444
1.689131378
1.689999049
1.691902043
1.693668089
1.69264473
1.692131469
1.690644704
1.689324903
1.68870366
1.68722795
1.686868431
1.686452978
1.686423564
1.686485693
1.693668089
1.693668089
1.690992041
1.690746274
1.689453368
1.687999405
1.687551947
1.688451425
1.689423483
1.69018284
1.691703833
1.69094302
1.689473625
1.687973996
1.688040972
1.693668089
1.691746578
1.689559358
1.689129951
1.687933341
1.687280142
1.686967591
1.686707647
1.686703622
1.687121164
1.687932909
1.688118428
1.693668089
1.693668089
1.690959675
1.690468837
1.689437536
1.688262812
1.691445112
1.693668089
1.688344944
1.687632674
1.687535833
1.687506202
1.687214222
1.686868118
1.686909101
1.687183284
1.6880382
1.688260567
1.689579739
1.690701758
1.690964866
1.693668089
1.693668089
1.691629963
1.690334644
1.688701918
1.693668089
1.687132096
1.687359916
1.687028222
1.687076848
1.68798803
1.688378195
1.689654152
1.690890897
1.691061426
1.693668089
1.693668089
1.693668089
1.691274097
1.688754601
1.687608513
1.688343759
1.688526182
1.690695854
1.69112827
1.693668089
1.693668089
1.693668089
1.691275951
1.689556124
1.691201505
1.690945089
1.693668089
1.693668089
1.693668089
1.693668089
