1.681341152
1.681341152
1.681341152
1.684920288
1.681341152
1.685925885
1.681341152
1.68846335
1.6883294
1.690397013
1.690195108
1.68746269
1.681341152
1.685989856
1.690962294
1.68995927
1.689791617
1.681341152
1.681341152
1.681341152
1.69092748
1.690472539
1.689788804
1.687595688
1.688835325
1.688106548
1.687778262
1.687961996
1.687287324
1.686768434
1.685629438
1.681341152
1.690534996
1.68851463
1.690288192
1.690200326
1.686595944
1.686176129
1.685793992
1.687207595
1.68779611
1.689906868
1.681341152
1.687521107
1.681341152
1.681341152
1.688796182
1.686346558
1.689522649
1.69057974
1.685694534
1.687198292
1.684644063
1.684354273
1.689708943
1.68989201
1.691047144
1.688183155
1.690486746
1.686868987
1.685992545
1.681341152
1.681341152
1.681341152
1.681341152
1.68601041
1.687731847
1.689081797
1.689548923
1.686171393
1.687716677
1.684829581
1.6843
1.692181204
1.692077333
1.681341152
1.689508544
1.690248355
1.689900525
1.689950112
1.688088584
1.686817333
1.686618444
1.68506639
1.685936554
1.686557885
1.691816765
1.692997618
1.690907186
1.688137235
1.689848942
1.685845893
1.689504501
1.685102152
1.692236892
1.692348454
1.692522546
1.685818191
1.681341152
1.687640189
1.690031829
1.690763313
1.690613194
1.690023243
1.689463435
1.684837506
1.684617416
1.684962124
1.693335911
1.693297587
1.693367502
1.692649145
1.692880126
1.691575942
1.687861387
1.686616593
1.692198864
1.690830564
1.690889173
1.689925418
1.681341152
1.688087351
1.685340039
1.681341152
1.681341152
1.686912631
1.688638505
1.689530961
1.689810848
1.690093827
1.690408202
1.685478413
1.684520555
1.684704727
1.685243672
1.694087406
1.694637221
1.694627847
1.694213854
1.69316285
1.690293736
1.689081261
1.690365826
1.691959324
1.689231466
1.690094586
1.689978028
1.681341152
1.688110097
1.686304924
1.685293489
1.690483817
1.685838922
1.686645255
1.687048078
1.687762173
1.689299867
1.68745383
1.688147299
1.685097735
1.687140789
1.693163872
1.693777037
1.694141271
1.694295161
1.693279116
1.691977111
1.689598297
1.69032121
1.689892895
1.688735181
1.689681985
1.691163784
1.691225861
1.687993922
1.6897768
1.688723429
1.688839902
1.689717737
1.685062587
1.684725863
1.684804178
1.686240486
1.691454025
1.690898504
1.686424958
1.689517286
1.690942028
1.691686031
1.692853521
1.694081413
1.694243968
1.694152538
1.688472079
1.688444619
1.692043954
1.691551912
1.690856598
1.688885725
1.692534176
1.692624893
1.693310992
1.688718365
1.689264932
1.686201515
1.687683768
1.68803058
1.685392919
1.684247493
1.684144569
1.685218105
1.693932289
1.692998694
1.689780946
1.688767749
1.689956036
1.692179266
1.689673444
1.693505073
1.694185494
1.694629686
1.688313853
1.687854015
1.693492404
1.693161712
1.691157739
1.692835613
1.692538758
1.692318474
1.693210697
1.694048194
1.686605657
1.686080821
1.686632392
1.687655858
1.686084632
1.68589094
1.686330541
1.694849117
1.693905374
1.692323012
1.687929875
1.688593853
1.691157713
1.689261028
1.692056439
1.692649655
1.693724458
1.690024307
1.689170015
1.694636198
1.694200607
1.693319859
1.691592393
1.691577434
1.692169027
1.692982591
1.694072365
1.686597003
1.686797345
1.690664478
1.689312334
1.688589505
1.688319946
1.695035611
1.693269456
1.695147566
1.694401334
1.689058453
1.68910565
1.68970389
1.689036605
1.689730041
1.69038299
1.690509154
1.692375117
1.691550974
1.6937222
1.695102965
1.69521361
1.694771786
1.691351449
1.691305153
1.691897348
1.691244564
1.691304966
1.691291473
1.69179216
1.68941141
1.693116464
1.69177084
1.690778653
1.694906221
1.69237973
1.695497202
1.695083601
1.690839217
1.689930523
1.688611302
1.688179527
1.68832438
1.689364265
1.69322934
1.694053021
1.691424668
1.692242522
1.694614713
1.694860361
1.694692669
1.691957768
1.692227805
1.692687337
1.690797576
1.690235552
1.68981812
1.692061629
1.693951877
1.692818262
1.693796272
1.691111355
1.694269482
1.693992972
1.692165392
1.690397822
1.689116792
1.688405636
1.688363261
1.689159425
1.69396964
1.694373589
1.689750862
1.690418671
1.692725052
1.692902973
1.693208051
1.693007936
1.691904682
1.693182724
1.693288013
1.690819702
1.689768807
1.688970553
1.69224051
1.692981439
1.691240671
1.692099859
1.692122109
1.689301166
1.69293247
1.694275986
1.691870193
1.690866159
1.689919916
1.689205028
1.693673789
1.693664208
1.688813013
1.689887945
1.690560964
1.691150202
1.693512964
1.693262993
1.693754024
1.692562855
1.693107636
1.693179769
1.692694462
1.691500841
1.690303519
1.689283902
1.690888508
1.691389024
1.689982126
1.690474493
1.690575533
1.689768749
1.689527351
1.694239335
1.694638693
1.693840094
1.692946666
1.691382779
1.691742341
1.691722447
1.692840378
1.688782628
1.688923186
1.689130434
1.689494807
1.69303361
1.693174942
1.693902316
1.693816559
1.693521256
1.692570438
1.69224351
1.692699638
1.691503955
1.690075303
1.692257475
1.690379088
1.689911372
1.690392192
1.690741427
1.690698966
1.695226465
1.69422919
1.695172665
1.694157072
1.692557253
1.693527015
1.690392447
1.692044045
1.689535848
1.689206605
1.688905083
1.688904956
1.692164874
1.692513643
1.694188692
1.693270792
1.694131467
1.691540856
1.692170193
1.69250602
1.693685719
1.693571661
1.691576839
1.693326189
1.691572223
1.691299423
1.692215397
1.69249549
1.694524899
1.694894058
1.694461773
1.693291556
1.693851673
1.689652059
1.69158192
1.691071967
1.690403783
1.689585252
1.688970633
1.691268967
1.691756855
1.693303651
1.693697511
1.692425034
1.690802938
1.691593361
1.692993464
1.693639751
1.693657012
1.693180553
1.69379609
1.693032067
1.693303249
1.692907736
1.693486401
1.693689224
1.693599106
1.689373325
1.689180626
1.690426401
1.692899849
1.692008783
1.690743609
1.690507453
1.691289108
1.692017168
1.692311989
1.692919915
1.692218289
1.690476319
1.69132992
1.693369294
1.692562986
1.693150618
1.69410049
1.693124752
1.693137714
1.691444264
1.692322442
1.692893935
1.690784478
1.689261497
1.690034856
1.689983941
1.694071941
1.693552955
1.692929052
1.690178563
1.690488134
1.690456065
1.690847017
1.69067277
1.69323596
1.692924806
1.69239443
1.691661903
1.693224557
1.693113909
1.691377026
1.69274943
1.693743212
1.692131301
1.692297909
1.690918408
1.691778346
1.691739342
1.692195345
1.690123919
1.691431643
1.690667815
1.694292928
1.694402396
1.694069937
1.691665618
1.69013706
1.691083898
1.689974842
1.68980915
1.689783196
1.693238859
1.693204435
1.693032491
1.692877274
1.692672186
1.692711657
1.692996782
1.69070398
1.689504891
1.691815732
1.692904949
1.691602846
1.691785358
1.691276075
1.693314527
1.691979262
1.691897798
1.693811066
1.694371551
1.69441503
1.692588131
1.691996953
1.690690079
1.690298869
1.689696921
1.68979138
1.693277491
1.693496931
1.693616
1.693586133
1.692223068
1.692288734
1.692000577
1.692474164
1.692814795
1.690030729
1.689574929
1.690872331
1.691857545
1.692330832
1.692237811
1.693773182
1.693252638
1.692973139
1.69286873
1.693793849
1.694253209
1.693270766
1.692166076
1.69145095
1.691050608
1.69060984
1.69317519
1.693462138
1.693643265
1.693736755
1.692236592
1.692058714
1.691970204
1.691744788
1.692132885
1.692398821
1.689771349
1.69012171
1.690178225
1.690888987
1.693312527
1.693987804
1.69360577
1.691847692
1.693388683
1.692071816
1.693708722
1.693541993
1.693204099
1.69288442
1.691474051
1.692358931
1.692657731
1.692816436
1.693006131
1.693572742
1.692573734
1.692820212
1.692663478
1.692017362
1.691613074
1.691631595
1.691632732
1.691718834
1.690227367
1.690168152
1.690411606
1.693441607
1.6935587
1.690930592
1.692690425
1.691663894
1.692979698
1.691889959
1.693793976
1.693920844
1.693779396
1.693151014
1.691661136
1.691628303
1.692622616
1.69148836
1.693040456
1.692246354
1.692498029
1.692607406
1.692383356
1.692629941
1.691908601
1.69141205
1.691319346
1.691085549
1.691172331
1.690894416
1.690950152
1.692853246
1.691351772
1.692042114
1.692574952
1.693361663
1.69269114
1.693529357
1.693943559
1.693978441
1.69380633
1.690853522
1.690585046
1.691573366
1.690553976
1.691871543
1.692249832
1.691944274
1.692567417
1.69264986
1.692353958
1.691431435
1.691871681
1.692313759
1.691079339
1.691477249
1.692291667
1.69208658
1.692029627
1.692696641
1.692089766
1.69250583
1.692835898
1.693637009
1.693457014
1.692793143
1.691384349
1.693485618
1.693125666
1.693285048
1.6905148
1.690721368
1.690440352
1.690281754
1.690466509
1.690498303
1.690168327
1.690193238
1.692012431
1.691800705
1.692527011
1.692679052
1.692712633
1.692412496
1.692011948
1.692269143
1.69199437
1.69139884
1.691907288
1.692151425
1.693351245
1.693156669
1.693279953
1.693035426
1.693486501
1.693539794
1.693804994
1.693703236
1.693039495
1.691155186
1.692168072
1.691986318
1.690211547
1.690350966
1.691301418
1.690421509
1.691028431
1.690195375
1.690195772
1.690331704
1.691845697
1.691762068
1.69261384
1.692770111
1.692456036
1.692814032
1.692674761
1.692550196
1.692088601
1.692366765
1.691903703
1.692546225
1.69222559
1.692619719
1.692860679
1.692834176
1.693800168
1.693779141
1.69362222
1.693625534
1.693383687
1.693116161
1.692035279
1.691128267
1.690719395
1.690407767
1.690772458
1.6907102
1.691156473
1.690722617
1.690547491
1.692067422
1.690469324
1.690972291
1.691746642
1.69041859
1.690536379
1.690782399
1.69120657
1.691545765
1.691800689
1.691905862
1.69178445
1.691793051
1.692739152
1.692874144
1.692767342
1.69287702
1.692939614
1.692681669
1.692194099
1.692469248
1.692108665
1.692968314
1.693285175
1.693126146
1.693131532
1.693317664
1.693422059
1.69323803
1.692628003
1.692430862
1.691961494
1.691161039
1.691192952
1.690676516
1.691205908
1.691508633
1.691143039
1.691565866
1.691275779
1.692480642
1.692675321
1.690908636
1.692769745
1.692204562
1.691622036
1.690889783
1.6909516
1.691319305
1.691966424
1.691608973
1.691942819
1.692031255
1.691801281
1.691878866
1.691849133
1.691809394
1.691821815
1.69286619
1.692962651
1.692979765
1.693094534
1.692826689
1.692586689
1.692361429
1.692268417
1.692190058
1.6932468
1.693391907
1.693307324
1.693268221
1.69318136
1.691886123
1.692688705
1.692812024
1.692312692
1.691991837
1.691700838
1.691361466
1.691881914
1.691476141
1.691177068
1.692365392
1.69216646
1.691914983
1.691836905
1.693063214
1.693283441
1.691358435
1.693123569
1.692583242
1.691905674
1.69130472
1.691506478
1.691678203
1.692386148
1.692328394
1.691971683
1.69200325
1.69233914
1.691980118
1.691863827
1.691824491
1.691923709
1.691864073
1.69200903
1.691865674
1.692132833
1.692968011
1.693047071
1.693103271
1.692918308
1.692743476
1.692500422
1.692364445
1.693459706
1.693309088
1.693115917
1.693052971
1.693169137
1.6931666
1.693104751
1.692574651
1.692578475
1.692582492
1.692263257
1.691848475
1.691576202
1.6924877
1.691933313
1.692000569
1.692735611
1.692610795
1.692431585
1.693429538
1.693498212
1.69171918
1.693390047
1.692997284
1.692586523
1.692193977
1.691769123
1.691817004
1.692087392
1.692044407
1.692422618
1.692221812
1.692033194
1.692847542
1.692730735
1.692658453
1.692348177
1.692681452
1.692959477
1.691873628
1.691938042
1.692032928
1.69186069
1.69194021
1.692035542
1.692099187
1.69193976
1.692306049
1.692186446
1.692084009
1.693013764
1.693058767
1.692949158
1.692830378
1.69267158
1.692526358
1.692449768
1.692846937
1.693296559
1.69302636
1.692763943
1.692672862
1.693019621
1.692893966
1.693010996
1.693009073
1.693021813
1.692905896
1.692991028
1.693021155
1.69297157
1.692618607
1.692530834
1.692153843
1.693013565
1.692783618
1.692618126
1.692991524
1.693032896
1.692944117
1.693512163
1.693493491
1.693534593
1.693235391
1.69348626
1.693539973
1.692671347
1.692133118
1.693373432
1.693192072
1.692895026
1.692539008
1.692191556
1.692093053
1.692311265
1.692269252
1.692490868
1.692369956
1.69316786
1.693162521
1.693099356
1.692949649
1.692746589
1.692944619
1.693154491
1.691899365
1.691913059
1.691949227
1.692021533
1.691952593
1.692034856
1.692135494
1.69219183
1.692039465
1.692339595
1.692224102
1.692134137
1.692985486
1.692979461
1.69287886
1.692486659
1.692717157
1.692579485
1.692746131
1.692755107
1.692908987
1.692902086
1.692665814
1.692588578
1.692419716
1.692403294
1.69283954
1.692895982
1.692905639
1.693217964
1.693141813
1.69320212
1.693423577
1.693207356
1.693139767
1.692937829
1.69314008
1.693089933
1.693085752
1.693000884
1.693224909
1.693284385
1.693274739
1.693429777
1.693487183
1.69348705
1.692915673
1.692942639
1.693499379
1.693541401
1.692779014
1.692536532
1.693379507
1.693168251
1.692875609
1.69247916
1.692506835
1.692464542
1.692455256
1.692617326
1.692599716
1.693257524
1.693287158
1.693271672
1.693299448
1.693132801
1.693151188
1.693274134
1.69317028
1.69206606
1.691966208
1.691975025
1.691991607
1.692038917
1.692047373
1.692286672
1.692145352
1.69225592
1.692148068
1.692368307
1.693728881
1.692872128
1.692259867
1.692885846
1.692856387
1.692763506
1.692484553
1.692610815
1.693089189
1.692661808
1.692287936
1.692441623
1.692512446
1.692498744
1.692200326
1.692149723
1.692766143
1.692191773
1.692688648
1.692750751
1.693160744
1.693238249
1.69319816
1.693363121
1.693252173
1.692929339
1.693047751
1.693060392
1.693049556
1.692900035
1.692793177
1.692609848
1.69322487
1.69317429
1.693279661
1.693489321
1.693193808
1.693328879
1.693335275
1.693309985
1.693180711
1.69253689
1.692195962
1.693030265
1.693503935
1.693538632
1.693482458
1.693015087
1.69282268
1.692854835
1.69337923
1.693151634
1.692718107
1.692917465
1.692824126
1.692661541
1.692638358
1.692776116
1.692810581
1.692921453
1.693305682
1.693316996
1.693316249
1.693247823
1.69328906
1.693318562
1.693319
1.693291045
1.693211688
1.693283412
1.692056801
1.692058545
1.692063475
1.692156084
1.692381467
1.692259907
1.692374814
1.692265304
1.696052124
1.696353343
1.693211467
1.695030742
1.695329667
1.694276905
1.698188582
1.692753485
1.692758003
1.692687391
1.692643922
1.692683326
1.694260927
1.693112256
1.695476744
1.693503736
1.692023027
1.692106333
1.692227185
1.692418526
1.692676812
1.692590948
1.691934688
1.691954462
1.692588271
1.692016928
1.692446499
1.691790273
1.693043038
1.693096254
1.692961897
1.692890558
1.692871896
1.692513769
1.692839675
1.692841372
1.692606
1.692424978
1.692288992
1.693093013
1.693112332
1.692882497
1.692855665
1.693049715
1.693333531
1.693326653
1.69282705
1.693076983
1.692928902
1.692141046
1.691783502
1.692613402
1.693186969
1.693505647
1.693528044
1.693514434
1.69343915
1.69320359
1.693069193
1.693152369
1.693466793
1.69335763
1.693101431
1.693000263
1.693011362
1.692951386
1.692842522
1.693117867
1.693003134
1.693141401
1.693272647
1.693269225
1.693136332
1.693321773
1.693324379
1.693272272
1.693273117
1.693280139
1.693315808
1.6933302
1.693308504
1.693687508
1.696151297
1.692166667
1.693476372
1.692168418
1.692279544
1.692476944
1.692372512
1.692453798
1.692387733
1.699496624
1.699440127
1.699507272
1.696037098
1.6971566
1.700490503
1.702292728
1.692607458
1.692615018
1.69254709
1.693122528
1.697584785
1.699570298
1.698049904
1.695950562
1.696100022
1.691832876
1.692135257
1.692537832
1.692344558
1.692412618
1.691777024
1.691829903
1.692429146
1.691906611
1.692102201
1.691686674
1.691618025
1.692818807
1.692638511
1.692727675
1.692319062
1.692178998
1.69251679
1.69251968
1.69226533
1.692058777
1.692039025
1.692147131
1.69292001
1.69288571
1.69292352
1.692448776
1.692654307
1.692647865
1.692871782
1.693104516
1.692490829
1.693095045
1.703693096
1.692439767
1.691953926
1.692533941
1.691706271
1.691559448
1.692078409
1.693312908
1.695175326
1.693521152
1.703935999
1.718337985
1.696694642
1.697869721
1.693283611
1.693378561
1.693303207
1.693237195
1.693189396
1.706367876
1.703567863
1.699985008
1.693140299
1.693165268
1.692959896
1.693278053
1.693279985
1.693283998
1.693212578
1.693139306
1.693188838
1.693175033
1.693346874
1.693353503
1.693580448
1.695874933
1.695817317
1.699371529
1.692294847
1.696421175
1.694047252
1.696392773
1.692638799
1.692763094
1.692767195
1.693358306
1.695067209
1.703653929
1.703999215
1.700244159
1.705618728
1.70746966
1.692476059
1.69375059
1.694281371
1.69684088
1.702667073
1.703214537
1.705856748
1.701859214
1.700968114
1.691972511
1.692401358
1.692173649
1.692275143
1.691696995
1.691765813
1.692298045
1.691840419
1.691922169
1.691995053
1.691613868
1.691542148
1.69211641
1.69234143
1.692495752
1.692116536
1.692050009
1.692197985
1.692173337
1.691930231
1.691975423
1.691947776
1.692676752
1.692699257
1.692598519
1.692227616
1.692379124
1.692853183
1.692804705
1.692545683
1.692009752
1.692248806
1.712365107
1.725282301
1.691680693
1.691474909
1.691817365
1.691507322
1.691597833
1.691639621
1.697878711
1.702061378
1.715736651
1.73496897
1.730433118
1.725221288
1.705960933
1.721822778
1.70320529
1.710588219
1.712654166
1.71537859
1.711112537
1.692951572
1.692990725
1.692470807
1.692711614
1.69450955
1.69315864
1.693185854
1.69314492
1.695159582
1.693000826
1.693130529
1.692869307
1.693010976
1.693002416
1.693073078
1.69307838
1.692946133
1.697850702
1.696325512
1.699032481
1.699066751
1.705636149
1.702493677
1.694298797
1.699188463
1.696569672
1.699131505
1.698492877
1.695730264
1.695239716
1.695824515
1.698642645
1.708311212
1.708841766
1.708376732
1.712035155
1.712904392
1.694158854
1.698257706
1.698188786
1.703811489
1.712119252
1.711830998
1.711487859
1.712899325
1.693562652
1.692116406
1.692172622
1.692055278
1.691540054
1.691683579
1.691769797
1.692244505
1.691848699
1.691919733
1.691987972
1.691532985
1.691603373
1.691869556
1.691851582
1.692041234
1.692131432
1.692049166
1.691846784
1.691917505
1.691812105
1.691857895
1.691994635
1.691925256
1.692418373
1.6922413
1.692208655
1.691906494
1.692047078
1.691708817
1.715345403
1.696502251
1.696614322
1.691960957
1.728977784
1.734879703
1.691500813
1.691703466
1.69136389
1.691459113
1.691421014
1.691475627
1.691421493
1.691381036
1.703284793
1.70796958
1.73022774
1.740163992
1.739818389
1.736610628
1.734726035
1.713201686
1.731485859
1.725062142
1.724720658
1.722575579
1.718163523
1.69272831
1.692723313
1.692432543
1.699094392
1.699918472
1.69298669
1.696820426
1.694204598
1.692953169
1.692739156
1.692966219
1.692638233
1.693177121
1.692960841
1.692873172
1.692742025
1.703077683
1.700377542
1.702151137
1.702807564
1.702779161
1.706721334
1.701291569
1.698973658
1.701791185
1.701030673
1.702073577
1.70006908
1.699237462
1.702453643
1.713343394
1.711730361
1.71651632
1.717488056
1.717898647
1.712758825
1.699622748
1.70459839
1.719278335
1.71973781
1.720033086
1.718748007
1.691618141
1.692116695
1.692057008
1.691639997
1.691690438
1.691771907
1.691849361
1.694667763
1.701907725
1.691923308
1.691990269
1.692054033
1.691685958
1.691583322
1.691711432
1.691666347
1.691709219
1.692217722
1.692124053
1.69176163
1.691884217
1.692003721
1.691758741
1.691651614
1.692172458
1.692037364
1.691981745
1.691828677
1.691772029
1.691631938
1.721028718
1.704413189
1.743084004
1.73624913
1.691300238
1.706398503
1.692449525
1.691310564
1.691326266
1.691441796
1.691383783
1.691484439
1.691362555
1.707555459
1.712073603
1.735262059
1.737749985
1.742258096
1.739651872
1.74453426
1.716919426
1.733648688
1.730634343
1.727459809
1.722249405
1.692457934
1.692503175
1.69244565
1.692503233
1.692213511
1.697574202
1.702922453
1.701207038
1.697982017
1.692767037
1.692755843
1.692480263
1.697786741
1.695234834
1.692733358
1.706586615
1.704490449
1.705260839
1.706307688
1.705821571
1.7105946
1.705079925
1.705321405
1.704678519
1.705418034
1.704914373
1.704827246
1.704185775
1.705598702
1.7070872
1.717313025
1.715581466
1.722006394
1.722437088
1.722473054
1.712881669
1.725279114
1.72548615
1.723616281
1.719040472
1.692127031
1.696261475
1.692126508
1.692132657
1.69181015
1.691817469
1.691901656
1.691948293
1.692002013
1.704855529
1.709842593
1.692066541
1.692136873
1.692231441
1.691826732
1.691668066
1.691901309
1.691786697
1.691799901
1.69231742
1.692193043
1.691915964
1.692077381
1.691699734
1.691911231
1.69182649
1.69195055
1.691991406
1.691781971
1.691753707
1.691738706
1.691659522
1.691640447
1.691626028
1.691742098
1.720550665
1.724978792
1.745822872
1.739137308
1.696755933
1.710681303
1.691398335
1.701213783
1.69139367
1.691513855
1.691541704
1.747286685
1.711149178
1.715583891
1.736576647
1.741373987
1.739554359
1.743389704
1.733641552
1.719924013
1.730680114
1.725319702
1.69220277
1.692287339
1.695233126
1.692249175
1.691982032
1.691995628
1.700350014
1.704669232
1.701995848
1.707789138
1.69529484
1.694154929
1.697825678
1.70137275
1.699430755
1.697883984
1.710674415
1.708050828
1.710091006
1.709193174
1.715743157
1.708296836
1.708805204
1.708620966
1.70728275
1.708455611
1.709398878
1.709113731
1.72075962
1.721330217
1.726377818
1.726864508
1.726160186
1.712773292
1.728764879
1.718352418
1.727956714
1.724190653
1.692187711
1.696902498
1.691612194
1.692263394
1.692292286
1.698068276
1.703640733
1.692415568
1.692033398
1.69218772
1.692068711
1.692139649
1.692217484
1.707812278
1.692283869
1.692356117
1.692431588
1.691899883
1.692097734
1.692235391
1.691984613
1.692055958
1.692410308
1.692343542
1.692270231
1.692116342
1.692224578
1.69190329
1.691935463
1.692021115
1.692155861
1.691777567
1.691782727
1.691788296
1.691637473
1.691567288
1.691635255
1.691585342
1.691594214
1.691664805
1.692099886
1.691857723
1.731644803
1.749379451
1.743970785
1.715143115
1.70703207
1.691597592
1.691856664
1.691867362
1.74596037
1.750516727
1.752295739
1.714484658
1.718541537
1.738884409
1.736576197
1.740523296
1.732153422
1.722763255
1.727592414
1.699277561
1.692139325
1.695685318
1.692625115
1.703461062
1.705093583
1.708298114
1.70258468
1.70033474
1.70360612
1.704762284
1.703007552
1.711885736
1.71516737
1.711001579
1.714114436
1.712580083
1.72172314
1.711388565
1.711777859
1.712931411
1.712550795
1.710253133
1.711014561
1.725929893
1.728915588
1.73056642
1.731014869
1.730756783
1.712408423
1.73182329
1.718846515
1.723932425
1.729095246
1.696409055
1.692457612
1.698186326
1.703338676
1.692646592
1.69264945
1.692663072
1.692480323
1.692712693
1.692406262
1.692528424
1.692563699
1.705361558
1.692628205
1.692674237
1.692378286
1.692314446
1.69268754
1.692679954
1.692797339
1.69222727
1.692271196
1.692492967
1.692445564
1.692389516
1.692311709
1.692372111
1.692186502
1.692319054
1.692393948
1.692953707
1.691633979
1.691623108
1.691568048
1.691555712
1.691540597
1.691542307
1.691600001
1.691609676
1.69173804
1.692315568
1.692099235
1.691917305
1.733491898
1.748088601
1.717270505
1.724597137
1.712490538
1.706032528
1.69314885
1.743260372
1.749559739
1.755697482
1.754798214
1.718283575
1.721836641
1.737520273
1.734938263
1.730026775
1.725565277
1.702889849
1.699247191
1.695564362
1.695234811
1.706440767
1.706934935
1.708868479
1.70684169
1.706143196
1.709299185
1.708315974
1.712027412
1.715768537
1.718727747
1.713439713
1.717021288
1.718460808
1.72821804
1.715266688
1.71867147
1.716485138
1.713580528
1.713367185
1.733030603
1.737550293
1.736417346
1.733787837
1.73491144
1.711479915
1.733436424
1.718232932
1.724382323
1.729601163
1.697345884
1.699821366
1.699553156
1.694048742
1.692933391
1.692928925
1.699558469
1.693090009
1.693263922
1.693238494
1.69330141
1.693169797
1.693123921
1.693149649
1.704966844
1.693193529
1.696154079
1.693563165
1.692438111
1.692442533
1.692564634
1.692523924
1.692506126
1.692480489
1.692498785
1.692547113
1.692570143
1.692531909
1.692719778
1.69436055
1.692269656
1.691534941
1.691525072
1.691587129
1.691519892
1.691563339
1.691505116
1.691711374
1.691692501
1.69186569
1.692529658
1.692127299
1.692470757
1.692317999
1.692065198
1.734803393
1.74681431
1.728934579
1.721313213
1.713438536
1.739995061
1.756320924
1.747365028
1.755086941
1.759890589
1.722544703
1.725713929
1.733171567
1.728887533
1.736885862
1.702608592
1.698170712
1.706914689
1.696526907
1.711652211
1.709651089
1.711708421
1.713378814
1.714197671
1.718870423
1.715350541
1.715945038
1.723037726
1.723225044
1.734564795
1.720908181
1.724827212
1.719833051
1.718375087
1.742452356
1.744451362
1.742929386
1.738387454
1.735597282
1.711365701
1.733357332
1.718076047
1.728364635
1.723757848
1.711502933
1.730242888
1.694427936
1.693242802
1.693263586
1.72434763
1.697259245
1.700439347
1.69352801
1.708761601
1.700732145
1.706589064
1.693707206
1.695419502
1.693828597
1.693831845
1.704584889
1.693826835
1.71897726
1.708464196
1.692584261
1.692603906
1.692604348
1.692619473
1.692613921
1.69260889
1.692704085
1.692710713
1.692718032
1.692866455
1.692733563
1.692888389
1.69235414
1.693909402
1.691492125
1.6916699
1.691645379
1.691548587
1.691526642
1.691851225
1.691828193
1.6920406
1.6927067
1.69229338
1.692487278
1.692267928
1.741442482
1.751706532
1.738089792
1.731070606
1.744376309
1.761619344
1.75384294
1.762434253
1.726569462
1.730910546
1.733511633
1.740962541
1.710734915
1.70018046
1.704377591
1.695967574
1.714579441
1.713663925
1.717554976
1.715478164
1.719318073
1.716067745
1.723075895
1.716962437
1.719697637
1.729239186
1.742893683
1.728891617
1.726118883
1.725472712
1.752675292
1.757838932
1.743770909
1.736574974
1.732845163
1.709100916
1.72752342
1.71705494
1.721994003
1.693524505
1.693572261
1.73820495
1.735027723
1.695859148
1.698801025
1.693885126
1.719942319
1.719985664
1.719375784
1.694130153
1.713804735
1.696625883
1.706062278
1.700498971
1.70154061
1.694345443
1.732908141
1.69266689
1.723017039
1.692713037
1.692711472
1.692676829
1.692698572
1.692851791
1.692838123
1.692823737
1.69297893
1.693639539
1.693017174
1.692913632
1.693039638
1.692907288
1.692210227
1.691805379
1.691658097
1.692030598
1.691994713
1.692421825
1.692760616
1.692482312
1.693873224
1.764676341
1.75810266
1.748724484
1.756953204
1.744401443
1.751034381
1.768097211
1.768644693
1.760489347
1.73203518
1.739166625
1.749144785
1.707985034
1.712152563
1.698108217
1.701204435
1.694987737
1.718617188
1.718829226
1.719911909
1.716955353
1.723807
1.720220825
1.728389671
1.719201705
1.725080455
1.745730647
1.733160519
1.734896347
1.732912131
1.731867474
1.7518424
1.764672201
1.740014212
1.72710982
1.735428274
1.702429381
1.709240106
1.720845634
1.713277475
1.693853412
1.724787914
1.747876063
1.747475705
1.698854681
1.697492949
1.696771798
1.695454607
1.732203319
1.732477326
1.70097869
1.717322809
1.710374436
1.707657178
1.700868271
1.701503323
1.746070623
1.692709633
1.735340107
1.692800136
1.692775373
1.692742945
1.693049268
1.692950334
1.692917439
1.69288085
1.693100922
1.693627814
1.693141654
1.693067039
1.693161259
1.694505129
1.692827521
1.69294247
1.69336041
1.695329662
1.695168423
1.769847639
1.764620557
1.755214405
1.76037762
1.774761225
1.770896717
1.739628819
1.760396012
1.750340041
1.695029893
1.705363623
1.708862845
1.699423444
1.696671455
1.712039605
1.722330226
1.724364411
1.717612294
1.733847899
1.735165574
1.726229991
1.694870965
1.722666739
1.7476412
1.738717143
1.739298525
1.73799284
1.752682085
1.766787275
1.734757771
1.723912875
1.703439739
1.704093302
1.7121736
1.726838184
1.760725798
1.760065603
1.701114221
1.700537987
1.745588982
1.745263432
1.708632148
1.729813956
1.719840475
1.714214501
1.705013506
1.706497585
1.761713164
1.692743958
1.710105364
1.747595923
1.739381336
1.692840914
1.692797803
1.692898715
1.693134602
1.693066079
1.69299674
1.692955668
1.693198015
1.694442417
1.69324115
1.694409344
1.693993528
1.696295078
1.695149041
1.695438033
1.697491925
1.775934017
1.783507404
1.772160315
1.790861598
1.769512883
1.778074077
1.752605201
1.769006664
1.696015012
1.705063627
1.701677409
1.697753124
1.710189555
1.722573707
1.728747285
1.715724133
1.748941471
1.740088567
1.730581843
1.733628527
1.696166656
1.696073238
1.730491467
1.742193756
1.742992201
1.740965225
1.747614274
1.75437508
1.755600269
1.72035021
1.728301104
1.711107922
1.706297437
1.705487328
1.773994452
1.706067751
1.75920577
1.757957917
1.733170305
1.714789566
1.722319082
1.712097915
1.713557309
1.776514687
1.78868783
1.692772167
1.717361966
1.722732254
1.760392525
1.747105265
1.692852639
1.692944206
1.693188549
1.693113968
1.693021875
1.693002299
1.693609607
1.694584254
1.697221357
1.694550644
1.695963281
1.695814039
1.698316596
1.699494197
1.698750884
1.804324193
1.795788496
1.80750382
1.794423394
1.778435335
1.778255942
1.765312365
1.697023067
1.703893538
1.699280122
1.709834387
1.719578042
1.70440979
1.750745115
1.720977343
1.740421443
1.733827146
1.697544154
1.697892167
1.700062881
1.742412098
1.756814833
1.736507938
1.741701467
1.752090434
1.736273234
1.739161893
1.718025494
1.710298401
1.713391506
1.706381749
1.732975151
1.771664192
1.722690318
1.721831007
1.793467877
1.810590629
1.692795553
1.732247387
1.741674004
1.78380978
1.773525561
1.760179953
1.692876844
1.692935912
1.692997689
1.693280379
1.693074151
1.695698942
1.695222287
1.696184681
1.701153234
1.696205928
1.701607434
1.697472741
1.700187851
1.831794204
1.828192144
1.808361765
1.790604087
1.77528018
1.698154892
1.699855146
1.699057693
1.70085207
1.710555956
1.714030096
1.705818859
1.765193054
1.719876567
1.741294549
1.729921125
1.699936365
1.703373407
1.703030936
1.780267983
1.76078217
1.734000514
1.760631823
1.727939244
1.728814603
1.718004462
1.711246922
1.710738104
1.719098462
1.818754647
1.692803331
1.742341995
1.755310867
1.795414361
1.77995206
1.840867607
1.692877782
1.693489623
1.693462854
1.69743352
1.694437443
1.696939983
1.696897299
1.703662206
1.697648983
1.701115147
1.699162365
1.698504774
1.860070878
1.848170198
1.83322391
1.815169872
1.790405165
1.700838534
1.699410645
1.703202644
1.701947236
1.702234887
1.780749959
1.71516684
1.710458592
1.706893468
1.719102873
1.747811389
1.727551276
1.706223043
1.705756094
1.709727961
1.803456469
1.779498861
1.776744749
1.815218616
1.733996015
1.721731561
1.732192342
1.715776981
1.718894619
1.730972085
1.835015111
1.845851081
1.817169745
1.692798688
1.760490575
1.774934455
1.796915085
1.84886167
1.694982867
1.69611259
1.696792574
1.698720823
1.697470844
1.698355354
1.70114493
1.699310828
1.69964647
1.699939139
1.880612636
1.873416941
1.85340689
1.855088541
1.819446963
1.703042108
1.70615428
1.704106948
1.704322063
1.770036547
1.712638025
1.707692347
1.723231503
1.707891682
1.704991996
1.702361082
1.709192064
1.71364191
1.821320276
1.77096011
1.853995458
1.733160376
1.728075559
1.746786266
1.729481082
1.75051924
1.845543702
1.830692437
1.868539335
1.829229138
1.843114806
1.81865649
1.782373675
1.695728043
1.784391088
1.806744915
1.844604598
1.697793966
1.698800406
1.699618504
1.70032683
1.701506164
1.700124086
1.701672164
1.700952776
1.886364625
1.885164963
1.877361738
1.861534673
1.805539536
1.70724961
1.711820159
1.711205779
1.708738347
1.711925573
1.725132055
1.713140705
1.70444782
1.703067958
1.706401739
1.710503831
1.715661035
1.714489498
1.789149286
1.743624307
1.823367692
1.778323859
1.800401505
1.767664184
1.776622249
1.802602104
1.813080544
1.826750687
1.825805273
1.801710389
1.832253649
1.895507734
1.880082987
1.833022474
1.863857353
1.697945465
1.827470016
1.886654662
1.700388704
1.701745524
1.703436218
1.701938163
1.703082274
1.922579082
1.880869324
1.807955738
1.739146429
1.715676305
1.7153154
1.717540617
1.720797094
1.703573685
1.70447194
1.705470998
1.708005408
1.712098934
1.717708532
1.778979159
1.832151849
1.781606374
1.835342649
1.788052371
1.851983203
1.825337072
1.840996576
1.804388752
1.833581788
1.829948858
1.852328187
1.872210539
1.926940754
1.973360364
1.942140165
1.911433264
1.949429737
1.862995299
1.817527233
1.699889761
1.899324868
1.918489437
1.701516578
1.704627841
1.706170042
1.705364339
1.897207799
1.811845471
1.770372684
1.742832927
1.716439379
1.716643943
1.720682499
1.705826038
1.70700353
1.708194312
1.711291963
1.715349508
1.715073189
1.718921248
1.842919804
1.870717574
1.849268809
1.836881973
1.901529776
1.912539331
1.900837324
1.854947427
1.805598072
1.812392752
1.855186724
1.920885079
1.883000103
1.872349225
1.909887145
1.910264829
1.883330174
1.842927468
1.9479341
1.949169352
1.703562009
1.706784938
1.709564269
1.709468424
1.823443198
1.760131173
1.740925692
1.724393233
1.720161225
1.709316998
1.710258087
1.711389353
1.71589849
1.720617971
1.723666144
1.905485878
1.911333708
1.938664726
1.890079502
1.901181098
1.93324753
1.972409738
1.928958706
1.833039768
1.826876398
1.933137653
1.823655431
1.925961403
1.94617195
1.904911731
1.910051079
1.913150101
1.908998681
1.81402597
1.947607272
1.814160186
1.706178396
1.709852196
1.714516765
1.754358023
1.738343448
1.736420474
1.732194326
1.715499504
1.714402581
1.720343501
1.729588168
1.980771865
1.954791988
1.936220252
1.904174877
1.900023867
1.938785445
1.962789948
1.952768117
1.891077805
1.863914559
1.956867225
1.851179021
1.951531162
1.915288211
1.837488951
1.885695313
1.932541171
1.841565345
1.763156911
1.833323323
1.709497154
1.713146218
1.714470654
1.718691179
1.762272224
1.767903943
1.757455382
1.741164382
1.721624469
1.721448477
1.724238733
1.726861065
1.958729056
1.988771968
1.906146014
1.897299811
1.920445625
1.921928793
2.009715581
1.90955063
1.986814061
1.993000043
1.893971256
1.895593138
1.914249608
1.837826067
1.848310999
1.907901241
1.781240074
1.796189859
1.812843776
1.71417818
1.717040582
1.723888022
1.784190366
1.754160419
1.733501738
1.731732962
1.728051253
1.917533914
1.947772724
1.924807765
1.909908792
1.919996526
1.841732195
1.989538516
1.956228669
1.99117737
1.902602145
1.892521637
1.903049519
1.894282701
1.868656207
1.903187503
1.780806854
1.787612867
1.774276119
1.720705903
1.724825903
1.735051672
1.74377658
1.745069986
1.749532141
1.738093006
1.935838125
1.956928027
1.956217132
1.921704128
1.856660769
1.787191494
1.964685987
1.990737389
1.943563173
1.955468371
1.929733637
1.888447302
1.902467762
1.921463663
1.924032274
1.93647917
1.758683831
1.76152607
1.726718473
1.733107751
1.744085166
1.743280228
1.763784477
1.777836902
1.767085867
1.950757752
1.943933992
1.961846405
1.932497128
1.824600747
1.792443208
1.971872796
1.9654993
1.931875434
1.934957838
1.931459998
1.944803858
1.95557254
1.936203696
1.941666955
1.950045357
1.75152294
1.740008734
1.7623571
1.772340971
1.770764078
1.785123065
1.793150344
1.767690674
1.978531182
1.968124271
1.975462266
1.889091423
1.818132869
1.96147294
1.942941113
1.938195714
1.948969482
1.949557035
1.932754649
1.970074751
1.974278964
1.795497622
1.776301181
1.746322264
1.772579858
1.793740704
1.781382624
1.781180835
1.962559116
1.98005361
1.846278672
1.905852051
1.964758568
1.963208043
1.975079328
1.976318206
1.986523098
1.98053746
1.950997572
1.794081531
1.794250262
1.749404828
1.767131169
1.774329561
1.823277595
1.975635948
1.975491069
1.822546094
1.910070353
1.985423209
1.973646911
1.961030842
1.973580181
1.973603389
1.957895647
1.943002114
1.780230344
1.764123029
1.768063629
1.855483932
1.777764943
1.989858298
1.947305674
1.872172513
1.978113892
1.947665909
1.941968109
1.949190908
1.942834937
1.93714559
1.765441485
1.798034557
1.857132447
1.76663746
1.781355079
1.967144167
1.940446681
1.948228832
1.919879593
1.940633413
1.929201656
1.931442459
1.784245464
1.894911833
1.790151528
1.760623329
1.958337325
1.935869128
1.910104677
1.921319226
1.920796307
1.915984119
1.754643347
1.822617426
1.767863025
1.983627338
1.91685028
1.904349175
1.90676113
1.884689915
1.773018921
1.764897071
1.821219738
1.87590532
1.940496441
1.908719649
1.911369142
1.824796559
1.806176286
1.849734971
1.860495136
1.897152527
1.903930551
1.897070689
1.860970997
1.857376511
1.853031303
1.862172336
1.960248416
1.921030617
1.870617727
1.856092283
1.918335374
