1.901207269
1.89542935
1.925493821
1.910853269
1.887594924
1.884830741
1.927828193
1.915158432
1.895344608
1.931247571
1.888449495
1.940952542
1.889429214
1.88543173
1.908460117
1.929540168
1.884417795
1.930467633
1.925190639
1.908210065
1.894923603
1.93322415
1.932307866
1.941609463
1.94940735
1.93429819
1.892150525
1.890985785
1.886374062
1.888976221
1.902428809
1.9270835
1.893439905
1.937204989
1.934318316
1.922578127
1.930517944
1.908713243
1.933705999
1.934098622
1.936267807
1.93978985
1.944260391
1.865646826
1.873886869
1.889804473
1.896879741
1.86834968
1.904165388
1.905485496
1.918821241
1.93612777
1.939539281
1.940741071
1.936055578
1.948885008
1.938210195
1.941773468
1.946976898
1.950648937
1.955699088
1.964348154
1.959634921
1.836659811
1.839663294
1.871803932
1.879167628
1.89728178
1.913163443
1.849392861
1.930225425
1.949863675
1.941254795
1.943491709
1.947870735
1.952770928
1.960707812
1.948400432
1.952362031
1.952461664
1.95328908
1.958408283
1.967199346
1.961778223
1.971222718
1.975304081
1.818559896
1.812740407
1.830432841
1.860311758
1.890092901
1.9162702
1.939685971
1.834452022
1.964786152
1.951241587
1.947033015
1.95223193
1.954314951
1.960265155
1.963421895
1.97138019
1.957873712
1.958400236
1.960782793
1.965551887
1.969858371
1.975251666
1.976040762
1.974705748
1.978398615
1.980110633
1.98521942
1.807306366
1.798498757
1.803130125
1.872382831
1.847121584
1.904514962
1.931890982
1.967976753
1.82597086
1.956254591
1.962280458
1.958171564
1.961466834
1.96544606
1.971741332
1.976833656
1.972166369
1.967616593
1.971650506
1.979524921
1.982362423
1.98961033
1.986209965
1.983705093
1.984115984
1.984761338
1.986962268
1.985490287
1.981368659
1.931299379
1.969961077
1.963041815
1.802706782
1.792790757
1.791128891
1.853854947
1.88535313
1.829390364
1.917614451
1.95647843
1.812539704
1.9674051
1.968173017
1.974216992
1.970687661
1.976792465
1.976298712
1.981760362
1.983945746
1.975536769
1.96419875
1.979890561
1.986828409
1.9951539
1.996653765
1.995864577
1.995854339
1.990572697
1.989403109
1.986962092
1.976038956
1.967884301
1.914639096
1.934261934
1.94907007
1.963305244
1.957889741
1.91080472
1.797317078
1.794889956
1.790175908
1.875254
1.843061377
1.900290576
1.818834118
1.935422563
1.80463791
1.98109349
1.979931483
1.978848579
1.984671088
1.983374101
1.984505611
1.986860088
1.985042162
1.977964124
1.95535021
1.936906374
1.990978145
1.99541149
1.997271839
1.998021969
1.99535935
1.992792028
1.988321816
1.98385811
1.975372139
1.966263284
1.959995907
1.908210432
1.919988506
1.954207726
1.942191331
1.95716446
1.912925972
1.921345444
1.927722351
1.79689164
1.797023746
1.800252025
1.87861295
1.85705453
1.829451
1.909220776
1.808578106
1.79943502
1.991267479
1.989082863
1.989165821
1.984727606
1.992511965
1.992465488
1.995066014
1.965659782
1.946114648
1.918296433
1.90215957
1.994013094
1.991427122
1.991184777
1.98451941
1.981157353
1.97775325
1.972411909
1.971123319
1.963795936
1.957767867
1.954957874
1.911320647
1.906196804
1.928820093
1.952501981
1.944873714
1.914601952
1.924458341
1.925424171
1.927163048
1.797626916
1.801070557
1.929026599
1.80132044
1.883696093
1.864471112
1.842514279
1.818741475
1.804112505
1.797757377
1.998506926
1.998807104
1.997954719
1.99187716
1.965483982
1.997716418
1.995104187
1.98982969
1.93085214
1.911349343
1.886084876
1.874642955
1.983840696
1.983516282
1.976933243
1.972194233
1.968819304
1.964537354
1.96146556
1.955222923
1.952918084
1.949994845
1.904619341
1.917155906
1.903668419
1.934254773
1.94257836
1.915720142
1.921944621
1.936567004
1.797152403
1.806813146
1.804838169
1.935657482
1.80709885
1.86542563
1.84888772
1.830460955
1.810795234
1.799891131
1.796045854
2.000267227
2.001821796
1.992065765
1.997863014
1.975316387
1.928738873
1.992808614
1.987095784
1.978523416
1.886469742
1.861010237
1.852278312
1.975437912
1.971285286
1.967069413
1.964157953
1.960080507
1.957663274
1.952844905
1.952075989
1.949926884
1.909074351
1.897207296
1.923654526
1.90152384
1.936118713
1.94033527
1.910928394
1.928676583
1.950406761
1.951726452
1.794981993
1.805482011
1.951043298
1.954201974
1.945251157
1.803927385
1.845102735
1.830819981
1.817458302
1.804504581
1.799745916
1.794972258
1.990600228
1.997912871
1.995170792
1.97025302
1.991835466
1.941935367
1.894404072
1.986323441
1.978447542
1.973094737
1.859911833
1.836750954
1.831074902
1.971159645
1.965528344
1.963263001
1.958445413
1.952419617
1.949922221
1.946382281
1.926898507
1.90482689
1.891377089
1.896447202
1.935886201
1.937891011
1.925983867
1.945154545
1.956963748
1.794613276
1.800022653
1.954142761
1.947302413
1.936462011
1.936282312
1.94285177
1.936603362
1.793881056
1.826852418
1.816422094
1.809882801
1.803134825
1.798694911
1.793793648
1.993962205
1.963872863
1.996787564
1.991064914
1.932651351
1.985297505
1.905922471
1.859159654
1.983976591
1.97944395
1.980708206
1.836223339
1.819668621
1.815750165
1.976994379
1.977869968
1.970799268
1.959681161
1.955533735
1.947363239
1.934254602
1.914735247
1.890771468
1.88553429
1.904093405
1.937168829
1.942782857
1.929425259
1.947173751
1.94456748
1.791314153
1.791902898
1.938695395
1.933181124
1.936965414
1.947083764
1.945654573
1.932741163
1.784563443
1.812794988
1.808538892
1.801625076
1.799110584
1.795915161
1.997458564
1.980009897
1.928525695
1.993145862
1.987668458
1.889923696
1.989873445
1.865221356
1.832689678
1.988561342
1.991978715
1.992512076
1.818304872
1.811242619
1.807451676
1.998442688
1.988685351
1.976536955
1.966708811
1.960673065
1.917224804
1.936865186
1.895478705
1.878587323
1.883663154
1.904160852
1.938608738
1.959839849
1.924958998
1.930835887
1.925612683
1.79273119
1.791084105
1.918947225
1.934789922
1.956884609
1.951847798
1.913548471
1.778429303
1.807605837
1.807704208
1.805446328
1.803589025
1.800113118
1.985974133
1.991105113
1.945640264
1.894604623
1.98925078
1.992062286
1.856948431
1.994150499
1.835551305
1.811452033
1.996178722
1.998280581
2.010121615
1.802110431
1.799953303
1.802713853
2.008233725
2.000878228
1.984916277
1.985982375
1.8975992
1.931153727
1.876800465
1.870742465
1.881866415
1.908001897
1.961033671
1.981742381
1.919094347
1.914159979
1.925328214
1.787618146
1.797315278
1.914976013
1.952026563
1.965368683
1.89816778
1.912648005
1.780544888
1.793296147
1.775685229
1.804885579
1.806691331
1.807155729
1.802941179
1.804912505
1.959377892
1.977054204
1.984060914
1.913108378
1.865045203
1.984671285
1.98449767
1.836647479
1.826924753
1.98359979
1.809574179
1.991752505
2.002950608
2.01312628
1.788694562
1.787658613
1.793462477
2.01655723
2.0047667
2.00265888
1.87745156
1.949678579
1.861680049
1.865742311
1.888781332
1.911406766
1.982473125
2.002128031
1.908116837
1.907238629
1.934191836
1.789496432
1.917848473
1.955136774
1.889681886
1.923947554
1.777678624
1.790898614
1.782182737
1.856718285
1.771511208
1.800229403
1.802923143
1.802452217
1.801916828
1.793843134
1.919479707
1.953529828
1.97382482
1.978096364
1.876394745
1.840335429
1.974764403
1.971354442
1.814770459
1.8049537
1.976031481
1.982885032
2.005806727
1.9909252
2.012498018
1.779516633
1.780538413
1.790937201
2.009779531
2.007312867
1.870821847
1.858447448
1.972679084
1.876482131
1.904089124
1.910268304
1.997706818
2.008354224
1.902866206
1.911835847
1.934211352
1.780342023
1.919207345
1.896719276
1.944808674
1.772998246
1.781676997
1.790979547
1.776291034
1.855283389
1.869648379
1.764805194
1.797292701
1.798257389
1.795095238
1.791163375
1.781979199
1.920624646
1.886454527
1.952497996
1.969878868
1.969182437
1.848279184
1.818013064
1.966580532
1.96713181
1.800162055
1.971738234
1.980448376
2.00029645
1.992668456
2.006125447
1.773773804
1.785429773
1.77459017
2.013067229
1.877223359
1.85798488
1.979370333
1.896996375
1.902016699
1.898288451
1.997348148
2.013007919
1.915852026
1.92264863
1.769258418
1.773871781
1.910654543
1.947256636
1.77889361
1.78558817
1.794219032
1.773993634
1.852537439
1.862972776
1.884135608
1.760629602
1.755424349
1.795288722
1.793264291
1.784894303
1.777324276
1.770384822
1.930651141
1.893521076
1.860873727
1.94853757
1.965651289
1.964766304
1.829793208
1.806949736
1.960995412
1.962771565
1.967330163
1.976240098
1.984169082
2.001830789
1.7708486
1.779723882
1.769615721
2.011243247
1.88351298
1.862087132
1.972635579
1.893677947
1.888762845
1.904171
1.993961803
2.007377636
1.919821751
1.761985851
1.917950827
1.943600032
1.781985784
1.787995059
1.796441908
1.807434807
1.77565077
1.852399274
1.850301754
1.86623306
1.880654855
1.749323008
1.744963096
1.789602285
1.779189786
1.770994852
1.763665012
1.76035293
1.914815258
1.934068139
1.879495321
1.846527683
1.938960968
1.946345708
1.947569123
1.953909689
1.818635548
1.954275445
1.954289665
1.960907347
1.968305266
1.994331912
1.770904587
1.770707049
1.767739667
1.9958491
1.864760054
1.895859426
1.968251519
1.877564344
1.883366667
1.899465361
1.989990464
1.994776692
1.753225521
1.931625197
1.948651057
1.79881153
1.788614323
1.805159475
1.808991495
1.814208485
1.780188093
1.84545061
1.854153949
1.854886792
1.867196744
1.871900016
1.791859508
1.862006847
1.744522566
1.740019893
1.736829689
1.772908912
1.765092544
1.756000988
1.753630518
1.752355816
1.928715723
1.901324417
1.937054149
1.865111186
1.836226175
1.936886082
1.936941168
1.93993231
1.947639178
1.949041461
1.949307359
1.953463613
1.97393906
1.77330069
1.764150651
1.770029282
1.979874323
1.873610999
1.903028749
1.971407232
1.866347081
1.876208596
1.983593256
1.98643954
1.933241896
1.951556355
1.808531289
1.801732952
1.812123411
1.813885491
1.819430991
1.832016774
1.781779903
1.845262647
1.844384993
1.853698713
1.861821165
1.858761033
1.789742899
1.781015838
1.851598188
1.857592924
1.737101678
1.742623353
1.733279251
1.730964857
1.759560632
1.753040774
1.747781248
1.747229415
1.746911529
1.92053885
1.934565873
1.885259726
1.938051384
1.851254333
1.93908715
1.936425921
1.937347693
1.938922225
1.945222869
1.944622562
1.956442393
1.774367752
1.762517829
1.770938594
1.964913938
1.883044764
1.908179173
1.967923095
1.86132502
1.984397281
1.977910659
1.922067471
1.945518998
1.806731628
1.794293008
1.812808468
1.813570818
1.824807748
1.8418098
1.775625797
1.842925761
1.852699969
1.843920722
1.847353808
1.868712488
1.776746391
1.774228572
1.766342829
1.853403301
1.847225763
1.856807189
1.73523726
1.732292747
1.738595368
1.728675997
1.726995333
1.75374754
1.748083648
1.742180094
1.739996676
1.90503056
1.933695701
1.945767673
1.870360967
1.950335982
1.94519948
1.938268273
1.934674737
1.934656875
1.94132363
1.94520816
1.93817021
1.770220115
1.758664448
1.762495011
1.954595309
1.881127612
1.88921533
1.894040475
1.972247936
1.857986399
1.977498633
1.956448439
1.912777641
1.94322563
1.78603416
1.79488842
1.800744653
1.818457842
1.83865841
1.863730482
1.763900132
1.848312961
1.839104918
1.860417429
1.840203582
1.764548681
1.771970743
1.761365215
1.754774338
1.855081253
1.846580801
1.730703367
1.731317934
1.728833886
1.733372125
1.72533462
1.72379765
1.751171763
1.743010787
1.736336061
1.929880469
1.895602914
1.954779092
1.958540945
1.950127958
1.942844188
1.934111745
1.932196152
1.932436546
1.935987517
1.76001993
1.754162565
1.751704649
1.937803916
1.868042361
1.87881856
1.873601562
1.882119757
1.950222606
1.863185725
1.953538815
1.938002643
1.902440167
1.92189287
1.781382609
1.790623336
1.808720296
1.829747358
1.852493447
1.882980643
1.755251446
1.856526388
1.841642905
1.841372665
1.759131439
1.766689983
1.77645603
1.754218581
1.747159741
1.86110054
1.853941638
1.847071789
1.727975345
1.725283168
1.726057459
1.726171061
1.730746032
1.720892127
1.722416876
1.744417556
1.737073692
1.917965235
1.955840378
1.972446874
1.965520869
1.954968965
1.942351268
1.93462518
1.929938106
1.929012367
1.748653827
1.744264075
1.742209792
1.925615193
1.859283976
1.867266789
1.856985492
1.855508777
1.869530317
1.906104853
1.925207267
1.87022811
1.93000769
1.919393855
1.886833246
1.788478866
1.808779716
1.838508016
1.873298751
1.916967451
1.744961676
1.847820596
1.842727459
1.767158752
1.757981261
1.778103505
1.789194922
1.748686409
1.741503937
1.866000301
1.855521334
1.847965849
1.724392453
1.725354038
1.722882325
1.721760253
1.721492986
1.731219858
1.719165508
1.716250672
1.718508319
1.721984222
1.726126108
1.720100464
1.718667179
1.719692169
1.735818842
1.955983945
1.973130175
1.973600916
1.96403935
1.952421151
1.942458558
1.934889933
1.925298684
1.740588252
1.736604896
1.735878972
1.914152059
1.846510195
1.848117509
1.836582744
1.840556718
1.857550756
1.885016078
1.873765702
1.902420245
1.869321969
1.901600646
1.89808744
1.806596826
1.833880005
1.871877003
1.915407676
1.950964913
1.738332669
1.848967693
1.764670009
1.777275963
1.749825539
1.791700058
1.803171951
1.741822293
1.7371081
1.862261593
1.85467737
1.850927387
1.721668076
1.722178545
1.719858609
1.729517283
1.718139299
1.717123958
1.715263223
1.715621189
1.714417043
1.717402774
1.719098266
1.725735026
1.721928025
1.718037949
1.718179793
1.716682997
1.716423976
1.730691793
1.967140741
1.966997479
1.955402139
1.94707411
1.940656541
1.935594769
1.92806641
1.735583369
1.732898996
1.731694429
1.919270484
1.899521032
1.840597367
1.852262841
1.830062115
1.823214498
1.830780614
1.853830329
1.856057846
1.867661352
1.879731055
1.860931704
1.87290486
1.87155996
1.826289505
1.863344809
1.900722591
1.930614409
1.949193602
1.734268687
1.752044109
1.768879163
1.783844723
1.742256728
1.799379602
1.823228241
1.735984916
1.733584809
1.857903542
1.854281609
1.855529322
1.719556505
1.716506235
1.713370296
1.714022136
1.714424315
1.712939481
1.855889758
1.840853641
1.723539261
1.798076252
1.717278567
1.728372721
1.718970744
1.721127976
1.715519606
1.716470918
1.714598763
1.714187364
1.730860116
1.957629417
1.947726253
1.933148551
1.926107954
1.919807037
1.924728278
1.729709874
1.727841374
1.906113933
1.881954158
1.841434747
1.853139854
1.820947555
1.813452278
1.820658705
1.837138645
1.847068253
1.857427829
1.856076006
1.852047587
1.854013387
1.853281698
1.882942427
1.918166437
1.937708889
1.937105013
1.7298037
1.742712375
1.758166851
1.778393652
1.736098303
1.82009234
1.849600992
1.730427636
1.726283438
1.856510598
1.857559639
1.715289412
1.711678094
1.712109436
1.712237548
1.712816107
1.713468608
1.711872543
1.853780753
1.821423652
1.8219295
1.726307933
1.723991793
1.817966202
1.795883099
1.723725465
1.710363087
1.711211499
1.716921333
1.72632613
1.719305284
1.722331853
1.713277134
1.71428537
1.712347631
1.711543503
1.936461967
1.9280178
1.914265295
1.90159499
1.901788781
1.723192494
1.722322068
1.878931134
1.856803921
1.833127491
1.849184871
1.811563864
1.795747528
1.807580647
1.807402887
1.825457765
1.834649744
1.851742757
1.827866448
1.829136967
1.882442472
1.91063377
1.925088191
1.928142723
1.917076026
1.736797023
1.749473943
1.767414373
1.731105178
1.841661662
1.866889282
1.725743125
1.721961709
1.857323232
1.854427716
1.71488312
1.710333363
1.710295848
1.710591804
1.711061735
1.712965263
1.848344357
1.799846499
1.800227382
1.723293786
1.83675445
1.81237812
1.786151933
1.720017827
1.708825766
1.709530178
1.712931209
1.710952845
1.709506885
1.720095212
1.78023422
1.742260443
1.717284744
1.719523126
1.719899914
1.718072959
1.711073329
1.709662256
1.708528596
1.708959313
1.912920831
1.90683281
1.888860923
1.878051023
1.718596394
1.854748098
1.833609044
1.81536133
1.838433965
1.795064574
1.782301195
1.789224077
1.786651699
1.802330258
1.808581053
1.841645131
1.801856542
1.802764998
1.886225617
1.9006284
1.901435047
1.908546525
1.904643194
1.89482128
1.732952622
1.756808769
1.727739522
1.863325227
1.723296032
1.719588124
1.850491021
1.841572899
1.71512756
1.708430585
1.708096666
1.708412215
1.841231032
1.778552236
1.850780693
1.821490204
1.797944174
1.774005397
1.717897149
1.707838484
1.707417993
1.709061251
1.715354448
1.713300109
1.711084377
1.707551189
1.716608707
1.769100212
1.762678945
1.737290953
1.745182876
1.70744415
1.726051979
1.70742893
1.717803705
1.716038934
1.715882266
1.714453114
1.707549518
1.708559481
1.707507506
1.707431397
1.707398052
1.887256251
1.870712842
1.861795057
1.716270059
1.835185637
1.811356584
1.819721626
1.802501427
1.782667042
1.769453567
1.775924103
1.777109453
1.784366832
1.829162554
1.776962318
1.783294901
1.883700897
1.872256999
1.880496274
1.884491676
1.889532569
1.887330739
1.870047277
1.732196014
1.752460075
1.721053771
1.717752983
1.834095646
1.821427972
1.707376269
1.70735719
1.707383676
1.707462649
1.828034961
1.759123007
1.853976391
1.828673133
1.803586161
1.783323962
1.765428323
1.707373977
1.707321534
1.70896752
1.715607565
1.713483914
1.711157216
1.714103851
1.75480504
1.765138161
1.748950973
1.739760104
1.723792974
1.727908312
1.707399542
1.707349914
1.70744599
1.707290757
1.713384469
1.713701781
1.714693767
1.712429828
1.71240565
1.707371856
1.70722124
1.707195994
1.707273912
1.707228555
1.850000146
1.843020002
1.716236706
1.81855446
1.798782018
1.785841343
1.806060697
1.788282376
1.769388295
1.75840254
1.756053236
1.763435309
1.807995309
1.757468549
1.764281787
1.861406725
1.866252451
1.86252813
1.870667928
1.877317416
1.85967873
1.73306157
1.748868123
1.719450547
1.817785475
1.807315605
1.707251609
1.707203953
1.807886348
1.744598751
1.850527498
1.829493602
1.809203453
1.791578043
1.773057191
1.760025801
1.707284114
1.707213109
1.708740324
1.712194004
1.710535998
1.713194198
1.744700046
1.750170576
1.753730984
1.739369296
1.739692879
1.723205046
1.727836335
1.707357241
1.707276972
1.707375728
1.707454224
1.71084972
1.708974143
1.711634683
1.710439303
1.714910293
1.710688522
1.707029733
1.707061982
1.706940159
1.707120832
1.825582374
1.833829048
1.71770573
1.803579794
1.787131523
1.770377689
1.79042149
1.772081182
1.759238639
1.752723009
1.745756213
1.741051729
1.783537761
1.743248676
1.737755678
1.75074066
1.844280791
1.844322637
1.847455157
1.856754848
1.852591052
1.732331965
1.738652061
1.747109993
1.755291214
1.721537221
1.796844781
1.789723389
1.70713665
1.707067612
1.785572877
1.734950162
1.828568652
1.811766655
1.797714222
1.779140395
1.764383334
1.707195277
1.707114471
1.707673351
1.70746632
1.709576171
1.708359359
1.713371782
1.746571428
1.741431786
1.749639131
1.735377753
1.726583964
1.707287695
1.707199152
1.707295753
1.70738145
1.70870853
1.70859932
1.707534226
1.709920796
1.71138696
1.711930524
1.707568123
1.706956794
1.714087655
1.753772734
1.708690586
1.716659827
1.70686055
1.706995211
1.706919669
1.706781038
1.811881608
1.829257328
1.720712756
1.789741349
1.776424856
1.758741029
1.773257792
1.762713186
1.75471813
1.754001564
1.732158892
1.764689772
1.762795409
1.735134647
1.730510677
1.741018471
1.823726593
1.826468468
1.824297447
1.829666767
1.838332404
1.731008411
1.737618792
1.746052685
1.751414647
1.75684455
1.725054616
1.773031715
1.773109431
1.707038392
1.706959148
1.730476396
1.813354216
1.807553601
1.799155687
1.782909523
1.76561601
1.707114905
1.707039536
1.707452086
1.707374014
1.707550328
1.707491044
1.75776567
1.742993625
1.734803488
1.707207039
1.707131356
1.707209267
1.707288715
1.707500947
1.707435552
1.707412505
1.708316812
1.709659564
1.715594953
1.712311968
1.707437123
1.706833104
1.718877415
1.75416306
1.768215584
1.706659594
1.751033989
1.811415167
1.707266104
1.728514312
1.765416532
1.707294538
1.818543294
1.717091885
1.748921009
1.707121534
1.722411575
1.706711746
1.706878916
1.706788729
1.79911715
1.818079542
1.726864307
1.776760314
1.765109369
1.763957593
1.758117042
1.75539685
1.763218847
1.726916813
1.759629967
1.750835052
1.729422483
1.726835347
1.734021822
1.811413682
1.805834341
1.800795526
1.730781673
1.736336619
1.742370836
1.74763592
1.753345253
1.76393267
1.70695518
1.706866069
1.730336028
1.799273479
1.793330207
1.783581671
1.768215793
1.707042279
1.707327276
1.707388675
1.70730957
1.739854586
1.707128127
1.707178219
1.707286775
1.707243312
1.70758491
1.709824015
1.720962262
1.713268547
1.707224416
1.724038033
1.754444499
1.74297696
1.771305113
1.706553215
1.743605916
1.707198121
1.724383049
1.725176399
1.724113886
1.763667256
1.707035731
1.707045624
1.802705475
1.805853473
1.717851058
1.721564744
1.74142969
1.753420603
1.739201205
1.706692364
1.707696009
1.789648556
1.800175511
1.706727581
1.706555074
1.728293968
1.706584855
1.706773463
1.706679105
1.790789189
1.733448017
1.76111594
1.777887498
1.768670354
1.758406239
1.756225598
1.758079013
1.727873206
1.724240698
1.754985875
1.750169983
1.742922002
1.723712664
1.734761199
1.727319532
1.793390617
1.792582586
1.789204936
1.790251648
1.736893497
1.741770685
1.738600672
1.745932024
1.756412439
1.706956206
1.706872916
1.706786429
1.735012201
1.787350782
1.78019393
1.769283838
1.707036452
1.707172501
1.707168708
1.707106745
1.707094033
1.707109425
1.706998529
1.707062821
1.71002309
1.725762013
1.713416219
1.706950205
1.754933213
1.744420513
1.758818914
1.76654193
1.706459644
1.721224016
1.721127769
1.720516209
1.719939333
1.759858728
1.706736716
1.706698387
1.791058909
1.79058314
1.720344074
1.715723501
1.717265854
1.723079989
1.744004618
1.750947011
1.738048085
1.736179087
1.707189579
1.77862468
1.781292734
1.787195183
1.760290261
1.773687692
1.717632869
1.775435869
1.706379723
1.706327657
1.705978058
1.729757797
1.706481627
1.706581015
1.706681742
1.777382043
1.732281688
1.750020243
1.766950845
1.752671358
1.7539742
1.734821857
1.727119014
1.722546273
1.748773719
1.743444898
1.729772185
1.73992015
1.722401377
1.783649495
1.781973703
1.775688317
1.77948363
1.733546635
1.740090274
1.736009
1.747706075
1.757045868
1.706945856
1.706856751
1.70676644
1.765290598
1.707011304
1.70701066
1.706906977
1.706904361
1.707027997
1.706662229
1.709926608
1.725216309
1.713083497
1.706640584
1.747429535
1.75230802
1.740944244
1.754600783
1.760813055
1.706378077
1.720867079
1.717307919
1.717518419
1.717003071
1.718952993
1.754143202
1.706345917
1.70631391
1.778091641
1.77824782
1.719879778
1.714580498
1.714478611
1.738141219
1.734320496
1.733805958
1.706590407
1.768975863
1.768317889
1.779307728
1.755533362
1.767001526
1.71507234
1.772855774
1.763085666
1.718169743
1.759281152
1.706680534
1.762545346
1.71508894
1.706678918
1.705971846
1.705970738
1.705932852
1.705488016
1.705532108
1.727376863
1.706490757
1.706386508
1.706590209
1.765004483
1.728681124
1.747599996
1.741079504
1.744449248
1.748845388
1.735313893
1.731477319
1.725439963
1.734654082
1.723186395
1.728384221
1.718010808
1.77339473
1.773402887
1.766732044
1.766925537
1.731056368
1.734809858
1.741254688
1.748335471
1.753450785
1.706929753
1.706851135
1.706765926
1.706956658
1.706918758
1.706802889
1.706672516
1.706296853
1.70923785
1.72424636
1.721440547
1.711614964
1.706362266
1.745095924
1.747788389
1.74917622
1.740592477
1.753210704
1.748701277
1.753434266
1.70630542
1.72207579
1.714280971
1.713991142
1.716553816
1.719070703
1.748006618
1.705931797
1.705902975
1.76518592
1.715098625
1.711463944
1.738718585
1.733867431
1.731588247
1.731549614
1.705053573
1.705788599
1.760091158
1.758145315
1.771150712
1.75067924
1.760173392
1.710827652
1.712645359
1.76449098
1.755065191
1.719576988
1.716933227
1.753303261
1.755467602
1.756327551
1.713986576
1.71292294
1.706652578
1.706735321
1.706596953
1.706556376
1.749120693
1.735272818
1.75142259
1.705507186
1.70554964
1.705572377
1.705064509
1.705070952
1.724604979
1.722337375
1.706496278
1.706390731
1.706238154
1.752088861
1.726935459
1.743621935
1.739238244
1.732858
1.744306958
1.739180686
1.74155978
1.736810264
1.731827757
1.72659731
1.719831236
1.71525244
1.726240756
1.765086864
1.766152404
1.759374811
1.753346069
1.730398842
1.736071363
1.741528035
1.744864009
1.747678361
1.706883762
1.706818839
1.706849081
1.706731128
1.706537335
1.705961495
1.707857219
1.704983926
1.708231734
1.706154357
1.741109848
1.745085469
1.746366843
1.74585027
1.748775896
1.744744792
1.746216586
1.72122879
1.709972016
1.71107705
1.710710949
1.717185514
1.743023284
1.705510907
1.705516977
1.710485738
1.714263688
1.712507856
1.707553558
1.730378718
1.732234868
1.729176351
1.729208499
1.704605593
1.704601206
1.750153145
1.763890161
1.743786336
1.753606305
1.708774469
1.706833221
1.756958894
1.75022404
1.719180806
1.716367618
1.745245772
1.74861821
1.748758605
1.710786085
1.712451685
1.714233745
1.706620025
1.706552925
1.706734184
1.706646401
1.706473035
1.706471811
1.740999101
1.742302914
1.735639842
1.732312952
1.743360682
1.708642885
1.741373961
1.742451708
1.745044865
1.735817259
1.742904489
1.752161004
1.704765658
1.709509947
1.726987749
1.742293408
1.732836704
1.705063689
1.705154677
1.704621559
1.704639873
1.721493751
1.724187458
1.706414594
1.706312745
1.706179558
1.740638428
1.740991674
1.727637725
1.733023834
1.730104757
1.721427842
1.739526177
1.736804166
1.736888248
1.732024868
1.726417501
1.710647171
1.715871494
1.708676868
1.757273706
1.760933247
1.755072101
1.73199433
1.735959187
1.739009285
1.74251756
1.745793119
1.706762716
1.706621504
1.7064222
1.705582362
1.704173969
1.704156018
1.705980982
1.740069982
1.74427719
1.74425275
1.742310264
1.740607501
1.741076244
1.739475203
1.720878052
1.708660604
1.708676042
1.708672646
1.708710286
1.716232519
1.738850023
1.705068333
1.705089222
1.706166661
1.711548382
1.713180028
1.703758675
1.727841247
1.729506236
1.726632793
1.704252965
1.704157214
1.74013697
1.75669114
1.730304281
1.744617606
1.704475064
1.703665106
1.751431759
1.719344315
1.716382158
1.732359285
1.70862325
1.710742893
1.711986759
1.706484344
1.706611365
1.706445002
1.706366222
1.706341718
1.706252757
1.732413546
1.727482766
1.730739546
1.734572838
1.729616857
1.735443987
1.735697
1.73969582
1.72247999
1.741930251
1.748228115
1.703817269
1.706076845
1.708003811
1.72494163
1.725772192
1.734456339
1.73009504
1.733373593
1.703846625
1.741231708
1.730545024
1.705047313
1.706415162
1.703424923
1.70621649
1.704657637
1.704257302
1.722400098
1.725588383
1.706257509
1.706289043
1.706130662
1.727030584
1.728725495
1.716439303
1.708696686
1.734605845
1.736077074
1.730941936
1.726715709
1.708728465
1.708741918
1.752123214
1.754056241
1.749825024
1.731366681
1.734308952
1.737712586
1.741797804
1.747066772
1.706449497
1.706159606
1.705612433
1.705131038
1.703739428
1.738599545
1.74234838
1.741282798
1.738483396
1.734893098
1.735646221
1.735915916
1.734448011
1.722959714
1.719116427
1.708646288
1.708608791
1.708697201
1.708699918
1.713182107
1.714861124
1.735266018
1.704620023
1.704619175
1.703370951
1.709710273
1.71398251
1.710886151
1.703554142
1.703425258
1.726823555
1.72388067
1.703972083
1.703785999
1.725592335
1.751330728
1.70882742
1.717837161
1.739371271
1.703401055
1.717313372
1.720235548
1.708550989
1.708821158
1.706157354
1.706132007
1.706227971
1.706023689
1.705868077
1.716021766
1.716447253
1.708900951
1.720799923
1.710800096
1.726876476
1.727160772
1.725281786
1.729834081
1.728566813
1.727247066
1.709321165
1.740008061
1.744206528
1.703327373
1.705339544
1.723739071
1.72296513
1.724122242
1.723045185
1.730795452
1.727666007
1.703570248
1.737604938
1.715919222
1.704631127
1.706113944
1.703235391
1.703213534
1.706102307
1.705924105
1.708013165
1.708856865
1.708882256
1.725250374
1.740126644
1.733870157
1.715437938
1.708354997
1.708211701
1.713143121
1.704201742
1.703965646
1.72287464
1.726550507
1.706157444
1.706089618
1.708892955
1.708763781
1.708804131
1.708762345
1.730183633
1.736053354
1.730910174
1.728158575
1.725517516
1.708754731
1.708677473
1.747841632
1.748037055
1.744381342
1.729863344
1.733657138
1.739809975
1.743621278
1.705878537
1.705513776
1.705100115
1.704656439
1.703438458
1.737764154
1.739860232
1.737312084
1.734417511
1.730494779
1.731347656
1.73131139
1.730149213
1.72219157
1.71872411
1.708578465
1.708529635
1.708598729
1.708568386
1.708520126
1.730949568
1.704146993
1.704188859
1.703121444
1.706840371
1.71512983
1.711678284
1.703293716
1.703189221
1.723771903
1.720675696
1.722003606
1.70373809
1.70359632
1.710877455
1.708619225
1.746701544
1.708815855
1.708804512
1.737871353
1.732064073
1.718341355
1.708444649
1.708276294
1.705803703
1.705582735
1.705601503
1.706088537
1.705627467
1.705552853
1.70528503
1.708798978
1.708774622
1.708792611
1.718501376
1.712110955
1.719093172
1.721403329
1.738905163
1.703106285
1.703190407
1.703456255
1.721343963
1.720929952
1.720864106
1.710769414
1.728539337
1.724284696
1.726089115
1.703429194
1.70337519
1.736440317
1.708380978
1.704228893
1.703118067
1.705877684
1.705580626
1.704470138
1.722500371
1.738346702
1.733424429
1.707773254
1.70640315
1.702993946
1.709389245
1.705218627
1.712121105
1.71649916
1.707983705
1.708173304
1.726538162
1.708441462
1.733250927
1.703767672
1.722039467
1.725447944
1.706063529
1.706030796
1.708732424
1.708774941
1.726362354
1.726613357
1.735075862
1.730604671
1.727367331
1.724566943
1.708637799
1.708512701
1.743862183
1.743136929
1.743163925
1.739819555
1.729450036
1.738317635
1.740870956
1.705198226
1.704778629
1.704284179
1.703193511
1.735717868
1.737589681
1.735196584
1.732938736
1.729872656
1.726820305
1.726563197
1.727240302
1.726953634
1.720858341
1.71736868
1.708414664
1.70833852
1.708444629
1.708380973
1.708039821
1.726362531
1.70377107
1.703814827
1.703030405
1.703010011
1.703025607
1.713388626
1.703077364
1.718782153
1.719055228
1.717215365
1.703467279
1.708577126
1.708149997
1.708350114
1.742273943
1.708592741
1.708650384
1.708675015
1.731825788
1.725849442
1.717236883
1.708152466
1.705233573
1.704912934
1.704897693
1.705148794
1.705008831
1.704654238
1.708549873
1.708576232
1.708597971
1.707888567
1.707011103
1.707420597
1.707276848
1.715122164
1.734562126
1.70300677
1.70303973
1.717255248
1.718964787
1.720338208
1.722323103
1.723485295
1.703282097
1.703306522
1.735536591
1.707948783
1.703859525
1.705592248
1.705872499
1.705196352
1.702882668
1.736185625
1.732321101
1.705175167
1.70590317
1.702820278
1.702781212
1.703968371
1.708285927
1.711619802
1.707667959
1.707819167
1.723191937
1.723733933
1.708247516
1.73244239
1.735776741
1.708286876
1.704525685
1.704738971
1.728275816
1.703446105
1.720926026
1.724697071
1.706029668
1.70847327
1.708580017
1.72223667
1.733267286
1.728406618
1.723827649
1.720819415
1.708445545
1.708296039
1.738997565
1.740463058
1.738506177
1.738478125
1.728550319
1.736628021
1.704557818
1.704209106
1.703889822
1.703049802
1.703149554
1.734111121
1.732600864
1.730428104
1.724965227
1.722680553
1.722871046
1.722663557
1.723402926
1.716265051
1.708150135
1.708079667
1.70822508
1.708128741
1.707720184
1.707905544
1.721350903
1.703473672
1.703516027
1.702962067
1.702990996
1.702945419
1.702901824
1.712298783
1.714270123
1.715467286
1.715898776
1.716144863
1.713949058
1.703216846
1.708092986
1.708276186
1.707897193
1.707545261
1.737600667
1.708314974
1.708423391
1.70850285
1.72226389
1.726495822
1.716197879
1.704558323
1.704259326
1.704271354
1.704537774
1.704278684
1.708358755
1.708319628
1.708213919
1.707472986
1.706381399
1.706842814
1.703947801
1.709725744
1.729753059
1.702920188
1.71366201
1.716893569
1.719351137
1.70316141
1.73362272
1.70354619
1.70573707
1.705331326
1.704894313
1.702842121
1.730508518
1.705109413
1.702837469
1.702830727
1.702857573
1.70278469
1.706298932
1.710112708
1.707295873
1.707449815
1.720725308
1.71958274
1.707977797
1.730536126
1.731956871
1.708047564
1.704107895
1.704272429
1.70447982
1.722820375
1.725141299
1.719595396
1.706963337
1.722872761
1.703972531
1.727279264
1.703587977
1.70322761
1.719571944
1.724017652
1.705961987
1.708181123
1.708361135
1.71712155
1.728806359
1.721846048
1.716405579
1.70818945
1.707996237
1.73431535
1.736030515
1.733291806
1.733344482
1.727003076
1.732098051
1.70396165
1.703689889
1.703037353
1.702974088
1.729788011
1.725929157
1.719100557
1.719252661
1.719161505
1.719158418
1.717919787
1.710247591
1.707854132
1.707779925
1.707929394
1.707803954
1.707266544
1.707536587
1.716194164
1.70325717
1.703286358
1.70291714
1.702937682
1.702900591
1.70286389
1.7098698
1.71199405
1.711254822
1.712746136
1.712894836
1.711551629
1.703094821
1.703057097
1.707841832
1.707538554
1.707994094
1.706811401
1.706945599
1.73219079
1.707978498
1.708129792
1.70825683
1.713212911
1.72054309
1.712067617
1.703981363
1.703744138
1.703767468
1.703992139
1.708022954
1.707829034
1.705983111
1.703409607
1.703545092
1.724275454
1.711347648
1.714912736
1.712731777
1.729260657
1.70332162
1.70557728
1.705142402
1.704743369
1.702890302
1.725700376
1.703983821
1.704885236
1.70294566
1.702994226
1.703020061
1.702944906
1.702899629
1.706932251
1.717003498
1.716859544
1.707660634
1.726034617
1.725891302
1.707722119
1.704005172
1.704197871
1.704442139
1.716793205
1.718797208
1.720542833
1.716195959
1.706565175
1.718181457
1.716338008
1.703727733
1.703370072
1.703423214
1.703110063
1.714687656
1.703098884
1.71497733
1.72136228
1.705875504
1.707798079
1.708067132
1.714224568
1.713288491
1.720853561
1.720600979
1.723117483
1.712779432
1.713104722
1.706504205
1.707429452
1.707843508
1.707554288
1.728905773
1.73053013
1.727194161
1.727048588
1.726896136
1.703495481
1.702985746
1.702945996
1.717580239
1.71298309
1.714033127
1.715614256
1.715469784
1.713594158
1.707433589
1.707372191
1.70749737
1.70695544
1.712203195
1.703131107
1.7031583
1.702926035
1.702897994
1.702934812
1.702952121
1.709902822
1.710474545
1.709473298
1.710265166
1.709983329
1.709679085
1.703028955
1.707356391
1.707550476
1.706955406
1.705936557
1.706319826
1.724071037
1.70756146
1.707750325
1.707922892
1.705654695
1.703078719
1.713947452
1.706770177
1.703084635
1.70356201
1.703507021
1.70381809
1.707583828
1.707338369
1.70501323
1.703087286
1.703219523
1.713890988
1.711439869
1.722789537
1.703194887
1.705457472
1.705063509
1.704773068
1.703068457
1.704026454
1.703432502
1.703250094
1.703234989
1.703242587
1.706459601
1.713936448
1.719123775
1.704085798
1.704387176
1.704623094
1.71213848
1.713372821
1.714665773
1.712930974
1.706132054
1.713128558
1.711787725
1.703660534
1.703237541
1.703308873
1.703421332
1.712574568
1.711438168
1.702838751
1.702981418
1.708482952
1.704965018
1.703071157
1.703090781
1.710011708
1.714152886
1.705785091
1.707331146
1.707691623
1.711403318
1.713775497
1.713895603
1.707966497
1.707245045
1.705866731
1.705612153
1.707437482
1.707112253
1.707096445
1.721479159
1.72299208
1.717508207
1.703377985
1.703023089
1.702997722
1.711434814
1.710322635
1.709422695
1.7123647
1.710035131
1.707049721
1.706966899
1.706450134
1.703106265
1.70314499
1.702966523
1.703100319
1.703397872
1.708671205
1.708744176
1.708009595
1.708104311
1.709489405
1.708075601
1.703067961
1.706830003
1.70694676
1.706289135
1.704900541
1.705552172
1.712526253
1.708922584
1.707061371
1.70727695
1.707505695
1.702694191
1.70272812
1.70334253
1.703581259
1.703650265
1.703492207
1.703924018
1.704132393
1.707044654
1.706797162
1.704026463
1.702734511
1.703002525
1.702528405
1.704914113
1.711628003
1.703189114
1.70540364
1.705128598
1.703342982
1.703271463
1.703556836
1.703605292
1.705926244
1.704472764
1.704809233
1.704974875
1.710316068
1.709273322
1.710476856
1.710693129
1.708159428
1.707664017
1.703252156
1.703324522
1.710030253
1.710960561
1.709086576
1.703048699
1.707435727
1.705272822
1.705354121
1.705402235
1.702688257
1.70699824
1.706632165
1.703148693
1.70350695
1.703570273
1.703034124
1.702958345
1.705719522
1.706725515
1.707215416
1.70888078
1.708787756
1.708372451
1.705300797
1.705382549
1.705452761
1.70515139
1.706958992
1.706600353
1.706615119
1.705972466
1.702458245
1.703433911
1.703129025
1.703127447
1.703126394
1.703167362
1.707992138
1.707839183
1.708017855
1.707643609
1.709413736
1.707370847
1.706532748
1.705912017
1.703200968
1.703254373
1.70338136
1.703834395
1.707123254
1.706895706
1.707503531
1.707106703
1.70619938
1.705450115
1.704433121
1.702623103
1.702540205
1.706676081
1.706989067
1.702524739
1.703799822
1.704102911
1.703950412
1.703715465
1.704530595
1.704707336
1.706166596
1.703541145
1.702509581
1.702798253
1.702466212
1.702449701
1.702949753
1.703300094
1.705459135
1.703693315
1.70304125
1.703852543
1.703908482
1.705435692
1.705066405
1.70539414
1.70551187
1.70725661
1.709172988
1.705066761
1.705041607
1.703416948
1.708208332
1.703211129
1.707027936
1.705709851
1.70566539
1.705774355
1.705565905
1.702513742
1.706936214
1.706089628
1.70613923
1.703303562
1.703514914
1.703307259
1.703351706
1.703978638
1.703328721
1.703719783
1.703844017
1.704027326
1.703517451
1.705692888
1.706178223
1.70658279
1.707678021
1.707070418
1.705123461
1.705625385
1.704986343
1.705019207
1.704749788
1.70587028
1.706111257
1.702926083
1.702511173
1.703863932
1.703292914
1.703412094
1.703449739
1.705388184
1.706165023
1.705891309
1.705873669
1.707016733
1.706378808
1.706025835
1.705126949
1.70341301
1.703461733
1.703775004
1.704091927
1.704116819
1.707023585
1.707021436
1.706837892
1.707048257
1.706983097
1.704949526
1.703560895
1.70272309
1.706125143
1.702441545
1.70475838
1.704324076
1.70524637
1.705425403
1.705481409
1.704804559
1.702448512
1.702585661
1.703471057
1.703223271
1.704104748
1.70277016
1.70576088
1.70602228
1.706050646
1.705048402
1.704819281
1.704760538
1.704747963
1.703856449
1.703484757
1.706921276
1.706153589
1.705930056
1.705694674
1.706130818
1.702452011
1.702449551
1.705542591
1.70555741
1.705561937
1.703725426
1.703800801
1.703069441
1.702968448
1.703599636
1.703563609
1.703663112
1.704217455
1.704294786
1.703947444
1.704323164
1.705718284
1.70540101
1.705949756
1.706802586
1.706891212
1.704772896
1.704587351
1.704596683
1.704366609
1.705016117
1.705460093
1.703321267
1.70250976
1.702680535
1.704726754
1.704529513
1.703561446
1.703802677
1.703875362
1.704795696
1.70516193
1.705368448
1.705692294
1.704968346
1.706384571
1.705995639
1.70456086
1.703742992
1.704187694
1.70435285
1.706932166
1.706909304
1.706775433
1.706898303
1.70683799
1.703737051
1.705343217
1.705644469
1.705173094
1.706011345
1.706135375
1.704323478
1.702464621
1.703659627
1.704425547
1.702601028
1.70639128
1.706512659
1.706442953
1.704578813
1.704432433
1.704586007
1.70445205
1.704330385
1.703905016
1.706837142
1.706461004
1.70613165
1.70585239
1.706347677
1.702519487
1.702553611
1.702517241
1.704884365
1.70500441
1.704928741
1.703973829
1.704230601
1.702802296
1.702880259
1.703166234
1.706698599
1.704485225
1.705340821
1.703986079
1.703984711
1.703953587
1.704108306
1.704522739
1.704257739
1.704568108
1.7046012
1.705756756
1.704477438
1.705066322
1.706554769
1.70670663
1.704609835
1.704232979
1.704194545
1.704048376
1.704262636
1.704573036
1.703450456
1.702710633
1.705436524
1.705648723
1.705003847
1.704275439
1.704345888
1.704323685
1.704792507
1.705010382
1.705678062
1.706045494
1.704639803
1.704639313
1.706833457
1.706782253
1.706707528
1.70668665
1.703188873
1.704373586
1.70637468
1.706039083
1.706586379
1.706644433
1.703459111
1.702543853
1.702496426
1.703875161
1.706717021
1.706651323
1.704284367
1.704110226
1.704423554
1.704238835
1.70438535
1.706751257
1.706509313
1.70618968
1.705967838
1.706344384
1.702722307
1.704346285
1.704149755
1.704210685
1.704696823
1.70257375
1.703076942
1.706519679
1.703989404
1.704964056
1.705356271
1.705047221
1.704441132
1.704445742
1.704833826
1.704787093
1.704517846
1.704913952
1.705770876
1.703568994
1.704035524
1.706304725
1.704649203
1.704339707
1.703886343
1.703890007
1.703861179
1.703686606
1.703454449
1.703717427
1.703022888
1.706359791
1.70598327
1.706449609
1.705557369
1.704795601
1.70477384
1.704819473
1.705488135
1.705774522
1.70490731
1.706714955
1.706618786
1.706630894
1.706501632
1.702642818
1.703484036
1.70679426
1.706660337
1.706807626
1.706761799
1.702910558
1.702777504
1.702567135
1.704160002
1.706581029
1.706453296
1.704012305
1.70386049
1.704029951
1.704877943
1.70665133
1.706241035
1.706048571
1.705971557
1.706079332
1.703032502
1.70378693
1.703609871
1.704474254
1.70534942
1.704930337
1.702565387
1.706289837
1.703549223
1.704695375
1.705034105
1.705703146
1.705046011
1.705189481
1.705091009
1.704767209
1.705050762
1.705210086
1.705699807
1.702902865
1.703194727
1.705974175
1.704385644
1.704098885
1.703695979
1.703708232
1.70359463
1.703149066
1.703926336
1.704008827
1.703425282
1.70692153
1.706738696
1.706408388
1.706867328
1.706084127
1.705241563
1.705333685
1.705237977
1.705468977
1.706562178
1.706433561
1.706540836
1.706299622
1.702656535
1.702644523
1.702929107
1.706779926
1.706886963
1.706591894
1.706463234
1.703262333
1.702801163
1.70454287
1.706054335
1.705914029
1.703809235
1.703855249
1.705418294
1.705685685
1.705823717
1.705573559
1.703533878
1.703257079
1.705528732
1.706050043
1.703345302
1.704444355
1.704764487
1.705191565
1.705550758
1.705873162
1.705397491
1.705673109
1.705359515
1.705027484
1.705648201
1.705495467
1.702743091
1.702862207
1.705698514
1.704167705
1.703942707
1.70357633
1.703690244
1.703435087
1.703044473
1.703899568
1.704449719
1.704488872
1.706897425
1.707048536
1.706955543
1.706999274
1.706807862
1.706656117
1.706121991
1.705779486
1.705934348
1.704901655
1.705224512
1.706424224
1.706410205
1.706219046
1.706112231
1.702929709
1.703094106
1.706309013
1.706642493
1.705950376
1.705768582
1.703739896
1.704997755
1.705239787
1.705126517
1.703767676
1.70494022
1.704915557
1.703189147
1.705767256
1.703303939
1.704233416
1.704523527
1.704625623
1.705178978
1.706318615
1.703317193
1.706785755
1.7056789
1.706141897
1.706046318
1.705542635
1.70512344
1.703054099
1.703242339
1.705383564
1.704015029
1.703881181
1.703670181
1.703526281
1.703427928
1.703337995
1.704511707
1.705048053
1.706360554
1.706542772
1.707074211
1.706849409
1.707147668
1.707123371
1.706272827
1.706668813
1.704934053
1.704596976
1.706275585
1.706124891
1.705869873
1.705833483
1.703591584
1.703595787
1.703581624
1.705465115
1.705946719
1.704985455
1.70482114
1.704388691
1.704302036
1.704251396
1.70382306
1.704155511
1.704231318
1.7054314
1.704076533
1.704289508
1.70407542
1.704690188
1.703555897
1.70556173
1.704125096
1.707190716
1.707150153
1.706510673
1.706624817
1.706080306
1.706487672
1.704667248
1.703773607
1.703847483
1.704035479
1.705003111
1.703979312
1.703716475
1.703924514
1.703952969
1.705220873
1.705713615
1.705468792
1.706167487
1.706616135
1.706933587
1.707079399
1.706981602
1.704652518
1.704360633
1.706068512
1.705841399
1.70544793
1.705513797
1.704426619
1.704536475
1.704979881
1.704481394
1.703991592
1.703971259
1.703697003
1.705255604
1.703425985
1.703482282
1.70397522
1.703496349
1.703657139
1.70506713
1.703668009
1.704206088
1.703906965
1.705966294
1.704230063
1.704170494
1.70707152
1.706861093
1.707087304
1.707179988
1.706889617
1.706920039
1.706536333
1.706928345
1.704211776
1.704821422
1.704657472
1.70467558
1.704921033
1.704705959
1.704184834
1.704247596
1.704436766
1.704281471
1.704513509
1.706019708
1.70468775
1.705180478
1.704440596
1.705741523
1.706224253
1.706435723
1.707122085
1.704430702
1.705777229
1.705515272
1.705042368
1.705214096
1.705455261
1.705557673
1.703966045
1.703499999
1.703171022
1.703121012
1.702956055
1.706128823
1.702880802
1.702990489
1.703102136
1.703337814
1.703473892
1.703833532
1.704363073
1.704304002
1.704537936
1.704518369
1.706501522
1.706363974
1.705925819
1.706848466
1.707095605
1.707151614
1.706723807
1.70699135
1.707116993
1.703869249
1.705963834
1.705684677
1.705452835
1.705445048
1.705231235
1.705730727
1.704763133
1.704526354
1.704637092
1.704986936
1.704843408
1.705068076
1.704149242
1.703747526
1.704673835
1.703530743
1.705200577
1.705420758
1.705495172
1.705219227
1.704961366
1.706439013
1.706375957
1.703172739
1.702883922
1.702720836
1.702695906
1.70267778
1.702742762
1.702845804
1.703144245
1.703007814
1.70331876
1.703511535
1.703645093
1.704565062
1.704535116
1.704840061
1.704990406
1.705039842
1.703637881
1.705997215
1.705478932
1.705302142
1.70479132
1.706503972
1.706900011
1.706913133
1.707027883
1.707023727
1.706877714
1.70373051
1.706609326
1.706386693
1.706306173
1.706059903
1.706116405
1.705867737
1.705668487
1.704722734
1.70523033
1.705655039
1.705460607
1.703685083
1.703378956
1.703100297
1.704133299
1.702983533
1.704309222
1.705300183
1.704987079
1.706801673
1.702819391
1.702739886
1.702748707
1.702737401
1.702846059
1.70300269
1.703079171
1.703263506
1.703360253
1.703541334
1.703709484
1.704802304
1.704809502
1.705308134
1.705140714
1.705501361
1.705570962
1.703765228
1.704864091
1.705469745
1.704327498
1.70417158
1.703733454
1.705994049
1.706165621
1.706827016
1.706762923
1.706726359
1.706526775
1.703836443
1.706639295
1.70672652
1.706543204
1.706434736
1.706370179
1.70626386
1.706137624
1.706097267
1.704998643
1.705770077
1.70595924
1.70310761
1.703081535
1.703333548
1.702971039
1.702947441
1.703390872
1.702922737
1.705234481
1.702956738
1.703056227
1.703170833
1.70317328
1.703348476
1.703532812
1.703544181
1.703681553
1.70371308
1.703837875
1.703935559
1.705162104
1.705067899
1.705760929
1.705581809
1.705541285
1.705929888
1.705995207
1.70396979
1.704072893
1.704312052
1.703768364
1.704869175
1.703371953
1.70325638
1.703013836
1.70509078
1.705569367
1.706234257
1.70626763
1.706361833
1.705981081
1.705968944
1.704060357
1.706424553
1.706345011
1.70635156
1.706291782
1.706315331
1.706304867
1.706282594
1.706226358
1.70523098
1.705331825
1.706144421
1.70291089
1.702945548
1.702985721
1.702894939
1.703108595
1.703273301
1.703306236
1.703490976
1.703616242
1.703830306
1.70380606
1.703953779
1.704059095
1.704002237
1.704030975
1.70400908
1.704039336
1.705430649
1.705433889
1.706082085
1.705950723
1.705896923
1.705751538
1.70618008
1.70620782
1.704120499
1.704028671
1.704030212
1.706235587
1.703804631
1.703330759
1.703032105
1.704012507
1.70281855
1.7028039
1.702814411
1.704471747
1.704923037
1.705618441
1.705364934
1.705325648
1.705804878
1.705007504
1.704243377
1.705726317
1.705907708
1.705830488
1.705999403
1.706125657
1.706129002
1.706219519
1.706254828
1.705549272
1.702951927
1.70304532
1.703276618
1.703379299
1.70364311
1.703901494
1.70392936
1.704119796
1.704169707
1.704297764
1.704416871
1.70435264
1.704372194
1.704315253
1.704200543
1.70412152
1.704075423
1.705778118
1.705653205
1.706200912
1.706157008
1.706119216
1.706011428
1.706189594
1.706173027
1.704117859
1.703802495
1.703793455
1.70385284
1.706084385
1.703107928
1.703226315
1.702812901
1.702885244
1.70275508
1.703553602
1.702841446
1.702906307
1.703161009
1.703917208
1.704035716
1.704960294
1.70470392
1.704388534
1.704351873
1.704957465
1.704243227
1.705195496
1.705368821
1.705629203
1.705674046
1.705888124
1.706053134
1.705814353
1.703504216
1.703595543
1.703955584
1.704050807
1.70433358
1.704564964
1.704596867
1.704706623
1.704674111
1.704698291
1.704628249
1.704523436
1.704323165
1.70409824
1.703879301
1.706014213
1.706153501
1.706082445
1.706155869
1.706138004
1.705937264
1.705875302
1.703947632
1.703483962
1.703417319
1.703422925
1.703363073
1.705670706
1.702931546
1.702874281
1.703058379
1.702882934
1.702880358
1.703065735
1.703257666
1.703360197
1.703487145
1.703905975
1.703342716
1.703602067
1.704120933
1.704157888
1.703870089
1.703603066
1.704407163
1.704031665
1.704691033
1.704941412
1.705025924
1.705320043
1.705583788
1.706042787
1.704265554
1.704609483
1.704702239
1.704871034
1.70494422
1.704912632
1.70484422
1.704773226
1.704580316
1.704293173
1.704155504
1.703853
1.703549639
1.706132845
1.705932937
1.705999266
1.705736988
1.706097728
1.705470434
1.705391548
1.703710736
1.703085494
1.703343311
1.702965195
1.702795177
1.702837084
1.705075425
1.703089249
1.703184553
1.703182002
1.703091731
1.703444909
1.7033712
1.703766858
1.703155826
1.704138118
1.704282409
1.704611411
1.703237374
1.703514157
1.703564818
1.703752657
1.70335485
1.704001489
1.70371329
1.704259453
1.704341681
1.704652994
1.704966461
1.70612539
1.704894377
1.705025573
1.705021976
1.704958386
1.70476183
1.70468466
1.70437018
1.704270467
1.703883654
1.703453684
1.703373681
1.703061261
1.706043171
1.705667468
1.705531175
1.705875234
1.705218455
1.704885764
1.702984645
1.702697977
1.703271349
1.702422836
1.702244477
1.702254866
1.704515282
1.704704124
1.703577846
1.703409582
1.703836073
1.703827924
1.703420263
1.704225505
1.70415123
1.704549341
1.703334863
1.704840453
1.704916346
1.705071998
1.703295053
1.703341619
1.703311452
1.703403308
1.703536482
1.703715362
1.703491903
1.703789972
1.704042411
1.704342352
1.706006508
1.705078263
1.704910393
1.704774659
1.704390209
1.703971172
1.703424664
1.703245514
1.70277275
1.702380606
1.702405049
1.705775866
1.705225213
1.705513154
1.705032664
1.704338385
1.703064004
1.702731538
1.70241177
1.703338043
1.702025802
1.70173187
1.701678703
1.704018099
1.704251183
1.704562248
1.704039473
1.704295964
1.704007784
1.704520543
1.703827165
1.704793893
1.704892347
1.705080844
1.703652114
1.705145127
1.70513091
1.704995947
1.703538417
1.703543247
1.703458536
1.703429522
1.703472447
1.703510072
1.703506182
1.703627316
1.703851693
1.705688215
1.704655616
1.704186528
1.703914783
1.703376304
1.70272477
1.702155274
1.702001368
1.701597345
1.701454502
1.705387595
1.705079458
1.704761433
1.703953573
1.703049899
1.703372354
1.702781505
1.702282329
1.703609076
1.701747157
1.701290357
1.703739116
1.704193704
1.703960611
1.704363026
1.704668941
1.70462999
1.704827819
1.704473083
1.705000477
1.704267539
1.705101493
1.705134029
1.705046388
1.704095624
1.704817765
1.704747578
1.704276854
1.704089679
1.703887483
1.703699088
1.703577563
1.703585984
1.703783384
1.703621101
1.705231101
1.703673766
1.702994094
1.702682986
1.702055336
1.701440243
1.701056421
1.701019321
1.700996032
1.704951126
1.704655055
1.703798746
1.703442186
1.703555915
1.703816969
1.702936838
1.702331568
1.703957177
1.701718938
1.701286
1.703735135
1.704085378
1.703987373
1.703888947
1.70431175
1.704081116
1.704978812
1.704973713
1.704948211
1.705003476
1.704879541
1.704962423
1.704711225
1.704826924
1.704717952
1.704172014
1.704789112
1.703855491
1.703157638
1.704537752
1.704263204
1.704022331
1.703914224
1.703719963
1.704201592
1.704736712
1.702373243
1.701654229
1.701392687
1.700903131
1.700583906
1.700578346
1.700776627
1.70455284
1.703882413
1.70409252
1.704056851
1.703707063
1.704232932
1.703232477
1.702655017
1.704303457
1.70221961
1.701328152
1.703980201
1.70396573
1.70401591
1.704108544
1.703996593
1.704268718
1.704783767
1.704814703
1.704982556
1.705121239
1.70461532
1.70519112
1.704326682
1.703975725
1.703757222
1.702918287
1.705126542
1.705243091
1.702516459
1.701820807
1.704910287
1.704636903
1.704456019
1.704079732
1.704432702
1.704509168
1.704313414
1.701128675
1.7005795
1.700538175
1.700372209
1.700528003
1.700943293
1.704141335
1.704458208
1.704432275
1.704392573
1.704138907
1.704419148
1.703758945
1.70345223
1.702509803
1.702057909
1.704378847
1.70403837
1.704078104
1.704024719
1.704086828
1.70422468
1.704267657
1.704051145
1.704064531
1.704448906
1.704814496
1.705111935
1.703652965
1.705252443
1.703231256
1.702753737
1.702477574
1.701597377
1.705393756
1.705365385
1.701254418
1.700762973
1.705186192
1.704995718
1.704577044
1.704298269
1.70449591
1.704058426
1.700430457
1.700363138
1.700372506
1.700723041
1.70133447
1.704470974
1.704584184
1.704419925
1.704346277
1.704671255
1.704606629
1.70452171
1.703884761
1.703557047
1.702738993
1.704784201
1.704062532
1.704156421
1.704259944
1.704015741
1.704460962
1.703815181
1.703739792
1.70441415
1.702915128
1.702930464
1.703454707
1.703953536
1.704425997
1.704663458
1.702471684
1.705060976
1.701984311
1.701502527
1.701245163
1.700652218
1.705343433
1.705398942
1.700481054
1.700366236
1.705299624
1.705021048
1.703816941
1.70406338
1.703986828
1.700522077
1.700911233
1.701186824
1.701888987
1.704702555
1.704543096
1.704164668
1.703852755
1.704827933
1.704977734
1.704980832
1.704784399
1.704158179
1.704742009
1.703413659
1.70489678
1.705067368
1.704064481
1.704168487
1.704290808
1.704588564
1.702884089
1.702925117
1.70293606
1.704363169
1.704446783
1.702151213
1.701762646
1.701682089
1.702714367
1.703265147
1.703542896
1.704124162
1.701330372
1.704701657
1.700952381
1.700614594
1.700499084
1.70040965
1.705064902
1.705121156
1.700491763
1.700830084
1.705182144
1.703094951
1.703295165
1.704070126
1.701455347
1.702174765
1.702610859
1.704728641
1.704254503
1.703712562
1.703183889
1.704518358
1.704963918
1.705200211
1.705275531
1.70518074
1.704743543
1.704101345
1.704784428
1.70485827
1.704176723
1.70427189
1.704502026
1.701989319
1.701699915
1.701889973
1.702031132
1.7043115
1.704289826
1.704278483
1.701065933
1.70145535
1.70083972
1.700795347
1.70193194
1.70220531
1.702796928
1.703531059
1.700619825
1.704156813
1.700489684
1.700460769
1.700495601
1.700601327
1.701022638
1.704361047
1.704714023
1.70129736
1.701990273
1.702227591
1.70232216
1.702418845
1.704225473
1.7028673
1.703665131
1.704449844
1.703244743
1.702986267
1.702337287
1.703947262
1.704569544
1.704780182
1.705185452
1.705303148
1.705075064
1.704772381
1.704262478
1.704192349
1.704281368
1.704141214
1.700692799
1.700962987
1.700630448
1.700961131
1.701231536
1.704193812
1.704290272
1.704026122
1.703890385
1.700809871
1.700505163
1.700615319
1.700853594
1.700509888
1.700526968
1.701003118
1.701532507
1.702124076
1.702885284
1.700581216
1.703198614
1.700759486
1.701037856
1.701129011
1.701590603
1.702206644
1.703769759
1.702573552
1.703381613
1.701433784
1.70132017
1.701737052
1.704346705
1.704184848
1.703842622
1.70147841
1.702216753
1.701400702
1.703039328
1.703293714
1.704082509
1.70474075
1.705051598
1.70501005
1.70485689
1.703420316
1.703207341
1.70431055
1.703541268
1.699746132
1.699714656
1.699488654
1.699950293
1.700363434
1.700730603
1.703932465
1.704173736
1.703620487
1.703363781
1.699668301
1.70292343
1.700483159
1.700688803
1.700408848
1.700417517
1.700906092
1.700989089
1.700582629
1.700952158
1.701699756
1.701125835
1.701975977
1.70127322
1.702608174
1.701677651
1.702130562
1.702279872
1.702847553
1.703437835
1.703785976
1.704430015
1.70082656
1.701057493
1.701320966
1.704357994
1.703047705
1.699646247
1.700221979
1.700976381
1.701224809
1.702108667
1.703102681
1.703886987
1.704070285
1.704490087
1.704659788
1.702503922
1.702177814
1.702856166
1.699358235
1.699032536
1.698684876
1.698502923
1.699748899
1.700132169
1.700483061
1.703608522
1.704010062
1.703206312
1.698232278
1.702933341
1.702536482
1.702679909
1.704478705
1.700779337
1.701168462
1.701518153
1.700678949
1.700484488
1.701959654
1.702049111
1.700466739
1.700570995
1.700849122
1.70109401
1.701598398
1.702428716
1.702873974
1.703284061
1.703413303
1.703835384
1.704170145
1.704355338
1.700844127
1.700610084
1.701058926
1.701230574
1.704167303
1.702319014
1.698460403
1.698932144
1.698987804
1.699918546
1.700745105
1.701825129
1.702146872
1.702978649
1.703646844
1.703702584
1.701774435
1.701470937
1.702234264
1.698994623
1.699501477
1.698539249
1.698105876
1.697641319
1.699968867
1.700276863
1.703291401
1.703707632
1.697396797
1.702937546
1.703113172
1.702401419
1.702773183
1.704008131
1.701829702
1.701721107
1.702415246
1.702389163
1.702877387
1.70124337
1.700878627
1.703278136
1.703294593
1.700849653
1.700771764
1.700905976
1.701099294
1.703574298
1.703818868
1.7039693
1.704028584
1.704096874
1.704008633
1.700921641
1.700778582
1.7005694
1.701032799
1.701193835
1.703846167
1.701861254
1.697426349
1.697269137
1.697725434
1.698451549
1.698476253
1.699489185
1.699729458
1.700740627
1.701695205
1.701952616
1.702667685
1.701601627
1.701383051
1.702153727
1.69943686
1.698923076
1.699965801
1.698110473
1.697324857
1.700370707
1.703440155
1.696810112
1.703267746
1.703202184
1.703277022
1.702713718
1.70319472
1.702799012
1.703381967
1.703230172
1.702624639
1.703819375
1.70382749
1.704133368
1.702052538
1.701969184
1.704274495
1.704177077
1.70149557
1.701561762
1.70136175
1.704166904
1.704039176
1.703814276
1.703751644
1.703372696
1.700706047
1.700814726
1.700672751
1.700571817
1.700783818
1.700918213
1.703538947
1.702038904
1.696466202
1.696392025
1.696615704
1.696605311
1.69717376
1.697418718
1.698345196
1.69934226
1.699610272
1.70067398
1.700785936
1.702084668
1.702002103
1.702603295
1.70000996
1.699600112
1.698851957
1.700380739
1.6979654
1.69713034
1.696624684
1.70356182
1.703781667
1.703398271
1.703373475
1.703410455
1.70172329
1.704665778
1.70463742
1.704138757
1.70357137
1.704836758
1.704764434
1.704697669
1.703360585
1.702731171
1.704464747
1.704272247
1.702345397
1.703791089
1.703874552
1.703296742
1.702670239
1.702515186
1.70033185
1.700226444
1.700349221
1.700331862
1.700176537
1.700187519
1.703398116
1.702748889
1.69608394
1.695793673
1.695616477
1.69573901
1.695789557
1.696393111
1.697181411
1.697565778
1.69861475
1.699520548
1.703042821
1.703104576
1.703398406
1.700009285
1.700262235
1.699545389
1.698817176
1.697983341
1.697462825
1.69666455
1.703979931
1.703633901
1.704296795
1.704079325
1.700561904
1.705125065
1.705246556
1.705151539
1.704839125
1.704660678
1.704901772
1.704710911
1.704216776
1.704129286
1.703538354
1.703583105
1.703298503
1.702632907
1.702440852
1.701669483
1.70080934
1.699680043
1.699411588
1.699257511
1.699481984
1.699829637
1.699232999
1.698988587
1.703585911
1.703702752
1.696003265
1.695664143
1.695365222
1.695230822
1.695335766
1.695722389
1.695987669
1.696717223
1.697617361
1.698436417
1.704083159
1.704199603
1.704198259
1.699743284
1.699701266
1.699407134
1.698846445
1.6984428
1.697711135
1.696916315
1.7043172
1.704000127
1.704474043
1.704523567
1.698708304
1.704653758
1.70506798
1.705257853
1.705209259
1.705011173
1.703884194
1.703512366
1.702633386
1.704622541
1.701668515
1.701438091
1.700635016
1.700417987
1.699578521
1.698310104
1.698652129
1.69797225
1.697900387
1.698296431
1.698615358
1.698104141
1.697038796
1.697549375
1.703956152
1.704494204
1.69641973
1.695718911
1.695344154
1.695240641
1.695324376
1.695627578
1.696155929
1.696753382
1.696917071
1.704733761
1.704840821
1.704630588
1.69899166
1.699194586
1.699169417
1.698955797
1.698624549
1.697993324
1.697513044
1.704262604
1.704337706
1.704443654
1.704154542
1.697576547
1.70292518
1.703902756
1.704507106
1.704668528
1.704940177
1.704991803
1.701834728
1.701357712
1.700155
1.699210222
1.699245558
1.698360422
1.698284138
1.696515777
1.696824442
1.696708316
1.696276775
1.696417566
1.696970055
1.697393216
1.695826491
1.696002918
1.696277085
1.70427304
1.704693035
1.696758562
1.696074639
1.695654955
1.695536752
1.69543775
1.695528215
1.695765875
1.695835803
1.696140404
1.704598931
1.704657529
1.704373512
1.698075726
1.698557263
1.698570689
1.698561914
1.698238425
1.697709947
1.704236003
1.703938684
1.703763882
1.703365271
1.696569555
1.703216912
1.700513304
1.701787547
1.702780367
1.703100064
1.703826409
1.704333451
1.699329923
1.698748034
1.697441171
1.697114423
1.696623343
1.694601823
1.694933536
1.694259644
1.695156514
1.694729319
1.695149018
1.69608433
1.694413609
1.695100102
1.695432399
1.695538728
1.704271007
1.703878147
1.697059033
1.696507139
1.696261649
1.695910234
1.695698523
1.695597387
1.69559443
1.695564002
1.695643255
1.703620125
1.70344978
1.696917304
1.697291653
1.698084643
1.698068181
1.697986157
1.697668501
1.703900774
1.702622391
1.702285945
1.695603757
1.703258075
1.702260308
1.698065776
1.699324398
1.700471183
1.700906563
1.701964332
1.702906714
1.697083798
1.696673873
1.695829981
1.69572585
1.69306235
1.693192886
1.692837102
1.691928547
1.693682885
1.693731614
1.694591157
1.694391642
1.693542253
1.695011572
1.695390938
1.69548495
1.703835848
1.702450667
1.697237764
1.696955129
1.696557533
1.696227232
1.695976524
1.695866352
1.695605305
1.695472524
1.701932937
1.702075717
1.695103085
1.696535337
1.696812274
1.697228481
1.697376877
1.697316718
1.701303791
1.701175583
1.695318859
1.702559771
1.701391834
1.697147799
1.696258249
1.698287227
1.698596325
1.699848828
1.70098656
1.695647397
1.695450586
1.695231107
1.691939498
1.692633689
1.691040047
1.691498783
1.691068525
1.692155802
1.692604943
1.694878138
1.694052994
1.695151121
1.693008272
1.69549738
1.695753262
1.695949147
1.703022242
1.700800134
1.697012658
1.69683999
1.69664411
1.696479081
1.696394279
1.696097174
1.695968151
1.695710649
1.700156021
1.700610761
1.694179836
1.694650418
1.695472081
1.696086313
1.696472524
1.700129434
1.700399158
1.695545131
1.701737249
1.700714079
1.696739831
1.695975005
1.69546811
1.698157528
1.697245778
1.699170012
1.695271823
1.695255524
1.691908027
1.690156299
1.690481523
1.690284456
1.691557128
1.690458301
1.691662228
1.695863501
1.695216826
1.69416931
1.695984685
1.692900752
1.696175997
1.696230063
1.696442539
1.696544358
1.702114653
1.699394831
1.696279141
1.695588417
1.696442393
1.696533315
1.696591659
1.696604204
1.69660145
1.696460739
1.696357452
1.698746687
1.699429553
1.69206724
1.693090733
1.693975355
1.694695629
1.69921009
1.699681517
1.699953541
1.695877813
1.701089536
1.700345085
1.696583515
1.696138252
1.695789847
1.695701295
1.69791828
1.697171712
1.695892098
1.690112805
1.689541126
1.691214073
1.68929685
1.693041684
1.689505585
1.689948055
1.69671778
1.696407924
1.695677903
1.694537462
1.696672128
1.696650305
1.696403244
1.696396142
1.696584549
1.701369157
1.698552479
1.695352383
1.694683398
1.693326774
1.695789475
1.696047002
1.696614636
1.696832213
1.696998553
1.697100041
1.696936473
1.698030803
1.698735724
1.689951206
1.690775879
1.691560742
1.69235628
1.699456348
1.6991196
1.69986888
1.696664325
1.700718876
1.700266753
1.696831711
1.697103282
1.696520456
1.696456502
1.696626441
1.69749452
1.697189408
1.691352319
1.690133095
1.689574119
1.693057647
1.689037382
1.694980394
1.688876987
1.688791041
1.696951512
1.697063706
1.696855067
1.696174918
1.696811607
1.695536299
1.69579164
1.695439999
1.696154568
1.700944404
1.698393403
1.69342937
1.694181948
1.692479008
1.690930685
1.694616329
1.695747874
1.696227652
1.696834835
1.697139459
1.697433273
1.697484041
1.698063525
1.698914807
1.689001876
1.689491978
1.690088669
1.699634245
1.699435386
1.700023894
1.700592372
1.700317471
1.700527294
1.697722513
1.697642625
1.697829401
1.697417124
1.697463983
1.697659659
1.697815433
1.69350675
1.691820884
1.691050056
1.689997153
1.695346695
1.68922356
1.696592856
1.688922228
1.688536711
1.696780484
1.696300139
1.697158524
1.697150112
1.694026502
1.694311616
1.694697949
1.693639625
1.694710046
1.700801422
1.69882553
1.691998956
1.691130028
1.692396728
1.690154577
1.688978426
1.693604526
1.69453377
1.694827692
1.695821081
1.696223204
1.696961643
1.697511713
1.698616697
1.699398585
1.688416214
1.688549333
1.699922338
1.699797346
1.700151012
1.700265728
1.700442588
1.698529158
1.698556572
1.69841919
1.698243917
1.69817347
1.698011344
1.697376352
1.69399248
1.695747987
1.693170154
1.69190121
1.690730102
1.696853903
1.690264722
1.697220328
1.689380378
1.688669038
1.696261685
1.695537659
1.696981074
1.692463714
1.69228017
1.692731823
1.692548871
1.691547018
1.693330928
1.700688578
1.699381841
1.689799739
1.690122039
1.689048659
1.691159345
1.688360706
1.688041697
1.692246799
1.692717147
1.693850175
1.694387939
1.695473854
1.69649867
1.699225688
1.699740007
1.688225363
1.699980629
1.699838368
1.699959033
1.699830766
1.699874708
1.700079961
1.699132289
1.698895933
1.698646146
1.698412365
1.698006066
1.697310439
1.695854236
1.695175529
1.695867426
1.696877125
1.69404887
1.692842049
1.692265021
1.696994421
1.691182779
1.696514967
1.690101483
1.689176302
1.694298881
1.69443353
1.695630061
1.690760636
1.690780697
1.690832766
1.690432897
1.690931674
1.690005541
1.690131676
1.691722954
1.700302775
1.69960525
1.688213886
1.688399741
1.689073515
1.687859878
1.689981231
1.687936106
1.688462446
1.690410951
1.691498416
1.691987831
1.693237205
1.694533269
1.699434376
1.699558479
1.699521628
1.699267384
1.699220382
1.698962374
1.698938472
1.699294902
1.699124662
1.698960024
1.698484708
1.697890257
1.69756123
1.696704519
1.69537454
1.693487727
1.695675448
1.696305821
1.696660231
1.696496302
1.694772489
1.69429866
1.693177749
1.695703443
1.692217013
1.694547654
1.691050978
1.690039368
1.691920044
1.693135794
1.689454612
1.689732997
1.689003443
1.689023292
1.689395876
1.689815155
1.690172863
1.690074839
1.689416
1.699427527
1.699121919
1.687733262
1.687762222
1.687893764
1.688334612
1.688227124
1.688626529
1.689104976
1.689403039
1.689751415
1.690829097
1.692104565
1.698842173
1.698620163
1.698420653
1.698001031
1.697955802
1.69766627
1.697660399
1.698195051
1.697086223
1.698200357
1.697901184
1.697055486
1.696129132
1.695688322
1.694308741
1.692479847
1.690990268
1.695776413
1.696045427
1.695984737
1.695982261
1.694742764
1.695470993
1.694909645
1.694182744
1.693306843
1.693101457
1.694014472
1.691787641
1.692188371
1.691170452
1.690383649
1.688770698
1.689241253
1.688218918
1.687979254
1.687786304
1.691145437
1.690290569
1.691682429
1.691648134
1.688155004
1.698077691
1.697753127
1.688361958
1.687964739
1.688660489
1.687834258
1.687919836
1.689988675
1.688194528
1.688303721
1.688920441
1.689853285
1.697362133
1.696945809
1.696823457
1.696181141
1.69636069
1.696175764
1.696240497
1.69601658
1.696370673
1.695927394
1.694821136
1.693697859
1.693164355
1.691357772
1.689962318
1.689052796
1.695312589
1.695346651
1.694614341
1.694333024
1.693544402
1.691988734
1.695374598
1.695229188
1.695137875
1.690490163
1.69421214
1.694818606
1.689117616
1.69340765
1.692272304
1.689900351
1.68887503
1.687985595
1.687545204
1.687209469
1.693734363
1.692275672
1.692140716
1.693771407
1.694261024
1.687342556
1.696529758
1.695678781
1.690160106
1.689296561
1.688623268
1.690613512
1.68845633
1.688119948
1.688136089
1.688434055
1.695280524
1.6947291
1.695034374
1.694212263
1.694775362
1.694811449
1.69498305
1.694995865
1.693958493
1.693489262
1.692302268
1.691193194
1.690630563
1.689198874
1.688522193
1.688250715
1.693862531
1.694481732
1.693656704
1.692158579
1.691747247
1.690668745
1.689329837
1.69492556
1.695016161
1.695304177
1.688193376
1.695084971
1.69536793
1.694359688
1.692954198
1.690963075
1.68949643
1.688892036
1.687821489
1.687189366
1.695806747
1.694617939
1.69400267
1.695495093
1.696336578
1.68715555
1.687145055
1.695214576
1.693299676
1.692521157
1.691607792
1.690490649
1.69010482
1.689280786
1.688644741
1.688311531
1.692799764
1.693489666
1.692668661
1.693581848
1.693884184
1.694255319
1.694452531
1.69185441
1.691185617
1.690144205
1.689319727
1.688934148
1.688386729
1.68843166
1.688798959
1.692508567
1.691579461
1.693372431
1.691253938
1.689623166
1.689258239
1.68838048
1.687595305
1.693655605
1.694434009
1.695166776
1.695604289
1.695619324
1.69514156
1.694582405
1.692134565
1.691385476
1.689908174
1.688686845
1.688363298
1.696093244
1.696336578
1.696336578
1.696089174
1.694533597
1.687648218
1.687281325
1.694496644
1.691395822
1.694167172
1.69288076
1.6923195
1.691304266
1.690271457
1.689425934
1.691477161
1.692602749
1.691912244
1.693083706
1.693625863
1.694132854
1.694486889
1.690256904
1.68964216
1.68899591
1.68872987
1.688560799
1.68897456
1.689645417
1.690470163
1.691072097
1.690079347
1.68922803
1.691386284
1.688925769
1.687890475
1.687680813
1.687340361
1.692596975
1.693626082
1.694743149
1.695458826
1.695774034
1.695695141
1.695540879
1.694222004
1.692677293
1.691276908
1.690824486
1.689638953
1.696336578
1.696336578
1.69609682
1.688590687
1.687871336
1.694510532
1.690475087
1.694742523
1.694325374
1.693469697
1.692444102
1.691426559
1.691162341
1.692608679
1.692089249
1.693380659
1.69405706
1.694561365
1.694943389
1.68981163
1.689379239
1.689515247
1.689504032
1.689867107
1.690816927
1.691759039
1.692720622
1.689080129
1.688815098
1.688031004
1.687677779
1.690114786
1.687582401
1.68751928
1.687550702
1.691264373
1.691554206
1.692898026
1.694018235
1.694923884
1.695440732
1.695538914
1.695612738
1.696085495
1.695069835
1.694090877
1.693643317
1.692464906
1.69110707
1.696336578
1.689872965
1.688932844
1.695060257
1.690771014
1.695448793
1.695052106
1.694369415
1.693612464
1.692045758
1.693254037
1.694272022
1.694935244
1.695280192
1.695502702
1.690645073
1.690472384
1.691377612
1.691507008
1.692230496
1.693181913
1.694020547
1.694774243
1.687619862
1.688153036
1.687488704
1.687458531
1.687619406
1.688964916
1.687948409
1.688750161
1.689317943
1.690424803
1.691750024
1.692974742
1.693927714
1.694252721
1.695180056
1.6953045
1.695992335
1.696336578
1.695878101
1.69517112
1.693997466
1.692875933
1.691429407
1.691135342
1.695618097
1.69582767
1.692143578
1.695489457
1.695461805
1.695124255
1.693575248
1.6947447
1.695518598
1.695876668
1.695931684
1.692458302
1.692493904
1.693780063
1.69391051
1.69459154
1.695251845
1.6956595
1.695743843
1.695881613
1.687411839
1.68753556
1.687630388
1.687692738
1.688706421
1.689092726
1.68782951
1.689998847
1.688465538
1.689427576
1.690589082
1.691662675
1.692114624
1.693552211
1.693891235
1.694643357
1.696336578
1.696336578
1.695860282
1.695719565
1.694172976
1.69383263
1.692690065
1.695571766
1.695690886
1.696140474
1.694088884
1.695246417
1.695628713
1.695347769
1.696152914
1.696465283
1.696406328
1.694656713
1.69480612
1.695860854
1.695920658
1.696259013
1.696402562
1.696236758
1.695455342
1.695760184
1.687715117
1.688175017
1.688934604
1.687685718
1.689315138
1.691117926
1.69158947
1.687689024
1.687984548
1.688592488
1.689437034
1.689730327
1.690858788
1.691700283
1.692881367
1.691787426
1.69385309
1.696336578
1.696336578
1.695763455
1.695933187
1.695054697
1.694274695
1.69463763
1.6947985
1.695618131
1.696232536
1.695958332
1.694762487
1.696690696
1.696892736
1.696674619
1.696513474
1.696564078
1.696973276
1.696874601
1.696684822
1.696176363
1.695351866
1.693948461
1.694381894
1.689051372
1.689267617
1.69031163
1.691428874
1.688327026
1.691885855
1.69384257
1.688007923
1.687848111
1.688071537
1.688225421
1.688780224
1.689477357
1.689691273
1.690574551
1.691724715
1.692891665
1.696336578
1.696034606
1.695981181
1.693286619
1.692919274
1.694272216
1.695080722
1.695877115
1.697050036
1.697065337
1.696589978
1.692506135
1.697180266
1.697210541
1.697122002
1.696664646
1.696428116
1.695669431
1.694608132
1.693390358
1.691739842
1.692242397
1.690366718
1.691500047
1.691832704
1.6932121
1.69425046
1.689431026
1.694448149
1.689019045
1.688205006
1.688087765
1.687983152
1.688160785
1.688263137
1.688756589
1.689571326
1.690638164
1.696336578
1.696336578
1.696172528
1.691623398
1.691031271
1.693267934
1.694154816
1.695178467
1.69693372
1.696189263
1.690832319
1.69130471
1.696587366
1.696506805
1.695906431
1.694981788
1.694646978
1.693371426
1.692184413
1.69111344
1.689602651
1.689958963
1.693118412
1.691912104
1.694160018
1.694537181
1.695777715
1.691428389
1.689754331
1.689386894
1.688658252
1.688195837
1.688120265
1.688017208
1.688232916
1.688799097
1.696336578
1.696336578
1.690287192
1.690113332
1.68978558
1.692002377
1.693008899
1.694246403
1.695513624
1.689758166
1.689700251
1.690068342
1.69472301
1.69455756
1.693600152
1.692521127
1.692037328
1.690483795
1.689933196
1.689095714
1.68847981
1.688304771
1.694504839
1.695560939
1.694099766
1.696054073
1.696054789
1.69219286
1.691725033
1.690627844
1.689642262
1.689354833
1.688704832
1.688225952
1.688081674
1.696336578
1.689758811
1.690215321
1.689982273
1.690710887
1.691765121
1.693176803
1.689147679
1.688923081
1.689607167
1.689069489
1.692183693
1.692000113
1.691011083
1.690086645
1.689756956
1.688703887
1.688514278
1.688284877
1.688346052
1.688386592
1.696091886
1.696132896
1.696336578
1.694689245
1.694313787
1.693269164
1.692055195
1.691724047
1.690553775
1.68972145
1.68893865
1.69058703
1.691724335
1.691717138
1.689468432
1.6906321
1.689786466
1.689000741
1.688466123
1.688382318
1.694314128
1.689797315
1.689598327
1.68892554
1.688476871
1.688405832
1.688367937
1.688492226
1.688937422
1.689639433
1.689995317
1.696336578
1.696336578
1.696145858
1.696148115
1.695646372
1.694590685
1.694328057
1.693232698
1.692064712
1.691467302
1.691628608
1.692684394
1.693916129
1.688761925
1.688132273
1.690344733
1.689234266
1.688360542
1.695611572
1.696336578
1.688190362
1.68814718
1.68804372
1.688252838
1.688484104
1.689495601
1.689881004
1.690842187
1.69195487
1.692365651
1.696336578
1.696336578
1.696158899
1.696140696
1.695655392
1.69460717
1.694168722
1.692602466
1.694272832
1.694650545
1.695757404
1.68790661
1.688256797
1.691140745
1.689709088
1.696336578
1.69595314
1.688029281
1.688164401
1.688804851
1.689579751
1.69005744
1.691704298
1.692220277
1.693428998
1.694563072
1.694673541
1.696336578
1.696336578
1.696182433
1.69614655
1.694818815
1.69347098
1.696131609
1.696336578
1.688645242
1.689766842
1.691932713
1.689364211
1.689780226
1.691323511
1.691976758
1.69307132
1.694361572
1.694673804
1.695706589
1.69618232
1.696200237
1.696336578
1.696336578
1.696228102
1.695796027
1.694474945
1.696336578
1.690625959
1.692172432
1.691732653
1.692175813
1.694041025
1.69454395
1.695631669
1.696153184
1.696175446
1.696336578
1.696336578
1.696336578
1.696219722
1.694660103
1.693191576
1.694410346
1.694539148
1.696077534
1.696143397
1.696336578
1.696336578
1.696336578
1.696204736
1.695347953
1.696184256
1.696114433
1.696336578
1.696336578
1.696336578
1.696336578
