1.884690837
1.878915041
1.908936664
1.894327596
1.87111128
1.868350803
1.911509047
1.898800695
1.87894507
1.914958677
1.872010827
1.924358833
1.872864161
1.868897309
1.891911811
1.912987774
1.86795937
1.914147671
1.908833242
1.891830418
1.878503305
1.916927757
1.916048521
1.925020351
1.93277401
1.918058509
1.875556377
1.874346588
1.869725679
1.872399475
1.885853502
1.910516208
1.876912584
1.920791261
1.917874233
1.906128219
1.914004513
1.892194612
1.917394375
1.917504134
1.919982035
1.923561461
1.928031873
1.848978486
1.857278923
1.873042436
1.880154587
1.851595365
1.887486646
1.888907653
1.9021529
1.919591916
1.922924172
1.924097377
1.919450357
1.932167945
1.921760654
1.925435868
1.930636571
1.934410605
1.93943595
1.948023375
1.943341717
1.819891939
1.822985428
1.855201384
1.862285228
1.880417399
1.896329033
1.832527559
1.913385674
1.933074552
1.924479853
1.92677781
1.931012969
1.93590441
1.943789842
1.931785858
1.935765941
1.935923432
1.936892334
1.941986055
1.950759389
1.945354527
1.954869306
1.958921109
1.801679202
1.795957585
1.813761654
1.843335595
1.873117547
1.899304704
1.92270164
1.817493062
1.947824877
1.934215409
1.930069952
1.935243422
1.93741285
1.943194215
1.946364578
1.954306879
1.940962743
1.941570371
1.944047275
1.948836678
1.953185883
1.958652379
1.959546021
1.958026886
1.961894099
1.963714963
1.968804978
1.790327159
1.781591871
1.786347312
1.855351731
1.830103335
1.887471896
1.914826723
1.950900067
1.808962372
1.939073433
1.945082702
1.940967498
1.94429074
1.948258501
1.954548995
1.959671057
1.955030257
1.95048913
1.95459335
1.96245667
1.965392152
1.972614259
1.969323355
1.966932826
1.967368725
1.968141074
1.970413618
1.96894705
1.964962702
1.914960489
1.95355787
1.946656092
1.785689003
1.77578686
1.774209788
1.836845366
1.868313582
1.812403609
1.900558187
1.939382503
1.79554745
1.950129893
1.950868159
1.956981321
1.953360289
1.959435063
1.958954608
1.964579687
1.966795838
1.958454366
1.947127717
1.962577938
1.969503844
1.977891973
1.979456109
1.978782669
1.978797107
1.973648029
1.972586978
1.970181772
1.959395216
1.951307718
1.898338437
1.917828178
1.932716796
1.946802937
1.941423993
1.894509142
1.780318219
1.777833982
1.773126372
1.858313027
1.826160608
1.883348445
1.801952984
1.918416034
1.787722762
1.963861965
1.962730827
1.961537647
1.967562321
1.966026233
1.9670981
1.969423125
1.968034641
1.960986427
1.9384589
1.920022186
1.97351723
1.97795571
1.979858715
1.980669215
1.978028609
1.97556762
1.971208881
1.966787759
1.958429585
1.949378948
1.943251178
1.891808409
1.903503024
1.937655581
1.925535115
1.940519395
1.896551898
1.905053237
1.911404922
1.779961482
1.779963342
1.783109324
1.861883751
1.840304149
1.81273209
1.892418853
1.791831944
1.782657655
1.974285745
1.971948787
1.97222503
1.967927101
1.975262024
1.975099456
1.977659213
1.94899812
1.929453188
1.901728774
1.885578267
1.976537144
1.973917916
1.973682137
1.967024144
1.963715036
1.960390946
1.955082812
1.953913579
1.946618248
1.94073742
1.938066461
1.894718696
1.889647762
1.912082178
1.935692526
1.927965344
1.898164036
1.908078324
1.909024667
1.910811294
1.780804805
1.784068185
1.912613679
1.784144128
1.867192132
1.848026188
1.826014668
1.802217448
1.787555611
1.781142758
1.981783582
1.982266095
1.981035693
1.975371979
1.949168441
1.980646425
1.977977646
1.972557009
1.914677169
1.895101663
1.869952479
1.858440103
1.966441316
1.966043296
1.959454988
1.954689653
1.951330448
1.947079577
1.944081801
1.937944661
1.93577336
1.932932252
1.887846326
1.900322351
1.887025757
1.917276324
1.925451003
1.89917711
1.905419479
1.92017161
1.780448364
1.789897619
1.787768997
1.919172327
1.78994527
1.849270989
1.832753526
1.81421894
1.794499427
1.783520023
1.779577105
1.984114545
1.985437162
1.976100452
1.981278573
1.959388669
1.913051455
1.976181212
1.970258666
1.96148985
1.870750459
1.845317234
1.836475873
1.958219909
1.954076002
1.94974046
1.94673821
1.942663037
1.940235459
1.935453285
1.934758561
1.932678939
1.89208613
1.880343783
1.906619033
1.884774046
1.918965841
1.923090733
1.894226966
1.912051569
1.933929183
1.935263974
1.778373418
1.788604037
1.93446732
1.937670555
1.928645207
1.786854965
1.829294377
1.814975958
1.80146764
1.788406248
1.783530378
1.778614021
1.975116002
1.98219715
1.979242141
1.954921165
1.975884318
1.926593786
1.87925432
1.970120005
1.96197352
1.956372545
1.844683142
1.821466167
1.815632516
1.954347993
1.948439783
1.946116326
1.941186825
1.935091365
1.932585655
1.929084432
1.909762928
1.887783926
1.874439167
1.87956682
1.918688461
1.920685714
1.90919543
1.928443616
1.940418103
1.778095029
1.783242598
1.937478726
1.930707692
1.91981415
1.919602545
1.926103736
1.919792767
1.77691158
1.811338631
1.800810755
1.794071214
1.787204311
1.782583526
1.777507301
1.97900062
1.94906629
1.981574439
1.975924355
1.917933135
1.969862657
1.891136242
1.84447773
1.968244894
1.963440456
1.964576014
1.821393238
1.804699866
1.800575957
1.960449453
1.961224283
1.953943924
1.942634026
1.938378849
1.930207849
1.917127447
1.897623908
1.873713699
1.868525625
1.88716096
1.920085298
1.925814457
1.912574203
1.930383124
1.927896459
1.774850348
1.775206493
1.921915877
1.916495431
1.920256134
1.930330518
1.928854811
1.91587892
1.767695609
1.797458753
1.792941472
1.785786147
1.783042213
1.779652923
1.983021258
1.965719162
1.914320023
1.978782873
1.973025116
1.875726194
1.974960237
1.85089657
1.818330094
1.973378352
1.976661831
1.97669123
1.803738273
1.796456198
1.79241266
1.982486202
1.972438594
1.960009001
1.949927093
1.943918364
1.900189599
1.919921178
1.878419119
1.861546384
1.866651531
1.887200505
1.921829979
1.943313197
1.908058773
1.913948931
1.908855748
1.776294609
1.774442941
1.902105869
1.918034809
1.940103829
1.935020975
1.896752781
1.761640655
1.792300664
1.792128492
1.789601452
1.787501212
1.783830164
1.972196411
1.97737801
1.931899591
1.880850874
1.975387976
1.977952532
1.843114051
1.979798032
1.821503843
1.797244831
1.981697684
1.983294216
1.994971677
1.787651045
1.785207405
1.787684571
1.992732245
1.985003594
1.968671137
1.969929799
1.880683668
1.914570942
1.859859478
1.853751108
1.864871335
1.891032955
1.944732231
1.965830335
1.9021443
1.897243824
1.908511013
1.771041454
1.780869664
1.898092056
1.935212562
1.948542427
1.881530838
1.896258682
1.763892184
1.77905708
1.758953262
1.789561902
1.791066246
1.791248245
1.786788548
1.788562441
1.946053548
1.963811697
1.970770146
1.899728231
1.85155937
1.971237536
1.970880666
1.823038826
1.813125423
1.969881987
1.79558574
1.977593908
1.98864308
1.998426146
1.774192755
1.772831542
1.778358017
2.001444645
1.989230506
1.98737456
1.86078294
1.933597549
1.844832648
1.84880507
1.871811383
1.894436167
1.966775558
1.986900979
1.891151608
1.890294048
1.917325508
1.772969716
1.900929487
1.938277974
1.873410439
1.908039096
1.76104557
1.776790606
1.767785893
1.839945942
1.754812597
1.784805176
1.787196827
1.786447747
1.785678216
1.77741894
1.906374631
1.940536398
1.960871277
1.965108118
1.86315413
1.826908155
1.961687903
1.958244709
1.80111318
1.79110027
1.962691029
1.969319192
1.991834225
1.977306949
1.998145633
1.764859562
1.76552838
1.775677574
1.994998858
1.992757099
1.854598356
1.841866968
1.957176093
1.859600628
1.887166359
1.893305074
1.982657521
1.993813676
1.885887528
1.894864258
1.917293487
1.763789924
1.902248565
1.880930492
1.929443161
1.756363601
1.767333358
1.776915459
1.761660756
1.838769837
1.852941985
1.748140955
1.781742023
1.782416132
1.778997339
1.774859632
1.765531293
1.907627452
1.873328955
1.939620318
1.957069467
1.956382913
1.834946996
1.804418289
1.953784136
1.954249561
1.786291852
1.958710158
1.967348649
1.986611895
1.979323331
1.992048299
1.758909362
1.770077804
1.759395584
1.99913903
1.861480952
1.841764203
1.964456712
1.880195364
1.885113931
1.88131382
1.982916438
1.99907193
1.898845798
1.905658157
1.752647969
1.757332226
1.895361354
1.932408921
1.764269339
1.771230036
1.780037485
1.75911863
1.836349329
1.846514364
1.867521142
1.744064014
1.738837389
1.779626608
1.777331586
1.768741612
1.761007434
1.753960556
1.917612382
1.880296028
1.847517761
1.935637536
1.952851718
1.951991945
1.816186812
1.793050301
1.948241288
1.94998167
1.954491767
1.963264954
1.970962024
1.988310454
1.755779453
1.764231426
1.754262897
1.997757725
1.868211896
1.846265763
1.958239804
1.876895462
1.871844155
1.887158139
1.98002516
1.993820078
1.902768223
1.745502359
1.903095386
1.929170041
1.767104876
1.773334666
1.781932668
1.793177772
1.760573873
1.836228624
1.834458611
1.849863922
1.864047564
1.732883601
1.728525719
1.773852954
1.763221783
1.754855153
1.747401807
1.744009566
1.901412553
1.920857923
1.865888656
1.832805269
1.925768222
1.933317075
1.934562941
1.941006161
1.804655855
1.941436414
1.941426681
1.948022188
1.955314371
1.981140443
1.755676948
1.75513749
1.75232276
1.98256079
1.849326889
1.880920105
1.954222112
1.860757596
1.866389962
1.882377121
1.976306879
1.981308562
1.736866618
1.917089868
1.934480097
1.783914313
1.773559527
1.790370279
1.794410495
1.799839248
1.7650064
1.829561988
1.838036118
1.839356701
1.850820712
1.855291614
1.776745545
1.845315765
1.728315588
1.723761679
1.720586596
1.757147961
1.749167844
1.739950212
1.737465982
1.736173596
1.91505812
1.887474054
1.923431676
1.851068699
1.822091835
1.923421266
1.923512837
1.926662802
1.934507109
1.935917019
1.936246005
1.940417956
1.960820836
1.758010749
1.748593273
1.754640426
1.966537314
1.858501828
1.888313644
1.957536091
1.849437449
1.8591284
1.969898128
1.972818204
1.918871293
1.937463775
1.793578968
1.786707867
1.797286261
1.799189089
1.804785051
1.817528716
1.766601958
1.829609127
1.82848258
1.837525527
1.846519379
1.842330309
1.774697599
1.765938518
1.835059
1.840787472
1.721078105
1.726638815
1.717205838
1.714883067
1.743876582
1.737250934
1.731950774
1.731278296
1.730937905
1.906405757
1.920461737
1.870966996
1.924091882
1.836809045
1.92513724
1.922656454
1.923757392
1.925348737
1.931818816
1.931283596
1.943152881
1.759106713
1.747052059
1.755643897
1.951308523
1.868088181
1.893548996
1.954007101
1.844298641
1.970476162
1.963950622
1.907703783
1.931327237
1.79178044
1.779292654
1.797923482
1.79871567
1.810029159
1.827055046
1.760496082
1.827173007
1.837178536
1.827907401
1.831082059
1.85346385
1.761759831
1.759222074
1.751307374
1.836718142
1.830807233
1.839935455
1.719435963
1.716429143
1.722830734
1.712756597
1.711052922
1.738206395
1.732485591
1.726531971
1.724260728
1.890486789
1.91914673
1.93135902
1.855704501
1.935882087
1.930884331
1.924152897
1.920578341
1.920743884
1.927573341
1.931555826
1.924366677
1.755053566
1.743328552
1.747303825
1.940567805
1.86594308
1.87429416
1.879365988
1.958072861
1.841045198
1.963185695
1.942051989
1.898274974
1.928777425
1.771060319
1.779929645
1.785784001
1.803518918
1.823710943
1.848826687
1.748830694
1.832635871
1.823194484
1.844957368
1.824051888
1.749522331
1.756969587
1.746335004
1.739612668
1.838464066
1.830257686
1.715020018
1.715702988
1.713093436
1.717812434
1.709542037
1.707990302
1.735788409
1.727573882
1.720855365
1.915022859
1.880759762
1.939975459
1.943742549
1.93551624
1.928261927
1.919679353
1.917918024
1.918144378
1.921829928
1.74490444
1.738929625
1.736520334
1.923288201
1.852584041
1.863591783
1.858591399
1.867279716
1.935573735
1.846353685
1.938797061
1.923155735
1.887679818
1.907101862
1.766388808
1.775593692
1.793693912
1.814681649
1.837436281
1.867945414
1.740071632
1.840860148
1.825776655
1.825294119
1.743809338
1.751480804
1.761310992
1.738894179
1.731454607
1.844480546
1.837506294
1.830835604
1.712498961
1.709623307
1.710452455
1.710623126
1.715336435
1.705205032
1.706738909
1.729134892
1.721723332
1.902892085
1.940768278
1.957348379
1.950542629
1.939988699
1.927474721
1.919869377
1.915165447
1.914361908
1.73335759
1.72898891
1.726728918
1.910638465
1.843579625
1.851759676
1.841624672
1.840332489
1.854451653
1.891003096
1.910138508
1.853495125
1.914863942
1.904150889
1.8717558
1.773274009
1.793590864
1.823259802
1.858100364
1.90170717
1.729239144
1.831948488
1.826679303
1.751227841
1.741771596
1.762443682
1.773473004
1.732479456
1.724889496
1.84944928
1.839140338
1.831749005
1.708893348
1.709813047
1.707307363
1.706179134
1.70590208
1.715779273
1.703596227
1.700630654
1.702948166
1.706454243
1.710469757
1.704480109
1.703077499
1.704111164
1.72041976
1.940695671
1.95778336
1.958339542
1.948749277
1.937192313
1.92730932
1.919727685
1.910213576
1.724573552
1.720847486
1.71941723
1.898779505
1.830621139
1.832441906
1.821071776
1.825185347
1.84221641
1.869603518
1.858399806
1.887017159
1.852665587
1.886133916
1.882535229
1.790967747
1.818211798
1.856391924
1.899837024
1.935378954
1.721846886
1.8329114
1.748863904
1.76059532
1.734111466
1.775053508
1.786527804
1.726650651
1.723031223
1.845749976
1.838312223
1.83470616
1.706094876
1.706324204
1.704281353
1.713674676
1.702434455
1.701457499
1.699675615
1.699661619
1.698565061
1.701847177
1.703369701
1.70935444
1.705664809
1.702476436
1.702612982
1.701178285
1.700875202
1.71417717
1.951484132
1.951456227
1.939823869
1.931548178
1.925190574
1.92010421
1.912669997
1.719853817
1.716656598
1.717041563
1.903678896
1.883796173
1.824694828
1.836188028
1.814306549
1.807574608
1.815227578
1.8382744
1.840458758
1.852021921
1.864082923
1.844325678
1.857198563
1.855750488
1.809631984
1.847189874
1.884478442
1.914437157
1.932964843
1.720386096
1.739015253
1.754431647
1.769431081
1.729378994
1.78463878
1.808570502
1.72406543
1.72296229
1.841412402
1.837924096
1.839300615
1.703282642
1.700355171
1.697621571
1.698436104
1.698412614
1.69681778
1.83942212
1.825112597
1.708872129
1.786199209
1.701411211
1.713713211
1.704054437
1.707532001
1.699998687
1.700950281
1.69916835
1.69864922
1.71667565
1.941673789
1.931752634
1.917280188
1.910331122
1.904006514
1.909028938
1.717346009
1.716530805
1.890225544
1.865913044
1.825494696
1.8370533
1.805130285
1.797719402
1.804971709
1.821423189
1.831267013
1.841602884
1.839505346
1.836130938
1.837915748
1.837710367
1.867509891
1.902404871
1.921999524
1.920684111
1.719713409
1.733201623
1.746721866
1.766959192
1.72681956
1.808311698
1.836567921
1.72246838
1.719861918
1.840163038
1.841341003
1.700290181
1.695533658
1.696388393
1.696591908
1.697243608
1.698647107
1.69685322
1.837336504
1.805565855
1.806137854
1.713753052
1.7123769
1.809911447
1.787543336
1.717622404
1.69512668
1.697752961
1.703283458
1.715491541
1.707520389
1.712774822
1.697800881
1.698831781
1.69699389
1.696032458
1.919841868
1.911586658
1.898048811
1.885385521
1.885750403
1.715546642
1.714662012
1.862646908
1.840274506
1.817185414
1.833104379
1.795731763
1.779975254
1.791822808
1.791605527
1.809509995
1.818632222
1.835222934
1.811633641
1.812486743
1.869886032
1.897361053
1.911849486
1.914049627
1.902109966
1.731174008
1.741744511
1.759686395
1.725971032
1.832544189
1.85687205
1.722168857
1.719426121
1.841010649
1.838252864
1.701883519
1.694291709
1.694491602
1.69487691
1.695443844
1.699851634
1.831963772
1.783842364
1.784351724
1.71419747
1.831973452
1.808373215
1.781763054
1.716978698
1.693442729
1.695744662
1.701936082
1.699518808
1.693813853
1.713493935
1.764195859
1.738356452
1.706715935
1.713785927
1.712250119
1.713148405
1.695675516
1.694387877
1.693060895
1.693371321
1.897132846
1.890412158
1.872236293
1.861482336
1.71520876
1.838087462
1.817619315
1.799466488
1.822401038
1.779264626
1.766538426
1.773448656
1.770794929
1.786119754
1.792194333
1.825216143
1.784950386
1.787197471
1.878373057
1.890673657
1.891405926
1.897440634
1.892289311
1.881234549
1.73126652
1.753342093
1.726726629
1.85745057
1.72331507
1.720190041
1.834264215
1.825492199
1.704514406
1.692382196
1.692221814
1.692621981
1.82497362
1.762211738
1.849142584
1.82084032
1.797853264
1.773508992
1.717715309
1.693852809
1.692179644
1.697172289
1.707190639
1.704837294
1.702148959
1.691310364
1.7138357
1.753067822
1.746228034
1.737497562
1.744531732
1.691465573
1.727732567
1.695216229
1.711206083
1.715285052
1.712804458
1.713780692
1.690592075
1.693250683
1.690446314
1.691056053
1.690929408
1.87277183
1.856053386
1.846081523
1.717684711
1.820379545
1.797413264
1.803791113
1.786692197
1.766929674
1.753716369
1.760123203
1.760320811
1.767549758
1.812884155
1.761764547
1.769731332
1.87796369
1.869087192
1.874448177
1.87708236
1.880519425
1.876693651
1.857895901
1.733975835
1.753745089
1.723666358
1.720542752
1.818033569
1.805495007
1.691904355
1.691682352
1.691443507
1.691174993
1.811931747
1.74215874
1.854991777
1.830913438
1.806512617
1.786514852
1.768254779
1.693459746
1.692872952
1.699572669
1.710346049
1.707747644
1.705090637
1.715523928
1.738302827
1.749180972
1.732318582
1.742122792
1.727266532
1.730899265
1.696205149
1.695037393
1.698065251
1.692176824
1.710968274
1.712253826
1.71780598
1.713625195
1.715459234
1.690650655
1.691060803
1.690631936
1.691623241
1.691450384
1.837909624
1.829535148
1.720249227
1.806021404
1.786981319
1.773827195
1.79025532
1.772571836
1.753702614
1.742620421
1.740251254
1.748320466
1.791927793
1.744722272
1.753058992
1.859842751
1.864803066
1.859337342
1.865574806
1.870177137
1.850374049
1.736522042
1.75265721
1.723525332
1.801899973
1.791527217
1.692808176
1.692365174
1.79196823
1.729262873
1.852869613
1.834004958
1.814420913
1.797009614
1.778319322
1.764621058
1.694399381
1.694038024
1.702509155
1.70957527
1.707294587
1.717562375
1.728443554
1.733534247
1.737603247
1.724591831
1.743277473
1.727139166
1.731529277
1.697269613
1.696477393
1.699670865
1.70068367
1.711665965
1.706933792
1.716785615
1.71335616
1.719790613
1.715037188
1.691276578
1.691897508
1.690883921
1.692279943
1.81462971
1.824766277
1.722259217
1.793558927
1.777135753
1.760456315
1.77473789
1.756442922
1.743522975
1.73665435
1.732558182
1.727416683
1.767720034
1.733125821
1.726853226
1.741513191
1.845340778
1.847098665
1.846401543
1.853454902
1.846398635
1.73581918
1.742237421
1.751192677
1.760108976
1.725594711
1.781144514
1.774068324
1.693741445
1.693391212
1.769843024
1.722123557
1.834281073
1.818542728
1.804556458
1.785549979
1.769988936
1.695866206
1.695412533
1.704292212
1.703299957
1.709986512
1.70847368
1.718591572
1.730764078
1.727287254
1.732747762
1.723306506
1.730203418
1.698964858
1.698244367
1.701684354
1.702584654
1.711355561
1.712773901
1.706968489
1.715708263
1.716936378
1.716763106
1.71086174
1.691924513
1.71867626
1.740446592
1.714332969
1.721052863
1.691685189
1.693051587
1.692760003
1.691185993
1.803729399
1.823232122
1.724380088
1.781758521
1.768219353
1.750525944
1.757660086
1.747056815
1.738778095
1.737204846
1.721243528
1.749108893
1.747181015
1.727007134
1.721618627
1.733555578
1.828550937
1.82914502
1.83013425
1.830188651
1.835357069
1.733785588
1.74034365
1.749262339
1.755351564
1.761382118
1.728266334
1.757467524
1.757543223
1.694920956
1.694517848
1.720705498
1.820783415
1.815307393
1.806683305
1.789660262
1.771224543
1.697708909
1.696826814
1.706263522
1.705398445
1.709993395
1.709532875
1.742472629
1.731933118
1.726004367
1.701047313
1.700162032
1.703803672
1.704645019
1.712507185
1.713329632
1.709084208
1.714529115
1.71534394
1.718774004
1.716026792
1.712208158
1.692483356
1.721768829
1.744589476
1.755435087
1.691584181
1.735542652
1.815195869
1.707144003
1.723315704
1.755720075
1.713701856
1.818466454
1.718476626
1.741985572
1.713785188
1.724870092
1.692384365
1.694034563
1.693511488
1.793166999
1.814508649
1.72875312
1.77069488
1.758321272
1.748346916
1.742255073
1.738799081
1.748051705
1.719391067
1.744122274
1.735352403
1.723174524
1.719943042
1.728381201
1.818927084
1.811992939
1.804999783
1.732602166
1.73798195
1.744354334
1.750558656
1.757117345
1.748377049
1.696598188
1.695731255
1.723841715
1.807336047
1.80083198
1.789964885
1.773285779
1.699427087
1.708445594
1.711824671
1.711554237
1.73258063
1.703001362
1.70651344
1.71354469
1.711100426
1.713527413
1.714142312
1.721902774
1.715214046
1.713519676
1.724871509
1.748251364
1.737696641
1.7588859
1.692039098
1.728194904
1.70888606
1.719701723
1.721297029
1.719951172
1.756104673
1.713986453
1.714203398
1.804541417
1.804539013
1.717252544
1.720520435
1.735657054
1.747450966
1.723831295
1.69339627
1.712371051
1.795364704
1.808015062
1.713416341
1.712349048
1.728659983
1.693489179
1.695139243
1.694624617
1.786871246
1.733792267
1.756070006
1.773935927
1.764263152
1.742614057
1.739830818
1.742403706
1.723802946
1.719438185
1.739332672
1.734637486
1.727455066
1.718747021
1.730240055
1.723647505
1.801530243
1.800404485
1.796619947
1.794258526
1.737464809
1.743331872
1.739493828
1.748066271
1.759319433
1.699142041
1.698296986
1.697463154
1.730643421
1.794517715
1.785757759
1.773455501
1.702547174
1.710734784
1.713377594
1.713154712
1.706263602
1.709683284
1.714373839
1.712658382
1.712576399
1.724680888
1.713571603
1.714492987
1.751509111
1.741866608
1.74480482
1.756446375
1.692606282
1.718342006
1.718897725
1.718098986
1.717700689
1.754786804
1.713962203
1.71435864
1.792334053
1.789052248
1.717389151
1.714249453
1.714349242
1.720240484
1.738888544
1.746215467
1.722545215
1.72082245
1.710358331
1.78466099
1.788588055
1.795347999
1.756820187
1.781495075
1.713040188
1.780379159
1.712942103
1.712110824
1.709669848
1.728456404
1.694468887
1.695571365
1.696730095
1.775540723
1.731300615
1.746344377
1.764604181
1.736514153
1.738028935
1.732887801
1.72561407
1.720042723
1.732968445
1.727811326
1.72653593
1.735899566
1.720393745
1.790523742
1.790270623
1.784060387
1.78367496
1.732984566
1.740554056
1.735943856
1.748647129
1.758660963
1.701953305
1.701095703
1.700043733
1.768145754
1.705784528
1.712371596
1.714515839
1.71420505
1.70966398
1.714710609
1.710225172
1.722248355
1.710855805
1.714998881
1.747239284
1.751560227
1.74116055
1.741669429
1.75321487
1.693298598
1.720097271
1.716714946
1.716596806
1.716670354
1.718765783
1.751789651
1.713482579
1.714000214
1.780539305
1.778554479
1.715176328
1.709760714
1.710812911
1.722392687
1.718762707
1.718442036
1.707297814
1.776268494
1.774152832
1.78641413
1.753103554
1.775413866
1.709151103
1.777344576
1.765220108
1.712775376
1.75812763
1.699254679
1.77069005
1.715548908
1.702512766
1.711199189
1.711934281
1.710190213
1.706816938
1.707797186
1.724758154
1.696869696
1.695537768
1.698325225
1.765056094
1.726580916
1.745023005
1.738041272
1.728292841
1.732903945
1.735917612
1.732837472
1.726285467
1.731525319
1.721650656
1.726121051
1.717608427
1.778223147
1.780832731
1.774658299
1.771132346
1.729450709
1.733612675
1.740479024
1.747896033
1.753597635
1.704920514
1.704010335
1.703413509
1.709024059
1.712359839
1.714407958
1.715115456
1.714507315
1.706919345
1.720656425
1.717009196
1.707185505
1.71508718
1.747262422
1.749993072
1.7506865
1.743125195
1.743771314
1.735141782
1.749610218
1.694160333
1.723664645
1.714808581
1.714677948
1.718696419
1.720750152
1.74883684
1.712486746
1.713031824
1.7674164
1.708830357
1.705516707
1.722626425
1.718018221
1.71594079
1.716155031
1.704037272
1.703858079
1.767214804
1.763884261
1.776210207
1.749412742
1.768561806
1.703844546
1.705840031
1.766557908
1.754916735
1.714697133
1.711279546
1.753435201
1.763967182
1.764407822
1.716468099
1.714348576
1.705489321
1.706742986
1.701406263
1.707661483
1.755045742
1.718923483
1.758462832
1.708542704
1.709614888
1.710485589
1.704789482
1.705608294
1.721162178
1.71827773
1.700096171
1.698144852
1.695244214
1.754153499
1.723874276
1.742245053
1.737294805
1.730834547
1.728871618
1.72295136
1.725680244
1.740137644
1.735418593
1.730220617
1.719609579
1.715891875
1.72500776
1.767285609
1.77162454
1.765855977
1.757522592
1.727698368
1.733659989
1.739353351
1.742904716
1.745819578
1.708222111
1.707317661
1.711974216
1.714427219
1.715384278
1.713942301
1.703169898
1.700713197
1.70224979
1.715093125
1.745764651
1.749482691
1.7507871
1.749891726
1.741823268
1.732651556
1.745675446
1.72498543
1.71236656
1.712793697
1.712432796
1.721346865
1.746497215
1.710803164
1.711618956
1.702981972
1.707861422
1.705601829
1.700289987
1.714422319
1.716050807
1.713445168
1.713764238
1.701565257
1.700947075
1.758177175
1.766195329
1.743740825
1.761448311
1.700896141
1.698707966
1.756808308
1.74846493
1.713964405
1.710386843
1.746277565
1.757010029
1.757282055
1.713687148
1.715937347
1.718814163
1.708664035
1.704234207
1.710054299
1.710527835
1.707323266
1.710914631
1.746706201
1.749359234
1.719819777
1.716300882
1.751302492
1.712163758
1.743306775
1.750370859
1.740559487
1.736111481
1.748966094
1.758172348
1.697404165
1.701840456
1.711124835
1.750907785
1.717508666
1.706453072
1.707908407
1.702409108
1.703246058
1.716758486
1.719753492
1.703127815
1.699449705
1.696745868
1.743590809
1.745110358
1.723479132
1.732746709
1.729405252
1.721802196
1.725480758
1.721724188
1.742323035
1.737755063
1.732138698
1.712646703
1.716984598
1.711418202
1.757070094
1.763872939
1.758489603
1.728099894
1.732215363
1.735357664
1.739206754
1.742602718
1.711969567
1.714693254
1.715601507
1.712884412
1.697529059
1.697731731
1.714998585
1.746922323
1.750864559
1.750803287
1.748561288
1.730616846
1.740483783
1.742416828
1.726650488
1.71335111
1.712651863
1.711723863
1.712897725
1.722286365
1.744691543
1.708033477
1.708988743
1.697553525
1.704411211
1.706291246
1.694737537
1.71169283
1.713327527
1.711109304
1.699442081
1.69824497
1.748688008
1.756618729
1.732295275
1.751217125
1.695453217
1.69432385
1.749508471
1.713406703
1.710002564
1.735121485
1.713337764
1.715394492
1.718010388
1.712570308
1.71301707
1.714122579
1.708508679
1.712265478
1.714665209
1.738718401
1.733159183
1.737939551
1.742643789
1.713998438
1.742268354
1.74394148
1.734362649
1.72446379
1.749778405
1.751673886
1.695124071
1.69756647
1.699990253
1.70894184
1.709705228
1.743139186
1.715300428
1.718943334
1.695655787
1.737013157
1.739278394
1.70929738
1.714912737
1.693472821
1.713032253
1.704102316
1.700179187
1.716719633
1.720079567
1.702312514
1.706002464
1.698763323
1.731364685
1.723545401
1.718399809
1.711655528
1.721805602
1.743400419
1.738290378
1.734497772
1.712796636
1.714260436
1.750164388
1.754232185
1.750227468
1.726199315
1.729276616
1.732914591
1.737172353
1.743640814
1.715327599
1.715925716
1.713851946
1.710507148
1.694666566
1.746951178
1.750770542
1.749566803
1.746752421
1.726241024
1.732973329
1.737663529
1.739391323
1.730622814
1.726602264
1.715136651
1.714787996
1.714662948
1.715798923
1.720349627
1.722934805
1.743110714
1.704583971
1.705282129
1.693730804
1.702052575
1.706691311
1.703167366
1.693293714
1.692648548
1.711019939
1.708242315
1.69735168
1.695486409
1.734310038
1.749359908
1.714075539
1.722058018
1.742966164
1.692837643
1.71036271
1.713564459
1.714964655
1.7166103
1.715948504
1.716071597
1.709650245
1.715924634
1.716511019
1.723358552
1.722306776
1.716770309
1.728951061
1.718912705
1.735250002
1.712007458
1.730640704
1.73243785
1.736043589
1.735600626
1.712985874
1.749016967
1.744708076
1.694012479
1.696721114
1.707921806
1.70703663
1.708564127
1.731734943
1.717166094
1.713470444
1.693426037
1.732172638
1.724809239
1.706097488
1.715877643
1.69188332
1.692386089
1.713312473
1.715881548
1.69972598
1.715270893
1.716687556
1.710594983
1.749562446
1.742348711
1.719826637
1.699921916
1.699791887
1.722554197
1.700343729
1.697755219
1.716284192
1.72027396
1.706055328
1.701488921
1.716069626
1.713323534
1.714447209
1.714154359
1.719039678
1.745206694
1.73999993
1.737964779
1.734763912
1.715802169
1.71690123
1.74438392
1.745805214
1.742524515
1.723689959
1.727686656
1.734334263
1.738977254
1.715849727
1.713965327
1.710883784
1.707016499
1.692351921
1.74758946
1.749540134
1.74736468
1.744301796
1.724468266
1.731938369
1.738695287
1.734831203
1.731425176
1.727891264
1.716645834
1.716409176
1.716945973
1.717592618
1.717716388
1.740530444
1.700339802
1.701336536
1.692112649
1.698450333
1.707508934
1.703693138
1.691406778
1.690978384
1.708692799
1.704861462
1.706051985
1.695459879
1.693876775
1.719734316
1.717708359
1.743080731
1.717104799
1.71664671
1.737900049
1.73220288
1.710934475
1.716581752
1.717626763
1.716075976
1.715977548
1.715381362
1.711325419
1.716759359
1.716547772
1.71518722
1.717829115
1.717833222
1.717789485
1.726280681
1.718566484
1.721116187
1.721058421
1.736850099
1.69261957
1.693572103
1.694427455
1.706045374
1.705380179
1.706057389
1.719297186
1.715601869
1.710508716
1.712953992
1.692175897
1.691736253
1.730347732
1.71723699
1.702358964
1.691024479
1.71535548
1.71700274
1.695528454
1.708191541
1.748722219
1.743289537
1.708898653
1.710119419
1.693885143
1.70101546
1.696458841
1.722490663
1.726223208
1.718237722
1.716664265
1.720140146
1.717449293
1.726687714
1.696100964
1.714807176
1.71839144
1.705321083
1.710519491
1.717900556
1.716512045
1.714677439
1.717142679
1.745499059
1.74103481
1.738140114
1.73502774
1.717581769
1.71804969
1.739029458
1.739614683
1.738877227
1.736270408
1.722542492
1.732225911
1.735255403
1.712637531
1.708916115
1.703575459
1.690382667
1.746554333
1.748120126
1.746419159
1.744165235
1.740974166
1.724700027
1.729308739
1.736418816
1.733645358
1.731276131
1.727868361
1.717884358
1.717745124
1.717998838
1.718297351
1.718343968
1.7372571
1.696510303
1.697420469
1.690597529
1.691532434
1.69357776
1.705349369
1.689934395
1.704871365
1.703608364
1.701694038
1.692706587
1.717879325
1.716902564
1.717449233
1.737214943
1.718232061
1.717973536
1.717638857
1.729315447
1.723863637
1.709424096
1.71821286
1.714015151
1.712376308
1.711139233
1.71560019
1.713967069
1.710599465
1.718150609
1.718021269
1.718162721
1.715714499
1.712550199
1.71418766
1.705929873
1.712354049
1.73084444
1.692308866
1.693060268
1.703002534
1.703986665
1.707028952
1.709652299
1.711668895
1.690781067
1.690891054
1.728929443
1.716198231
1.698355528
1.716540926
1.713788805
1.715997684
1.693240499
1.74727071
1.743222316
1.705298031
1.708313853
1.693258494
1.693672836
1.69530768
1.699947991
1.722485062
1.71845902
1.718466024
1.715365304
1.719291995
1.718209117
1.725439396
1.731024411
1.718293823
1.702568714
1.712180287
1.740187875
1.692574066
1.713255385
1.717162577
1.709596107
1.718287536
1.718058798
1.712091992
1.744584917
1.739670676
1.735024508
1.731901787
1.71831795
1.718440974
1.732772562
1.734687445
1.733466986
1.732764885
1.721177676
1.729941017
1.707553176
1.703360755
1.699125483
1.689151074
1.689681142
1.745578199
1.744325565
1.742310226
1.736859707
1.72245791
1.727925681
1.733289799
1.731991983
1.727344606
1.718437371
1.718428296
1.718441863
1.71845663
1.718458175
1.71849125
1.73316322
1.693056012
1.693783326
1.690651977
1.689570005
1.691484082
1.692672867
1.704198425
1.701222318
1.703020732
1.70094914
1.701564374
1.699078968
1.689791489
1.71709209
1.717611134
1.716393598
1.715198441
1.731302872
1.718273549
1.718362378
1.718287795
1.718502337
1.722014652
1.708254854
1.708689441
1.705803582
1.705042742
1.710004687
1.706205443
1.718122771
1.71783647
1.717804838
1.714664239
1.710363744
1.71229459
1.700112279
1.705184521
1.724524956
1.69215139
1.700035192
1.70516703
1.70822614
1.689393195
1.726514846
1.694356027
1.714882395
1.715574164
1.712608583
1.692702001
1.741962698
1.705169615
1.693197578
1.694155001
1.693726981
1.694479693
1.698234881
1.720982016
1.718076432
1.718212932
1.715565756
1.711394351
1.718488676
1.723129374
1.726052833
1.718470677
1.700799775
1.705145498
1.706755106
1.73491601
1.737085762
1.717433845
1.71743361
1.733779609
1.701425344
1.73859185
1.695095333
1.689771332
1.711720326
1.716250531
1.712103644
1.717996305
1.718413386
1.707785662
1.740426435
1.732913166
1.727273084
1.718419878
1.71830759
1.727184701
1.729240956
1.726924938
1.726513833
1.719351393
1.724685151
1.700815212
1.696846531
1.688479344
1.688885783
1.741547083
1.737648468
1.731262227
1.7217138
1.726518083
1.729311572
1.729535446
1.720808475
1.718396089
1.718423607
1.718360828
1.718096765
1.717777132
1.71820331
1.728316561
1.690028973
1.690344855
1.690994499
1.690117788
1.69169628
1.692214071
1.701970073
1.700257775
1.698834881
1.701880214
1.698810484
1.697398063
1.688050607
1.688015642
1.716578787
1.715450069
1.717158298
1.7124422
1.713183685
1.72492778
1.717740514
1.718137274
1.718355882
1.707708623
1.714582263
1.704283371
1.701643889
1.697645994
1.698161662
1.701180277
1.717550907
1.716901685
1.708993068
1.697782473
1.698305499
1.717734624
1.698207733
1.705042662
1.702966566
1.721618836
1.690788249
1.714302133
1.712341186
1.707303837
1.693066165
1.736890682
1.700279053
1.704295411
1.693947795
1.695065685
1.694713682
1.695254796
1.695395631
1.717160185
1.711382837
1.708994654
1.718207594
1.718261137
1.718870806
1.718146355
1.698282091
1.698376405
1.700163432
1.728274497
1.730021889
1.731484576
1.714762473
1.716220135
1.728071043
1.726066735
1.695523185
1.691480889
1.692302982
1.696035187
1.725924969
1.687573401
1.70720983
1.713494576
1.712282869
1.71715438
1.718233785
1.707522533
1.705743682
1.731199878
1.730911277
1.7340721
1.721976726
1.722859169
1.715900884
1.716296818
1.717972308
1.717519863
1.721162056
1.722956337
1.719815517
1.719391723
1.719070037
1.693688202
1.688160462
1.689734238
1.72746362
1.724245046
1.725803799
1.72002687
1.724568545
1.725599298
1.717729143
1.717785064
1.717633848
1.716962156
1.724086413
1.687561433
1.687550979
1.690818217
1.691598135
1.692641627
1.695725954
1.698711377
1.700249093
1.697457871
1.70171458
1.696983822
1.696307529
1.687079277
1.715048588
1.715888958
1.713416311
1.709025676
1.710753395
1.716043511
1.716659585
1.717351093
1.717884705
1.698780671
1.696324146
1.706826979
1.699531264
1.696294644
1.69431795
1.690636487
1.69233683
1.716364808
1.715371464
1.704947445
1.696203434
1.69672804
1.706172624
1.703958633
1.714855844
1.687774152
1.711376397
1.70700593
1.700759728
1.69423778
1.700484438
1.69767441
1.695792115
1.696229572
1.696645609
1.71555196
1.710102863
1.711286073
1.691502544
1.691378656
1.693392992
1.722589834
1.723310403
1.724188775
1.713566425
1.714461523
1.721642165
1.720184185
1.68997316
1.688029336
1.68895949
1.697130318
1.723087176
1.723178805
1.695043552
1.689389077
1.697628236
1.693696182
1.686330812
1.696420514
1.702556203
1.706398717
1.709570937
1.715742977
1.717501444
1.707612559
1.722347887
1.722526181
1.715424369
1.715212818
1.713414952
1.712387383
1.716989721
1.716502353
1.71615849
1.713428913
1.714889621
1.709292164
1.689260998
1.687982414
1.690978241
1.71932102
1.721555422
1.71952351
1.718910372
1.721975173
1.716634745
1.716701767
1.715194643
1.685808559
1.685589006
1.691958914
1.69365711
1.697330985
1.698887115
1.700179202
1.696394155
1.701468213
1.703917776
1.695540804
1.686659127
1.713138778
1.713780892
1.710835174
1.704540574
1.707540138
1.704169542
1.700380082
1.714983412
1.715943294
1.716841082
1.694680267
1.694647265
1.697297058
1.698112722
1.685476184
1.685360819
1.685124937
1.685770694
1.714541311
1.713385553
1.700494533
1.694401322
1.695549958
1.693870843
1.696429394
1.70370603
1.68553446
1.706274733
1.699498485
1.695697788
1.696825579
1.697371991
1.697968236
1.71329159
1.685487616
1.685527821
1.687207453
1.719817044
1.717742102
1.718597814
1.712688578
1.714794075
1.714421563
1.685677258
1.686352181
1.721052862
1.720122717
1.720852559
1.689936647
1.6975058
1.686958033
1.689159794
1.693042622
1.693960372
1.696358084
1.714768212
1.685968416
1.697955331
1.698193902
1.696201519
1.695846635
1.704050131
1.713516831
1.716113481
1.707532982
1.715470877
1.714801628
1.711072354
1.71132582
1.711165212
1.70964059
1.71540695
1.715018931
1.714321758
1.697793071
1.693622053
1.6840984
1.687708947
1.689351345
1.692935905
1.692209066
1.714578612
1.719094889
1.718270974
1.716544695
1.717231672
1.719236555
1.715127896
1.712846743
1.685019283
1.684370163
1.695208343
1.698997641
1.699234603
1.695289057
1.703820882
1.702007919
1.710719644
1.707234948
1.702473955
1.694218013
1.69373078
1.713711893
1.715128326
1.693520822
1.699031078
1.681781126
1.681526231
1.682290428
1.680771177
1.681415426
1.710895458
1.698113377
1.693117809
1.694348117
1.693217704
1.693273575
1.695623084
1.684058249
1.700026161
1.69746899
1.695479399
1.698862637
1.698862103
1.710698695
1.681453867
1.681601221
1.682494192
1.714543871
1.712323024
1.709737796
1.709883718
1.683354312
1.719257613
1.691272217
1.697905128
1.682581397
1.685932802
1.682914947
1.693208405
1.69284284
1.69687653
1.712798154
1.712624683
1.69698002
1.683020289
1.687685117
1.685879329
1.699793001
1.697239541
1.69872416
1.699267311
1.699982735
1.697863055
1.696397825
1.711301164
1.713777298
1.712121164
1.707733285
1.709920472
1.710732298
1.708813878
1.708439525
1.706799122
1.712293719
1.7121209
1.695222104
1.693234499
1.681463331
1.68982389
1.69455143
1.693767524
1.710884854
1.715964456
1.717136207
1.713983818
1.715875599
1.717477478
1.717689858
1.708741506
1.684524495
1.683585544
1.697279595
1.700120246
1.699988218
1.701204156
1.699346555
1.696261995
1.705241402
1.703840119
1.705084441
1.698162844
1.694155789
1.711434992
1.692836883
1.679691643
1.680555604
1.679444544
1.679655626
1.707875281
1.704511051
1.692605943
1.692996851
1.697443122
1.696408065
1.699521098
1.693853145
1.679962723
1.680281806
1.680408158
1.711499743
1.708028988
1.707311248
1.707732201
1.682199431
1.692698514
1.698169921
1.679937608
1.680323521
1.686771612
1.679117114
1.692371285
1.692101188
1.710383309
1.710151284
1.709811924
1.698550067
1.683201893
1.695348869
1.69496528
1.687992911
1.689912403
1.686034588
1.700744251
1.701088276
1.699560767
1.701139707
1.687551451
1.70773974
1.711012795
1.712944708
1.709712367
1.708478619
1.705684032
1.705348955
1.703565852
1.707735945
1.70895589
1.696540124
1.692757938
1.69356817
1.681482238
1.682509529
1.691646382
1.696613746
1.695993307
1.709413097
1.713565359
1.715201231
1.716921629
1.711669669
1.716564661
1.717318615
1.704783516
1.684401147
1.699373187
1.70103003
1.700285259
1.702769396
1.697392445
1.707035425
1.706049844
1.699036951
1.70775816
1.680583266
1.680784745
1.68079975
1.680683227
1.702178581
1.691908991
1.698012991
1.700953196
1.692584815
1.681417233
1.681750721
1.680751086
1.705982586
1.704475615
1.706573609
1.705021742
1.683565533
1.694579324
1.699201229
1.679726634
1.676451469
1.680096823
1.677649735
1.692459358
1.692288936
1.691895196
1.70662765
1.70702225
1.706288996
1.699476509
1.684966514
1.69364001
1.694222319
1.695568456
1.709009354
1.703595074
1.715172997
1.690973191
1.688738864
1.69294808
1.686946081
1.702041763
1.700815252
1.702231665
1.702269194
1.679032016
1.703079732
1.706608243
1.714389513
1.711009423
1.707604848
1.702402349
1.701792855
1.700328923
1.702327195
1.703982289
1.696723364
1.693159734
1.685179829
1.683837052
1.686272832
1.699216578
1.698883299
1.69765788
1.710123591
1.712613491
1.716835391
1.716976308
1.701679068
1.702193058
1.701693074
1.704476095
1.698678614
1.707613905
1.695798596
1.702587669
1.684089805
1.683692153
1.684728208
1.684513057
1.697270318
1.691594218
1.691541276
1.698743048
1.685883756
1.684109814
1.703154441
1.70112469
1.705219222
1.702877267
1.696272803
1.70080375
1.681906671
1.67469666
1.674865927
1.678329299
1.692567823
1.702841905
1.701202487
1.700405746
1.688554032
1.691818465
1.694785997
1.711927298
1.699851701
1.712488703
1.715317806
1.713283231
1.694272829
1.691160091
1.703403667
1.703176203
1.70190011
1.703615875
1.672231814
1.697767662
1.700560641
1.715142461
1.708939642
1.704706884
1.698377505
1.698590945
1.698427331
1.697878867
1.696163739
1.697714156
1.694057545
1.689924408
1.690281284
1.68845002
1.691216448
1.702058725
1.701039945
1.700023579
1.716159417
1.716566541
1.703294016
1.703606803
1.706642834
1.700157795
1.710227042
1.691792945
1.696948076
1.689719894
1.68867607
1.690649033
1.690085257
1.693341236
1.6920981
1.691132436
1.699851548
1.691332754
1.688753258
1.699940717
1.697824229
1.700208645
1.698298551
1.702519097
1.685414301
1.674950667
1.671751562
1.680638959
1.693486713
1.697741998
1.696656681
1.70148077
1.693115422
1.692886056
1.690892083
1.713687006
1.695430859
1.710041252
1.713283948
1.676968711
1.696698269
1.704976543
1.704587811
1.70289991
1.704314163
1.7046985
1.668104231
1.692716506
1.694240203
1.71567898
1.705899488
1.701373041
1.695827206
1.695398149
1.694803359
1.692559421
1.697919629
1.698784736
1.69540655
1.696178889
1.695899011
1.696220058
1.694167894
1.697773504
1.703947385
1.702872299
1.71484568
1.715637731
1.705094828
1.709035777
1.701903182
1.711850525
1.690334915
1.690273735
1.692114639
1.696725733
1.695571918
1.697767937
1.696778446
1.693846633
1.691479211
1.701491087
1.697684681
1.694133283
1.69669178
1.697087961
1.701361044
1.689835282
1.670807063
1.684108994
1.694594582
1.692415192
1.697300852
1.714300336
1.692366539
1.707101356
1.711026977
1.679955472
1.672054354
1.702482222
1.706057966
1.707339719
1.70580471
1.703950145
1.706812622
1.666810208
1.689586273
1.689211541
1.715433646
1.702637181
1.698279002
1.692964618
1.693842073
1.692226038
1.689141677
1.697136081
1.700079976
1.700798008
1.701566073
1.702197121
1.703294119
1.702280146
1.702953622
1.704697071
1.70183376
1.706649781
1.705835861
1.712441712
1.714308952
1.70394984
1.706903811
1.710192654
1.712552251
1.690016487
1.692010161
1.704194181
1.702723825
1.7052053
1.703802597
1.695473963
1.703466076
1.703661432
1.69944697
1.694200334
1.694413154
1.688046524
1.689780837
1.7145071
1.690479738
1.703766102
1.708307654
1.683375097
1.673636441
1.706737431
1.688452797
1.708671443
1.707539003
1.709757864
1.709580752
1.706495005
1.668460908
1.688942196
1.687802395
1.714461649
1.699046288
1.69536473
1.690767935
1.690576277
1.689290872
1.687410892
1.699688638
1.703244619
1.708648189
1.709339168
1.708344104
1.708826196
1.708851468
1.710209681
1.709391876
1.710961077
1.712313042
1.709103129
1.706336995
1.709654852
1.712189931
1.713313743
1.692597389
1.691439477
1.693543777
1.711296877
1.709823034
1.712121437
1.70978462
1.697938673
1.70866328
1.70405838
1.691833934
1.698559339
1.691964804
1.713873672
1.699589803
1.704464793
1.687193557
1.676993145
1.687319088
1.705999928
1.699195641
1.714297732
1.71524238
1.712499125
1.712566781
1.709413838
1.71234183
1.671778765
1.690444283
1.687419208
1.689524361
1.712138591
1.694390871
1.687903804
1.68811167
1.686716276
1.703105172
1.715113855
1.7148841
1.714400503
1.713879306
1.71414078
1.71541532
1.715130957
1.709087461
1.705030422
1.708987268
1.711461041
1.713097188
1.712512218
1.69661885
1.695353366
1.716090652
1.717243307
1.718091988
1.716012143
1.714578847
1.702029021
1.712195461
1.707505758
1.690397105
1.701927243
1.695520109
1.711774051
1.690635117
1.680899807
1.686625576
1.708052233
1.699935704
1.693653501
1.719550258
1.719609119
1.720656886
1.719405865
1.715846169
1.715725671
1.712011169
1.716098916
1.676216646
1.694687647
1.689820721
1.688470755
1.692980154
1.708332005
1.690190269
1.686422373
1.686624253
1.687675905
1.687020535
1.707417189
1.719778048
1.718959678
1.719882048
1.718357336
1.718498592
1.719740789
1.718420979
1.704604165
1.711322513
1.711932061
1.71072124
1.710977655
1.701722708
1.700797809
1.721011139
1.721847944
1.721485198
1.719517723
1.717394309
1.707150506
1.714305305
1.709716446
1.704319412
1.697842536
1.69361474
1.684877727
1.69897113
1.695181063
1.690726102
1.68927257
1.724195349
1.723355337
1.723103789
1.723812314
1.722463049
1.71995668
1.712658948
1.716687562
1.720276568
1.681220642
1.702061967
1.698631868
1.693918219
1.69242202
1.68986511
1.697481833
1.706570892
1.702987303
1.687620952
1.687793748
1.687047539
1.687755938
1.722231973
1.723008183
1.72162393
1.723416438
1.721668856
1.722690383
1.711618163
1.710067731
1.707589503
1.708538791
1.707029338
1.724188384
1.724186749
1.723081569
1.720993606
1.718398818
1.715135929
1.711275161
1.703112567
1.70759131
1.699388188
1.696087399
1.688586036
1.697253506
1.693362227
1.68945638
1.687945063
1.6875475
1.691995272
1.726429685
1.72628698
1.725456528
1.724873952
1.72591026
1.724507057
1.714939289
1.718336469
1.721546294
1.723892696
1.686342391
1.709131369
1.705248964
1.70337069
1.697975543
1.699769664
1.694667701
1.691794743
1.701560225
1.68764515
1.690821854
1.688872715
1.723617107
1.724119018
1.724975839
1.723541972
1.725341685
1.724263218
1.709388695
1.704583435
1.713083453
1.725512508
1.724721358
1.722989822
1.720850962
1.718019887
1.714811108
1.711619253
1.707761717
1.704171366
1.700939537
1.698112462
1.691916637
1.695990854
1.687270804
1.688119417
1.68750889
1.688214729
1.694483324
1.727472228
1.727652181
1.726870906
1.726097392
1.725324733
1.727256415
1.726798019
1.72026068
1.718543719
1.723186328
1.725260027
1.690969435
1.711734334
1.715334183
1.709893968
1.706266506
1.704517734
1.70074584
1.697251474
1.695631405
1.698642043
1.689987281
1.692661951
1.724335632
1.724584962
1.724308834
1.725113881
1.725558133
1.724683557
1.72574293
1.704730201
1.725262252
1.723805781
1.721568984
1.71950136
1.716585907
1.713465094
1.710695144
1.707371355
1.704478901
1.701855638
1.699573574
1.688846923
1.691752135
1.687338775
1.686547091
1.686374687
1.689161464
1.690878805
1.696988752
1.700540454
1.727844388
1.727151269
1.728103465
1.726245444
1.725602116
1.724775328
1.728038526
1.72748825
1.72293785
1.723954273
1.720476291
1.726403068
1.725756183
1.694860763
1.717583983
1.71601353
1.712671417
1.711101133
1.707295741
1.703536866
1.701805673
1.697726999
1.693838421
1.698504328
1.694225284
1.724104174
1.724220966
1.724633336
1.724191737
1.724914052
1.724942068
1.724879301
1.723749537
1.721781365
1.719175846
1.717318185
1.714440506
1.711491903
1.709245192
1.70639446
1.704282208
1.702218066
1.687556582
1.689117565
1.689228736
1.686907753
1.685629759
1.685294176
1.69238351
1.694618375
1.698808567
1.700903043
1.702087039
1.698363717
1.727574117
1.726814071
1.725898927
1.727790742
1.72480791
1.724359047
1.723601986
1.7279828
1.727762363
1.724320338
1.725940302
1.726573312
1.722230997
1.72745073
1.697699464
1.721126893
1.718227863
1.717165392
1.713622588
1.709927889
1.708205578
1.704212229
1.700220099
1.691769321
1.723130564
1.723320599
1.723471951
1.723877341
1.723828324
1.723391763
1.723166356
1.721020121
1.721777396
1.718807366
1.716253277
1.714597022
1.711787183
1.709055314
1.707340446
1.7052028
1.703649692
1.685005833
1.687429448
1.692414735
1.688783955
1.686311553
1.684216213
1.696578074
1.699441787
1.699865166
1.700682891
1.701468496
1.70258265
1.703780707
1.726205966
1.726511794
1.725022998
1.725259335
1.724032843
1.727217777
1.723057471
1.722796777
1.722185017
1.727677076
1.727772763
1.725505217
1.726763269
1.727543394
1.727698327
1.724557173
1.699362786
1.722152132
1.719317469
1.715796472
1.714003736
1.710218308
1.706220579
1.685440576
1.72186151
1.72226149
1.722129999
1.722481799
1.722023662
1.721112432
1.720590985
1.718965417
1.717929853
1.715582333
1.712995174
1.711428566
1.70855675
1.705918084
1.703714366
1.682514653
1.691697115
1.696342359
1.687942704
1.683931653
1.701233463
1.704460317
1.700177054
1.699941815
1.700419445
1.701150565
1.701722149
1.70903657
1.724705457
1.724269159
1.725699704
1.723051415
1.72337029
1.722173607
1.726602949
1.721384287
1.721238181
1.720785178
1.727004869
1.727618358
1.727418023
1.726920605
1.727883851
1.727849431
1.725422419
1.699891538
1.72318641
1.720541752
1.718793654
1.715439886
1.71169741
1.68108236
1.720768758
1.720507367
1.720532925
1.719598504
1.718170639
1.717510186
1.715560269
1.71440634
1.711969749
1.709389488
1.707944275
1.705512305
1.703304796
1.681166155
1.695222319
1.690647882
1.700505387
1.685208691
1.705741397
1.708993459
1.699852802
1.699056223
1.699057674
1.699467464
1.69959493
1.700648347
1.713345868
1.723914778
1.722809373
1.722404414
1.725044307
1.721264734
1.721570343
1.720543996
1.725805316
1.719915038
1.719835986
1.719553213
1.727012387
1.728124527
1.728018936
1.727256197
1.727847387
1.725764253
1.699521919
1.72375851
1.722260696
1.71944225
1.716068355
1.678677309
1.719109408
1.718373806
1.718026303
1.716556523
1.714627059
1.713972718
1.711622094
1.710529772
1.708039493
1.705531357
1.704448575
1.702378394
1.681811254
1.69379655
1.698928469
1.687515928
1.704901383
1.711070451
1.697868531
1.697763122
1.698158126
1.697508777
1.69803418
1.699233726
1.71609721
1.708520727
1.722194872
1.723365413
1.721124512
1.720829462
1.724236136
1.719787237
1.720018796
1.719145671
1.725684957
1.718538701
1.718472658
1.717911119
1.726994846
1.72807986
1.727839367
1.727902152
1.72706433
1.725624841
1.698489131
1.724326774
1.722102748
1.719190846
1.678505586
1.716972156
1.715663741
1.714896417
1.712768795
1.710465844
1.707678232
1.70628773
1.703801728
1.701555924
1.700846742
1.683775404
1.697031831
1.690333808
1.702491226
1.713879272
1.696665915
1.696308585
1.695698966
1.697016476
1.695725
1.696240242
1.697504246
1.718200139
1.710735361
1.705347899
1.721750425
1.720553631
1.72263721
1.719606323
1.724146167
1.718758027
1.718428745
1.717697735
1.725689298
1.716947762
1.716755226
1.715761696
1.7268642
1.727317594
1.727568321
1.727166272
1.726299886
1.725106382
1.697273755
1.72350335
1.721096204
1.680217653
1.714208072
1.712324874
1.71113694
1.708797803
1.705926492
1.703142484
1.701774251
1.699288835
1.697561862
1.68650107
1.693336398
1.700021126
1.715440946
1.695121278
1.695650056
1.694345678
1.693961843
1.696044402
1.693941899
1.694438107
1.719164966
1.707336195
1.712140858
1.702536249
1.720181615
1.721003876
1.719144849
1.72246069
1.718151222
1.72403943
1.717243399
1.716826403
1.715763278
1.725383863
1.714700271
1.714505866
1.712844588
1.725898673
1.726445242
1.726347537
1.725531407
1.723825354
1.696194473
1.72192498
1.68323283
1.710808029
1.708383494
1.706986475
1.704303522
1.701283844
1.69864358
1.697259459
1.694924754
1.689568635
1.696215032
1.715988366
1.693546616
1.694425132
1.69484232
1.692905997
1.692424625
1.695275005
1.692274631
1.6922807
1.719088581
1.704654412
1.708880685
1.71245068
1.698864296
1.695402381
1.718525993
1.719173624
1.720564561
1.717469056
1.722062339
1.716318882
1.723478256
1.71518674
1.714512492
1.712634248
1.723822038
1.711643438
1.709493556
1.724642134
1.724805197
1.72424066
1.722904152
1.721524871
1.695414424
1.686884705
1.706819482
1.703977421
1.702495386
1.699716153
1.696904252
1.694741536
1.69379419
1.692554023
1.715711142
1.693806811
1.6931068
1.692474907
1.694425858
1.691774947
1.691224253
1.694849524
1.690875213
1.691450781
1.718221664
1.708487388
1.704627222
1.700485552
1.712143347
1.695305813
1.716381941
1.716876988
1.718254946
1.719775057
1.715186067
1.721220598
1.713770516
1.712380035
1.711582567
1.709066991
1.722240534
1.721229291
1.707792895
1.70535922
1.722569907
1.72222828
1.721060007
1.720304887
1.694697446
1.694991298
1.690595016
1.702411611
1.699261252
1.698173074
1.69552243
1.693386648
1.69191893
1.714852159
1.693285034
1.693815538
1.692632132
1.691890769
1.6943067
1.691180166
1.690685751
1.690422216
1.690479665
1.716742999
1.705733422
1.70884905
1.701829967
1.697106749
1.711602498
1.694198393
1.713740419
1.713580242
1.715323006
1.716826877
1.718094755
1.711990731
1.718272995
1.710422374
1.708793393
1.707884285
1.70489199
1.719029882
1.719693578
1.703501478
1.701014701
1.719626513
1.718702981
1.718413911
1.694449329
1.694686431
1.693905342
1.698333718
1.694674368
1.695793614
1.692612598
1.691179948
1.713550996
1.693099908
1.693529508
1.693872159
1.692516134
1.691867232
1.691421769
1.690688259
1.690460882
1.690456105
1.714759042
1.703071414
1.706145579
1.708590885
1.699127736
1.710544652
1.693755561
1.693903297
1.707931344
1.710021785
1.709985384
1.711803494
1.713281132
1.714491889
1.714607324
1.708257253
1.715444651
1.70642027
1.704596042
1.703588985
1.700534113
1.716240446
1.716497777
1.699172921
1.696937256
1.715855556
1.716162484
1.694060571
1.694271988
1.696647855
1.694671923
1.692971907
1.692068771
1.690995318
1.711703879
1.693208877
1.693457813
1.693586983
1.692842027
1.692659675
1.692050295
1.691564668
1.691049691
1.691588138
1.690885815
1.711879525
1.713003421
1.700699548
1.703779475
1.706093458
1.709098656
1.69327385
1.693306717
1.693331267
1.705759266
1.706890198
1.707391203
1.705955589
1.705565296
1.709101228
1.71037252
1.710420689
1.711342978
1.703949706
1.712344311
1.702075936
1.700110918
1.69919061
1.696481688
1.712896999
1.712408683
1.695390234
1.693723483
1.712991797
1.693439652
1.693575914
1.698727913
1.69233836
1.691517573
1.691121507
1.709447062
1.693616197
1.693575274
1.693423142
1.693718011
1.69349523
1.693136481
1.69312101
1.692565403
1.691929309
1.691535298
1.709368373
1.709903662
1.701752261
1.704036712
1.707307762
1.692901934
1.692507866
1.692506437
1.692482754
1.704247703
1.704944768
1.705466069
1.702900394
1.704510147
1.701530582
1.701131581
1.705838338
1.705994233
1.706860691
1.708021703
1.699645444
1.70888065
1.697999319
1.696009719
1.696192483
1.694663233
1.693170747
1.708580213
1.709389103
1.692678764
1.691856244
1.692545791
1.692548125
1.692614073
1.700173912
1.691446563
1.691466096
1.707040014
1.694184326
1.693829876
1.693354144
1.694411033
1.694413462
1.694546123
1.694182951
1.693535532
1.692821607
1.692395733
1.706385972
1.706544194
1.702380895
1.705187138
1.691886155
1.692467162
1.691446395
1.691481575
1.691458131
1.703649749
1.703115601
1.703684567
1.703673367
1.692745043
1.698577097
1.700013124
1.701229661
1.697402404
1.697068528
1.70131169
1.7026503
1.703421236
1.704603167
1.695760004
1.70450063
1.694267819
1.69306923
1.69279601
1.691903053
1.691319097
1.705582527
1.691302056
1.691335139
1.691408147
1.690986433
1.691574709
1.701033822
1.691770141
1.704283578
1.693889737
1.694506436
1.693433702
1.694939882
1.695244806
1.695285237
1.694937794
1.694283617
1.693753033
1.692779252
1.703137266
1.70297187
1.702179286
1.702732418
1.690740565
1.691295253
1.691621711
1.690397974
1.690492416
1.690531875
1.702630965
1.70261331
1.70209
1.701590789
1.692406599
1.699518854
1.696027907
1.694949377
1.697016371
1.696973124
1.694148429
1.693792813
1.698043249
1.699315206
1.700370639
1.698939997
1.7003144
1.692769132
1.701637092
1.691753087
1.691025981
1.690922072
1.690637378
1.690719734
1.691101281
1.691836021
1.690232719
1.690313998
1.69070226
1.701480462
1.701301253
1.692908031
1.693767115
1.694539283
1.69496337
1.695435948
1.695552412
1.695220416
1.694745219
1.69394772
1.693005334
1.699836653
1.699285687
1.70002818
1.689839354
1.690205449
1.690472169
1.691143352
1.689671315
1.689790172
1.689879077
1.701372612
1.701938488
1.700281577
1.691539876
1.698385948
1.69789418
1.697346277
1.692339905
1.693704167
1.693054404
1.692628685
1.693549206
1.694231889
1.691951011
1.691679235
1.695149422
1.695039004
1.696060216
1.696292518
1.69775126
1.691010177
1.69043804
1.690157039
1.69022341
1.69043029
1.690942489
1.691516254
1.689968509
1.689773609
1.690180431
1.690334308
1.701237902
1.698385245
1.692433156
1.693347784
1.693760232
1.694612918
1.695086378
1.695189989
1.694828384
1.694365139
1.693668394
1.692939151
1.696440521
1.695769101
1.69706598
1.689602761
1.689488179
1.689762865
1.690157044
1.690347199
1.689521839
1.689598476
1.699851389
1.700931222
1.690995974
1.696540507
1.698217662
1.695591516
1.695416499
1.692054647
1.691689063
1.691391102
1.69150041
1.691603494
1.691347008
1.691595178
1.692003814
1.691063135
1.690796495
1.691900495
1.692636984
1.692788682
1.694185904
1.690387747
1.690129651
1.690126565
1.690304694
1.690762479
1.691413624
1.690194577
1.690155809
1.690012283
1.690410971
1.690474572
1.70050206
1.695256102
1.691791835
1.692087016
1.692934849
1.693713897
1.693630374
1.694132048
1.693861125
1.693803703
1.693487386
1.692855559
1.692210586
1.693472128
1.692766071
1.694508508
1.68972846
1.689808271
1.689850289
1.689837716
1.690036848
1.690054386
1.699655076
1.690434335
1.695037247
1.696625335
1.698264409
1.693722496
1.69398441
1.691581835
1.691041052
1.690724045
1.690414433
1.691315594
1.691355885
1.691361977
1.690271521
1.689973584
1.691221154
1.690851423
1.690395972
1.690330168
1.691365035
1.690522833
1.69032045
1.690426716
1.690629754
1.691066875
1.690907837
1.69073696
1.690824672
1.691090787
1.690893774
1.690973539
1.699374231
1.692825221
1.690565112
1.691133866
1.691775655
1.69177237
1.69219994
1.692070114
1.692333893
1.692370829
1.691789612
1.691668992
1.691068235
1.691346266
1.690642509
1.692629769
1.690604104
1.690646291
1.690313755
1.690868347
1.690011441
1.689847744
1.689732303
1.695326031
1.693700841
1.69685265
1.698140244
1.692661397
1.69086204
1.691736409
1.691450364
1.690702355
1.690051427
1.69215447
1.6920928
1.692088206
1.689594935
1.689327672
1.691864078
1.69136913
1.689681013
1.690695287
1.691085554
1.690546747
1.690504412
1.690665449
1.691930902
1.691696198
1.691354641
1.69217088
1.691380131
1.691499881
1.698153317
1.691283119
1.689800998
1.690041335
1.689937047
1.690207344
1.689984902
1.690370323
1.690615452
1.690210142
1.690200226
1.689987234
1.690264736
1.68971234
1.691666702
1.692085912
1.691991646
1.691597701
1.690909461
1.690270079
1.689926991
1.689407305
1.694676709
1.696212359
1.693491716
1.692448217
1.690086835
1.693009214
1.692938986
1.692043567
1.691090855
1.690499837
1.69339663
1.693109848
1.692858688
1.689700212
1.689390672
1.692372872
1.691780357
1.691131996
1.690699365
1.690309717
1.690005972
1.693105626
1.692710535
1.692215393
1.691779227
1.693381164
1.691633793
1.691708628
1.697099458
1.690765113
1.689099907
1.688744563
1.688758606
1.688343005
1.688522544
1.688752727
1.688463881
1.688594948
1.688778424
1.688924667
1.690274706
1.689960239
1.691576682
1.693648274
1.693291084
1.692503068
1.691587596
1.691127557
1.690128988
1.689261507
1.694530295
1.695624118
1.693683502
1.692672831
1.688916341
1.694216818
1.693702476
1.692727685
1.692073488
1.691012755
1.694205569
1.693710997
1.693055906
1.690208786
1.692177994
1.691461408
1.690541213
1.690058217
1.689436441
1.69368098
1.694260056
1.692956007
1.69226546
1.691838154
1.694782687
1.691555608
1.691168375
1.691385469
1.696404968
1.691133074
1.6886418
1.687955112
1.687498981
1.687391026
1.687118103
1.687145307
1.687321196
1.68756002
1.687532317
1.691078994
1.690992391
1.692074228
1.694793255
1.694314274
1.693347304
1.693037969
1.6918851
1.690533648
1.689697439
1.695396179
1.694568224
1.693087526
1.6938681
1.688100831
1.694679888
1.694641494
1.694105611
1.69351197
1.692526786
1.691569332
1.694119693
1.693391328
1.692233571
1.691044281
1.69038388
1.689292581
1.688832426
1.693476059
1.69439123
1.695062647
1.692529824
1.691771694
1.691449047
1.695569412
1.690710615
1.690462824
1.690641557
1.69601656
1.691991748
1.688532283
1.687624486
1.687038481
1.686674804
1.686395375
1.686326904
1.68639331
1.6863388
1.686719272
1.692126775
1.692111465
1.692660663
1.695556318
1.694965037
1.694213199
1.692588989
1.691540534
1.690085094
1.695266396
1.694534042
1.693284424
1.69374618
1.687367148
1.694213229
1.694053834
1.694618331
1.69458009
1.694170571
1.693502071
1.692754072
1.692986843
1.691954907
1.690170128
1.689030731
1.687848224
1.692525144
1.693600052
1.694176339
1.695272284
1.691530808
1.690856702
1.695874975
1.689822318
1.689855506
1.689740847
1.689798367
1.69576005
1.692646822
1.688748056
1.687786271
1.687327709
1.686673009
1.686209158
1.685978808
1.685834669
1.685843498
1.68617558
1.692745534
1.692882205
1.695909667
1.695565212
1.694401478
1.693493395
1.692100165
1.6906191
1.695118286
1.693003731
1.693202067
1.686504083
1.69463822
1.693540932
1.692485282
1.693527979
1.693986625
1.693791536
1.693557981
1.693130366
1.691146327
1.690069815
1.688242057
1.687342449
1.692379184
1.691143333
1.693897994
1.692128865
1.695027193
1.690271089
1.695656152
1.689047943
1.689193548
1.689253138
1.689302797
1.68929986
1.695395177
1.692595087
1.689422655
1.688940964
1.687941576
1.687085506
1.686406888
1.686123112
1.685800311
1.685884596
1.692602851
1.692518984
1.695740672
1.695458434
1.69487228
1.69386028
1.692636364
1.691349353
1.692222744
1.692302128
1.68627249
1.694094332
1.692708422
1.691681828
1.690517742
1.692581899
1.692464754
1.692707557
1.692682409
1.689185665
1.688230303
1.68685643
1.690582731
1.689680468
1.691765692
1.693197221
1.689976524
1.694233064
1.694673855
1.688903603
1.688720628
1.688994118
1.688730236
1.689161504
1.689347149
1.689472747
1.694717142
1.691851232
1.691195196
1.689876104
1.688793677
1.687902957
1.687427454
1.686473852
1.686286644
1.686184452
1.691723091
1.691606812
1.695329436
1.695168392
1.694758103
1.693987718
1.692953031
1.691109005
1.691401521
1.686418505
1.693234645
1.691812339
1.690815629
1.689927862
1.688823309
1.691294834
1.690803838
1.691541318
1.687745622
1.687043067
1.689078299
1.690879848
1.689663193
1.692018922
1.688564286
1.692626165
1.693956184
1.689542374
1.689124897
1.6886743
1.689564358
1.68841959
1.689765531
1.689900562
1.69041841
1.690761386
1.693790245
1.69069727
1.691848201
1.693139342
1.690797164
1.689874801
1.689353478
1.68801851
1.687649548
1.687162635
1.687098927
1.690468476
1.690419977
1.694176097
1.694472213
1.694370663
1.693944586
1.689833294
1.69038099
1.690597179
1.686915105
1.692353132
1.691100994
1.689531282
1.689338382
1.68870224
1.687966925
1.69016735
1.689826211
1.687384985
1.688868076
1.689698298
1.688272783
1.690113914
1.68827877
1.691297624
1.692164619
1.690864378
1.690391169
1.689671348
1.688901283
1.690721407
1.690850144
1.691892947
1.691689513
1.692048682
1.692798732
1.689558075
1.692478201
1.693212929
1.693726136
1.691758542
1.691312521
1.690040888
1.68961424
1.688936598
1.688793948
1.688164391
1.689346264
1.689256664
1.692196377
1.693078314
1.693557771
1.693759316
1.689735056
1.689284778
1.690176555
1.687888082
1.691676976
1.690788282
1.688992044
1.689050427
1.688829888
1.688539858
1.688327834
1.68914947
1.688824691
1.687841019
1.688044988
1.688194311
1.688163924
1.688888783
1.68928657
1.689741903
1.689987985
1.692453259
1.69214886
1.691446118
1.690437464
1.692107422
1.692760047
1.693009898
1.692695872
1.693281826
1.692029373
1.688893647
1.693307044
1.692984632
1.693453744
1.693033532
1.692742472
1.691916219
1.691625992
1.690962682
1.690865243
1.690228901
1.689635927
1.688847841
1.689031781
1.690886677
1.691797149
1.692473846
1.689719235
1.68948757
1.690330117
1.691381852
1.690945991
1.69143005
1.689256242
1.689519374
1.688969753
1.689439179
1.689522649
1.689874683
1.690981791
1.688267178
1.687607835
1.687426687
1.687520267
1.689676658
1.687936178
1.691284349
1.688114979
1.688820181
1.693840251
1.693738245
1.693466721
1.69257603
1.692962539
1.693327356
1.693805682
1.692843817
1.69431529
1.691720597
1.689123864
1.693176544
1.693003284
1.693197191
1.692541768
1.691422935
1.69315783
1.692945888
1.692965727
1.69260055
1.692657684
1.692257734
1.69170864
1.68925852
1.689688937
1.689686127
1.690537151
1.690353071
1.690384339
1.691012063
1.69157799
1.69180899
1.6904642
1.689789127
1.690957998
1.691003168
1.691367952
1.691911268
1.693010102
1.688557568
1.690246526
1.688036289
1.687483692
1.68728361
1.692133204
1.687290786
1.693640543
1.687519561
1.688019584
1.695067278
1.694745856
1.69463535
1.692804088
1.692364791
1.693416461
1.693858925
1.691882968
1.694679518
1.691942932
1.690207026
1.692300256
1.692492709
1.691678137
1.69294986
1.690708135
1.689457488
1.693222986
1.69334806
1.693490901
1.693644109
1.693631829
1.693431733
1.690534607
1.691003264
1.688680418
1.691418967
1.691742168
1.691921428
1.692294802
1.692375333
1.692351906
1.691459544
1.692205424
1.692973451
1.693026348
1.693414157
1.6938419
1.694363067
1.689842941
1.690644202
1.692878983
1.688772846
1.687981393
1.687763711
1.694526923
1.687447766
1.695545266
1.687377043
1.687578543
1.695341185
1.695769177
1.695905799
1.691544637
1.692138593
1.691204056
1.692425806
1.693481805
1.689822422
1.690152456
1.694554549
1.692424436
1.691845542
1.690700156
1.691001095
1.691721953
1.689758252
1.692385344
1.688670718
1.687982129
1.69264586
1.693195381
1.693483309
1.693945615
1.69425917
1.692230361
1.692608938
1.692693951
1.693136495
1.692963878
1.693013949
1.692916269
1.692782458
1.693231493
1.693449449
1.694279335
1.694853906
1.694825184
1.694989878
1.69499972
1.694610671
1.691018481
1.692305605
1.693151062
1.695081448
1.689813854
1.689453698
1.688535298
1.696097867
1.688041582
1.696384021
1.687658289
1.687544272
1.695143515
1.695999329
1.690326256
1.689887907
1.690414543
1.691443115
1.692677445
1.688473294
1.688533732
1.688573183
1.693316913
1.692845615
1.693565023
1.689302419
1.688992163
1.690026352
1.690811899
1.688098191
1.69114131
1.687653248
1.691938214
1.692272517
1.693121104
1.693918868
1.694058195
1.694008775
1.693654292
1.694107963
1.693537626
1.693277181
1.693001758
1.692883112
1.692627317
1.694897845
1.695199249
1.695719494
1.695932365
1.695782032
1.695481452
1.694720884
1.693635744
1.692174931
1.693491865
1.694499018
1.695186853
1.696187466
1.691739059
1.690683119
1.689745766
1.696318369
1.688900182
1.6897579
1.695760899
1.688342648
1.687934512
1.694636628
1.688495591
1.688606511
1.689191472
1.690246609
1.690835175
1.68793626
1.687667942
1.688251584
1.688214095
1.692258222
1.692867612
1.694832105
1.688069882
1.688532778
1.687879041
1.689153494
1.689400072
1.687703572
1.690249306
1.690450352
1.691448664
1.692549632
1.695271342
1.694742725
1.693955308
1.694329397
1.69346572
1.692965879
1.692568717
1.692122586
1.695810019
1.696032484
1.69609847
1.695853133
1.695535193
1.694452297
1.693086378
1.69181148
1.693763941
1.694245193
1.695218522
1.69566658
1.695995311
1.695777513
1.692903363
1.692040895
1.69190782
1.695047236
1.690189422
1.691104797
1.693801644
1.689389242
1.68860844
1.68740271
1.687496247
1.688067541
1.688377843
1.689696583
1.689107592
1.688048801
1.687717364
1.689449371
1.689946793
1.691059706
1.692311662
1.695187685
1.687874427
1.687851361
1.688063831
1.687920974
1.688245384
1.688812759
1.689524296
1.690618148
1.695522635
1.694560864
1.6935066
1.693708329
1.692761427
1.692162815
1.691709302
1.691279421
1.695569211
1.695680683
1.69527945
1.694595855
1.694080442
1.692362025
1.690957324
1.689805514
1.694817412
1.694423581
1.695072273
1.695113654
1.695208965
1.694855058
1.693941404
1.693916283
1.693853589
1.69329552
1.692700621
1.691586342
1.692515726
1.690496795
1.689180083
1.687138597
1.686942341
1.686951304
1.687494991
1.688441159
1.691643969
1.689589804
1.688821602
1.691732971
1.694337063
1.688784002
1.690131849
1.691370271
1.694712293
1.688945518
1.688435832
1.688045236
1.687989378
1.68798779
1.688293949
1.688874625
1.693616709
1.69244285
1.692487495
1.69164602
1.691108243
1.690764265
1.690438516
1.694380425
1.694265951
1.69347438
1.69249156
1.691910892
1.690184692
1.689076356
1.68835261
1.694706145
1.69449737
1.694755099
1.694494032
1.693541685
1.693411061
1.692571633
1.691391482
1.694814587
1.694767824
1.694458199
1.693831797
1.692918636
1.691698059
1.690927207
1.68747801
1.687120424
1.686808659
1.68697797
1.687200294
1.692029817
1.694337063
1.694337063
1.691635818
1.689340215
1.687881232
1.68889312
1.690405668
1.693175855
1.69048101
1.689312457
1.688924103
1.688342926
1.687996495
1.687996036
1.692037566
1.691123638
1.691039323
1.690487157
1.690172506
1.69004501
1.689946383
1.692516349
1.692208199
1.691151409
1.690287024
1.689784115
1.68860226
1.688067963
1.68796904
1.694206045
1.693572967
1.692853701
1.694425713
1.692627202
1.691172697
1.690919238
1.68997108
1.694960568
1.695325442
1.695299472
1.694888672
1.694092209
1.693278073
1.692860276
1.688950292
1.687822043
1.687197982
1.687152784
1.687067959
1.694337063
1.694337063
1.691800151
1.68733256
1.687913523
1.689880117
1.691357821
1.691327852
1.690783271
1.689796273
1.688886889
1.688259871
1.690508645
1.690002679
1.689954606
1.689742289
1.689738552
1.689838511
1.690016319
1.690626875
1.690171528
1.689180453
1.688769057
1.688330758
1.688128827
1.688300174
1.688831008
1.692721666
1.692375027
1.691235734
1.690393024
1.693756992
1.69013843
1.688815586
1.688592862
1.694626632
1.694879219
1.695515391
1.695754677
1.695589262
1.695130489
1.6948429
1.693520929
1.691941812
1.690142644
1.689064704
1.688753009
1.687980133
1.687400805
1.694337063
1.687166881
1.687264783
1.690105857
1.689908951
1.69297993
1.69190603
1.690672627
1.689660499
1.689594273
1.68959018
1.689773862
1.690020837
1.690257868
1.690632404
1.689400552
1.68905783
1.68870186
1.688528642
1.688599681
1.689032005
1.689716896
1.690716317
1.690311674
1.691510171
1.6898092
1.688460009
1.688182233
1.692714605
1.687710366
1.687269446
1.693165548
1.694277499
1.695214137
1.695741552
1.695867191
1.695786725
1.695188441
1.694789797
1.691908035
1.694337063
1.691749848
1.690495162
1.689228333
1.688275495
1.68749832
1.687323197
1.691112574
1.691548686
1.689388322
1.69395626
1.692872149
1.691632735
1.689705322
1.690158693
1.690623825
1.690975162
1.691227407
1.689290182
1.689142332
1.689627218
1.689621963
1.690136084
1.690920684
1.691778118
1.692910359
1.692817621
1.689048087
1.688051208
1.69022676
1.687716843
1.686938551
1.686941537
1.690702515
1.686988011
1.691993558
1.693332787
1.694470016
1.69518967
1.695370946
1.695703076
1.695573832
1.695217943
1.694337063
1.694337063
1.691930367
1.691414104
1.689377513
1.688966588
1.687981885
1.692385652
1.692785229
1.69244111
1.690005543
1.694632829
1.693812072
1.690821736
1.691554504
1.692059524
1.692317053
1.690391252
1.690469344
1.691552998
1.69166264
1.692376835
1.693220914
1.694053063
1.694700617
1.694621668
1.68798203
1.687209308
1.686768308
1.688396208
1.686709433
1.687003572
1.687283607
1.68945013
1.690757804
1.692083948
1.693265196
1.693544289
1.6945398
1.694989065
1.695259423
1.694885806
1.695312186
1.694337063
1.694337063
1.691762073
1.691816999
1.690271047
1.689178874
1.693291537
1.693447261
1.693637814
1.693670967
1.69161152
1.695106987
1.692624622
1.693329347
1.693619456
1.692440199
1.69261475
1.693863942
1.693983436
1.694584297
1.695142449
1.695435599
1.695342569
1.695451681
1.686978187
1.686810993
1.686721781
1.687014878
1.687583584
1.687246799
1.688664633
1.688345749
1.689342942
1.690657028
1.691012523
1.692139072
1.693049511
1.693192861
1.693960378
1.694684776
1.695144282
1.694337063
1.692017895
1.691612086
1.693418204
1.693264518
1.693991155
1.694485466
1.694814331
1.693643741
1.694553081
1.694901947
1.693476017
1.694633832
1.69463997
1.695222432
1.695859171
1.695787814
1.695983335
1.695908971
1.695524127
1.694628686
1.694944049
1.68693198
1.687141065
1.687230123
1.688014555
1.688957772
1.687080278
1.689234625
1.687307546
1.688248345
1.688624646
1.689564415
1.690542835
1.690758512
1.691752709
1.692846387
1.693862527
1.694337063
1.694337063
1.691966211
1.692572541
1.69213583
1.69428458
1.695050696
1.695668496
1.695591979
1.695920443
1.692209736
1.693128284
1.696269006
1.69637709
1.696627896
1.696612888
1.69640237
1.695930184
1.695174613
1.69428896
1.692740415
1.693141131
1.688019673
1.687375136
1.688902114
1.689302628
1.691129684
1.687214731
1.687102943
1.687198774
1.687625396
1.688278992
1.688433845
1.689288506
1.69039923
1.691615456
1.694337063
1.694337063
1.691179364
1.690752775
1.69034236
1.694168122
1.695255151
1.696154725
1.696558953
1.691287692
1.69043347
1.6923805
1.696775085
1.696799601
1.696511281
1.695893084
1.695428164
1.693997744
1.693225552
1.691961226
1.690660137
1.690260165
1.689232515
1.690641666
1.688795124
1.691802388
1.69190087
1.687491622
1.687277254
1.686996523
1.687022587
1.687051309
1.687407967
1.688119469
1.689122083
1.694337063
1.689386868
1.688646601
1.688745665
1.693703062
1.695066183
1.696189663
1.689314135
1.690164492
1.688854167
1.691475793
1.695861529
1.695780155
1.694975599
1.693918339
1.693333911
1.691338093
1.690666533
1.689440298
1.688358217
1.688009063
1.691593598
1.692040694
1.694337063
1.68936531
1.688942139
1.688023419
1.687310881
1.687134767
1.686833128
1.686865468
1.687195216
1.687936849
1.688364478
1.688424152
1.692867902
1.694508367
1.687855538
1.688208642
1.689024784
1.690344091
1.690141081
1.693805316
1.693566372
1.692462901
1.691266249
1.690703223
1.688860059
1.688376263
1.687555714
1.687025009
1.686862115
1.694337063
1.694337063
1.691891179
1.691788509
1.690600341
1.689165684
1.688855415
1.687870564
1.687186309
1.686950238
1.687600867
1.688318711
1.689579016
1.692169641
1.690343998
1.687255432
1.687392375
1.688153178
1.692057911
1.694337063
1.691029023
1.690802565
1.689719662
1.688768219
1.688360561
1.687352096
1.687145552
1.686990931
1.687190937
1.687336264
1.694337063
1.694337063
1.691972325
1.691758062
1.690544156
1.689084803
1.688607006
1.687739044
1.689106032
1.68985473
1.691831319
1.689372726
1.688000452
1.687051836
1.686944404
1.694337063
1.692006014
1.68849933
1.688343892
1.687602104
1.687292309
1.687189286
1.687326439
1.687447689
1.688056657
1.688988826
1.689182389
1.694337063
1.694337063
1.691949603
1.691510478
1.68947691
1.688099464
1.691797872
1.694337063
1.687418085
1.686870224
1.687176774
1.687077212
1.687076525
1.687218394
1.687468286
1.687969115
1.688996153
1.689268821
1.690630621
1.691714776
1.691942286
1.694337063
1.694337063
1.6921304
1.690776672
1.688972444
1.694337063
1.686870035
1.687280077
1.68720436
1.687472783
1.688763216
1.689263828
1.690636669
1.691844688
1.692011699
1.694337063
1.694337063
1.694337063
1.69189451
1.68919497
1.68792253
1.688987904
1.689271054
1.691590441
1.692025637
1.694337063
1.694337063
1.694337063
1.691974614
1.690214711
1.69197532
1.691778535
1.694337063
1.694337063
1.694337063
1.694337063
