1.891364567
1.887393675
1.915399397
1.901699067
1.879374061
1.875343546
1.919416547
1.906545964
1.886495807
1.922992564
1.879293088
1.930561568
1.883115501
1.879218377
1.900413065
1.920020986
1.877106447
1.924044589
1.918907172
1.901050016
1.887909018
1.926733813
1.924153504
1.931444121
1.938738694
1.926234153
1.885911786
1.886897459
1.882015442
1.884280766
1.8946021
1.917918663
1.888373548
1.932766621
1.930010533
1.917325063
1.926748197
1.904050463
1.928040282
1.924059237
1.930102902
1.931809801
1.936377171
1.86136615
1.867614021
1.887792859
1.894523994
1.866018956
1.901428533
1.896809346
1.916263455
1.933119343
1.93726948
1.938652287
1.933049769
1.947383631
1.934271725
1.936471627
1.941426809
1.942887496
1.94809652
1.957134425
1.952215615
1.834480588
1.835465059
1.86512723
1.879120067
1.896964864
1.91250742
1.849045456
1.929770971
1.94896153
1.940382441
1.941958785
1.947805719
1.95281115
1.961268904
1.945846473
1.949452343
1.948807097
1.948157199
1.953247955
1.961700872
1.956350332
1.964230725
1.96855646
1.818523871
1.810833265
1.82607013
1.862052286
1.891621432
1.917494269
1.941137222
1.835941684
1.965860463
1.952574875
1.947614352
1.952821463
1.95400496
1.962250407
1.965428759
1.973826046
1.95740061
1.957064373
1.95851287
1.962939305
1.966688851
1.971182578
1.970959563
1.971420394
1.973305909
1.973608532
1.978996394
1.80929055
1.798861201
1.801132122
1.875512855
1.850406968
1.907420208
1.934970523
1.970823444
1.829061103
1.958922572
1.965577525
1.960769709
1.963392648
1.96717228
1.975539956
1.980587499
1.976283097
1.968512324
1.971712462
1.979424771
1.981354708
1.988597569
1.984301066
1.98091074
1.98112488
1.980814507
1.982418085
1.981037932
1.975404778
1.926176096
1.964271464
1.957595725
1.806109575
1.794883231
1.791260075
1.858311455
1.889676439
1.833905769
1.922142726
1.960710786
1.816792392
1.971924443
1.972636938
1.979214592
1.974573837
1.980575547
1.97927439
1.987142266
1.989187992
1.981117083
1.969524007
1.982075853
1.988767038
1.996187055
1.996946646
1.995221732
1.995024956
1.988867126
1.987026888
1.984495845
1.97277301
1.964299625
1.909559062
1.930833709
1.943816702
1.959320956
1.95396661
1.905668874
1.801608855
1.798164703
1.791995857
1.88070188
1.848521857
1.905982536
1.824198994
1.940965456
1.809649344
1.987272127
1.986044562
1.984439364
1.991137355
1.989016053
1.989422783
1.991020873
1.991782552
1.984579542
1.962055207
1.943387721
1.994901249
1.998499918
1.999452812
1.999437433
1.996551197
1.993165312
1.987988367
1.983403887
1.974286713
1.965052739
1.95808181
1.905049753
1.917544321
1.951592057
1.940860986
1.954837211
1.909411544
1.916054928
1.922160065
1.801716443
1.801015496
1.803229335
1.885150185
1.863310509
1.835544004
1.915766307
1.814311553
1.804850055
1.998803317
1.996201325
1.996638278
1.992444307
1.999190919
1.998444956
2.000811686
1.973527458
1.953760444
1.925894107
1.909498898
1.998991234
1.995524225
1.99448445
1.987631158
1.983476932
1.979342378
1.973925468
1.971896918
1.964607977
1.957857711
1.954453513
1.910167418
1.904701434
1.928464446
1.951857911
1.945339402
1.911922475
1.920690751
1.9214998
1.921200818
1.802652769
1.805515893
1.92439554
1.804945319
1.890937114
1.871540726
1.849236882
1.825080885
1.810039418
1.803229318
2.006961414
2.007511208
2.005983433
2.000467681
1.974215783
2.005299256
2.002483956
1.9965382
1.939572967
1.919710825
1.894345756
1.882538028
1.989723562
1.988632103
1.981862284
1.976355118
1.972232749
1.967733931
1.963942109
1.957145355
1.954171848
1.951095165
1.904939402
1.917751589
1.903004553
1.935581971
1.944635594
1.914014468
1.919600922
1.930082314
1.802098941
1.811352595
1.808982341
1.931917314
1.81095804
1.873059106
1.856184723
1.837335061
1.817186016
1.805738518
1.801327924
2.009786412
2.011066042
2.001668266
2.006759778
1.984742032
1.93813126
2.001596792
1.995320766
1.986077092
1.895476089
1.869614542
1.860427873
1.982185171
1.977975088
1.973063192
1.969314992
1.96494494
1.961808631
1.956267381
1.95493832
1.95258588
1.911001101
1.898286431
1.92572931
1.901682849
1.938938665
1.943793681
1.910476303
1.926956274
1.945162008
1.944631896
1.799663181
1.809820041
1.947756043
1.946378634
1.93662439
1.807716462
1.852828947
1.838058243
1.824239742
1.810679588
1.805297323
1.799897704
2.000888253
2.008092658
2.005145728
1.980447757
2.001774529
1.9518456
1.904021552
1.995817343
1.987344406
1.981323912
1.869063755
1.845351121
1.839162491
1.978977459
1.972365764
1.969685453
1.964134106
1.957342259
1.954218747
1.950457016
1.930187233
1.907434582
1.893116898
1.897638576
1.939910338
1.942610152
1.926028831
1.94377427
1.951695139
1.798929829
1.804113916
1.951193252
1.940963648
1.928813783
1.926811459
1.932510909
1.925432892
1.797442847
1.834372319
1.823314575
1.816301218
1.808914235
1.803791294
1.798249791
2.004778418
1.974583603
2.007494994
2.001871263
1.943091028
1.995774419
1.915979368
1.868671703
1.994004943
1.988956288
1.98985745
1.845178456
1.827939618
1.823451867
1.98522603
1.985693154
1.977908549
1.966000429
1.961189322
1.95276722
1.938727195
1.918515343
1.893869563
1.888141386
1.905705603
1.942340289
1.948685493
1.92977741
1.946141673
1.940440817
1.795185189
1.795643192
1.936630345
1.927349452
1.928850176
1.937639695
1.935293761
1.920701369
1.78782026
1.81973846
1.814642905
1.806884452
1.803632069
1.799828554
2.008632855
1.991048967
1.939264082
2.004361608
1.998753664
1.900212998
2.000698066
1.875042295
1.841708456
1.999022523
2.002151192
2.001918261
1.826707312
1.818856689
1.81445771
2.007465498
1.997042503
1.984160469
1.973564502
1.967417352
1.92206726
1.942380166
1.899697651
1.882408638
1.88662917
1.906073251
1.944828162
1.966824581
1.925631714
1.930753209
1.921734532
1.796139251
1.794425136
1.917053121
1.928672949
1.948519807
1.94105222
1.919338411
1.781345372
1.813788918
1.813034822
1.809976519
1.807438732
1.803424286
1.997095084
2.002329689
1.956452297
1.904926686
2.000545417
2.003292573
1.866630179
2.005188753
1.844677514
1.81959133
2.007013944
2.008586101
2.020090312
1.809617536
1.806615501
1.808816089
2.017614651
2.009554722
1.99280124
1.99395266
1.902798861
1.937613133
1.881675366
1.87486827
1.885057753
1.910049576
1.968195711
1.989682288
1.920424356
1.914031509
1.921305665
1.790598956
1.800202977
1.912990517
1.945699189
1.956520431
1.904194115
1.91928823
1.783275135
1.800128767
1.778268399
1.810168454
1.811143232
1.810877405
1.806065419
1.807571601
1.969965499
1.987806014
1.995064939
1.923232684
1.87454523
1.995836393
1.995672164
1.845381525
1.835396806
1.994677892
1.817337853
2.002597404
2.013544987
2.023256049
1.795005008
1.793114429
1.798478906
2.026102144
2.013621421
2.011541591
1.88329649
1.956960733
1.866800687
1.870089993
1.892257497
1.914230343
1.990447762
2.010827329
1.909751548
1.907262901
1.930047423
1.791948305
1.915869542
1.94871843
1.896345402
1.93124737
1.780038597
1.797089155
1.787508566
1.86199941
1.773736263
1.804470627
1.806415836
1.805325894
1.804312282
1.795957022
1.929045655
1.96330571
1.984021986
1.98867842
1.885343404
1.848462734
1.985572306
1.982159376
1.822083567
1.811947367
1.986936969
1.993730852
2.016290236
2.001601548
2.022599759
1.784406157
1.784507273
1.794785451
2.019349557
2.016772279
1.877440948
1.864368271
1.980622714
1.881079928
1.908170567
1.913410633
2.006297445
2.017553671
1.904696877
1.912073106
1.930469443
1.782267153
1.917906542
1.903962184
1.952628463
1.775013117
1.786147851
1.796253957
1.779984394
1.861274364
1.875106106
1.766674826
1.800406577
1.800774557
1.797141866
1.792906347
1.783548396
1.928974652
1.894520717
1.961386528
1.979350458
1.979092458
1.855588818
1.824417423
1.976553392
1.977416596
1.805707237
1.9822107
1.990847845
2.010567807
2.003078194
2.016073818
1.777125067
1.788125102
1.776858033
2.022736584
1.884339467
1.864507493
1.987767852
1.902055025
1.906362508
1.901533952
2.006281
2.022330687
1.917364132
1.921554597
1.770949458
1.775345492
1.91826655
1.955360355
1.781588883
1.789022295
1.797840704
1.77602626
1.859012364
1.869033774
1.889879351
1.762036321
1.756983745
1.797326638
1.794846725
1.786180034
1.778461313
1.771481584
1.937919127
1.899976763
1.867056054
1.95638995
1.974165588
1.973395537
1.835157558
1.811390656
1.970130105
1.972334892
1.97690588
1.986085534
1.994142954
2.011738086
1.772601199
1.781166199
1.770421095
2.020663917
1.890850114
1.868987307
1.981197368
1.898907338
1.893216379
1.907378864
2.002834596
2.016249595
1.921043511
1.763121348
1.925670103
1.951686633
1.782970089
1.789589197
1.798186117
1.809846443
1.776105437
1.858790954
1.857009459
1.872382042
1.886441435
1.75046367
1.746304711
1.790608141
1.779932225
1.771616581
1.764303151
1.761105722
1.919920505
1.940017392
1.883791997
1.85060272
1.944886877
1.953103111
1.954409804
1.961431318
1.821892348
1.962437438
1.962536847
1.969668563
1.977485809
2.003731472
1.771240264
1.771039427
1.767394102
2.004569547
1.871788484
1.903137557
1.976605624
1.882864295
1.887775495
1.90250487
1.998249997
2.002748368
1.754110639
1.939144824
1.956376518
1.798735352
1.788073144
1.805115946
1.809618293
1.81536147
1.779334733
1.851895444
1.860391154
1.861562128
1.873246687
1.877677458
1.790102016
1.867644844
1.745316448
1.741071896
1.738099827
1.773028945
1.765152706
1.756114216
1.753976981
1.752886106
1.932396729
1.904187269
1.940837422
1.867208746
1.838158156
1.941402038
1.941643781
1.94545618
1.953961598
1.955573786
1.956516594
1.961354882
1.982357005
1.772460657
1.763592888
1.768836877
1.987454855
1.880457393
1.909910595
1.979131585
1.871441122
1.880480617
1.990827998
1.993138542
1.940254006
1.958574065
1.807021741
1.800273461
1.81102419
1.813304982
1.818760141
1.832011255
1.779940284
1.851497237
1.850424556
1.859657082
1.868184967
1.864619972
1.787297256
1.778465839
1.857200346
1.863003286
1.737898982
1.743105902
1.734343476
1.732254855
1.759001096
1.75259628
1.747446634
1.747186668
1.747102217
1.921957467
1.936107606
1.885956105
1.940298401
1.85127821
1.941444461
1.939685283
1.941528292
1.943339515
1.950645314
1.95077304
1.963437771
1.772691898
1.761330811
1.769207854
1.970979648
1.889234623
1.914417142
1.974663778
1.866241673
1.990288343
1.983028907
1.928290263
1.951526426
1.80435598
1.791743975
1.810715224
1.811412274
1.822997758
1.840042161
1.773294248
1.848517599
1.858472568
1.849519515
1.852975218
1.874491118
1.773584928
1.771259254
1.76350732
1.858739372
1.852479396
1.862028471
1.735764515
1.733154436
1.738787204
1.729810988
1.728341
1.752730837
1.74730292
1.741705619
1.739851801
1.904401669
1.933081572
1.945924693
1.869126956
1.950398188
1.946045396
1.94016644
1.936844714
1.937838559
1.945469368
1.950498741
1.942450794
1.768046197
1.757125802
1.760530964
1.958864934
1.886284232
1.89460536
1.89941337
1.977593393
1.863018975
1.981769589
1.959819845
1.91797664
1.947971118
1.782848522
1.791762555
1.797517974
1.815384009
1.835528184
1.860952228
1.761332682
1.8532543
1.844131504
1.865501737
1.845349569
1.761183163
1.768421819
1.758239323
1.751969106
1.860081775
1.851320582
1.731330528
1.731606807
1.729775715
1.733302982
1.726560553
1.725227247
1.74994338
1.742163017
1.735904047
1.927614108
1.893280976
1.95300758
1.957056449
1.949779814
1.942884276
1.935090635
1.934138691
1.934681698
1.939227534
1.757730876
1.752529478
1.749755359
1.940131106
1.872349505
1.883134377
1.8780584
1.886460035
1.953741134
1.867869916
1.956146331
1.939586022
1.906466568
1.925352787
1.777721401
1.786796524
1.804934659
1.825806069
1.848671788
1.879441557
1.752738463
1.860675086
1.845943748
1.845870468
1.755890716
1.763170792
1.772702176
1.751228918
1.744593092
1.865594317
1.858269034
1.851074242
1.72804786
1.726337032
1.72677789
1.726596511
1.730477025
1.722419916
1.723732759
1.743208718
1.736324786
1.914457828
1.95262543
1.969425464
1.963411528
1.953169821
1.941360397
1.934526463
1.93017575
1.930239989
1.746488681
1.742734426
1.740437163
1.92604614
1.862576255
1.870754013
1.860327263
1.858959405
1.872743459
1.908293043
1.927067063
1.874331292
1.930982324
1.919293789
1.889565313
1.784539525
1.804661415
1.834275875
1.869101155
1.912757108
1.742675927
1.851309916
1.846458424
1.763974468
1.755081596
1.774606188
1.785514587
1.746029164
1.739252712
1.86981708
1.859059611
1.851186573
1.724638912
1.725318572
1.723686559
1.722745884
1.722668501
1.730664897
1.720126845
1.717354854
1.719656331
1.722527113
1.725827974
1.721545116
1.72029184
1.721030999
1.734801094
1.951884658
1.969112393
1.970173862
1.960833138
1.949826403
1.940598622
1.933394516
1.92468051
1.738661281
1.73528675
1.734329772
1.912834829
1.849171071
1.850707007
1.839033651
1.842999654
1.859634842
1.885911092
1.875288367
1.902860019
1.872691351
1.901138776
1.896596857
1.802670841
1.829792225
1.867575126
1.911015477
1.946516973
1.736334278
1.851896831
1.762013174
1.774254894
1.747364791
1.78849485
1.799708613
1.739604111
1.735166743
1.865349863
1.857458494
1.853387122
1.721982105
1.722224559
1.720601834
1.728849791
1.718836724
1.718020895
1.716566796
1.716443706
1.715447727
1.718715878
1.719568931
1.725241096
1.721756147
1.719525709
1.719746123
1.71840275
1.717893413
1.729804618
1.962674114
1.962755109
1.95128912
1.943347247
1.937457458
1.932672685
1.925980304
1.733918496
1.731717877
1.730354649
1.916737859
1.896878082
1.842581799
1.854431266
1.831857609
1.824824118
1.832284334
1.854880447
1.856507548
1.867451438
1.878982051
1.863519561
1.871298286
1.869037389
1.822658175
1.859338194
1.896577397
1.926282962
1.944760031
1.732527822
1.749790033
1.766323586
1.781161467
1.7401259
1.796482116
1.820188851
1.734035913
1.731815013
1.86029182
1.856360545
1.857291899
1.719720596
1.717075354
1.714607854
1.715497
1.715114269
1.713866458
1.857688509
1.840443538
1.723107207
1.795697581
1.71755522
1.727627477
1.718928649
1.720803782
1.717139281
1.718103307
1.716424737
1.715817806
1.729836036
1.9531029
1.943225029
1.928801146
1.922061603
1.915960142
1.921434623
1.728246102
1.726603203
1.902655183
1.878551262
1.842755493
1.854657317
1.822066644
1.814350333
1.821360929
1.83729322
1.84595046
1.855783456
1.85791174
1.84963651
1.850874191
1.849832046
1.879342364
1.914292846
1.933702497
1.932827287
1.728205421
1.740699574
1.755981393
1.776148079
1.734153177
1.817623795
1.846774009
1.728585283
1.724543802
1.857954032
1.858731678
1.71564898
1.712833556
1.71352378
1.713800342
1.714474356
1.714013556
1.712652267
1.855032519
1.820299325
1.821405381
1.725593801
1.723378962
1.815935538
1.793864855
1.722107374
1.711382813
1.711813375
1.716946238
1.725324343
1.718995309
1.721690978
1.715043064
1.716060141
1.714298122
1.713361429
1.932035492
1.923546941
1.909870476
1.897333122
1.897834039
1.721754469
1.721060418
1.875042086
1.853139643
1.833921729
1.850149333
1.812167434
1.796104716
1.807683623
1.8069625
1.823747505
1.832443342
1.852943843
1.82502252
1.825800918
1.879537644
1.907393623
1.92170551
1.924444872
1.913088732
1.734858549
1.747496075
1.765438695
1.729196481
1.839467711
1.864482068
1.723882976
1.720184374
1.858242216
1.855136588
1.715038769
1.711686249
1.711839812
1.71223342
1.712814201
1.713327917
1.849118328
1.798340459
1.799230996
1.722394493
1.834889899
1.810545982
1.784288762
1.71838171
1.710079228
1.710378736
1.713086677
1.711341671
1.711330559
1.71912608
1.779009655
1.740315705
1.717038003
1.718321605
1.719265066
1.717106442
1.713010986
1.711766627
1.710551727
1.7109015
1.908711974
1.902537737
1.884624912
1.873908514
1.717122188
1.850852649
1.830083818
1.815796587
1.838992392
1.795321066
1.782307521
1.788945847
1.785891026
1.800331655
1.80612861
1.84235433
1.798947168
1.799658752
1.883999052
1.898016838
1.898690949
1.905508331
1.901273012
1.891129736
1.730973024
1.754906903
1.725777969
1.86135189
1.721390669
1.717770412
1.851010343
1.841967874
1.715056427
1.709994243
1.709841708
1.710224159
1.841659975
1.776901761
1.848984778
1.819699881
1.796113327
1.772122885
1.716205486
1.708921681
1.708862838
1.709696942
1.715085855
1.713218682
1.711228455
1.709528091
1.715355094
1.768215295
1.761401354
1.735278704
1.743207236
1.709188955
1.724082648
1.708304064
1.717236124
1.714549572
1.714911044
1.713186583
1.709719233
1.710674289
1.709817222
1.709578283
1.709659366
1.883369091
1.866850452
1.857845663
1.714586658
1.831593604
1.808187628
1.820043581
1.802724957
1.782744703
1.769287861
1.775453483
1.775061486
1.781937494
1.829560125
1.774305463
1.780534329
1.881582538
1.870378379
1.878264722
1.882026306
1.88677499
1.884254043
1.866669525
1.730174114
1.750478112
1.719166922
1.715953448
1.83437144
1.821678325
1.709077121
1.709272989
1.709365265
1.709460894
1.828304074
1.757488942
1.852165399
1.826847692
1.801712371
1.781393583
1.763456612
1.70865811
1.708890217
1.709346069
1.715070698
1.713160398
1.711039273
1.712604661
1.753913763
1.764586576
1.74771667
1.737730803
1.721918393
1.725960815
1.708260455
1.70848308
1.708007791
1.709183825
1.712649242
1.712748259
1.713032139
1.711168265
1.710935562
1.709767099
1.709702486
1.709817432
1.709462756
1.709578959
1.846681784
1.839518984
1.714509065
1.815374946
1.795870961
1.783102713
1.806280002
1.788449596
1.769433607
1.758215862
1.754105287
1.761168164
1.808278068
1.755119124
1.761812121
1.859454895
1.864371014
1.860427095
1.868361045
1.874750092
1.856802361
1.731133336
1.746871662
1.717685864
1.818024383
1.80756241
1.709069706
1.709288544
1.808147014
1.74306134
1.848653126
1.827577018
1.807247775
1.789593922
1.771076186
1.758057752
1.708689435
1.708885722
1.708828905
1.711614594
1.710173145
1.711600019
1.74382806
1.749594388
1.753414631
1.738186138
1.737773066
1.721501478
1.726051444
1.708226636
1.708445913
1.707974017
1.707779041
1.709874252
1.708587026
1.710140117
1.709198202
1.713311115
1.709282568
1.709731364
1.709588633
1.709823888
1.709442852
1.822537407
1.831004314
1.716142605
1.80075145
1.784437124
1.76783493
1.790678879
1.772317468
1.759369734
1.752718308
1.743714096
1.739280956
1.78389645
1.741055714
1.73574971
1.748397437
1.842288321
1.842388085
1.845355678
1.854498274
1.850080536
1.730731116
1.736996712
1.745354617
1.753504084
1.720017539
1.797196897
1.790079112
1.709084253
1.70926939
1.785954769
1.733477196
1.82654872
1.809708889
1.795683984
1.777196833
1.762572454
1.708658563
1.708859179
1.707525729
1.707534339
1.708801367
1.707739022
1.711922759
1.746043708
1.740583986
1.74940521
1.734190171
1.725062715
1.708171773
1.708384309
1.707895934
1.707700686
1.707713218
1.70741782
1.707121383
1.708546359
1.710047089
1.710865137
1.706638695
1.709656665
1.712929538
1.753220806
1.707380286
1.715380475
1.709742353
1.709427201
1.709549969
1.709830546
1.80919119
1.82674355
1.719501373
1.787124167
1.77387358
1.756301803
1.773656297
1.763098964
1.755007264
1.754093017
1.730424718
1.765258299
1.763359331
1.732992552
1.728577343
1.738736503
1.821615901
1.824368425
1.822193746
1.827497771
1.836029841
1.729794972
1.73639405
1.744748539
1.750009102
1.755454624
1.72382826
1.773590335
1.773630344
1.709058319
1.709235875
1.728979798
1.811159105
1.805391457
1.797108038
1.781061809
1.764034176
1.708578313
1.708804701
1.707265261
1.70743134
1.706768129
1.706869274
1.757556562
1.742074507
1.733544658
1.708082612
1.708287109
1.707788106
1.707603398
1.706418481
1.706234318
1.706982546
1.70709305
1.708523875
1.714841804
1.711578576
1.706509746
1.709652394
1.718064275
1.753406189
1.767924111
1.709831742
1.751789926
1.809204998
1.707343053
1.72630697
1.764959415
1.70619583
1.816294907
1.716815854
1.74654443
1.706003607
1.721595359
1.709732945
1.709404118
1.709556509
1.796607255
1.815704927
1.726093756
1.774270869
1.76264484
1.764530896
1.758649635
1.75576904
1.763306831
1.725191871
1.760388255
1.751618903
1.727277309
1.724867432
1.731746587
1.809125206
1.803544559
1.798510996
1.729955113
1.735535678
1.741562615
1.746725987
1.752373231
1.76463271
1.70896309
1.709197087
1.728841549
1.797038879
1.791313704
1.781909469
1.766918939
1.708500623
1.707132279
1.706608806
1.706710546
1.738697377
1.707982581
1.707513987
1.70629173
1.706832183
1.706586493
1.709090053
1.72068772
1.712985552
1.706360503
1.723706386
1.753593082
1.741820147
1.771267755
1.709833005
1.744521169
1.707189537
1.722289223
1.722938406
1.721950056
1.76319548
1.706026408
1.706091106
1.800410668
1.803528649
1.718099353
1.721848661
1.739085725
1.75101393
1.740253892
1.709637055
1.707034254
1.787237953
1.797794855
1.705887174
1.705807043
1.728008113
1.709694356
1.709376829
1.709520536
1.788372373
1.733113823
1.758688408
1.775467079
1.766239102
1.759121383
1.756845209
1.758451925
1.726210179
1.722391461
1.755827873
1.751084002
1.743892101
1.721708438
1.73243043
1.725025315
1.791082254
1.790136483
1.786729951
1.787885537
1.736565009
1.741395944
1.738317363
1.745540303
1.755860425
1.708664082
1.708882061
1.709094783
1.73360206
1.785380245
1.778751004
1.768318562
1.708162208
1.706944154
1.706448937
1.706555636
1.707641985
1.707164026
1.70614477
1.706690315
1.709741676
1.725976258
1.713602728
1.706213341
1.754050606
1.743198177
1.759136611
1.766466013
1.70982595
1.719154485
1.718840802
1.718289319
1.717782094
1.759319442
1.705928609
1.705965117
1.788714694
1.788224247
1.721211421
1.716262872
1.718168583
1.723894914
1.74163386
1.748548054
1.739146205
1.737352505
1.706922997
1.776125611
1.7787594
1.784825764
1.757875555
1.771083675
1.719057904
1.774145293
1.705816501
1.705784748
1.705764493
1.730022117
1.709670168
1.709506067
1.709300347
1.774997041
1.732530451
1.74761584
1.764549232
1.753500082
1.754590576
1.733309811
1.72535297
1.72060841
1.749717142
1.744479412
1.727427696
1.737546339
1.720063828
1.781699887
1.779492135
1.773108552
1.77705112
1.733812764
1.740338878
1.736278072
1.747888418
1.757002665
1.708361419
1.708588876
1.708832768
1.764766124
1.707807196
1.706806312
1.706300047
1.706443414
1.707248368
1.706014686
1.710202857
1.726083999
1.713886718
1.70608277
1.746244787
1.751377099
1.739537656
1.754948353
1.760644711
1.709810215
1.718838337
1.714949764
1.715219376
1.71477824
1.716825954
1.753522605
1.705838129
1.705867894
1.775686398
1.775867836
1.721369164
1.716085893
1.715638113
1.739267008
1.735527848
1.735087549
1.706916485
1.766353731
1.76576993
1.777229865
1.753122076
1.764344839
1.716966478
1.771673543
1.762784911
1.720113472
1.756869536
1.709029065
1.759845928
1.712789067
1.708670524
1.705758619
1.705770826
1.705760915
1.70580774
1.705784303
1.728269677
1.709460333
1.709641105
1.709234757
1.762597969
1.729571652
1.745190927
1.738685305
1.745448546
1.749613241
1.733722267
1.729743385
1.723547979
1.732278857
1.720806798
1.726006512
1.71560974
1.772050064
1.771179971
1.764311517
1.764434093
1.73194565
1.735735618
1.742132875
1.749126607
1.753980773
1.708028151
1.708255291
1.708447271
1.707425416
1.706896491
1.706482542
1.706202941
1.705910116
1.710165362
1.725510924
1.722988675
1.713030758
1.70599974
1.743800968
1.746663088
1.748254563
1.739117688
1.753348322
1.749234562
1.753087494
1.709783045
1.720059057
1.711907648
1.71156448
1.714340362
1.716947359
1.747291409
1.70578566
1.70580451
1.762743515
1.717352612
1.713341135
1.739820664
1.735077943
1.732878744
1.732927931
1.705899542
1.706745582
1.757433321
1.755554922
1.769686818
1.748258523
1.757571002
1.713084436
1.714953651
1.764164076
1.755680932
1.721583245
1.719283343
1.750870733
1.752756057
1.753600179
1.71168451
1.710559186
1.708341408
1.70806246
1.708898289
1.708174647
1.746486086
1.736423471
1.748734283
1.705772691
1.705762373
1.705767479
1.705873
1.705851166
1.726163916
1.72402293
1.709154011
1.709430148
1.709750315
1.7496144
1.728506573
1.741198342
1.736825784
1.730456876
1.745125926
1.740226434
1.74250323
1.735183967
1.730038397
1.724660827
1.717396879
1.712797396
1.723828328
1.764661536
1.764517292
1.757383253
1.750805944
1.731983249
1.737672715
1.743093391
1.746340902
1.74909066
1.707635284
1.707860037
1.707047081
1.70656657
1.706206221
1.705850358
1.709416659
1.706499407
1.710134405
1.705971116
1.739619041
1.743784847
1.745235386
1.744904984
1.748823325
1.745247386
1.745756169
1.719147668
1.707528247
1.708631705
1.708226226
1.714983434
1.742277589
1.705775186
1.705784884
1.713203632
1.716966239
1.715219637
1.709867322
1.73166995
1.73345978
1.730547008
1.73067675
1.706029429
1.70605875
1.74740267
1.763381835
1.741340081
1.751170499
1.711458818
1.709492443
1.757528473
1.751561479
1.721582723
1.71909017
1.742778488
1.745980992
1.745995974
1.70838422
1.710108254
1.711945461
1.707932811
1.7086336
1.707520874
1.707563437
1.708348776
1.707753552
1.738346983
1.739580951
1.736722645
1.733495713
1.74059086
1.706176429
1.738872954
1.739968115
1.744981857
1.733352157
1.741505541
1.750306637
1.707103733
1.712560224
1.72842075
1.739555522
1.73393472
1.705834348
1.705805367
1.705994701
1.705968338
1.723793839
1.726512886
1.708936312
1.709376475
1.709679299
1.738103111
1.738413095
1.729981385
1.730572694
1.72766626
1.718957615
1.740313304
1.737770189
1.735229166
1.730211747
1.724451384
1.708123305
1.713377196
1.706130771
1.757816043
1.760152791
1.754093745
1.734333169
1.738304806
1.741334925
1.744661267
1.747843447
1.70715034
1.706607142
1.706233021
1.705806145
1.706316926
1.706293247
1.705964682
1.738548316
1.743007984
1.743143823
1.741388402
1.741050712
1.740786747
1.738925814
1.718770791
1.706129363
1.706139552
1.706148088
1.706113317
1.714005995
1.738124244
1.705817349
1.705813305
1.709325283
1.714608464
1.716381647
1.706656323
1.729186913
1.730778151
1.728186589
1.706179774
1.70625589
1.737337299
1.757127182
1.72777986
1.742560262
1.707588016
1.706774567
1.75280385
1.722415769
1.719531225
1.729810261
1.706162905
1.708360044
1.709649431
1.707375046
1.707074671
1.707003293
1.708323116
1.707674269
1.70711565
1.729700974
1.724787911
1.727971148
1.731767925
1.73083072
1.73330158
1.733106982
1.739823767
1.719943089
1.740554427
1.747224045
1.706572165
1.70945999
1.711395858
1.726434372
1.727164785
1.731700015
1.731210795
1.734360665
1.706489633
1.743860511
1.727737856
1.705827532
1.706731154
1.707043025
1.707699226
1.705939665
1.706143823
1.725515836
1.728769757
1.709171373
1.708748804
1.709566197
1.724401354
1.731803253
1.713900985
1.706116519
1.735401076
1.734411614
1.729115988
1.724783218
1.706104839
1.706064884
1.753458897
1.754348347
1.749996381
1.734512289
1.737411967
1.74068457
1.744637788
1.749195156
1.706549383
1.70613185
1.705860501
1.705824154
1.706600987
1.737079032
1.741124876
1.740247412
1.737625686
1.735372354
1.735677451
1.735594519
1.733955729
1.720932075
1.716987252
1.706047132
1.706086955
1.706059245
1.705989659
1.71089682
1.712649825
1.734602394
1.705940894
1.705932859
1.707123612
1.713174935
1.717801377
1.714740404
1.70681819
1.706992194
1.728139469
1.725519148
1.706346451
1.706508325
1.722748329
1.752617108
1.706111072
1.71519338
1.738304912
1.707045496
1.721167107
1.72408109
1.706111538
1.706452315
1.706700272
1.706465467
1.708339204
1.707001309
1.706563468
1.713206265
1.71371722
1.706033793
1.717953405
1.707936709
1.724039249
1.728398982
1.72362429
1.729117633
1.726223382
1.724625863
1.706692866
1.738625996
1.744317834
1.707182219
1.709125154
1.725188338
1.724494218
1.725511962
1.720315351
1.731772563
1.72879261
1.706733757
1.740961666
1.713114976
1.705923988
1.706324203
1.7072707
1.707314221
1.707819263
1.707241329
1.712194703
1.706070277
1.706014584
1.726500065
1.739027136
1.732178678
1.71411142
1.713231312
1.712754807
1.710985316
1.70615382
1.706330936
1.726822849
1.730388819
1.708909211
1.709379086
1.70605812
1.70609544
1.706073613
1.706063527
1.730966838
1.73448441
1.72916183
1.726395325
1.723639275
1.70599245
1.705906919
1.749928498
1.749397181
1.745533101
1.733700801
1.73737675
1.743162359
1.746423332
1.706056465
1.705887763
1.705852165
1.705918617
1.706920656
1.736350579
1.738605504
1.736381236
1.733673522
1.730905426
1.731267635
1.730844594
1.729845765
1.72022694
1.716670402
1.705938652
1.705978841
1.705903226
1.705829423
1.706228756
1.730395557
1.706173564
1.706136913
1.707467654
1.710804529
1.719613831
1.716209459
1.7071417
1.707324353
1.72511667
1.722408664
1.72362498
1.706526265
1.706681009
1.707994099
1.705772785
1.748814838
1.70593107
1.705955094
1.738160537
1.732297734
1.722875032
1.70598767
1.705883372
1.706260725
1.706216813
1.706025576
1.708258304
1.706735262
1.706457436
1.706178857
1.705871811
1.705849574
1.70588206
1.716073106
1.710108552
1.718590322
1.721823241
1.740117555
1.707503671
1.707362705
1.707589283
1.722828362
1.722491152
1.722304123
1.708118647
1.729521453
1.725481245
1.727166227
1.706889733
1.706986918
1.740232726
1.705648317
1.706104936
1.707470217
1.707644358
1.706974995
1.709066885
1.723815062
1.737256663
1.731831152
1.707612173
1.70531807
1.708079205
1.714562351
1.710445778
1.710094377
1.714463343
1.70581855
1.705565382
1.727104406
1.70586313
1.737401241
1.706475392
1.726605702
1.729954248
1.709094425
1.708497576
1.705816784
1.70595603
1.727307144
1.727385917
1.733634804
1.729001928
1.725765802
1.72281191
1.705829908
1.705752758
1.746706629
1.745122551
1.745585296
1.741781146
1.733874635
1.742065122
1.744254995
1.705891021
1.705888723
1.706068471
1.707295873
1.73443483
1.736347186
1.73428858
1.732192425
1.729298583
1.727075562
1.726515909
1.726880622
1.7266942
1.719013392
1.715476702
1.705794808
1.705842502
1.705766295
1.705692061
1.705760856
1.725975969
1.706458333
1.706410001
1.707675463
1.707718763
1.707616739
1.718479787
1.7075587
1.720215352
1.720728315
1.719049294
1.706815249
1.705708966
1.705511201
1.705593071
1.745184365
1.705711787
1.70577449
1.705822889
1.733217358
1.726988417
1.722353246
1.705765102
1.706000991
1.706024029
1.705929099
1.706428874
1.706218599
1.706108992
1.705666713
1.705693418
1.70570507
1.705478019
1.705325885
1.705353681
1.70809534
1.71658425
1.73656949
1.707702789
1.707610203
1.718814429
1.720534452
1.721642534
1.723491021
1.724540138
1.707125386
1.707066232
1.739689473
1.7054547
1.706366078
1.707376049
1.708063036
1.706797154
1.707947761
1.735116628
1.730888443
1.705397664
1.705297806
1.708252115
1.708355588
1.709586171
1.713870675
1.709781161
1.705711456
1.705705144
1.723976728
1.724269063
1.705740835
1.736946053
1.738367779
1.705696838
1.705592435
1.706486926
1.727757238
1.706835177
1.726038065
1.72971673
1.708688476
1.705625186
1.705754697
1.723209073
1.732039896
1.727004988
1.722366802
1.719225889
1.705681199
1.705617895
1.742742818
1.743861993
1.741302241
1.741729529
1.73341104
1.740769769
1.705965051
1.706113327
1.706339788
1.707651895
1.707391616
1.733030684
1.731734925
1.729753856
1.724623246
1.722969921
1.722857182
1.722473441
1.723242023
1.71464184
1.705657888
1.705690859
1.705633309
1.705561941
1.705629975
1.705657781
1.721197186
1.706791033
1.706735306
1.707902244
1.707840381
1.707920497
1.707959868
1.717871237
1.715868359
1.71692905
1.717685036
1.717831747
1.715885719
1.707223836
1.705455074
1.705527491
1.705399979
1.705304555
1.74128728
1.705544649
1.705614875
1.705680347
1.724224729
1.728849067
1.721770332
1.706018988
1.706167787
1.706103812
1.70626603
1.706270377
1.705556882
1.70554104
1.705485631
1.705322825
1.705243742
1.705245597
1.705860509
1.71202694
1.732554034
1.707948913
1.715380628
1.718215487
1.720514642
1.707368577
1.738162693
1.706702554
1.707850364
1.707229098
1.706835521
1.708309976
1.729321928
1.705364803
1.708518933
1.708741013
1.708691699
1.708702039
1.712212388
1.708562031
1.705623153
1.705602126
1.721433929
1.720529767
1.705615936
1.735404093
1.735210276
1.705582719
1.705737658
1.706549594
1.706725219
1.722616053
1.724776014
1.720151313
1.7056037
1.72205744
1.706438539
1.726154886
1.706663324
1.707213271
1.72514517
1.729367111
1.708293449
1.705474909
1.705611062
1.718252941
1.727951238
1.720819169
1.715260309
1.705543891
1.705484602
1.738752999
1.740129639
1.736897161
1.737338211
1.732182392
1.73686236
1.706288186
1.706528335
1.707739158
1.708002202
1.728998962
1.725456205
1.719116443
1.71953978
1.719231945
1.71916266
1.717966131
1.709046886
1.705540974
1.705580481
1.7055097
1.705445994
1.705539303
1.705548827
1.716359737
1.707162893
1.707123793
1.708137646
1.708105453
1.708137525
1.708351023
1.715790728
1.713612197
1.713009197
1.714230538
1.714753916
1.713566202
1.707592128
1.70769806
1.70535628
1.70528146
1.705401234
1.705206312
1.705192792
1.736588095
1.70540124
1.705469721
1.705540293
1.716040818
1.723696038
1.718034792
1.706319334
1.706607842
1.706499833
1.706551376
1.705407237
1.705340978
1.705217389
1.706203175
1.706068281
1.727849749
1.713194473
1.716192073
1.714127814
1.734342498
1.70707876
1.707645066
1.707217353
1.707020036
1.708699139
1.72490568
1.705761714
1.705409268
1.7088938
1.70907431
1.709065116
1.709032313
1.7089915
1.705545436
1.717900728
1.71790658
1.705516201
1.731379378
1.729857012
1.705474898
1.706835283
1.706988347
1.707082937
1.717015997
1.7188923
1.720500213
1.716860476
1.705590333
1.717841641
1.715914656
1.706834184
1.70701621
1.706947827
1.709220131
1.714912002
1.707633582
1.72093288
1.727024045
1.707994945
1.705334872
1.705473016
1.715321678
1.714491309
1.720495277
1.720379959
1.722787944
1.712445898
1.712463106
1.705773855
1.706984559
1.705413071
1.705361408
1.733942653
1.735283053
1.731511686
1.731691975
1.732170351
1.706821906
1.708132867
1.708309049
1.717736003
1.713483098
1.714410654
1.715980573
1.715673055
1.713905248
1.705437403
1.705483348
1.705395088
1.705483623
1.71267527
1.707576616
1.707543358
1.708408365
1.708419523
1.708745275
1.709069915
1.711635797
1.712065449
1.711346211
1.711730837
1.711945951
1.711755621
1.708029636
1.705233307
1.705267438
1.705181154
1.70518896
1.705168901
1.729145427
1.705278323
1.705337073
1.705403897
1.70925191
1.706496914
1.717806961
1.71286364
1.709217159
1.70681349
1.707184433
1.707167044
1.705272574
1.705219884
1.70536175
1.706452493
1.706295514
1.718226297
1.712746839
1.728400653
1.707489281
1.707568097
1.707341113
1.707310931
1.70908678
1.705726882
1.706118443
1.709327629
1.709328856
1.7093402
1.705537028
1.714866872
1.72370493
1.707339873
1.707468012
1.707481613
1.712768011
1.713934001
1.715111842
1.713643027
1.705615027
1.713255173
1.711820123
1.707308729
1.707448194
1.707330943
1.709461137
1.712917412
1.711872827
1.70675275
1.708456867
1.710317859
1.707637363
1.708024063
1.709233642
1.716079071
1.720130983
1.707843807
1.705222278
1.705348445
1.712469503
1.714008201
1.714268597
1.708157529
1.707174654
1.705679829
1.705772604
1.705309145
1.705325064
1.705283758
1.727055301
1.728353008
1.722527979
1.707301074
1.708424713
1.708709372
1.712145938
1.711017795
1.710287224
1.712819794
1.710633505
1.705372745
1.705426954
1.705479431
1.708029369
1.707967556
1.708737218
1.70907936
1.709451036
1.710375103
1.710333161
1.709993109
1.709594183
1.710796253
1.71020286
1.708325735
1.705161496
1.705164623
1.705150268
1.705384447
1.705224079
1.718151159
1.714442414
1.705191726
1.70523166
1.705288197
1.707024617
1.706929768
1.709415844
1.709545512
1.707775534
1.707804068
1.707816982
1.70777049
1.705171633
1.705151567
1.705719153
1.70687791
1.706528143
1.707398729
1.709903835
1.717596859
1.707903477
1.707617464
1.707586926
1.709382563
1.706228591
1.709540607
1.70955748
1.705597751
1.707841488
1.707893722
1.707850075
1.711148203
1.710239549
1.71133174
1.711465329
1.708790966
1.708160393
1.707822235
1.707691168
1.710539569
1.711434184
1.709701925
1.708720686
1.709279499
1.707936767
1.707916528
1.707865504
1.706970572
1.708992137
1.705294303
1.708503011
1.709473701
1.70952008
1.709167358
1.709083513
1.707851934
1.705151266
1.705250147
1.709962575
1.709528967
1.709307876
1.705942619
1.705875966
1.705767317
1.705916139
1.705240571
1.705346055
1.705246388
1.711922905
1.707937108
1.70802925
1.708669547
1.70881081
1.709061827
1.709060387
1.709084688
1.708705463
1.708981827
1.708740141
1.710011739
1.70814578
1.705409645
1.705534039
1.708422762
1.708347614
1.709382796
1.709646191
1.708809504
1.709063589
1.708835554
1.708637866
1.705134982
1.705231272
1.705529805
1.708589652
1.708365883
1.705165558
1.705208218
1.707338389
1.709618632
1.708273968
1.708393967
1.708350097
1.708352184
1.708226884
1.705127807
1.70600273
1.707372548
1.706797505
1.707651955
1.707882591
1.709055866
1.708233167
1.707770976
1.709599462
1.706487162
1.709655554
1.709677338
1.705715096
1.70820845
1.708188472
1.708132531
1.708455777
1.709991137
1.706056405
1.706118705
1.708258256
1.708849463
1.70905014
1.708908725
1.708130795
1.708079849
1.708131715
1.707951115
1.707360346
1.708983852
1.705377885
1.705309263
1.70930857
1.708548448
1.70892871
1.708832135
1.709624172
1.709352278
1.709533192
1.709602063
1.709664407
1.709441718
1.70798014
1.705149156
1.705195439
1.708538977
1.708199411
1.706331154
1.706918048
1.706029036
1.705917449
1.706093125
1.705479251
1.705257575
1.7090009
1.708296758
1.708708321
1.709057603
1.709373456
1.709362635
1.706801854
1.707317921
1.706900418
1.70717793
1.707767465
1.70717242
1.706950946
1.705780442
1.708755121
1.708659817
1.709622203
1.709700743
1.709719713
1.708715191
1.708830237
1.709038481
1.708416092
1.708543468
1.705320076
1.705967255
1.708720308
1.705175526
1.707855942
1.708738162
1.708808547
1.708628026
1.708470302
1.70522907
1.705368511
1.707775331
1.707182006
1.709381748
1.709228705
1.709733043
1.706844278
1.708370123
1.708276995
1.708216525
1.706506188
1.706189849
1.706171263
1.706272036
1.708855125
1.709338566
1.70892338
1.708177561
1.708194411
1.708112238
1.70817905
1.707846876
1.707772691
1.705528635
1.705458773
1.705394596
1.709496704
1.708960768
1.706482781
1.708990772
1.709192082
1.709271936
1.709114709
1.70965303
1.709693576
1.709581619
1.709722067
1.708168872
1.705251257
1.705226568
1.707747548
1.708070536
1.706351419
1.70622159
1.706119406
1.706320766
1.705760101
1.705357422
1.709269443
1.708248097
1.708625286
1.709118448
1.709197014
1.709337263
1.70961334
1.70962182
1.706475175
1.706586046
1.706669351
1.70683622
1.70655145
1.707309306
1.707068541
1.706075132
1.709049484
1.709748603
1.709752482
1.708798833
1.708642346
1.709001595
1.708308654
1.708414489
1.705869371
1.705291096
1.70884931
1.709019732
1.708629449
1.708458027
1.705549759
1.707616451
1.709434445
1.709774622
1.707228679
1.708276976
1.70813548
1.708109027
1.706313001
1.70636184
1.706414774
1.706443717
1.709228438
1.70958394
1.708888939
1.708042679
1.708182781
1.708234567
1.708069767
1.708225658
1.708288623
1.708128553
1.70575744
1.705622685
1.705577632
1.709551253
1.709304827
1.70681039
1.708856733
1.709126157
1.708179795
1.705858895
1.706773303
1.709499057
1.709402141
1.709549832
1.709368635
1.709681251
1.709627742
1.709714913
1.709742959
1.708318422
1.705524397
1.705406724
1.707628765
1.707990318
1.70655585
1.706465293
1.706394034
1.706584846
1.706222545
1.705658676
1.709300284
1.708631466
1.709320986
1.709174804
1.709441833
1.709758259
1.709759209
1.709743172
1.706615881
1.706663582
1.706960229
1.70722614
1.709791978
1.709766461
1.708736437
1.708553201
1.708953882
1.708321753
1.706348984
1.705621874
1.708672609
1.708956252
1.708379969
1.708185902
1.706117144
1.708151832
1.707635467
1.709482239
1.707917193
1.707843987
1.706520434
1.706620953
1.70657187
1.706648936
1.709720391
1.708816414
1.707787351
1.708045512
1.708252054
1.707842913
1.708586208
1.70604104
1.705987753
1.709582781
1.709526153
1.707282899
1.709025591
1.7079292
1.706250251
1.706758712
1.706888057
1.706878062
1.709674818
1.709595451
1.709700304
1.709654062
1.709637128
1.709730601
1.708356199
1.706079482
1.705867958
1.707564171
1.706722939
1.706742937
1.706783805
1.706675225
1.706587702
1.706236611
1.709246175
1.709390828
1.708937589
1.709082324
1.709326184
1.708919007
1.709504323
1.709797771
1.709789497
1.709785863
1.707015166
1.707225068
1.709756694
1.708636987
1.708424937
1.708891405
1.708116567
1.707181551
1.706223304
1.708286647
1.708624454
1.707978796
1.707806677
1.706813963
1.708591555
1.708094913
1.709527541
1.707545393
1.70750574
1.706793669
1.706901801
1.706883388
1.709762473
1.708731171
1.707491345
1.707827259
1.708152208
1.707576268
1.708891176
1.706568133
1.70649046
1.709593483
1.709586396
1.709637609
1.707823335
1.70776029
1.706729664
1.706870767
1.706969416
1.707596721
1.709723483
1.709672754
1.709635849
1.70960486
1.709595613
1.709716775
1.70825646
1.706912194
1.706641572
1.707463084
1.706896285
1.706982188
1.706954912
1.707087329
1.706977252
1.706958029
1.709389876
1.709457377
1.709168785
1.708576272
1.708902487
1.709211727
1.708466535
1.709427792
1.709748475
1.709736465
1.707083046
1.707233947
1.708568305
1.708258235
1.708809801
1.707977713
1.708160857
1.70768567
1.707024718
1.707831399
1.70814237
1.707566917
1.707434954
1.709020357
1.708553636
1.709555783
1.707254108
1.707243559
1.707069347
1.707150284
1.709708013
1.707264884
1.707973303
1.707361148
1.706905842
1.707051655
1.709628154
1.707689913
1.707129882
1.707035352
1.7070269
1.707444161
1.707772275
1.709574551
1.709585382
1.70954139
1.709530761
1.709550798
1.709595627
1.70805575
1.707790971
1.707671345
1.707438009
1.707121576
1.707247013
1.70728605
1.707325516
1.707235814
1.707624452
1.709326504
1.709446173
1.709501375
1.707983723
1.708342799
1.708059237
1.708633351
1.708935905
1.709086245
1.709441622
1.709590816
1.709550381
1.707171253
1.707286392
1.708701712
1.708459066
1.708192206
1.707924068
1.70850301
1.70880288
1.707477599
1.707715077
1.707304912
1.707217228
1.709217323
1.70950635
1.70717021
1.707164987
1.707432848
1.707206196
1.707285653
1.707507208
1.707633978
1.707429948
1.707252434
1.70717556
1.707424492
1.707639034
1.709352129
1.70779518
1.709002722
1.709451776
1.709351549
1.709290207
1.709421955
1.707855213
1.708401892
1.708351501
1.707451223
1.707411259
1.707540968
1.707675416
1.707561494
1.707677836
1.708105492
1.709392782
1.709442778
1.70759392
1.707647039
1.707994006
1.707773738
1.70824166
1.708437786
1.709335755
1.709060522
1.707352324
1.707325502
1.708562829
1.70827406
1.707995508
1.707833644
1.70897924
1.708911176
1.709070243
1.707382584
1.707474655
1.707336692
1.707279789
1.709305231
1.707363157
1.707334122
1.70774803
1.70736628
1.707395465
1.70761326
1.707540706
1.70739436
1.707559765
1.707575251
1.708050516
1.70931438
1.707711196
1.708170679
1.708361188
1.709011301
1.70901547
1.709150793
1.708900901
1.707760355
1.708848907
1.708532182
1.708767097
1.707519716
1.707803853
1.707993897
1.708081651
1.70842062
1.709319626
1.707514509
1.707540594
1.707467838
1.707495822
1.70760574
1.707694306
1.708602897
1.707510686
1.707547087
1.708382126
1.708110258
1.707758021
1.707887662
1.70920573
1.709088781
1.707582316
1.70764843
1.70779695
1.707668586
1.707731275
1.70920416
1.707841638
1.70773931
1.70799307
1.707729781
1.707683183
1.707658255
1.707830603
1.707661318
1.708260081
1.709107227
1.707837374
1.708080415
1.70750485
1.7073042
1.707508334
1.70787778
1.708488464
1.70858036
1.70871837
1.708323155
1.707842054
1.708946833
1.708660746
1.708558454
1.708761134
1.707708826
1.708169823
1.708353042
1.708361399
1.708273229
1.708470241
1.708982403
1.707783908
1.707547751
1.707886739
1.707340561
1.70723292
1.707165785
1.708128949
1.707738886
1.708172057
1.707991727
1.707786151
1.707887678
1.709041844
1.708884205
1.708082841
1.708312975
1.708476959
1.708368523
1.708443036
1.708808789
1.708483909
1.708289202
1.708210506
1.708061942
1.70815977
1.707887969
1.708038882
1.708136052
1.708379464
1.708372566
1.706893232
1.706925045
1.706932744
1.707057704
1.707382774
1.70783
1.7083452
1.708024894
1.707629831
1.708105354
1.70856247
1.70859556
1.708469963
1.708391045
1.708402175
1.708425799
1.707900197
1.707954235
1.708394302
1.708418497
1.70839979
1.708374929
1.708052213
1.708429333
1.707624032
1.708599364
1.707275514
1.707081965
1.708034401
1.707965437
1.707958527
1.708468584
1.708343572
1.708900297
1.70916583
1.70931953
1.709165655
1.709177383
1.70911789
1.708853281
1.708518049
1.708768286
1.708448983
1.708455381
1.708188021
1.708222036
1.708332213
1.708496778
1.70850517
1.708466293
1.708454123
1.706615406
1.706689944
1.706826016
1.707090472
1.706700761
1.706938485
1.707739102
1.707517826
1.707210454
1.70694893
1.708472363
1.707884127
1.708024944
1.707959635
1.707986936
1.708022277
1.708086723
1.708182928
1.708117195
1.708395936
1.708181336
1.708288773
1.708341765
1.708852017
1.709352036
1.707774123
1.709513144
1.707480219
1.708012383
1.708077659
1.707702862
1.709807151
1.710007079
1.710052989
1.709841484
1.709736657
1.709550592
1.709272647
1.709002419
1.708769144
1.708633052
1.70858542
1.708446338
1.708322147
1.708531799
1.70855231
1.708448311
1.708360627
1.708631689
1.70667008
1.706474626
1.70700097
1.707231073
1.707716024
1.706442527
1.706456384
1.707005093
1.707046865
1.706772613
1.706605598
1.708780817
1.707390751
1.707220215
1.70737069
1.707484292
1.70746653
1.707621818
1.707776757
1.707820815
1.708261331
1.708190963
1.707993013
1.709156644
1.709347852
1.708561851
1.70986724
1.710271136
1.708273719
1.710371222
1.708109036
1.710551481
1.710578518
1.710429755
1.71018987
1.709921303
1.709578337
1.709276781
1.708923251
1.708719673
1.708554177
1.708519785
1.708541396
1.708468375
1.708408082
1.708518539
1.708551622
1.708238472
1.708102042
1.708654845
1.708280668
1.706783185
1.707228048
1.706508903
1.707747272
1.708054793
1.70866104
1.706436472
1.706378679
1.706605128
1.706567035
1.706728524
1.706417177
1.706466123
1.708890119
1.706859971
1.706882931
1.706994031
1.706999708
1.7071516
1.707320168
1.707378553
1.70761489
1.708402651
1.708274389
1.707843144
1.709576851
1.71009605
1.710300777
1.709273769
1.710673905
1.710897205
1.710910415
1.710885352
1.710652839
1.710313213
1.71005301
1.709617966
1.709135571
1.70887735
1.70849896
1.708382014
1.708255534
1.708553062
1.70851466
1.708172068
1.708357392
1.70844187
1.708526672
1.707942994
1.707795407
1.708501512
1.707974404
1.707856421
1.707546043
1.707077954
1.707567458
1.708111315
1.706934196
1.708780138
1.709072219
1.709668771
1.706685204
1.706534866
1.706575449
1.706563132
1.706528654
1.706620007
1.706558317
1.708768838
1.706662514
1.706728224
1.706738521
1.706827765
1.706952793
1.707015258
1.707203404
1.707428645
1.708435233
1.710208642
1.710431935
1.710785818
1.710918894
1.711051634
1.711031374
1.710960152
1.710591857
1.710714466
1.710176321
1.709662993
1.709411096
1.70885151
1.70831686
1.708191603
1.707860801
1.707878113
1.708539519
1.708520964
1.707891269
1.70812116
1.708253162
1.708422879
1.707644784
1.707483655
1.708258507
1.707742671
1.707524726
1.707403495
1.707254714
1.707943649
1.707807626
1.708626703
1.70846715
1.709192851
1.707432806
1.709746673
1.709984426
1.710432945
1.707137405
1.707117292
1.7067779
1.706852081
1.70699065
1.706953501
1.706823838
1.708524116
1.706777488
1.706789605
1.706810027
1.706865054
1.706964993
1.707123328
1.708533654
1.710750983
1.710862204
1.710959437
1.710997288
1.710862291
1.710582735
1.71042467
1.709999093
1.709795342
1.709236266
1.7086379
1.70839878
1.707819996
1.707464328
1.707279295
1.708479224
1.707874793
1.707644497
1.708048132
1.708275404
1.707431146
1.707287528
1.708058239
1.707706241
1.707402888
1.707154404
1.706934952
1.707130589
1.708808614
1.708974462
1.708404242
1.709586216
1.709393691
1.710000381
1.708047106
1.710335425
1.710505707
1.71068445
1.708038692
1.707718577
1.707332386
1.707357587
1.707530362
1.707800002
1.707197343
1.708341416
1.707053709
1.706980196
1.70700324
1.706977879
1.707027002
1.70850481
1.710743998
1.710569081
1.71048505
1.710104067
1.709596991
1.709418527
1.70887602
1.708641633
1.708068791
1.707532798
1.70735392
1.707033517
1.70686846
1.70832746
1.707686965
1.707855863
1.707509691
1.708082429
1.707386307
1.707279507
1.708039056
1.707584671
1.707985542
1.707230541
1.706974319
1.70671082
1.70726332
1.709304526
1.709623552
1.709734675
1.708991523
1.710138362
1.709995861
1.710309247
1.70893376
1.710364148
1.710433859
1.710347965
1.708648757
1.708181723
1.708176178
1.707927412
1.708465071
1.70765897
1.708363782
1.70745144
1.707446044
1.707282121
1.707198065
1.70837526
1.71006396
1.709656758
1.709488672
1.708946895
1.708346698
1.708239429
1.707663834
1.707491711
1.707054853
1.706730873
1.706673805
1.706599081
1.708135947
1.707749454
1.707620766
1.707922004
1.707539446
1.707504462
1.707937001
1.707593243
1.708292616
1.7073637
1.707020648
1.706715334
1.707600755
1.707740329
1.709838781
1.70967584
1.709948431
1.709999854
1.709640472
1.710100302
1.710023317
1.710007253
1.709474761
1.709792185
1.709791221
1.709458116
1.709268682
1.70908665
1.709101429
1.708823176
1.708479101
1.708181138
1.708643011
1.708134108
1.70785054
1.707627217
1.708185402
1.708977141
1.708479219
1.708276081
1.70772258
1.707275104
1.706873009
1.706724995
1.706544273
1.706520471
1.706541729
1.707983004
1.707768233
1.707847221
1.707711555
1.707889422
1.708318121
1.708048672
1.707916538
1.70863795
1.70763526
1.707322999
1.706994252
1.708126772
1.708109723
1.707947334
1.709862158
1.709791462
1.709881023
1.709710859
1.709909007
1.709502199
1.709476794
1.70914895
1.709878381
1.708772784
1.708729584
1.708301827
1.709810082
1.709843562
1.709653163
1.709369102
1.70898277
1.708966147
1.709025866
1.708628769
1.708255921
1.708011556
1.70780505
1.70740403
1.707250157
1.706956838
1.706735143
1.706666745
1.706634169
1.706782441
1.707004835
1.707912847
1.707883339
1.707919521
1.708390236
1.708428677
1.708614393
1.708389361
1.708273606
1.708893577
1.708091679
1.707845241
1.708729962
1.708281103
1.708540908
1.708174239
1.709470928
1.709559485
1.709246508
1.709796296
1.708909624
1.7099989
1.708541326
1.708432227
1.707952536
1.710122727
1.707570265
1.707626953
1.707205413
1.710211163
1.710182427
1.710002628
1.70971123
1.70946507
1.709305503
1.70897659
1.707927702
1.706940282
1.706800172
1.706789875
1.706803228
1.706964107
1.707211574
1.707309239
1.707780771
1.7079484
1.708027581
1.708889526
1.708568527
1.708567875
1.708668372
1.70864846
1.70871977
1.708880823
1.708729396
1.708788342
1.709256888
1.708488264
1.708627811
1.708924534
1.708246737
1.709076449
1.708660264
1.708772174
1.709156716
1.708298081
1.709541573
1.707852541
1.709882682
1.707449551
1.707279655
1.706811159
1.710006272
1.706725875
1.706623164
1.710221971
1.710261222
1.710132247
1.709936369
1.709532605
1.709303101
1.70797743
1.706684752
1.706914597
1.707060086
1.707416017
1.7078917
1.708284786
1.708367578
1.708080814
1.709249387
1.708365047
1.708323315
1.708594458
1.70841438
1.708902195
1.709194897
1.7086293
1.709455976
1.709374526
1.709563927
1.708857673
1.708687786
1.708473096
1.709125892
1.708264293
1.707663667
1.707772297
1.708197216
1.708682217
1.707292221
1.709182505
1.706893373
1.706607912
1.706514472
1.706379973
1.709710356
1.709260045
1.706467338
1.706720422
1.709983387
1.710069494
1.709974652
1.709810504
1.708374641
1.708889462
1.708155488
1.707185234
1.707830527
1.708002696
1.708639875
1.709137908
1.709431554
1.709368126
1.707744443
1.707825474
1.708023309
1.708509488
1.707953253
1.709024052
1.709444306
1.709882806
1.710148447
1.709541636
1.70884701
1.708987815
1.70867284
1.708454164
1.70912765
1.707436651
1.70687275
1.706861381
1.707234664
1.707638804
1.708061784
1.706564662
1.708221412
1.706380011
1.706315279
1.706347063
1.706683933
1.708669377
1.709166177
1.706965435
1.707537693
1.709478274
1.709531259
1.70968604
1.707837498
1.708231311
1.708408483
1.708265308
1.70928347
1.709063603
1.709864815
1.710165637
1.709190244
1.70713436
1.706958577
1.707158715
1.707604518
1.70821124
1.708688165
1.709554881
1.710051462
1.710503504
1.709131395
1.708790114
1.70885945
1.70890873
1.708650774
1.708874819
1.706586357
1.706958103
1.708636441
1.706546137
1.706471705
1.706635084
1.706809914
1.707044046
1.70712811
1.706440523
1.707484168
1.706506738
1.706712802
1.706899184
1.707656154
1.707989158
1.70845042
1.708085939
1.708835143
1.708644135
1.709130593
1.707343055
1.707546175
1.708646507
1.709657521
1.710258786
1.710461134
1.710649094
1.708721659
1.706500275
1.706221163
1.70625311
1.706995493
1.707321362
1.70818644
1.708894812
1.709977839
1.709168268
1.710568224
1.708404005
1.708375264
1.708765785
1.708779692
1.708710191
1.70840416
1.705904273
1.706294066
1.706726342
1.708427217
1.708211872
1.706609383
1.706758713
1.706767153
1.7064912
1.706456787
1.70639894
1.70651157
1.706951427
1.706832579
1.707271746
1.707750979
1.708049947
1.708996356
1.707253863
1.707451029
1.709447294
1.710130392
1.708011505
1.70706006
1.707078707
1.708788863
1.710673868
1.71089194
1.71085748
1.708019289
1.705785727
1.705568138
1.705606024
1.705910376
1.706538707
1.707273019
1.707606539
1.708547261
1.709540693
1.710278921
1.707563415
1.707359441
1.708761598
1.708639356
1.707803573
1.70557091
1.706030539
1.706397482
1.706796755
1.708384868
1.708038878
1.707732049
1.707232676
1.706847055
1.707562908
1.707638143
1.706520954
1.706313889
1.706099747
1.706076476
1.707975482
1.706273843
1.708430098
1.709116291
1.709033189
1.709645363
1.710264829
1.706414468
1.70687902
1.710523946
1.710852848
1.707017258
1.707044716
1.706892736
1.708785231
1.710879457
1.710587935
1.707277837
1.70489673
1.704994519
1.705151269
1.705154401
1.705649738
1.705865964
1.70671664
1.70779722
1.708824121
1.7093757
1.70675824
1.706493449
1.708630588
1.707231967
1.70608615
1.705548667
1.706608582
1.706874188
1.707188037
1.708055106
1.708384469
1.707688255
1.707344255
1.705275385
1.708311306
1.70777815
1.707249118
1.708713818
1.708816001
1.706943255
1.706408623
1.70600801
1.705846831
1.709216452
1.705862932
1.709716341
1.710143875
1.710281649
1.710622964
1.710812075
1.706098384
1.710850588
1.71066267
1.707325736
1.707354593
1.706995232
1.708631987
1.710110123
1.706700962
1.704600399
1.704438365
1.704853245
1.704527214
1.704557913
1.705060982
1.705917493
1.706924858
1.707515047
1.70862785
1.70627858
1.706046993
1.708420676
1.706880057
1.706982117
1.706405029
1.706099391
1.707427514
1.707534506
1.70767236
1.707824074
1.708141104
1.707503498
1.707191532
1.705472641
1.707372511
1.708977961
1.709481968
1.708394273
1.708074479
1.709799598
1.709921117
1.707407165
1.706752098
1.70609297
1.706546741
1.705981567
1.710233868
1.705901165
1.710517981
1.710678902
1.710733516
1.710693521
1.71044454
1.710251243
1.709523098
1.707796457
1.707484306
1.70709265
1.708385333
1.706500529
1.705131818
1.704602654
1.70425138
1.704102126
1.704115871
1.704497815
1.705203747
1.705677018
1.706645903
1.707709365
1.706285647
1.706178884
1.706885916
1.707931914
1.707511106
1.707283526
1.706655688
1.708168578
1.708107611
1.708063077
1.707757841
1.708016392
1.707569562
1.706364901
1.707860756
1.707353582
1.707802797
1.708040812
1.709539527
1.710014581
1.710261355
1.709264844
1.708643526
1.710445452
1.71050712
1.707938203
1.707608727
1.706982183
1.706733309
1.70634683
1.710580178
1.71053688
1.710358039
1.710308313
1.709876977
1.70926243
1.708971319
1.707745392
1.708042472
1.707207107
1.706855279
1.708136875
1.706697415
1.705606756
1.704921725
1.70465529
1.704164506
1.704000151
1.704216215
1.704497437
1.705116564
1.705941465
1.706370277
1.70682345
1.706855134
1.707188992
1.708425289
1.708555392
1.70837672
1.707913332
1.707825887
1.70849899
1.708336521
1.707868288
1.707948795
1.707110178
1.708272101
1.70813033
1.707890025
1.708281956
1.70724222
1.710193567
1.710043189
1.710323752
1.710419319
1.710388585
1.70965726
1.709121932
1.710251282
1.71026124
1.708789483
1.708146066
1.70786379
1.707282615
1.710053261
1.709700887
1.709281635
1.709112364
1.708431473
1.707636036
1.707203228
1.70748936
1.707932547
1.706524042
1.70613742
1.708032826
1.707356086
1.706305679
1.706032584
1.705251985
1.704619274
1.70458654
1.704266238
1.704330092
1.70445848
1.704838505
1.705165106
1.705792318
1.707689006
1.707814068
1.707876561
1.708754469
1.70886901
1.708523902
1.708815464
1.708543039
1.708135578
1.708055339
1.707925179
1.708596434
1.70846188
1.708270812
1.708418855
1.708596655
1.706099392
1.710048411
1.710014408
1.710000785
1.709864879
1.709884103
1.709540935
1.709791315
1.709549135
1.709166267
1.709173183
1.709097216
1.708883173
1.708336412
1.708746081
1.70837391
1.707704886
1.707536124
1.706822553
1.706399352
1.706230866
1.706937063
1.707033013
1.705466575
1.704960942
1.708150786
1.708142659
1.707708928
1.706931109
1.706140807
1.705938511
1.705347019
1.70520848
1.704851894
1.704741462
1.704898008
1.705084079
1.705234701
1.708471538
1.708643357
1.708471583
1.708245642
1.708521794
1.708973429
1.707673894
1.709179269
1.709121646
1.709082584
1.708650291
1.708611134
1.708548846
1.708363923
1.708642568
1.705620482
1.708946273
1.708969784
1.709401012
1.709602735
1.708484054
1.708450025
1.70794773
1.709489826
1.709369756
1.707479225
1.7075838
1.709033436
1.707235222
1.707065801
1.706724263
1.706221753
1.706117014
1.705579745
1.70508487
1.704992362
1.706104618
1.704249005
1.703584571
1.70843573
1.708655178
1.708602698
1.707960056
1.707737772
1.707036188
1.706853615
1.706138861
1.705613003
1.70553842
1.705280191
1.705266342
1.708801972
1.70892261
1.708658554
1.707275585
1.706903568
1.708126731
1.708902645
1.709387396
1.709603217
1.709647569
1.708542636
1.708659972
1.708210732
1.708415163
1.705345558
1.707194637
1.707127524
1.707888319
1.708475181
1.708550396
1.706475601
1.706541002
1.706067738
1.7088816
1.709006909
1.705691588
1.70580306
1.705624468
1.705760931
1.705529013
1.705360062
1.704504875
1.704008998
1.703733014
1.703761381
1.705074331
1.703155782
1.702370553
1.708682144
1.708618437
1.709404594
1.709340479
1.708715321
1.708646767
1.70786623
1.707120203
1.706871536
1.706263567
1.70577745
1.705483318
1.708460581
1.708465935
1.708298144
1.705422658
1.706431597
1.707596823
1.70858273
1.7089912
1.70963161
1.709949451
1.70811022
1.70854435
1.707496634
1.707741264
1.705367617
1.70525723
1.705849541
1.706677385
1.706922466
1.707592735
1.704698214
1.704750855
1.704500009
1.708152051
1.704411604
1.704670184
1.704804526
1.70500604
1.705144191
1.702979361
1.703339037
1.702761247
1.702713861
1.70280494
1.703486227
1.702426838
1.702036719
1.701662324
1.708656833
1.707958741
1.71004918
1.709854538
1.709392438
1.708706394
1.708373609
1.707663208
1.706945062
1.706367135
1.706179318
1.707497195
1.707359474
1.707444416
1.70437831
1.705542593
1.706864423
1.707237579
1.708314087
1.709294147
1.709670506
1.708133718
1.707451008
1.706827375
1.706698985
1.705648988
1.703709438
1.704218642
1.704815936
1.705148961
1.705923939
1.706741364
1.703508989
1.703669967
1.703800458
1.704143806
1.704482829
1.704905262
1.705179419
1.702053589
1.702071754
1.702009268
1.702130291
1.702255242
1.702296996
1.702559576
1.702293464
1.702040508
1.701484332
1.708258332
1.706797055
1.710052117
1.710042936
1.709741751
1.709449294
1.708906911
1.708247028
1.707625298
1.707421691
1.706807637
1.706182085
1.706032419
1.706339381
1.703530373
1.704808256
1.705740405
1.70743769
1.708172946
1.709078547
1.707530095
1.706786838
1.706006782
1.706090862
1.706142418
1.706319387
1.703133583
1.703214576
1.703555452
1.703837064
1.70448647
1.705231595
1.703379203
1.703733833
1.704510148
1.705049351
1.705791017
1.701937872
1.701708084
1.701466077
1.701509416
1.702241425
1.702407336
1.701950736
1.703001652
1.702666795
1.702276587
1.701613447
1.70758068
1.705502754
1.709652904
1.709805845
1.709652138
1.709461906
1.709129063
1.70867428
1.708586375
1.708139836
1.707486635
1.704971164
1.705514841
1.702751221
1.703477849
1.705190399
1.70601049
1.707193583
1.708235013
1.706991906
1.705558668
1.705853019
1.707168377
1.706535443
1.706149119
1.703684707
1.703285506
1.7032299
1.703411532
1.703759753
1.704313728
1.704306619
1.704785099
1.705948186
1.706478351
1.702081485
1.70261574
1.701595563
1.702384382
1.701396348
1.702961717
1.70159728
1.703686554
1.703920999
1.703038811
1.702408203
1.701581132
1.706876082
1.704882802
1.708820089
1.708816125
1.709077806
1.709152343
1.709092359
1.708965015
1.70862908
1.70841109
1.704484367
1.70518903
1.701960966
1.703133861
1.703844038
1.704994609
1.706135689
1.707166211
1.705623768
1.706037666
1.707945054
1.706362007
1.706322899
1.704428429
1.705116817
1.703911369
1.704033515
1.703951293
1.704127408
1.705931297
1.706412743
1.707565614
1.703310748
1.7037953
1.702813006
1.702026033
1.704120963
1.70163968
1.701604792
1.704238122
1.704679341
1.703621386
1.704948495
1.702961828
1.702067571
1.700915554
1.706462348
1.704999194
1.706988171
1.70780353
1.708299104
1.70861027
1.708723542
1.708969022
1.708985399
1.708888711
1.704795737
1.705473686
1.701898051
1.702335165
1.703171981
1.704201693
1.705294876
1.706174797
1.706533184
1.708741949
1.706451759
1.70673257
1.705366201
1.706062211
1.706881183
1.704971248
1.705456251
1.704779752
1.707675656
1.708030141
1.704812484
1.703632413
1.704628256
1.702836766
1.705778336
1.702484722
1.701897137
1.703843273
1.704792843
1.70555132
1.703174822
1.705952152
1.702259701
1.701235458
1.699270416
1.699833839
1.706451008
1.705726202
1.706025559
1.704734016
1.706789415
1.707353401
1.707625877
1.708412304
1.708638586
1.70893092
1.70904128
1.705741123
1.706238305
1.701966792
1.702268703
1.702866858
1.703646834
1.707008822
1.706905004
1.707149815
1.708961307
1.706778478
1.707197545
1.706940793
1.70709731
1.707698744
1.708346134
1.706013621
1.706489631
1.708890056
1.705596192
1.704745947
1.706361565
1.704363114
1.706747159
1.703405257
1.70285709
1.702568529
1.703836884
1.705142549
1.706186615
1.701909227
1.700818711
1.697802775
1.696915837
1.698853875
1.706777146
1.706789374
1.705135563
1.704357062
1.70342758
1.705748208
1.706076951
1.707093081
1.707447099
1.708023989
1.708267919
1.70878022
1.706954258
1.707369323
1.702945958
1.702573645
1.702621368
1.702924166
1.707561891
1.707760754
1.707600126
1.708968736
1.707149975
1.70747996
1.708146957
1.707790799
1.708318325
1.708672515
1.708915332
1.707347724
1.708741211
1.707171738
1.706640698
1.706368598
1.707291604
1.705546745
1.706553692
1.704742025
1.704596017
1.700559558
1.701970894
1.703619013
1.70522624
1.69998084
1.695627004
1.6967003
1.694402822
1.697745022
1.707170127
1.707804085
1.703933576
1.704364991
1.703510256
1.703322728
1.704611269
1.705469975
1.705779721
1.706478339
1.706722697
1.707440744
1.708076343
1.707951735
1.708053558
1.703992766
1.703529881
1.703356419
1.707862897
1.708002464
1.707652037
1.707335985
1.707395639
1.707209383
1.708422736
1.708515763
1.708226095
1.708612652
1.708606225
1.70831044
1.707303592
1.707642881
1.707787189
1.707746629
1.707303908
1.706690652
1.706672988
1.70504074
1.706513402
1.705869963
1.699561595
1.69825485
1.70125893
1.703170768
1.693862007
1.694850726
1.695717531
1.69251035
1.696079897
1.707291125
1.708223292
1.703737974
1.70367938
1.703779863
1.703763765
1.70433643
1.704000618
1.704326311
1.704340642
1.704882699
1.704982934
1.705624401
1.706403158
1.708296633
1.708011914
1.705253339
1.704781474
1.707602527
1.707591771
1.70719177
1.706815555
1.706787229
1.708087808
1.708270982
1.707881942
1.707842376
1.707459936
1.706771383
1.705403922
1.707667421
1.706436251
1.70794927
1.708086778
1.707923637
1.704554777
1.707872729
1.702513945
1.707526324
1.707077641
1.698554136
1.697263163
1.700474709
1.693737431
1.692929136
1.694382424
1.694684292
1.691854712
1.695346322
1.706876911
1.707844285
1.704159921
1.704047085
1.704538942
1.703750824
1.705189118
1.706152025
1.703637008
1.703567104
1.703643646
1.703645836
1.703994136
1.704579784
1.707783703
1.70723683
1.706632787
1.706807147
1.70657268
1.706347354
1.705960748
1.705900384
1.706017452
1.707361663
1.706952654
1.706351465
1.706228469
1.705633384
1.704817329
1.703691361
1.706760927
1.706117947
1.703856617
1.70752815
1.707983692
1.70810988
1.701677806
1.708274449
1.699676627
1.708298861
1.70818953
1.696218592
1.69659889
1.697977251
1.693572231
1.694021158
1.692957894
1.6943662
1.694612094
1.69356303
1.692600874
1.694966133
1.706014913
1.706720397
1.705549499
1.705315461
1.704646957
1.706371448
1.704067005
1.707412825
1.707971088
1.703829645
1.703442824
1.703258353
1.70313248
1.70325872
1.706566394
1.705910829
1.705580388
1.705224383
1.705157653
1.70493551
1.704922171
1.705116773
1.70584999
1.705814601
1.705091254
1.704448469
1.704329324
1.703750677
1.703126238
1.702784666
1.705611224
1.704343505
1.703477631
1.700868613
1.706676804
1.706981541
1.707774116
1.698829794
1.708335312
1.697199838
1.7088044
1.709081376
1.695238438
1.695967671
1.694588336
1.694228117
1.695026634
1.695003247
1.694952814
1.695260924
1.694675587
1.694048126
1.6950866
1.704919629
1.705158909
1.707181476
1.707471131
1.706355999
1.705493025
1.708542621
1.705130224
1.709080591
1.704345912
1.704038008
1.703397299
1.702961937
1.704851744
1.704430468
1.704365023
1.703975197
1.704175337
1.704158785
1.704220947
1.704371877
1.703969016
1.704152422
1.703964189
1.703343942
1.70288804
1.702826423
1.702536202
1.702586498
1.703106954
1.704262941
1.702715574
1.701381102
1.700482754
1.698235321
1.704721687
1.705909391
1.706957847
1.696724112
1.708202826
1.707188776
1.695725608
1.709008303
1.709592128
1.695214328
1.696224793
1.695676799
1.696175043
1.695945273
1.695985616
1.696052633
1.696627804
1.695485989
1.695107833
1.695721729
1.703944785
1.703648878
1.709001334
1.708290036
1.709241222
1.707420348
1.707083114
1.709773374
1.706045026
1.705791505
1.70477809
1.703839203
1.703355821
1.703289435
1.703578492
1.703243335
1.703684109
1.703853665
1.703938709
1.703799837
1.702802222
1.702615698
1.702320577
1.702235855
1.702309503
1.702742723
1.70360292
1.704573686
1.702003545
1.701330824
1.699529636
1.698723904
1.697654897
1.696527856
1.70329918
1.704550331
1.704959582
1.695850664
1.707604592
1.706244368
1.695592035
1.708755375
1.709643158
1.697259247
1.697485194
1.697368333
1.697472609
1.696958768
1.695699187
1.696650158
1.697357573
1.695012528
1.694459667
1.696610054
1.703406915
1.702759943
1.710056809
1.709759072
1.709176101
1.71005133
1.708807073
1.707834859
1.706881634
1.705666847
1.702571635
1.702901808
1.703462872
1.703314651
1.703821246
1.704076143
1.704134749
1.703927123
1.702368019
1.702279518
1.702426384
1.702805128
1.703094158
1.704385387
1.705581026
1.706696836
1.699603708
1.700693604
1.699047726
1.69773237
1.697215853
1.696615666
1.696288652
1.701858442
1.702256823
1.703557701
1.696274252
1.706684229
1.705110206
1.708172224
1.709506114
1.698062136
1.698412309
1.698667077
1.698465606
1.698045197
1.693605015
1.695809143
1.696801884
1.693187787
1.690615964
1.698115145
1.697536389
1.703292795
1.702753814
1.709782917
1.710087276
1.710074561
1.709911884
1.709435448
1.708677781
1.707790804
1.703415991
1.704063824
1.704160855
1.704514944
1.704703903
1.704591923
1.704183154
1.70301031
1.703116721
1.70373623
1.704554694
1.704987589
1.706648776
1.707819157
1.708723349
1.698790857
1.698158599
1.699578297
1.697798115
1.697349559
1.697061656
1.696988282
1.697180119
1.699920574
1.7008953
1.702247053
1.703847479
1.705507316
1.707198867
1.708130263
1.698186712
1.698725694
1.69915647
1.699210852
1.699274084
1.693426869
1.690615964
1.690615964
1.694068513
1.696562493
1.699027689
1.698596116
1.703372196
1.703890735
1.708628215
1.709575248
1.709762697
1.709936594
1.709809585
1.709391991
1.704759809
1.705161479
1.705503344
1.705491464
1.705427427
1.705003724
1.704232324
1.704613926
1.704954471
1.706026468
1.7069289
1.707355391
1.708792697
1.709566153
1.709934245
1.698323247
1.698058342
1.697963119
1.698472388
1.697812257
1.698089208
1.697966013
1.698204916
1.699059251
1.699773547
1.701073983
1.702533563
1.704161066
1.70545996
1.706059476
1.697155505
1.698375149
1.69911295
1.699346211
1.69964614
1.690615964
1.690615964
1.693985194
1.699679241
1.699492688
1.703186464
1.705679772
1.707802263
1.708277751
1.709077746
1.709682282
1.709968408
1.70641748
1.706358752
1.706806875
1.706354684
1.705847498
1.7050162
1.703758471
1.706684508
1.707280816
1.70858566
1.709037661
1.709618517
1.710130347
1.710182977
1.709842095
1.698321294
1.698334498
1.698608603
1.698862714
1.698257644
1.698809228
1.699344851
1.699273002
1.698435339
1.698537292
1.699145413
1.700048471
1.701268783
1.702518282
1.703101314
1.70516415
1.693899835
1.696035879
1.697330905
1.697784158
1.698758226
1.699527764
1.690615964
1.699972656
1.700130483
1.702290623
1.707500743
1.705791378
1.706996641
1.708243563
1.7091637
1.707758748
1.707324992
1.706617579
1.70559327
1.704373292
1.702711163
1.708478325
1.709055299
1.709917835
1.710147818
1.710262444
1.709994894
1.709353503
1.70829695
1.699223192
1.698761849
1.699390712
1.700028449
1.700056448
1.698423251
1.700197986
1.700300499
1.698357827
1.698295841
1.698576375
1.699206967
1.700055116
1.700530748
1.702292894
1.702933983
1.694030112
1.690615964
1.694312939
1.695961549
1.697550828
1.698750673
1.699740427
1.70005134
1.700394424
1.7009578
1.708639079
1.704230953
1.705719039
1.707229196
1.708106789
1.707121982
1.705839717
1.70443158
1.702915687
1.709327078
1.709763265
1.709739952
1.709765861
1.70929501
1.708427425
1.707333655
1.705695487
1.705902857
1.699982283
1.7005006
1.699413861
1.700620975
1.700977057
1.700828447
1.69923588
1.700579792
1.698748571
1.698413176
1.698380035
1.698660005
1.698918703
1.699961898
1.700419999
1.701557136
1.690615964
1.690615964
1.694161566
1.694975123
1.697573399
1.698152342
1.699396932
1.697821125
1.698832069
1.700944341
1.708614075
1.702858253
1.704315471
1.70735029
1.70575076
1.704101763
1.702506214
1.708819351
1.709021984
1.708094552
1.707933676
1.707004126
1.705746685
1.704299994
1.702718845
1.703037558
1.700699235
1.701117298
1.701300611
1.700499494
1.701230889
1.700692489
1.700293164
1.699955218
1.69933693
1.698828907
1.698546566
1.698554415
1.69862295
1.698936737
1.699675647
1.699076756
1.700487896
1.690615964
1.690615964
1.694491507
1.694523821
1.696610912
1.698059022
1.695202966
1.696673688
1.698668071
1.700246037
1.707273623
1.701565585
1.705412411
1.703467953
1.701767941
1.70688029
1.706904496
1.705347657
1.705072997
1.70394561
1.702607711
1.701391941
1.700289913
1.700464784
1.701351066
1.701398762
1.701288565
1.70082799
1.70105593
1.700491866
1.69873736
1.700652007
1.700120011
1.699486617
1.699355495
1.698956012
1.698772422
1.698789868
1.698805196
1.699063998
1.699585141
1.690615964
1.694279384
1.694925266
1.694931575
1.693303862
1.69657627
1.697836883
1.699162338
1.704840834
1.702660357
1.700727973
1.695243192
1.703826221
1.70415603
1.703327265
1.702009934
1.701915276
1.700887575
1.699934253
1.699247456
1.698890093
1.69889826
1.701305514
1.700900633
1.700718531
1.699701352
1.698491657
1.701364776
1.698100333
1.701289857
1.70078723
1.700590036
1.700091144
1.69962671
1.699526175
1.699139493
1.698841953
1.698755513
1.690615964
1.690615964
1.694475836
1.694072762
1.692681014
1.696111867
1.697017104
1.698184891
1.701659752
1.699741258
1.69486938
1.69536103
1.700808152
1.700866109
1.700070346
1.699243086
1.699243748
1.698585837
1.698336729
1.69837058
1.698725928
1.698539765
1.699881133
1.700757278
1.698704162
1.698139566
1.695650843
1.701018864
1.701405884
1.701393341
1.701184974
1.700810301
1.700696496
1.700203353
1.699625833
1.699097187
1.690615964
1.690615964
1.694334507
1.693828478
1.693333531
1.695831691
1.696464162
1.697436568
1.698855505
1.695589967
1.695358564
1.695728785
1.698212774
1.698301075
1.697858601
1.697614326
1.697751962
1.697819711
1.698168369
1.698648054
1.699259843
1.699545353
1.698394138
1.696466467
1.698994781
1.694749897
1.694564182
1.700693992
1.70097065
1.701384521
1.701488327
1.701465903
1.701246954
1.700791716
1.700180711
1.690615964
1.695239514
1.695575015
1.694660919
1.695891354
1.696222146
1.696942819
1.696500185
1.696501221
1.696271126
1.696343522
1.696748109
1.696934765
1.697004719
1.697300994
1.697659318
1.698494559
1.698971306
1.699704821
1.700406748
1.700711683
1.695178414
1.694430141
1.690615964
1.69828582
1.698825828
1.699989781
1.700866219
1.701038197
1.701437216
1.701460052
1.701257538
1.696975797
1.696157218
1.695480645
1.696277349
1.69629498
1.697510154
1.697655257
1.697507482
1.69712576
1.694551948
1.696600697
1.696883772
1.697414409
1.698093405
1.698564206
1.699694084
1.700141481
1.700750631
1.701149555
1.701316507
1.690615964
1.690615964
1.694718404
1.694867704
1.69659526
1.698491898
1.698848897
1.700057507
1.700859601
1.701097974
1.697877412
1.696954953
1.695426
1.696826087
1.69740595
1.69844634
1.698646624
1.69841783
1.693023694
1.690615964
1.697544102
1.697874791
1.698635672
1.699369343
1.699805588
1.70056482
1.700825057
1.700941714
1.700700297
1.700572035
1.690615964
1.690615964
1.694538631
1.694851239
1.696590518
1.698485751
1.699045018
1.698175569
1.696746723
1.695722618
1.693526643
1.698182377
1.698805256
1.69900163
1.699331534
1.690615964
1.693511899
1.698934489
1.699243244
1.699907925
1.700255625
1.70048879
1.700324637
1.700267156
1.699599826
1.698507415
1.698287095
1.690615964
1.690615964
1.694518536
1.695191817
1.696647182
1.698175026
1.693966079
1.690615964
1.699451635
1.699653588
1.699197116
1.699903258
1.700086168
1.700038605
1.699930161
1.699464004
1.698319179
1.698052513
1.696340486
1.694862049
1.694480011
1.690615964
1.690615964
1.693647611
1.695391868
1.697469859
1.690615964
1.699856717
1.699301418
1.69970779
1.699600559
1.698313116
1.69783507
1.696198494
1.694559045
1.694333263
1.690615964
1.690615964
1.690615964
1.694080036
1.697356691
1.698828964
1.697830653
1.697609173
1.694806704
1.694217253
1.690615964
1.690615964
1.690615964
1.694044417
1.696284885
1.69412062
1.694465672
1.690615964
1.690615964
1.690615964
1.690615964
