1.899405627
1.893552407
1.923754789
1.909043005
1.885693102
1.882964175
1.925734607
1.913114808
1.893356169
1.929107622
1.886520045
1.939272591
1.887498903
1.883466659
1.906620931
1.92778032
1.882448725
1.928312606
1.923074471
1.906152955
1.892903224
1.931033026
1.930122754
1.93991977
1.947780712
1.9320687
1.890245975
1.888969929
1.884386548
1.886950816
1.900609052
1.925327096
1.891398638
1.934997249
1.932145526
1.920484417
1.928374477
1.906638377
1.931468484
1.932412985
1.933995731
1.937515862
1.941941538
1.86367629
1.872005556
1.887741047
1.894809482
1.866305701
1.902084621
1.903724594
1.916718918
1.93388122
1.937328742
1.938559814
1.933934247
1.946729755
1.935926238
1.939450092
1.944610275
1.948286275
1.953295597
1.961878292
1.957194956
1.834619001
1.837701704
1.869953152
1.877060464
1.895175965
1.911054125
1.84729333
1.928102496
1.947728055
1.939019307
1.941212716
1.94566782
1.950592127
1.958551296
1.946076551
1.949999752
1.95006319
1.950868458
1.955951592
1.96469181
1.959294522
1.968731525
1.972803234
1.816443428
1.810687964
1.828481703
1.858163443
1.887956198
1.914138989
1.937549796
1.832297665
1.962643979
1.949026158
1.944784155
1.949953803
1.951999192
1.958078515
1.961254148
1.969229865
1.955522465
1.956008038
1.958351824
1.963090387
1.96736454
1.972719593
1.97350792
1.972187905
1.975863171
1.977610457
1.982737302
1.805110814
1.796347941
1.801069867
1.870218258
1.844934066
1.902365504
1.929746691
1.96583419
1.823763299
1.954032231
1.960090778
1.955921473
1.959174038
1.963119646
1.969578003
1.974683721
1.970028063
1.965245453
1.969235401
1.977075044
1.979877848
1.987099125
1.98367438
1.981155417
1.981560599
1.982212815
1.984430599
1.982979692
1.97891422
1.929064534
1.96755095
1.960684529
1.800438767
1.790547006
1.788954121
1.851663512
1.883187416
1.827163832
1.915463135
1.954338314
1.810279669
1.965216585
1.96595971
1.972058803
1.968431459
1.974504364
1.973962549
1.979624875
1.981816486
1.973415232
1.962069661
1.977506445
1.984404788
1.992679589
1.994138902
1.993323387
1.993303964
1.988016645
1.986853684
1.984428429
1.973536833
1.965417243
1.912463194
1.931993316
1.946770626
1.960887976
1.955529576
1.908684608
1.794979602
1.792556787
1.787882822
1.873072149
1.840842083
1.898132285
1.816566267
1.93328399
1.802320784
1.978922138
1.977781397
1.976636763
1.982548188
1.981134807
1.982216395
1.984520279
1.982937675
1.975861454
1.953246325
1.934788465
1.988599814
1.992980159
1.994793636
1.995509845
1.992834816
1.990252787
1.98577976
1.981327764
1.972861278
1.963780122
1.957548843
1.906041265
1.917760597
1.951869232
1.939895703
1.954763709
1.91080269
1.919269769
1.925681112
1.794486104
1.794602761
1.797838259
1.876445934
1.85485352
1.827196692
1.907084016
1.806254309
1.79703997
1.989137352
1.986906673
1.987056846
1.982641964
1.990282293
1.990180525
1.992742944
1.963587142
1.944036694
1.916208628
1.900050173
1.991635624
1.988998441
1.988716789
1.982038258
1.978654193
1.975239009
1.969908583
1.968626252
1.961324574
1.955322224
1.952550286
1.909128199
1.904044531
1.92657288
1.95014393
1.942569885
1.912492502
1.922382407
1.923367538
1.925145022
1.795140099
1.798578576
1.926990248
1.798784636
1.881557067
1.862289599
1.840286381
1.816442619
1.801732211
1.795288209
1.996383954
1.996722848
1.995782303
1.989809335
1.963434718
1.995492916
1.992843597
1.98751527
1.928807695
1.909290246
1.884010268
1.87253658
1.981473684
1.981106395
1.974510284
1.969743658
1.966350287
1.962075143
1.959008639
1.952793585
1.950518964
1.947639953
1.902452504
1.914952412
1.901538337
1.932003234
1.94028216
1.913623679
1.91987278
1.934562932
1.794581164
1.80422658
1.802264727
1.933610839
1.804438548
1.863277078
1.846682952
1.82819847
1.808449889
1.797449391
1.793500777
1.998193868
1.999705017
1.990023744
1.995699982
1.973286504
1.926719028
1.990613463
1.984849215
1.97622706
1.884433446
1.858941074
1.850165495
1.97309551
1.968935349
1.964689336
1.961749416
1.957673741
1.955252702
1.950442918
1.949699769
1.947589357
1.906901207
1.895064755
1.921447282
1.899409515
1.933879303
1.938058435
1.908835419
1.926604825
1.948381938
1.949731201
1.79232333
1.802800131
1.948990485
1.952212753
1.943268509
1.801145878
1.842933956
1.828580684
1.815153062
1.802100686
1.797234119
1.792345584
1.988570463
1.995848488
1.993066336
1.968245114
1.989705018
1.939931556
1.892395682
1.98414589
1.976220821
1.970823403
1.857877126
1.834670204
1.828941105
1.968868225
1.963193938
1.960923079
1.95609415
1.95006619
1.947581578
1.944074363
1.924712156
1.902676479
1.889252192
1.894340455
1.933665562
1.935642148
1.923893562
1.943078159
1.954933815
1.791864996
1.797244167
1.952079301
1.945281059
1.934455031
1.934309011
1.940891801
1.934661573
1.790979528
1.824648209
1.8141313
1.807518089
1.800666272
1.79610486
1.791079231
1.991942684
1.961876643
1.994735756
1.988997322
1.930665844
1.983186933
1.90393192
1.857147458
1.981822801
1.977251688
1.978496439
1.834173816
1.817558591
1.813576164
1.974735601
1.975603504
1.968516059
1.95738554
1.953241719
1.945095799
1.932077907
1.912582146
1.888640613
1.883417978
1.901988393
1.93496997
1.940568773
1.927328884
1.945084448
1.942511091
1.788471844
1.789023955
1.936607059
1.931140689
1.934958596
1.945100809
1.943690704
1.930823285
1.781546869
1.810526018
1.806143393
1.799087821
1.7964326
1.793107232
1.995447638
1.978021471
1.926549009
1.991123213
1.985615003
1.88794428
1.987786881
1.863226611
1.830652263
1.986442961
1.989843955
1.990330267
1.816219005
1.809080575
1.805213445
1.99625162
1.986473733
1.97430873
1.964466997
1.958457402
1.915077953
1.934704137
1.893346203
1.876464294
1.88154586
1.902045921
1.936436937
1.957665987
1.922847354
1.928717091
1.923537685
1.789798889
1.788105123
1.916837027
1.932741222
1.954873448
1.949893334
1.911409807
1.775306499
1.805253361
1.805216433
1.802811552
1.800809677
1.797203711
1.983994335
1.989118381
1.943667793
1.892628115
1.987247426
1.99003434
1.854952178
1.992098236
1.833526434
1.809362428
1.994113471
1.996173798
2.008004168
1.79996196
1.797712867
1.80039047
2.006092416
1.998714428
1.982733631
1.983829845
1.895467699
1.929010899
1.874672097
1.868613829
1.879733891
1.905864238
1.958890801
1.979609934
1.916942822
1.912014272
1.92323696
1.784565076
1.794286909
1.912842042
1.949968004
1.963362017
1.896036666
1.910518624
1.777410422
1.791115256
1.772474636
1.802438115
1.804097943
1.804410372
1.800048858
1.801886126
1.957407181
1.975084981
1.982088421
1.911129359
1.863045327
1.982687872
1.982499347
1.834611847
1.824870294
1.981593353
1.807470726
1.989712968
2.000902097
2.011050929
1.786452415
1.785309106
1.791031033
2.014455704
2.002641275
2.000557054
1.875317182
1.94755311
1.85953967
1.863592123
1.886618656
1.909226266
1.980357348
2.000031289
1.905929791
1.905058801
1.932081342
1.786361591
1.915687188
1.953065289
1.887548896
1.921823173
1.774473798
1.788685183
1.779878759
1.854548403
1.76823114
1.797662735
1.800206047
1.799581875
1.798901178
1.790705884
1.917491542
1.951552513
1.971859579
1.976136029
1.874380188
1.838277614
1.972801987
1.969391807
1.812658333
1.802811095
1.974054411
1.980892772
2.003787138
1.988930671
2.010452402
1.777146379
1.778033848
1.788370298
2.007706382
2.005251756
1.868672444
1.856292242
1.970567053
1.874293238
1.901875498
1.908040555
1.995613182
2.006286849
1.900634833
1.909617546
1.932064422
1.77710715
1.917007036
1.894579774
1.942684564
1.769726372
1.779316478
1.788709853
1.773826187
1.853089657
1.867430704
1.761479557
1.794584678
1.795399826
1.79208887
1.788025986
1.778738887
1.91860707
1.884414636
1.950509702
1.96791406
1.967231127
1.846190989
1.815857561
1.964635381
1.965186874
1.797930226
1.969786066
1.978492137
1.998296354
1.99069413
2.004096069
1.771239022
1.782726465
1.771876296
2.011035931
1.875055102
1.855807556
1.977265807
1.894746538
1.899745082
1.896003659
1.99526881
2.010958535
1.913575312
1.920415359
1.765939073
1.770554578
1.908502148
1.94512506
1.776342835
1.78314744
1.79182149
1.771325122
1.85031412
1.860722127
1.88184886
1.757268677
1.752085664
1.792425135
1.790249254
1.781742732
1.774062228
1.767044651
1.928604513
1.891419227
1.858739899
1.946531989
1.963679434
1.962807358
1.827587067
1.804650449
1.959051493
1.960833081
1.965389712
1.974289872
1.982198356
1.999831965
1.768103545
1.776824755
1.766658287
2.009224927
1.881319537
1.859884298
1.970528918
1.891358864
1.886420568
1.901822066
1.991881992
2.005321336
1.917496891
1.758601494
1.915776227
1.941449536
1.77919621
1.785332595
1.793832102
1.804940921
1.772727014
1.850110231
1.848043462
1.863904128
1.878298117
1.745933667
1.741642489
1.786550471
1.775999725
1.767688561
1.760277588
1.75692299
1.912654684
1.931973929
1.877259253
1.844251252
1.936881913
1.944318596
1.945558404
1.9519317
1.816260116
1.952319062
1.952334865
1.958954779
1.966341609
1.992344717
1.767909192
1.767582482
1.764518003
1.993822677
1.862523221
1.893630153
1.96612716
1.87515877
1.880942991
1.897042652
1.987882437
1.992690291
1.749788707
1.929415064
1.946465699
1.795876035
1.785531302
1.802273327
1.806261487
1.811602767
1.776966296
1.843116456
1.851775269
1.852585092
1.864791244
1.869475158
1.788422236
1.859508288
1.741056619
1.736634553
1.733550441
1.769646593
1.761714354
1.752531485
1.750129755
1.748841937
1.926480886
1.899000113
1.934848118
1.862687078
1.833752572
1.934749282
1.934831019
1.937877181
1.94562562
1.947036859
1.947319139
1.951478172
1.971939609
1.770014051
1.760776311
1.766520337
1.977814576
1.871324498
1.900745057
1.969242459
1.863844954
1.873683021
1.981433904
1.984296477
1.930980574
1.949316484
1.805317415
1.79846972
1.80907123
1.810990711
1.816563983
1.829301005
1.778212984
1.842875567
1.841949759
1.851233385
1.859463492
1.856272376
1.786088904
1.777135905
1.849021786
1.855021623
1.73362078
1.739050728
1.729909381
1.727724599
1.756072728
1.749472419
1.744143247
1.743622458
1.743299024
1.918106058
1.932171846
1.882713768
1.93575029
1.848582685
1.936815897
1.934239038
1.935228886
1.936818918
1.943166135
1.942579016
1.954400616
1.770754331
1.758872676
1.767120404
1.9627878
1.880673681
1.905828368
1.965697217
1.858693664
1.98215915
1.975676065
1.919736871
1.943202824
1.803314371
1.790705857
1.809560497
1.810370088
1.82176123
1.83882345
1.771699592
1.840424686
1.850246412
1.841390766
1.844797951
1.866278598
1.77274561
1.770174804
1.762043108
1.850747656
1.844572249
1.854156164
1.731620408
1.72880496
1.734891583
1.725327899
1.723790875
1.750015949
1.744293905
1.738375153
1.736246104
1.902339692
1.93104235
1.943246732
1.867528267
1.947833043
1.942805711
1.935985302
1.932417559
1.932471691
1.939187998
1.943085658
1.93601735
1.766201531
1.754734586
1.758342379
1.952361997
1.878627773
1.88676038
1.89160598
1.969923529
1.855247956
1.975139464
1.954083471
1.9103562
1.940802826
1.782207771
1.791235521
1.79714311
1.815026317
1.835279704
1.86053739
1.759584179
1.845736499
1.83650402
1.857883894
1.837577944
1.76010429
1.767693554
1.756885897
1.750056067
1.852341035
1.843858954
1.727062975
1.727545705
1.725339508
1.729501795
1.722007043
1.720629995
1.747184519
1.739016078
1.732366099
1.926928482
1.89258709
1.951981004
1.955828953
1.947604891
1.940375265
1.931741554
1.929900946
1.930140403
1.933730611
1.755622212
1.749942084
1.747226212
1.935415894
1.865426006
1.87622834
1.871048176
1.879579417
1.947728373
1.860347119
1.951025182
1.935463094
1.899899803
1.91933001
1.777282796
1.786553187
1.804860623
1.825903797
1.8488515
1.879567187
1.750551171
1.853865567
1.838964586
1.838674097
1.754226329
1.761936204
1.771875443
1.74929699
1.742046653
1.858267984
1.851132162
1.844277403
1.724014159
1.721799331
1.722390532
1.72235958
1.726640507
1.717758697
1.719094446
1.740178569
1.732889766
1.914635559
1.952681958
1.96939252
1.962712958
1.95222823
1.939739191
1.932117562
1.927439981
1.926578466
1.743900333
1.739761331
1.737426304
1.923021114
1.85653017
1.86455968
1.854279964
1.852838275
1.866857897
1.903394386
1.922525103
1.867294665
1.927298196
1.91662981
1.884137317
1.783942774
1.804441163
1.834294178
1.869404319
1.913197587
1.739896078
1.845058152
1.839951701
1.761898721
1.75261498
1.773023907
1.78415699
1.743343803
1.736031641
1.8630861
1.852631748
1.845094856
1.720408603
1.721177272
1.719196348
1.718162345
1.718016558
1.726904786
1.715479334
1.712561691
1.714932204
1.718120248
1.721762023
1.716838828
1.71556508
1.71630092
1.73132548
1.952411159
1.969676165
1.970445804
1.960966423
1.949506711
1.939678839
1.932140366
1.922632486
1.735509132
1.731837731
1.730814636
1.911282116
1.84365987
1.845289736
1.83375469
1.837748102
1.854718026
1.882104586
1.870891215
1.899521177
1.866303539
1.898650176
1.895044803
1.801735832
1.829141449
1.867491299
1.911152877
1.946927602
1.732936648
1.846110677
1.758903957
1.771698069
1.744081677
1.786167231
1.797796563
1.736060096
1.731328994
1.859273566
1.851714914
1.847980772
1.717610681
1.717914147
1.716048519
1.724964573
1.714219657
1.71331292
1.711692126
1.711691179
1.710600201
1.713917927
1.715046173
1.721082703
1.717422466
1.714741968
1.714984423
1.713610761
1.713041011
1.725882831
1.963237649
1.963428157
1.951935832
1.943797012
1.93754529
1.932520559
1.925139608
1.73021666
1.727883764
1.726386815
1.916152839
1.896255576
1.837663949
1.849322785
1.827115262
1.820245034
1.827810597
1.850807996
1.852969562
1.864518504
1.876574546
1.857840095
1.869664261
1.868169537
1.821022971
1.858440513
1.895949758
1.926071888
1.944794695
1.728604177
1.745893595
1.762875898
1.777854623
1.736165749
1.793516299
1.817457859
1.729920006
1.727587965
1.854850451
1.851252623
1.852506668
1.715260504
1.712416545
1.709673187
1.710549004
1.710349175
1.708992785
1.852786768
1.837541873
1.718780842
1.791776098
1.712974235
1.723430409
1.714440691
1.716381279
1.712261068
1.713276482
1.71155508
1.710874832
1.725714182
1.953583288
1.943807568
1.92944801
1.922605962
1.91634966
1.921446662
1.724114853
1.722381677
1.902621067
1.87827466
1.838393021
1.850115063
1.817866972
1.810322007
1.817502473
1.833885172
1.843643641
1.853970413
1.85292392
1.848463101
1.850234908
1.847844679
1.877628801
1.913095009
1.932759486
1.932452624
1.723961204
1.736272181
1.751804001
1.772008097
1.729757787
1.813860125
1.843665347
1.724172577
1.720159987
1.853415179
1.854460144
1.710980487
1.707860573
1.708507119
1.708771531
1.709470153
1.709250724
1.707785075
1.850626197
1.817818818
1.818471818
1.721288732
1.71901575
1.811327716
1.7892256
1.717778968
1.706408691
1.706987634
1.712381006
1.721038923
1.714525677
1.717308162
1.710079026
1.711156824
1.709336235
1.708312803
1.932057204
1.923832645
1.910314197
1.897706437
1.898101223
1.71745715
1.716775588
1.875018434
1.852685078
1.829968007
1.846065679
1.808337203
1.792437382
1.804215406
1.803858337
1.821712975
1.830851819
1.848545294
1.823892778
1.824902212
1.876576321
1.905036457
1.919606337
1.922925005
1.912132698
1.730185413
1.742837755
1.760716551
1.724626747
1.835196439
1.86061769
1.71941837
1.715831197
1.854163216
1.85124859
1.710404303
1.706621325
1.706735167
1.707130106
1.707731132
1.708604871
1.84514173
1.795924232
1.796480546
1.718072547
1.829920137
1.805454686
1.779241125
1.714095186
1.704998128
1.70544339
1.708434809
1.706592894
1.706177982
1.714827518
1.776181663
1.735486318
1.712537125
1.714047056
1.714890018
1.712833355
1.707964729
1.706687045
1.705377401
1.705734932
1.908251228
1.902386738
1.884495153
1.873913354
1.712874189
1.850373272
1.829003887
1.812077364
1.835214775
1.791676785
1.778792701
1.785623405
1.782816249
1.798238783
1.804409844
1.8384156
1.797436615
1.797995455
1.879805241
1.894539725
1.89545376
1.902802054
1.899171795
1.889641119
1.726296047
1.74990475
1.721250485
1.856641205
1.71701508
1.713503535
1.847265986
1.838310163
1.710492616
1.704821703
1.7046306
1.705022151
1.837983872
1.774292855
1.843806177
1.81443134
1.790861401
1.766964576
1.711989998
1.703877995
1.703684864
1.704840186
1.710603026
1.708669608
1.70659031
1.704291018
1.711147273
1.764975935
1.758308201
1.730534866
1.738300731
1.703933804
1.719672819
1.703338112
1.712858611
1.710376962
1.710681339
1.709039212
1.704480831
1.7055281
1.704576949
1.704237349
1.704290845
1.88231243
1.865827067
1.857172173
1.710428487
1.830320408
1.806267551
1.816398009
1.799074899
1.779103366
1.765724469
1.772073289
1.772647576
1.779800607
1.825912415
1.772050592
1.778090306
1.877168494
1.865440447
1.874065413
1.878270106
1.883562081
1.881636572
1.864638268
1.725616764
1.74548945
1.714884364
1.711756969
1.830795684
1.818073488
1.703795079
1.703920857
1.704014296
1.704159722
1.824748188
1.754515162
1.846914707
1.821534834
1.796435413
1.776213871
1.75838978
1.70351596
1.703624252
1.704608322
1.710711031
1.70873135
1.706537624
1.708498668
1.75038562
1.761022437
1.744258327
1.73299273
1.717568818
1.721521094
1.703301121
1.703395138
1.703190681
1.703800158
1.708397612
1.708559819
1.708924165
1.707077017
1.706875735
1.704398229
1.704192801
1.704326014
1.704001732
1.70406881
1.844591219
1.83787981
1.710342897
1.813223051
1.793312673
1.780385649
1.802614315
1.784703722
1.765636864
1.754429716
1.751194559
1.758469931
1.804734796
1.752097122
1.758698137
1.854602683
1.859384395
1.855902589
1.864260495
1.871166158
1.853829681
1.726581312
1.742036848
1.71341996
1.814413946
1.803868636
1.703689041
1.703804687
1.804562044
1.739644302
1.843449496
1.82232099
1.802037444
1.784475054
1.76606464
1.753128093
1.703473039
1.703543249
1.704248962
1.707323812
1.70580841
1.707513247
1.739955556
1.745702075
1.749486972
1.73435099
1.733083813
1.717103338
1.721574388
1.703265418
1.703338476
1.703158804
1.703095195
1.705753524
1.70425764
1.706058547
1.705154761
1.709124746
1.705250527
1.704066601
1.703939059
1.704116797
1.703858889
1.819992962
1.827962891
1.711830881
1.797851801
1.781394841
1.764626728
1.786850082
1.768343757
1.755297722
1.748511853
1.740452886
1.735823659
1.780274338
1.737538775
1.732160302
1.744914395
1.837351762
1.837261059
1.840707409
1.850221562
1.846365915
1.726094273
1.73227158
1.740551505
1.748617697
1.715577082
1.793397594
1.786179843
1.703613462
1.703687059
1.782209753
1.729645369
1.821394739
1.804622252
1.790663323
1.772231592
1.757634653
1.703406227
1.703468013
1.703086961
1.703000654
1.704634151
1.703527087
1.70769999
1.741811623
1.736397029
1.745139958
1.730064365
1.720504731
1.703217994
1.703279245
1.703110985
1.703053162
1.703642026
1.703398649
1.702836066
1.704460437
1.705832088
1.706414868
1.702573775
1.703921938
1.708473098
1.74875902
1.703354092
1.710929033
1.703936326
1.703748135
1.703791107
1.70398317
1.805908928
1.823034043
1.714909914
1.78375536
1.770469199
1.752794368
1.76955703
1.758822004
1.750598931
1.749569479
1.726602725
1.761303361
1.759531807
1.729231878
1.72472828
1.735020335
1.816624546
1.819484018
1.817154161
1.822845885
1.831800623
1.724982615
1.731475661
1.739769817
1.745006857
1.750391566
1.719147741
1.769520997
1.769483287
1.703534075
1.703589631
1.724897054
1.806233527
1.800474294
1.792206402
1.776123743
1.759019622
1.703331747
1.703402661
1.702891094
1.702948258
1.702655747
1.702708842
1.753037391
1.737706448
1.72927116
1.703160606
1.703217663
1.703050914
1.702999588
1.702406019
1.702215133
1.70275837
1.702954237
1.704217216
1.71005859
1.706860165
1.702475577
1.703817272
1.713254943
1.748891696
1.763282334
1.703877789
1.747772761
1.804403556
1.702892567
1.722367963
1.760307891
1.702167905
1.811792856
1.711646739
1.74285301
1.701879002
1.716713558
1.70379946
1.70364706
1.703696392
1.792903876
1.81162453
1.721090255
1.770573148
1.759007779
1.760135767
1.754087804
1.751103505
1.758597866
1.721114136
1.756072685
1.7474351
1.723371204
1.720897744
1.727872963
1.804292485
1.798729975
1.793781338
1.724911007
1.730378883
1.736305707
1.741442325
1.747072889
1.760220847
1.703436311
1.703509652
1.724608673
1.792293033
1.786513183
1.776960294
1.761780813
1.703271015
1.702815835
1.702541545
1.702594982
1.734323876
1.703102142
1.702940707
1.702273428
1.702651509
1.702258517
1.704448297
1.715446875
1.7078935
1.702330788
1.71844943
1.749065553
1.73741321
1.766483478
1.703782207
1.740349336
1.702813411
1.718273732
1.718942719
1.717940054
1.758519732
1.701911261
1.702015291
1.795846685
1.799220936
1.712500402
1.716155756
1.735268215
1.747251578
1.735946994
1.703694024
1.702407569
1.782603987
1.793100066
1.701598957
1.701341149
1.722640083
1.703661227
1.703558113
1.703592209
1.784387452
1.727684603
1.75484762
1.771501824
1.762335809
1.754474996
1.752070287
1.753632236
1.721995489
1.718269107
1.75120468
1.746572192
1.739482187
1.717661508
1.728509024
1.721040714
1.786453707
1.785520663
1.782116798
1.783281053
1.73104091
1.735783575
1.732695209
1.739899966
1.750307005
1.703305011
1.703359605
1.703413033
1.729289728
1.780647599
1.773745706
1.763021313
1.703140841
1.702693503
1.702393446
1.702455921
1.702967245
1.702779826
1.702078013
1.70252595
1.704723376
1.720265822
1.708128484
1.702143719
1.749523006
1.738801234
1.754252563
1.761654226
1.703693858
1.715074182
1.714802325
1.714242416
1.713715815
1.754658156
1.701706494
1.701772465
1.784257698
1.783984473
1.715046691
1.710455169
1.712025581
1.717722311
1.737775009
1.744667018
1.734592496
1.732926655
1.701968559
1.771590461
1.774232252
1.7802924
1.753885817
1.766657266
1.71243707
1.769098838
1.701366418
1.701229004
1.700843832
1.724181706
1.703566087
1.70351662
1.703456902
1.770821879
1.72662008
1.743649569
1.760443468
1.748668313
1.749688377
1.729020799
1.721151382
1.716475297
1.744968875
1.739803061
1.723434045
1.733604083
1.71602635
1.777029915
1.775034978
1.768713354
1.772529124
1.72782699
1.734282465
1.730240505
1.741864844
1.751136643
1.703183503
1.703234588
1.703291052
1.759230248
1.703004085
1.702580376
1.70221378
1.702324275
1.702792068
1.701841861
1.704718601
1.71980974
1.707897182
1.701922785
1.741835753
1.746870174
1.735211462
1.750013965
1.755846925
1.703611204
1.71472166
1.71089345
1.711163903
1.710707783
1.712734223
1.748892617
1.701430425
1.701495099
1.771239479
1.771531716
1.714640223
1.709446187
1.709313822
1.734501472
1.73086927
1.730555572
1.701461691
1.761942842
1.761316606
1.772670612
1.749051578
1.760030218
1.709956659
1.766596956
1.757135277
1.712970157
1.752695775
1.703331488
1.755545321
1.708731258
1.703187483
1.700993989
1.701077129
1.700880776
1.700420743
1.700519691
1.721893195
1.70343215
1.703478387
1.703372159
1.75832339
1.723143859
1.741144987
1.734677863
1.74055288
1.744653237
1.729463146
1.725535426
1.719387721
1.728283279
1.716757803
1.721973843
1.711548752
1.767103872
1.766726891
1.759975344
1.759997591
1.72547809
1.729211933
1.735631979
1.742692488
1.747748627
1.703057085
1.703109595
1.703143878
1.702841211
1.702596814
1.702318441
1.702056963
1.701570537
1.704130262
1.718866232
1.716148199
1.706524305
1.701725416
1.739440702
1.742238622
1.743749535
1.734825009
1.748447369
1.744252932
1.748351926
1.70352971
1.715941139
1.707854375
1.707505479
1.710277622
1.712859426
1.742704016
1.701126703
1.701178689
1.758367851
1.709980582
1.706411706
1.734936202
1.730246258
1.72812862
1.728300807
1.700050354
1.700748553
1.753079599
1.751171385
1.764845736
1.744117649
1.753327673
1.705808573
1.70758956
1.758562015
1.749413684
1.714341048
1.711778116
1.746637197
1.748550486
1.749337106
1.707642942
1.706514093
1.703053415
1.702992287
1.703235611
1.702943302
1.742161171
1.731472274
1.744432174
1.700575826
1.700686227
1.700779913
1.700116395
1.700185304
1.719227787
1.717017037
1.703285044
1.703353212
1.703443759
1.74530346
1.721536737
1.737084277
1.732755288
1.726403843
1.740115628
1.735247039
1.737506844
1.730949154
1.725861391
1.720532505
1.713321573
1.70872537
1.719760842
1.759153461
1.759809845
1.752905571
1.746446681
1.724985343
1.730653295
1.736104348
1.739428598
1.74224092
1.702896019
1.702954812
1.702643142
1.702346659
1.702009895
1.701318521
1.70284051
1.700008035
1.703236098
1.701597552
1.735340537
1.739433365
1.740817865
1.740413197
1.743943965
1.740242759
1.741066837
1.715065816
1.70349792
1.704586966
1.70416991
1.710939003
1.737705496
1.700787899
1.700866976
1.70547915
1.709185932
1.707462448
1.70259286
1.726786189
1.728532502
1.725728789
1.725961494
1.699726541
1.699671106
1.743172174
1.757957729
1.737152863
1.746907501
1.703805265
1.70189915
1.751317378
1.744782344
1.71400814
1.71127275
1.738538401
1.741815488
1.741826868
1.704361992
1.706087319
1.707927244
1.702890344
1.70310961
1.702789257
1.702766167
1.702958382
1.70274265
1.734064943
1.735332655
1.731700591
1.728486572
1.73639132
1.70217026
1.734622052
1.735776145
1.740141544
1.729183163
1.737193824
1.745782029
1.699851999
1.704535444
1.723535459
1.735440825
1.728871995
1.700251136
1.700400384
1.699799419
1.699870518
1.716283793
1.7189693
1.703144682
1.703277138
1.703349117
1.733830292
1.734122927
1.722414857
1.726438012
1.723562292
1.714852817
1.73525947
1.732715416
1.73101566
1.726055246
1.720347959
1.704050396
1.709287388
1.702081558
1.751648933
1.754936682
1.749030912
1.72676676
1.730737924
1.733793667
1.737267704
1.740538175
1.702655004
1.702325058
1.701982716
1.701013465
1.699271223
1.699301553
1.701492616
1.734284665
1.738644194
1.738714898
1.736883042
1.736042765
1.736032641
1.734274737
1.714715458
1.702152702
1.702143031
1.702123223
1.702111847
1.709990103
1.733538422
1.700382396
1.700469578
1.701252911
1.706547489
1.708188052
1.69890868
1.724239992
1.725795537
1.723387195
1.699477357
1.699355505
1.73321337
1.751061193
1.723577208
1.738176249
1.699591107
1.698811322
1.746019041
1.714302843
1.711366469
1.725583545
1.702180967
1.704364146
1.705663944
1.702607463
1.702548774
1.702430055
1.702879606
1.702629553
1.70235674
1.725484965
1.720586001
1.723795596
1.72762357
1.725777671
1.728997284
1.728988531
1.734915971
1.715787701
1.736228917
1.742199742
1.698992466
1.701174052
1.703080313
1.721493804
1.722171306
1.727628755
1.726113411
1.729274274
1.699086059
1.736109591
1.723682671
1.700482457
1.702281937
1.698610855
1.7025451
1.699940076
1.699537943
1.717360747
1.720560541
1.703139769
1.702985415
1.70323784
1.720190083
1.723675094
1.70977826
1.702042326
1.730315775
1.730203951
1.724969389
1.720677823
1.702079351
1.702100979
1.746723089
1.748407771
1.74415998
1.726337491
1.729279208
1.7326631
1.736738398
1.74185104
1.702208316
1.701773901
1.701134752
1.700613799
1.698966666
1.732809655
1.736731996
1.735775813
1.733077409
1.730345932
1.730803048
1.730853171
1.729275841
1.716860274
1.712951981
1.702124112
1.702145649
1.702122157
1.702092526
1.70691087
1.70864674
1.729974002
1.699967544
1.700021906
1.698551884
1.704782463
1.709102383
1.706020082
1.698788612
1.698664158
1.723101946
1.720636335
1.699260756
1.699078704
1.718709589
1.745940498
1.702043532
1.711038493
1.733342473
1.698622757
1.712435027
1.715353773
1.702158173
1.702499941
1.702116015
1.701974888
1.702779325
1.702141513
1.701836133
1.709118382
1.709584766
1.702040907
1.713886451
1.703914266
1.719959752
1.723306082
1.719056768
1.723947925
1.722036175
1.720554573
1.702598845
1.734292887
1.738541196
1.698507216
1.7004871
1.720155909
1.719488601
1.720445321
1.716296351
1.726660454
1.723666556
1.69887603
1.732653935
1.709138904
1.700087644
1.701869945
1.698509052
1.698471469
1.702485823
1.702134342
1.703212021
1.702049928
1.702045212
1.721376552
1.734566873
1.727977296
1.709357841
1.703677204
1.703475006
1.706965791
1.699539524
1.699298263
1.718015926
1.721673536
1.702933714
1.703087548
1.702057883
1.702058794
1.702063569
1.702076233
1.725861749
1.730228306
1.724979661
1.722212265
1.719507743
1.702084801
1.702055341
1.74263665
1.742688008
1.738994776
1.724996574
1.728776596
1.734873987
1.738571355
1.701543533
1.701101728
1.700639812
1.700165791
1.698730265
1.732019093
1.734208366
1.731834472
1.729046059
1.725896736
1.726432909
1.726134171
1.725087743
1.716131181
1.712610665
1.702065539
1.702080949
1.702048404
1.702004112
1.702261971
1.725687781
1.699530554
1.699616854
1.698407507
1.702007375
1.710378314
1.706935747
1.698598774
1.698505143
1.720008209
1.717433458
1.718637192
1.699083543
1.69893766
1.704028552
1.7018617
1.741523726
1.702050391
1.702063463
1.732273401
1.726462509
1.71360194
1.702067386
1.70195597
1.701623312
1.70142729
1.701316616
1.70261309
1.701682561
1.70151549
1.701136485
1.70199612
1.702001328
1.701975305
1.711962392
1.705781203
1.713293925
1.715872347
1.733550603
1.698383425
1.698417791
1.698663435
1.71773056
1.717423995
1.717168179
1.704120343
1.724392487
1.720327627
1.722019249
1.698782623
1.698704523
1.73159233
1.701717128
1.69970302
1.698437661
1.702184042
1.701684268
1.699747317
1.718664323
1.732770312
1.727574838
1.702094419
1.700432016
1.698354402
1.704768552
1.700603794
1.706011381
1.710391215
1.701798181
1.701586399
1.722046396
1.701995207
1.728472383
1.699145802
1.717314909
1.720720802
1.702860114
1.702601018
1.701997474
1.702073195
1.72216568
1.722273839
1.729300568
1.724737101
1.721484945
1.718612074
1.70201188
1.70195019
1.738842791
1.737954516
1.738076782
1.734644411
1.724718713
1.733476375
1.735960524
1.700827758
1.700345428
1.699805084
1.698542996
1.730015789
1.731923802
1.729686505
1.727517428
1.724549134
1.722120099
1.721661896
1.722091386
1.721899838
1.714852792
1.711332559
1.701950185
1.70195395
1.701941364
1.701881262
1.701790316
1.721145683
1.699185572
1.69926687
1.698380166
1.698345104
1.6983091
1.70875631
1.698437737
1.715026606
1.715646082
1.713973412
1.69884974
1.701856477
1.701588133
1.701716706
1.73728882
1.70193204
1.701976895
1.702005994
1.726533707
1.720502562
1.712618942
1.701839932
1.700976339
1.700670115
1.700566397
1.701075912
1.700861923
1.700417721
1.701872519
1.701871465
1.701913081
1.701402057
1.700833785
1.701105457
1.701877295
1.709876273
1.729412812
1.698325823
1.698328919
1.713627163
1.715402436
1.716453044
1.718312647
1.719372922
1.698646095
1.698691961
1.730774692
1.701455226
1.69934817
1.701711688
1.702209419
1.70114146
1.698242134
1.730592475
1.726531195
1.699632502
1.700113651
1.698237384
1.69822351
1.699424048
1.703743537
1.705591783
1.70157813
1.701653077
1.718852972
1.719219099
1.701863342
1.72774452
1.730755877
1.701852127
1.699211054
1.700539589
1.722915582
1.698856543
1.716318447
1.720083041
1.702501873
1.701851157
1.701963187
1.718043566
1.727567822
1.722605743
1.717983578
1.714915281
1.701892842
1.701811497
1.734178881
1.735578587
1.733520573
1.733584211
1.723916739
1.731882078
1.700166742
1.699772533
1.699415179
1.698438089
1.698529309
1.72848596
1.727068202
1.724980266
1.719701458
1.717997394
1.717972539
1.717557872
1.718372264
1.71033491
1.701779081
1.701767952
1.701794774
1.70171704
1.701560821
1.701669502
1.716189386
1.698913103
1.69898511
1.698336479
1.698376631
1.698311205
1.698264766
1.707764262
1.710617437
1.711683499
1.71253355
1.712654676
1.710706858
1.698629081
1.701570514
1.701690665
1.701439671
1.701211093
1.732791834
1.701764113
1.701841701
1.701902337
1.717128947
1.721445246
1.711675482
1.700245978
1.69994821
1.699904345
1.700309364
1.699991514
1.701770475
1.701727455
1.701672394
1.701152544
1.700432811
1.700740891
1.698835411
1.704689703
1.724795022
1.698284349
1.710136253
1.712982762
1.715309686
1.69855973
1.728949384
1.699042722
1.70181912
1.701198238
1.700612413
1.698264884
1.724801472
1.699600155
1.698291561
1.698329807
1.69833715
1.698295771
1.701821371
1.704191923
1.701316501
1.701395773
1.716326888
1.715358499
1.701680543
1.725919449
1.727088442
1.701693821
1.698948853
1.699922091
1.700069801
1.71753776
1.719773391
1.715089231
1.701099639
1.717246279
1.699624901
1.721570971
1.699111955
1.698660819
1.715064877
1.719477747
1.702027152
1.70167047
1.701826695
1.7130373
1.723216579
1.716143182
1.710643575
1.70173015
1.701617869
1.729643944
1.731299369
1.72848937
1.728613955
1.72244017
1.72748246
1.699549087
1.699242711
1.698445241
1.698381804
1.724247013
1.720489958
1.713917488
1.714553148
1.714277109
1.714168181
1.712870221
1.704450348
1.701580989
1.701564569
1.701600842
1.701505581
1.701253596
1.701417415
1.711104929
1.698711965
1.698761835
1.698316498
1.698340436
1.698295972
1.698289401
1.705406767
1.708316204
1.707706336
1.708945031
1.709516091
1.708307298
1.698525799
1.698476178
1.701420646
1.701218209
1.701525484
1.700731173
1.700827508
1.727534186
1.701552075
1.701658105
1.701749055
1.708292098
1.715680218
1.707627381
1.699617509
1.69935529
1.699362409
1.699624821
1.701561605
1.701429742
1.700182184
1.698505781
1.69860049
1.719492189
1.707903946
1.710942547
1.708847053
1.724697997
1.698817248
1.701320821
1.700702231
1.70017577
1.698359688
1.720100352
1.698880217
1.699463024
1.698438525
1.69852419
1.698534064
1.698488917
1.698459429
1.701050056
1.712734035
1.71270497
1.701467314
1.721513691
1.721180754
1.701478932
1.699530064
1.699608896
1.699754113
1.711604752
1.713539234
1.715216449
1.711756442
1.700826792
1.712690131
1.710810138
1.699298425
1.698886522
1.698959663
1.698663869
1.709748171
1.698542584
1.710553437
1.716892321
1.701481308
1.70142733
1.701639707
1.710098408
1.709242039
1.715374222
1.715172628
1.717680542
1.707266283
1.707495439
1.70085024
1.701866393
1.701507402
1.701333983
1.724356077
1.725935768
1.722544936
1.722455299
1.722381168
1.699056547
1.698407975
1.698368432
1.712273302
1.707887876
1.708942622
1.710940979
1.710613078
1.708601686
1.701303375
1.701289123
1.701319217
1.701035052
1.707178652
1.698589088
1.698628535
1.698354017
1.698328366
1.698399624
1.698527313
1.706300831
1.706743406
1.706004174
1.706416254
1.706624337
1.70643125
1.698461169
1.701109608
1.701242857
1.700841511
1.700161068
1.700419207
1.719557579
1.701283701
1.701415104
1.701536188
1.700908239
1.698312109
1.709240653
1.702362618
1.698671008
1.699137801
1.699029917
1.699265017
1.701280693
1.701113342
1.699553579
1.698332672
1.698416436
1.709276332
1.707466369
1.71833075
1.698678138
1.700822186
1.700268919
1.699874911
1.698565197
1.698917393
1.698551215
1.698767609
1.698771693
1.698800465
1.700728429
1.709682027
1.714542702
1.699376817
1.699497596
1.699619825
1.707041802
1.708220857
1.709451761
1.708505722
1.700531311
1.707761584
1.706383779
1.699121806
1.698732975
1.698822266
1.698956099
1.707731513
1.706537024
1.69819703
1.698412626
1.704950904
1.69972717
1.698514196
1.698704774
1.705620933
1.7097595
1.700915199
1.701125247
1.701396787
1.707238543
1.708448494
1.708620326
1.702594352
1.701793629
1.700365889
1.700215116
1.70124205
1.701060229
1.701031375
1.717034231
1.718520313
1.713006995
1.698898309
1.698453709
1.698444176
1.706257789
1.70530612
1.704397116
1.707703828
1.705091791
1.701042951
1.701015234
1.70069575
1.698552889
1.698597688
1.69842247
1.698582164
1.698955773
1.705017295
1.704986046
1.704611519
1.704252434
1.705500302
1.70482289
1.698500408
1.70076719
1.700850909
1.700406606
1.699488683
1.699917066
1.708124278
1.704518136
1.700957194
1.70110727
1.701265811
1.698104764
1.69813296
1.698927947
1.69913301
1.699024352
1.698912917
1.699181979
1.699299636
1.700929899
1.70075992
1.6989259
1.698153021
1.698307867
1.698045536
1.700432332
1.707255444
1.698647823
1.7003745
1.699926522
1.698841123
1.69846431
1.699065992
1.699131544
1.700374616
1.699453984
1.699588609
1.699652034
1.705247284
1.7042112
1.705359899
1.706288801
1.702919618
1.702380749
1.698716534
1.698796594
1.705226213
1.706225999
1.704231764
1.698487798
1.703888236
1.699736344
1.699745214
1.699816962
1.698148317
1.703580235
1.700741152
1.698573588
1.699105429
1.699146551
1.698667306
1.698611411
1.700398885
1.700728546
1.701085235
1.704706009
1.703587038
1.703232418
1.700045346
1.700081088
1.700088437
1.699913059
1.700926164
1.700741758
1.700710042
1.701621992
1.698070783
1.698842322
1.69855554
1.69856076
1.698594044
1.698622291
1.702911236
1.702907809
1.703040964
1.702646919
1.70479686
1.70253141
1.700722047
1.700338302
1.698623462
1.698673403
1.698860505
1.699347475
1.703425427
1.703636368
1.703514117
1.703266048
1.7003567
1.699857758
1.699195418
1.698305375
1.698217496
1.700711438
1.700927477
1.698059291
1.699337402
1.699247257
1.699154743
1.69901128
1.699474386
1.699555194
1.700347061
1.69863294
1.698074591
1.698213621
1.698064536
1.698078785
1.698625642
1.698719148
1.700062482
1.699172531
1.698351732
1.699346837
1.699382993
1.700053449
1.699712191
1.69983418
1.699848067
1.70223579
1.70477612
1.699904509
1.699911899
1.698809611
1.703455956
1.698652878
1.703492014
1.699870017
1.699765431
1.699834163
1.699853522
1.698092852
1.703543324
1.700403053
1.7004132
1.698953115
1.698867493
1.698712704
1.698743256
1.69952461
1.698954747
1.699309208
1.699396243
1.699546028
1.699140881
1.699984368
1.700370408
1.700668388
1.70328337
1.702899222
1.700036451
1.700574466
1.699826048
1.699807267
1.699656693
1.700287444
1.700375485
1.698626491
1.698209009
1.699101072
1.698713198
1.69887257
1.698890925
1.700388596
1.701237167
1.701032059
1.700921386
1.702431663
1.701672304
1.701275115
1.699842907
1.698789332
1.698826103
1.699228637
1.69958065
1.699580505
1.703302126
1.703408784
1.703569623
1.703059826
1.703136962
1.699537117
1.698654029
1.698438424
1.700350724
1.698093527
1.699633664
1.699392368
1.699882317
1.699938321
1.699902656
1.699453024
1.698101389
1.698130783
1.699121575
1.69890073
1.699546742
1.698221563
1.700068722
1.700144675
1.700093203
1.70009331
1.699753356
1.699695932
1.699727297
1.699104503
1.698905981
1.703465839
1.700058461
1.699807623
1.699739783
1.699967674
1.698127802
1.698127335
1.700064531
1.700052754
1.70003494
1.699338636
1.699074579
1.698390612
1.698688223
1.698957069
1.698943492
1.698992991
1.699735874
1.699782176
1.699519206
1.69978693
1.699737128
1.699862101
1.700251864
1.702411866
1.702710622
1.699785231
1.699570158
1.699541672
1.699421316
1.699750821
1.699949781
1.699006555
1.69822653
1.698414245
1.699681466
1.699574718
1.698958865
1.699232721
1.699275689
1.699864193
1.700268723
1.700512639
1.700912445
1.700065713
1.701807108
1.701331935
1.699497632
1.699041756
1.699599186
1.699786334
1.703344141
1.70319198
1.703495446
1.70290469
1.702963767
1.698776676
1.699840178
1.700170124
1.699930746
1.700322826
1.700329045
1.699153908
1.69812776
1.699300858
1.699824216
1.698172839
1.700398288
1.700388304
1.700276727
1.699597155
1.699490489
1.699644704
1.699537372
1.699457812
1.699274951
1.703396059
1.700207267
1.699884416
1.699715063
1.700068974
1.698247403
1.698298237
1.698255366
1.6996493
1.699697914
1.699628413
1.699560836
1.699407355
1.698260431
1.698618628
1.698880906
1.702696368
1.699375356
1.700550572
1.69929249
1.699267128
1.699290759
1.699341226
1.699989921
1.699787187
1.700005381
1.700013732
1.699631333
1.699269358
1.699678459
1.702166938
1.702544835
1.699728262
1.69935758
1.699303638
1.699240887
1.699308448
1.699387063
1.699139273
1.698465938
1.700206201
1.700289156
1.699961258
1.699656955
1.699699108
1.699652626
1.699930786
1.700168734
1.700981887
1.701487269
1.699993885
1.700021428
1.703246438
1.703059288
1.703411692
1.702811626
1.698473736
1.699223442
1.700594766
1.700470778
1.700628238
1.700577723
1.698639596
1.698296357
1.698175822
1.6994972
1.700511711
1.700384852
1.699419168
1.699303106
1.699562436
1.699423336
1.699672549
1.703289169
1.700215742
1.699922221
1.699748572
1.700060911
1.698495952
1.699321634
1.699156761
1.69976719
1.699789691
1.698185427
1.69881554
1.702380134
1.69910312
1.700176211
1.700636624
1.700327515
1.6996826
1.699643169
1.700229021
1.700217544
1.700008465
1.700267296
1.699631546
1.698724235
1.699037571
1.701943603
1.699843927
1.699550904
1.699164239
1.699138457
1.699092441
1.698867282
1.699165157
1.699378351
1.698781823
1.700802607
1.700636589
1.700781689
1.700407616
1.700109443
1.700061757
1.700064896
1.700845958
1.701254985
1.700235591
1.703105304
1.702868701
1.703313575
1.702530067
1.698235538
1.698700801
1.700786564
1.700815079
1.700681294
1.700568161
1.698375773
1.698567226
1.698325985
1.699745474
1.700343629
1.70020523
1.699271837
1.699174262
1.699313409
1.700069894
1.703165793
1.700022976
1.699859835
1.699773442
1.699898822
1.698807106
1.699028831
1.69887262
1.699992327
1.700306582
1.700015919
1.698289783
1.702087948
1.698885054
1.699963312
1.700366943
1.699672344
1.700160204
1.700500215
1.700454553
1.700225645
1.700443652
1.70048149
1.699649725
1.698403281
1.698583648
1.701603852
1.699657023
1.69940648
1.699055309
1.699097398
1.698981212
1.69862838
1.699584729
1.699636702
1.699158275
1.701092562
1.701104103
1.70099366
1.700967816
1.700854104
1.700461854
1.700486424
1.700645139
1.700974975
1.702972214
1.702618964
1.703192646
1.702278272
1.698441615
1.698357014
1.698459116
1.700661076
1.700857644
1.700427557
1.700277282
1.699035074
1.698603875
1.700067975
1.699929116
1.69981227
1.699174796
1.69923336
1.700505534
1.6996521
1.699729627
1.699585801
1.69891632
1.698736957
1.700497981
1.701847148
1.698824828
1.699775519
1.700116608
1.699371273
1.699599432
1.700823058
1.700687605
1.700881105
1.700689927
1.700448963
1.700822873
1.699594985
1.698475799
1.698563004
1.701340877
1.699518068
1.699334756
1.699041086
1.699138844
1.698920022
1.698705994
1.699581844
1.700030222
1.700043915
1.70087801
1.701212911
1.701004851
1.701324171
1.701320332
1.701298256
1.700956556
1.700881694
1.700942519
1.70034339
1.700757743
1.703033541
1.702792334
1.702422202
1.70209677
1.698750446
1.698899344
1.700216534
1.700561499
1.699891117
1.699731759
1.699468187
1.700444506
1.699347334
1.699276468
1.699224481
1.699171959
1.699178216
1.698794413
1.701558099
1.698865788
1.69962835
1.699922149
1.699026267
1.699392348
1.701185313
1.698966369
1.701464158
1.700923766
1.701210325
1.701201852
1.700858802
1.69939465
1.698862706
1.699028706
1.701038074
1.699441673
1.699342032
1.699202774
1.699068251
1.699022698
1.699058977
1.700101781
1.70050656
1.700344593
1.700556822
1.701232028
1.700911446
1.701440916
1.701549544
1.701245033
1.701476396
1.700476693
1.700069652
1.702818619
1.702436799
1.701963155
1.70178624
1.699368346
1.69938439
1.699351569
1.69954053
1.699950306
1.69917293
1.699058151
1.700026546
1.698733907
1.698723337
1.699331895
1.69869525
1.698765975
1.701205275
1.699529137
1.699733315
1.698690456
1.69908549
1.699217955
1.700904149
1.699600046
1.701624703
1.701717152
1.701509997
1.701525214
1.701272297
1.701543821
1.699081457
1.699546151
1.699571988
1.699765708
1.700648615
1.699464356
1.699319944
1.699487358
1.699629405
1.700674576
1.69983414
1.699602564
1.70026143
1.700725965
1.701111461
1.701343256
1.701713095
1.700208247
1.699855449
1.702503551
1.702040343
1.701327541
1.701493644
1.700081008
1.700186693
1.699203959
1.698838173
1.69852203
1.698508004
1.698360202
1.700726384
1.698243703
1.698300884
1.699491142
1.69834609
1.698451097
1.700797038
1.698458454
1.698761498
1.699543218
1.701219004
1.699720327
1.699638881
1.701434249
1.70113984
1.701522762
1.701740214
1.70177356
1.701749399
1.701619261
1.701830717
1.698717268
1.700422885
1.700258678
1.700245113
1.700486435
1.700330133
1.699661739
1.699821197
1.699946812
1.69977863
1.700080607
1.70128438
1.699044066
1.699442969
1.69884667
1.699938798
1.700413594
1.700663163
1.701812425
1.699969353
1.702015494
1.701546263
1.700806539
1.70105874
1.700897243
1.700980375
1.698520766
1.698246325
1.698089928
1.698071459
1.698034708
1.701376013
1.698063193
1.698132978
1.698226498
1.698332592
1.698381593
1.698503636
1.699837571
1.699745883
1.699881859
1.699895544
1.700885953
1.700698066
1.700242145
1.701302004
1.701658287
1.701862408
1.701756881
1.701875326
1.701854281
1.698405956
1.70126253
1.701057924
1.700850738
1.700815913
1.70063287
1.701059412
1.700382124
1.700059046
1.700022975
1.700419028
1.700224217
1.7004325
1.698693643
1.698429777
1.699086686
1.698297695
1.69953383
1.699757761
1.701453489
1.700987964
1.70060666
1.701588717
1.701529649
1.698124885
1.698037264
1.698039845
1.698036346
1.698116841
1.698234254
1.698260025
1.698379458
1.69839279
1.698434785
1.698463921
1.698373525
1.699944782
1.699874482
1.700025658
1.700161579
1.700249931
1.698386091
1.700463129
1.69994361
1.699743457
1.699279168
1.701006254
1.701473909
1.70180798
1.701830654
1.701727922
1.701504595
1.698248794
1.701613065
1.701475855
1.701390776
1.701182141
1.701251457
1.701041039
1.700883888
1.700160602
1.700439316
1.700827636
1.700650992
1.698416448
1.698258229
1.698174518
1.698722458
1.698147101
1.698874855
1.700915154
1.700423174
1.701715012
1.698170829
1.698274511
1.698415254
1.698405116
1.698567321
1.698721898
1.698705177
1.698768839
1.698697973
1.698697968
1.698646579
1.699978889
1.700029672
1.700280009
1.700135081
1.700454188
1.700570055
1.698473367
1.699467753
1.700038755
1.698989801
1.698832769
1.698493111
1.700561763
1.70075869
1.701532556
1.701482588
1.701378311
1.701143023
1.698302212
1.701478113
1.701500509
1.701378366
1.701317975
1.701236252
1.701186373
1.701109215
1.701042632
1.7001503
1.700759131
1.700923994
1.698179193
1.698181192
1.698240254
1.698254933
1.698408169
1.69827033
1.698461824
1.700470188
1.698661457
1.698899902
1.699090181
1.699077186
1.699247218
1.69936949
1.699253232
1.69921707
1.699056723
1.698958273
1.698808979
1.700086521
1.700035988
1.700496094
1.700333882
1.700234992
1.700652279
1.700766898
1.698619341
1.698849737
1.699066062
1.698612354
1.699562448
1.698310258
1.698220822
1.698107834
1.699779098
1.700217362
1.700847713
1.7008899
1.700988237
1.700606671
1.700595554
1.69845745
1.701077376
1.700989574
1.701023652
1.700943338
1.701009181
1.701041439
1.700994095
1.700983775
1.700071231
1.700179939
1.700899907
1.698193157
1.698373068
1.69846404
1.698130348
1.698748885
1.699058827
1.699153424
1.699465567
1.699654062
1.699896453
1.699829445
1.69990988
1.699890488
1.699686652
1.69949601
1.699278738
1.69906434
1.700115534
1.700060697
1.700595756
1.700471185
1.700360039
1.700217213
1.70068533
1.700762995
1.698684459
1.698684115
1.698921358
1.700761867
1.698721687
1.698359798
1.698159039
1.698902783
1.69809235
1.698107991
1.698258206
1.699273388
1.699648513
1.700201223
1.699984329
1.69997254
1.700368776
1.699710814
1.698563568
1.700266826
1.700452186
1.700341199
1.700524079
1.700671951
1.700649008
1.700766992
1.700831603
1.700033506
1.698539721
1.698668297
1.699026222
1.699176405
1.699559643
1.699918216
1.699976468
1.700239717
1.700282122
1.700425058
1.70050083
1.700371752
1.700262537
1.700025396
1.699755976
1.699453933
1.699212511
1.700129827
1.700048797
1.700532312
1.700484714
1.700387748
1.700277584
1.700520365
1.700539726
1.698580485
1.698323373
1.698527075
1.698816745
1.700456265
1.698299745
1.698389066
1.698147492
1.698211853
1.698222406
1.698595679
1.698446538
1.698538589
1.698923099
1.698845337
1.698920498
1.699544197
1.699354923
1.699129327
1.699135354
1.699500241
1.698479451
1.699685264
1.699818321
1.700062464
1.700078874
1.700291143
1.700460939
1.700009078
1.699385759
1.699487295
1.699949222
1.700070052
1.700422769
1.70070087
1.700745297
1.700859725
1.700814842
1.700782656
1.700608817
1.70041715
1.700020382
1.699544194
1.69904438
1.700153982
1.700349553
1.700295149
1.70030084
1.700252755
1.700164058
1.700138657
1.698301236
1.697861628
1.697982737
1.698192311
1.698303121
1.699957895
1.698394973
1.698383803
1.698385914
1.698537965
1.698506785
1.698837436
1.698450036
1.699241658
1.699394468
1.699911362
1.698486353
1.698601548
1.698827708
1.69880546
1.698689091
1.69855912
1.698959704
1.698174179
1.69916579
1.699358151
1.699406293
1.699664432
1.699903115
1.700055198
1.700333161
1.700726777
1.700832201
1.701015865
1.701076798
1.70103626
1.700917154
1.700810003
1.700506685
1.700067908
1.69982434
1.699303466
1.698743242
1.700147191
1.70007292
1.700097279
1.699909822
1.700150406
1.699680772
1.699637202
1.697943339
1.697470354
1.697545437
1.697538093
1.697512286
1.697774818
1.699362019
1.698703432
1.698934454
1.698970478
1.698567021
1.699364955
1.699261053
1.699772086
1.698556522
1.700213812
1.700373345
1.700739653
1.698466313
1.698425641
1.698396636
1.698453217
1.698425244
1.698583573
1.69775097
1.698749695
1.698788899
1.699030334
1.699287958
1.700072286
1.701040846
1.701161985
1.701146243
1.701040301
1.700771951
1.700674298
1.700251174
1.700102257
1.699565178
1.698953898
1.698771041
1.698239401
1.700050325
1.69979403
1.699694984
1.69994574
1.699440422
1.699171299
1.697214025
1.697087092
1.69734293
1.696934323
1.696940072
1.69715744
1.698879051
1.699032589
1.69943906
1.699144995
1.699812277
1.699825738
1.699080504
1.70032363
1.700232059
1.700693934
1.69883435
1.701009445
1.70108164
1.701226076
1.698616799
1.69840584
1.698472968
1.698312797
1.69829731
1.698355017
1.697408585
1.698381679
1.698536362
1.698751509
1.699998897
1.70119138
1.700958539
1.700783914
1.700297472
1.699764976
1.699063038
1.698801853
1.698153799
1.697577065
1.697510488
1.699858109
1.699446792
1.699668176
1.699291722
1.698756072
1.697163797
1.69696824
1.696747981
1.697290969
1.696513181
1.696384246
1.696509161
1.698532024
1.69873762
1.698962851
1.699976779
1.700337463
1.699873033
1.700639173
1.69955473
1.700961164
1.701071652
1.701263274
1.699215757
1.701304499
1.701270511
1.701074538
1.698943453
1.698849774
1.698600661
1.69841443
1.698310164
1.698309742
1.697289378
1.698314707
1.698420362
1.699812295
1.700639435
1.700059394
1.699721709
1.699054751
1.69823726
1.697494007
1.697244548
1.696647057
1.696342737
1.699600188
1.699368085
1.699125892
1.698548149
1.697161587
1.697357558
1.696978316
1.696604451
1.697448707
1.696208492
1.695900373
1.698445316
1.698766626
1.698632055
1.698896514
1.700725191
1.70062244
1.700949399
1.700360563
1.701160964
1.700022979
1.701268674
1.701296472
1.701163014
1.699710191
1.700869745
1.700774207
1.700194223
1.699611729
1.699250842
1.698896227
1.698619439
1.698531642
1.697423665
1.698402974
1.69953655
1.699460173
1.698633326
1.698241152
1.697455682
1.696654612
1.696093463
1.695943957
1.695714138
1.699324892
1.699104156
1.698589588
1.697532927
1.69756822
1.697715094
1.697139734
1.696644301
1.697724194
1.696141019
1.695791025
1.698643759
1.69879931
1.698734796
1.698749613
1.698924072
1.697715914
1.70106351
1.701006448
1.70091012
1.701117719
1.700748122
1.701075036
1.700471854
1.700909259
1.700770215
1.70011123
1.700475639
1.69971876
1.698876325
1.700081828
1.699659114
1.699277747
1.699074361
1.698708949
1.697686913
1.699234405
1.697923267
1.697031675
1.696679574
1.696020127
1.695518221
1.695352793
1.695452954
1.699090536
1.698859139
1.698063107
1.698120926
1.697850104
1.698072641
1.697459506
1.696964369
1.697983008
1.69659438
1.695824552
1.69907453
1.698863479
1.698862185
1.69886391
1.699008067
1.698941228
1.700815282
1.700805747
1.70093516
1.701012426
1.700645551
1.701001481
1.700320032
1.699910904
1.699645865
1.698652556
1.700772731
1.700973465
1.698157606
1.6973043
1.700447193
1.700057068
1.699787948
1.699256485
1.698013079
1.69784761
1.698981509
1.696429805
1.695688071
1.695570737
1.695234999
1.695236963
1.695520626
1.699270998
1.698508192
1.698371547
1.698530747
1.698344433
1.698210129
1.698028386
1.697777465
1.696906032
1.696519066
1.69962062
1.69899525
1.699104285
1.698895313
1.698870215
1.699354165
1.698035625
1.699929005
1.699984839
1.700320718
1.70065701
1.700906545
1.699534058
1.700983377
1.69905955
1.698505062
1.698169475
1.697114901
1.70106707
1.700970206
1.696670898
1.696020551
1.700706339
1.700440281
1.699899699
1.697822753
1.697698179
1.698845596
1.695519935
1.695202563
1.695304859
1.695411819
1.695894696
1.699707282
1.698771525
1.698512102
1.69829978
1.69892406
1.698911769
1.69887948
1.698265735
1.69799253
1.697238034
1.700120539
1.69900503
1.699180482
1.699359787
1.698881561
1.699653657
1.69782829
1.697532192
1.699534633
1.698623565
1.698682486
1.699189385
1.699682741
1.700130834
1.700317083
1.69818266
1.700686795
1.697627997
1.697057605
1.696731813
1.695968941
1.700936953
1.700943636
1.695695723
1.695433678
1.700787472
1.700432913
1.697314395
1.697154207
1.698831528
1.695440287
1.695699917
1.695882341
1.696475724
1.699979942
1.698913833
1.698467891
1.698044514
1.699247231
1.699458293
1.699453211
1.699265057
1.698698249
1.699281962
1.697996503
1.700230666
1.700459605
1.698963874
1.699134026
1.699331584
1.699787416
1.697223639
1.697051036
1.696795883
1.699376853
1.699535808
1.697708039
1.697309889
1.697251426
1.698286697
1.698830632
1.699063939
1.699637672
1.696860788
1.700212895
1.696413654
1.69598283
1.695798067
1.695564019
1.700559966
1.700578304
1.695553292
1.695768426
1.700616195
1.696600932
1.696318904
1.698907956
1.696279206
1.696905733
1.697262799
1.699986784
1.698873163
1.698280228
1.697673161
1.699217587
1.699645271
1.699864167
1.699987774
1.699875369
1.699427639
1.698811283
1.70008496
1.70020507
1.699058558
1.699212014
1.699650822
1.696679132
1.696251902
1.696185626
1.696021921
1.699207235
1.699228411
1.699286504
1.69645024
1.696851898
1.69621645
1.696192142
1.697329981
1.697568717
1.69815667
1.698906112
1.695983996
1.699539831
1.695798018
1.695666888
1.695732104
1.695733314
1.696070889
1.699716871
1.700074168
1.696275692
1.696882702
1.695865032
1.695675589
1.695416945
1.698997179
1.697691585
1.698438277
1.699637203
1.698255754
1.697889161
1.69718151
1.698934818
1.699517573
1.699783005
1.700136361
1.700204226
1.699954484
1.699690224
1.699467133
1.699434831
1.699097678
1.699190721
1.69567929
1.696039911
1.695465295
1.695486153
1.69540666
1.698983472
1.699070138
1.698846325
1.698775237
1.696101275
1.695729469
1.695844016
1.696079904
1.695736223
1.695777044
1.696194534
1.696741955
1.697332789
1.698117291
1.695810299
1.69840903
1.695949134
1.696188123
1.696250348
1.696666952
1.697244482
1.699001365
1.697559091
1.698327686
1.69521732
1.69491301
1.694810883
1.699003255
1.69911562
1.698908767
1.696900298
1.69760902
1.696682868
1.698373538
1.698697137
1.699407761
1.699976046
1.700222047
1.700202366
1.699982484
1.698485507
1.698305268
1.698975492
1.698450747
1.695115311
1.695207192
1.69520674
1.695122224
1.695166638
1.695157786
1.698583611
1.698810298
1.698295475
1.698099534
1.695460831
1.69749837
1.695567462
1.695785278
1.695480523
1.695449503
1.696025219
1.696134597
1.695623914
1.696016783
1.696766055
1.696154062
1.697018602
1.696419774
1.697680147
1.696819914
1.697270448
1.697403107
1.697969338
1.698567718
1.698882072
1.699544004
1.695105802
1.694974664
1.694556308
1.698868303
1.697959897
1.695578422
1.69611569
1.696803137
1.697118802
1.697925037
1.698798783
1.69947621
1.699675025
1.699977438
1.70003463
1.697412671
1.697109972
1.697604356
1.695147752
1.694992424
1.694901129
1.694827933
1.6953061
1.695294163
1.695339239
1.698112162
1.698505196
1.697725253
1.694758663
1.697302136
1.697100263
1.697089941
1.699900462
1.695732737
1.696152068
1.696550513
1.695586457
1.695384366
1.697027405
1.697153927
1.695373856
1.695448784
1.695740029
1.695967492
1.696501427
1.697569455
1.698055755
1.698510445
1.698638381
1.699112321
1.69951111
1.699676993
1.695432688
1.69571971
1.695168675
1.694734829
1.698520178
1.697085624
1.694944989
1.695343945
1.695492987
1.696271993
1.697029495
1.697958821
1.698295404
1.698966609
1.699472675
1.699535944
1.696516264
1.696237928
1.696853277
1.695443012
1.6957309
1.695330009
1.694965156
1.694791178
1.695934806
1.695839945
1.697651605
1.69806038
1.69453295
1.697174371
1.697348968
1.696823718
1.69705546
1.699714288
1.696711195
1.696552278
1.697336999
1.697361358
1.697906776
1.696045922
1.695665951
1.698377219
1.698444906
1.695604477
1.695522977
1.695628239
1.69584216
1.698806826
1.699147664
1.699392429
1.699476358
1.699656795
1.699698594
1.695795602
1.696195008
1.696463667
1.695448564
1.695065698
1.698050095
1.696467262
1.694494928
1.694462619
1.694777139
1.695336965
1.69547577
1.696270046
1.696548428
1.69735938
1.69811304
1.698355433
1.698887189
1.696191138
1.696003518
1.696621143
1.696360139
1.696241579
1.696617741
1.695658399
1.695094398
1.696726915
1.697660733
1.694568256
1.697406077
1.697328313
1.697407892
1.697018284
1.69738915
1.699000169
1.698259721
1.698051949
1.697388682
1.698780007
1.698848068
1.699254076
1.696773623
1.696643892
1.699510678
1.699481686
1.696153588
1.696174321
1.695972633
1.699616654
1.699624455
1.699584179
1.69956091
1.699365206
1.696479968
1.695999131
1.696837978
1.697255417
1.695541625
1.695240609
1.697612128
1.696506693
1.694373018
1.694189967
1.694272316
1.694348395
1.694763843
1.695019535
1.695712721
1.696474898
1.696751423
1.697531454
1.697655534
1.696557565
1.696513037
1.696953262
1.697349598
1.697365041
1.696908699
1.697409544
1.696217608
1.695535583
1.69522094
1.697612995
1.697895269
1.697430203
1.697416799
1.69763019
1.698309755
1.69964175
1.69954447
1.698942851
1.698295057
1.699940458
1.699942941
1.700026291
1.698020287
1.697322054
1.699963063
1.699841832
1.696878763
1.699599136
1.699646599
1.699324065
1.698941367
1.69883836
1.696998818
1.69632315
1.695841063
1.697601825
1.695295408
1.695018648
1.697359179
1.697121493
1.694624495
1.694239041
1.694157672
1.694146339
1.694252687
1.694597217
1.695129413
1.695483238
1.696219655
1.696865664
1.697448247
1.697562737
1.697677937
1.698138087
1.697935205
1.698031104
1.697570755
1.696931105
1.696670645
1.695888769
1.698001088
1.697594523
1.698403444
1.698265464
1.69755958
1.700311912
1.700358356
1.700097708
1.699654291
1.699392008
1.700279345
1.700174195
1.699890977
1.698747214
1.698065836
1.699491942
1.699310678
1.698887804
1.698775166
1.698281727
1.697726556
1.697056316
1.696276236
1.695594209
1.695268598
1.697720611
1.694716717
1.694359711
1.697449886
1.698033565
1.695195254
1.695022649
1.694554377
1.694557348
1.694419195
1.694542357
1.694781062
1.695197594
1.695735208
1.696237822
1.698482869
1.698671923
1.698463249
1.698123941
1.698503737
1.698538008
1.698256183
1.698146266
1.697517566
1.696764071
1.698333391
1.697918705
1.698622226
1.698739354
1.696405771
1.700121589
1.700300041
1.700275049
1.700109975
1.699740591
1.699636961
1.699405577
1.698811872
1.699205106
1.698164007
1.698040511
1.697538425
1.697427854
1.696918149
1.695849299
1.696674956
1.695026784
1.694479302
1.694388324
1.697144063
1.693974354
1.693243604
1.69347248
1.69773322
1.698848142
1.696453262
1.695706547
1.695271847
1.694935767
1.695002554
1.695012641
1.695169044
1.695411357
1.69549131
1.699200778
1.699400763
1.698950433
1.697989072
1.698614781
1.698864071
1.69901644
1.698874991
1.698355057
1.698094532
1.698157968
1.698387771
1.698754273
1.69839725
1.695759177
1.698874975
1.69951774
1.699852556
1.699851944
1.699882707
1.699719742
1.698136142
1.697843881
1.69704241
1.696464152
1.696561054
1.696073463
1.696090317
1.694176651
1.694955565
1.695313769
1.693517914
1.693244229
1.693378777
1.696479658
1.692562222
1.692622628
1.692743333
1.6979726
1.699158227
1.697387524
1.696646682
1.696144653
1.696039802
1.695702574
1.695445352
1.6953375
1.695333405
1.695251231
1.699228285
1.699397004
1.698841468
1.69764701
1.698585142
1.6990183
1.699247991
1.699197651
1.698820324
1.698136506
1.698057124
1.698235036
1.697755533
1.695263345
1.697441291
1.69707642
1.697925078
1.698567141
1.698686605
1.699089625
1.699308778
1.696321756
1.69601135
1.695293809
1.695243267
1.695166541
1.692424118
1.693105634
1.692905793
1.694259827
1.692173534
1.692243606
1.695672036
1.691809196
1.692194434
1.692462277
1.692515651
1.697910156
1.698607923
1.698208565
1.697636538
1.697469412
1.696953692
1.696493292
1.69602749
1.696036797
1.695650794
1.695274556
1.698579118
1.698131983
1.696980246
1.697772035
1.698921766
1.699234214
1.699400505
1.69921731
1.697802965
1.697323382
1.696880225
1.695058764
1.697245284
1.696647411
1.695363364
1.696115113
1.696824816
1.697018832
1.697659525
1.698206635
1.694869665
1.694760951
1.694591937
1.694777155
1.691436757
1.6912028
1.691965647
1.690741568
1.693250926
1.691410534
1.694622134
1.692129877
1.691499209
1.692455592
1.692817852
1.69292404
1.697439219
1.697508335
1.698864721
1.69871325
1.698231025
1.697720185
1.697216275
1.696948335
1.696178345
1.695823498
1.697274533
1.697053561
1.695553854
1.69739433
1.698036718
1.698780114
1.699169827
1.69922418
1.69630623
1.696034418
1.695274559
1.696596406
1.695958837
1.694709528
1.694367297
1.695313164
1.695383634
1.696093603
1.696743796
1.694292689
1.694416917
1.694900699
1.690462496
1.690854833
1.690257968
1.691067885
1.690042125
1.692139017
1.692982264
1.693106133
1.692366208
1.69310519
1.691516734
1.693341405
1.693556167
1.69379678
1.696630126
1.696260875
1.699153817
1.698970108
1.69868878
1.698373502
1.698177241
1.697444175
1.697122723
1.696504627
1.695965881
1.695966686
1.694982045
1.695830364
1.697028835
1.697968538
1.698590992
1.695513194
1.695520852
1.696063258
1.695905889
1.695510581
1.694450797
1.694308142
1.694421404
1.695003621
1.694655186
1.695473195
1.6948037
1.695110691
1.690647946
1.689785231
1.689830765
1.690258279
1.690764272
1.69078138
1.692355226
1.694457133
1.693951374
1.693036988
1.694339972
1.691940279
1.69441709
1.694370622
1.694643809
1.694961823
1.695783403
1.695339722
1.698682281
1.697935083
1.698853638
1.698884875
1.698886596
1.698574539
1.698417405
1.6979736
1.697624347
1.695108415
1.695264364
1.69315231
1.69456868
1.695817122
1.696840577
1.695226635
1.695317217
1.695392327
1.696550934
1.695437631
1.695419111
1.694737687
1.694685608
1.694949493
1.695493073
1.694848056
1.694726868
1.696305976
1.689885935
1.689582867
1.69079435
1.689626842
1.692570367
1.690093959
1.690803561
1.695692843
1.695530602
1.69494602
1.693948824
1.695397929
1.695238344
1.695106855
1.694905634
1.695466505
1.695172127
1.695056162
1.697953145
1.697200029
1.69566483
1.698410253
1.698657955
1.699034172
1.699137454
1.699067854
1.698997251
1.69845179
1.695008978
1.695261779
1.691089501
1.6921933
1.693315107
1.694429916
1.695531619
1.695648979
1.695692396
1.69777606
1.695296387
1.695662284
1.69574113
1.69539411
1.695850635
1.696389831
1.69716675
1.695109423
1.698385047
1.69137818
1.69034856
1.690036298
1.692993363
1.689692658
1.694917881
1.689746941
1.689907052
1.696274278
1.696560496
1.696515812
1.695986344
1.695864984
1.694490109
1.694933975
1.694219235
1.695489262
1.694970089
1.695550427
1.696069632
1.696905006
1.694964875
1.693175932
1.697368877
1.698428056
1.698839511
1.699271668
1.699442934
1.699472624
1.699190615
1.695692574
1.69604499
1.690385184
1.691165826
1.692060507
1.696157638
1.696467296
1.696243051
1.695436104
1.696076514
1.69573999
1.69671911
1.697252429
1.696135554
1.697452578
1.698066999
1.698821843
1.699550564
1.693905426
1.692308553
1.691744874
1.690825677
1.695769202
1.690204618
1.69693824
1.690115892
1.689933038
1.696606494
1.695896787
1.697182063
1.697345841
1.69319137
1.69366959
1.694261859
1.692656945
1.694530001
1.695143452
1.696589528
1.694696094
1.693702901
1.695146356
1.692539693
1.691118523
1.696379277
1.697283482
1.697528267
1.698431369
1.698737914
1.699300178
1.699605206
1.696874673
1.697076555
1.690055198
1.69044359
1.696883468
1.697306387
1.696756044
1.696411148
1.695865166
1.698155213
1.697509963
1.698635161
1.698874351
1.699314503
1.699625969
1.699419729
1.69483271
1.696618012
1.694173107
1.692986847
1.691908195
1.697694876
1.691623455
1.697928695
1.690878545
1.690342961
1.696578129
1.695560745
1.697505695
1.691993795
1.691615689
1.692473011
1.692537023
1.690774956
1.693519269
1.695431528
1.6977021
1.692396062
1.692776157
1.691505062
1.693868819
1.690632583
1.690118789
1.694972973
1.695409366
1.696490746
1.696952014
1.697928815
1.698791602
1.698058098
1.697900753
1.690098888
1.697372032
1.69778097
1.697021337
1.696600645
1.696170048
1.695799751
1.698669337
1.699072525
1.69935704
1.699488846
1.699520718
1.699201855
1.69802517
1.696524231
1.69709865
1.698135978
1.695440994
1.694282654
1.693837205
1.698165769
1.692856311
1.697518283
1.69188704
1.691096069
1.694680387
1.695082417
1.696430697
1.690426145
1.690648315
1.690313655
1.690530721
1.691238397
1.689589708
1.689543696
1.692241959
1.695513614
1.698388668
1.690686141
1.690924283
1.691655254
1.690203576
1.692597051
1.690146112
1.690530401
1.692997697
1.694062549
1.694481332
1.695669619
1.696866144
1.698673085
1.698126603
1.697318691
1.697573198
1.696699439
1.69607099
1.69558906
1.695401629
1.698887956
1.699108259
1.699105692
1.698924522
1.698918324
1.698422684
1.697365866
1.695631704
1.697380177
1.697977538
1.698218684
1.698029753
1.696496903
1.696123579
1.695028849
1.697106664
1.694166635
1.695754321
1.693075069
1.692154201
1.692684069
1.694130646
1.689402635
1.689495362
1.68915704
1.689381243
1.689968204
1.68964416
1.689864986
1.689653477
1.690222421
1.695154918
1.698265964
1.690137756
1.690130506
1.690339056
1.690806938
1.690507513
1.691069055
1.691307421
1.691829253
1.692108048
1.693148839
1.694363336
1.698415353
1.697507023
1.696532351
1.696588471
1.695730094
1.6950787
1.694659172
1.694686463
1.693918802
1.698288585
1.698358419
1.697908092
1.697324168
1.697171413
1.696063901
1.694388914
1.693023976
1.697757026
1.698011021
1.697896941
1.697762881
1.696434787
1.697530422
1.696978507
1.696261818
1.694825921
1.695271075
1.696178638
1.693083184
1.694396017
1.693415495
1.691432056
1.688938367
1.689233308
1.688574758
1.688538935
1.688549159
1.691028572
1.690302612
1.691482996
1.691376414
1.689171328
1.694354104
1.697166879
1.690683094
1.690299956
1.690967723
1.690174978
1.690213254
1.692261904
1.690479698
1.690504708
1.691087919
1.691977059
1.697186838
1.696066834
1.695179989
1.694993237
1.694387129
1.693863477
1.693573422
1.693187908
1.696655441
1.696547588
1.695771297
1.694927104
1.694639539
1.693000694
1.691738472
1.690945282
1.697530003
1.697495351
1.696713504
1.696318784
1.695417515
1.693709297
1.697616175
1.697483757
1.697442518
1.692007637
1.696525605
1.697131169
1.690390537
1.695721877
1.69457744
1.690053059
1.689189999
1.688484521
1.6882102
1.688102274
1.693684356
1.692280967
1.692259911
1.693648283
1.694127456
1.688502001
1.693370378
1.69527851
1.692443213
1.691564444
1.69086982
1.692906757
1.690642597
1.690247267
1.690170403
1.690409857
1.695267503
1.694070774
1.693595521
1.69320938
1.693026672
1.692765295
1.692670488
1.692573949
1.694300411
1.694157286
1.693249666
1.692366101
1.692004644
1.690707434
1.690163423
1.690009968
1.696136053
1.696804817
1.695859122
1.6942468
1.693723937
1.692497289
1.690970662
1.697278253
1.697403027
1.69770085
1.689611597
1.697462528
1.697761077
1.696709404
1.695266448
1.691207903
1.689903911
1.689434777
1.688552177
1.688119168
1.695783585
1.694661261
1.694141772
1.695433064
1.696336578
1.688221063
1.688418291
1.692618999
1.693197043
1.69480354
1.693851641
1.692689634
1.692232192
1.691326923
1.69060299
1.690168969
1.692312444
1.692228134
1.69180755
1.692045287
1.692105946
1.692274858
1.692439577
1.692178931
1.691835301
1.691034219
1.690398181
1.690197928
1.689781366
1.68996247
1.690461839
1.694802737
1.693791082
1.69572411
1.693391032
1.691581811
1.691106393
1.690058588
1.689076848
1.696032422
1.696836948
1.697578743
1.698006325
1.697997371
1.697485933
1.696889027
1.692422459
1.691789316
1.690476107
1.689430676
1.689225831
1.696114286
1.696336578
1.696336578
1.696157149
1.694717941
1.68870566
1.688542865
1.692439394
1.691349083
1.696421336
1.695072554
1.694427307
1.693311093
1.692170369
1.691212336
1.691059457
1.691502727
1.691160372
1.691762459
1.692122365
1.692482003
1.692862281
1.690576326
1.6902517
1.689814049
1.689718226
1.689739335
1.690289696
1.691108793
1.692083202
1.693312339
1.692228319
1.691264511
1.69364833
1.690883862
1.689627061
1.689313391
1.688796818
1.69492083
1.695972602
1.697102609
1.697811729
1.698108916
1.697995858
1.697790642
1.694480175
1.693077765
1.691827045
1.691470014
1.690454413
1.696336578
1.696336578
1.696196303
1.689593214
1.689062622
1.692942843
1.690451184
1.696932978
1.696429636
1.695468779
1.694322794
1.693177684
1.690815323
1.691681416
1.691470776
1.692323346
1.692833964
1.693224717
1.693667135
1.690123408
1.689968784
1.690310055
1.690495033
1.691006616
1.692101536
1.693200738
1.694323054
1.691126898
1.690837789
1.689918759
1.689443097
1.692253028
1.689270964
1.688976143
1.688913796
1.693470118
1.69373106
1.695133323
1.69627435
1.697187336
1.697689974
1.697740653
1.697782998
1.696209777
1.695309053
1.694445056
1.694068513
1.69303334
1.691841586
1.696336578
1.690778381
1.690002405
1.693913741
1.690772683
1.697539386
1.697048698
1.696255271
1.695361516
1.691752424
1.692637406
1.693458259
1.693968636
1.694233313
1.694524404
1.690960706
1.691048756
1.692167982
1.692475965
1.693360056
1.694469821
1.695473903
1.696395018
1.689377828
1.690020356
1.689202517
1.68897514
1.689063473
1.690923392
1.689263518
1.68988194
1.69126433
1.692434993
1.693826949
1.695093654
1.696061506
1.696351091
1.697285889
1.697345361
1.696149934
1.696336578
1.696071371
1.695480887
1.694457965
1.693475489
1.692201839
1.691959201
1.694802424
1.695088398
1.692188412
1.697461184
1.697348541
1.696902663
1.693351177
1.694295917
1.694900181
1.695140426
1.695142846
1.692803195
1.693085467
1.6945898
1.694895782
1.695742221
1.696560361
1.697118128
1.697431307
1.697454686
1.688959629
1.688963207
1.689284959
1.68907956
1.689871912
1.690201276
1.689476296
1.690972192
1.690195752
1.691246763
1.692488653
1.693609182
1.694042543
1.695538494
1.69582554
1.69654583
1.696336578
1.696336578
1.69606824
1.695986004
1.694651479
1.694363061
1.693355457
1.694997458
1.695183951
1.695576319
1.694201356
1.697097385
1.697409697
1.695240468
1.69585484
1.696028209
1.695877148
1.695056158
1.695438992
1.696717368
1.696944537
1.697442899
1.69773177
1.697691644
1.697119677
1.69732771
1.689034018
1.689381835
1.69002313
1.689011009
1.690368934
1.69195293
1.692378948
1.689096412
1.689495569
1.690202955
1.691131625
1.691409994
1.69262083
1.693492885
1.694652453
1.693526911
1.695613965
1.696336578
1.696336578
1.696006152
1.696172728
1.695439933
1.694765017
1.694225521
1.694433888
1.695258715
1.695894503
1.696158929
1.696490413
1.696692743
1.6967366
1.696404262
1.696987098
1.697270501
1.697881227
1.697937379
1.697892729
1.69750573
1.696783408
1.695540027
1.695892346
1.690039746
1.690251328
1.69118091
1.692192418
1.689426811
1.692621285
1.694376315
1.68917923
1.689120119
1.689461507
1.689613179
1.690258912
1.691023428
1.691215357
1.692142302
1.693333422
1.694509573
1.696336578
1.696252032
1.696224627
1.693025438
1.692605223
1.694036624
1.694889612
1.69574816
1.697315417
1.697168997
1.696558115
1.692353631
1.697646155
1.697849896
1.697923214
1.697619024
1.69751154
1.696869767
1.695897014
1.694744077
1.693198792
1.69364698
1.691145478
1.692179264
1.692504119
1.69376471
1.694710927
1.690302916
1.694903274
1.689919328
1.689263646
1.689166048
1.689159075
1.689424658
1.689518318
1.690083064
1.690966803
1.692084638
1.696336578
1.696336578
1.696373503
1.691423764
1.690772653
1.693170753
1.694126602
1.695244292
1.697265276
1.696380449
1.690730757
1.691265171
1.697116233
1.697190402
1.696735017
1.695932676
1.695710659
1.694513892
1.69337657
1.692356337
1.690871333
1.69119217
1.693612033
1.692496092
1.694573165
1.694930908
1.696030236
1.692029517
1.690515153
1.690165448
1.689531845
1.689164279
1.689086352
1.68906847
1.689375077
1.690019819
1.696336578
1.696336578
1.690137272
1.689924528
1.689563585
1.69203713
1.693138649
1.694500005
1.695905725
1.689746703
1.689626227
1.690130771
1.695281464
1.69525396
1.694413743
1.693427124
1.69303651
1.691504107
1.691004245
1.690153016
1.689493805
1.68933853
1.694847443
1.695810063
1.69445748
1.696232556
1.696239656
1.692693785
1.692239495
1.691222986
1.690325547
1.690047962
1.689474598
1.689091625
1.689041922
1.696336578
1.689634367
1.690083632
1.689795972
1.690873014
1.69204774
1.693596437
1.68914457
1.68898833
1.689545191
1.689222852
1.69273709
1.692672588
1.69176721
1.690899776
1.690638867
1.689553799
1.689392581
1.689122402
1.689121442
1.689163996
1.696251452
1.696279303
1.696336578
1.694976912
1.694611658
1.693629844
1.692492581
1.692167222
1.69108271
1.690315299
1.689616907
1.690524238
1.691619621
1.691578654
1.689751791
1.691044956
1.689778519
1.689054009
1.688593371
1.688598672
1.694238462
1.690318179
1.690208867
1.689584946
1.689160406
1.689133334
1.689024908
1.689161261
1.689550078
1.690183956
1.690522286
1.696336578
1.696336578
1.696278296
1.696270988
1.695819217
1.694833569
1.694574871
1.693542983
1.692445046
1.691875924
1.691615399
1.692635232
1.693841365
1.689157422
1.688426
1.69038092
1.689334447
1.688542231
1.695572811
1.696336578
1.688644148
1.688664211
1.688577875
1.688784397
1.689036229
1.689966353
1.690349127
1.6912511
1.692298197
1.692695308
1.696336578
1.696336578
1.696259894
1.696239805
1.695797508
1.694813059
1.694391993
1.692622987
1.69426342
1.694616008
1.695723897
1.688244791
1.688493327
1.691210434
1.689845587
1.696336578
1.695935123
1.688392283
1.68856895
1.68919656
1.689955553
1.690441873
1.692010347
1.692515808
1.693667739
1.694746664
1.694858477
1.696336578
1.696336578
1.696265253
1.696237279
1.694834287
1.693519954
1.696125154
1.696336578
1.68890651
1.689943166
1.692029015
1.689633508
1.69007044
1.691574548
1.692226466
1.693287334
1.694528565
1.694835004
1.695816783
1.696263345
1.696271078
1.696336578
1.696336578
1.696234894
1.695819688
1.694532698
1.696336578
1.690812176
1.692292146
1.691913973
1.692368025
1.694186113
1.69468241
1.695729297
1.696219371
1.69624131
1.696336578
1.696336578
1.696336578
1.696242738
1.694730368
1.693311398
1.694515746
1.694653737
1.696139052
1.69620063
1.696336578
1.696336578
1.696336578
1.696236569
1.695413933
1.696224783
1.696165991
1.696336578
1.696336578
1.696336578
1.696336578
