1.887094613
1.881355538
1.911223204
1.896711778
1.873601981
1.870849299
1.91417362
1.901458366
1.881569292
1.917606881
1.874584691
1.926523675
1.875270172
1.871344517
1.894283893
1.915290484
1.87049171
1.916683878
1.911380727
1.894420256
1.881067194
1.919431719
1.918667878
1.927196661
1.934810589
1.920627612
1.87791039
1.876660696
1.87203743
1.874786484
1.888162897
1.912786082
1.879345423
1.923062435
1.92018733
1.908590172
1.916286198
1.894596868
1.919769496
1.919657955
1.922340289
1.92606886
1.930461555
1.851254572
1.859584684
1.875121342
1.882287296
1.853717446
1.889672551
1.891144657
1.904301179
1.921544344
1.924817424
1.926034595
1.921647934
1.93404548
1.923789648
1.927597739
1.932728767
1.936756195
1.941683601
1.950077758
1.945489935
1.821986501
1.82522857
1.85746781
1.863964454
1.882152199
1.898129448
1.834301993
1.915102254
1.93486497
1.925906566
1.928250925
1.932292164
1.937261424
1.945061366
1.933395136
1.937342541
1.937571665
1.938806201
1.943808707
1.952508043
1.947154023
1.956842058
1.960814637
1.803387438
1.798014328
1.815991598
1.844349155
1.874209817
1.900498917
1.923748781
1.818647062
1.948975134
1.934769965
1.930839999
1.935826502
1.938260939
1.943536386
1.946840692
1.954652742
1.94172102
1.942525181
1.945211713
1.950012156
1.954434381
1.960035468
1.961156069
1.959239458
1.963471357
1.965558774
1.970586496
1.791225536
1.783201026
1.788429514
1.855438272
1.830044503
1.887715452
1.914896235
1.951076612
1.809049524
1.939161751
1.945438817
1.941199937
1.944308886
1.948335131
1.955145442
1.960081698
1.955630568
1.950400918
1.954788659
1.96257605
1.965829891
1.972967981
1.969993101
1.967893331
1.9683735
1.969436652
1.97186323
1.970382623
1.966727379
1.916712521
1.955292474
1.948383093
1.785705478
1.776597502
1.775927799
1.837820415
1.869053937
1.813609262
1.901524429
1.940030609
1.796545746
1.951740435
1.952626913
1.958933769
1.954808369
1.961007983
1.96007561
1.966866981
1.968802203
1.96091349
1.949151231
1.96333053
1.970294698
1.978289499
1.979581691
1.978817864
1.978895048
1.974154818
1.973375722
1.971030108
1.960559883
1.952604854
1.900147273
1.919309746
1.934464797
1.948242431
1.942901926
1.896345421
1.781846144
1.777914725
1.774106592
1.860847063
1.829039212
1.886190488
1.805107789
1.920835747
1.790565614
1.967746039
1.966338215
1.964816892
1.97161297
1.969578036
1.970030543
1.971806534
1.97254874
1.965285346
1.94306779
1.924278694
1.975915298
1.979829607
1.981180259
1.98156168
1.978829574
1.975876902
1.971123448
1.966723339
1.958762298
1.949846588
1.944080685
1.89334497
1.904835541
1.93888058
1.926448177
1.941565941
1.898184085
1.906940268
1.913328111
1.78342205
1.781571284
1.783100449
1.867086335
1.845153961
1.817965521
1.8971373
1.797061807
1.788083555
1.980532894
1.977583008
1.978287118
1.974585458
1.980479023
1.979583889
1.982104326
1.95625466
1.936371987
1.909006322
1.892519632
1.980312507
1.976951242
1.976088171
1.969352711
1.965395523
1.961504668
1.956116918
1.954387026
1.947018007
1.940627376
1.938392196
1.895751685
1.890839224
1.912724959
1.936208101
1.928056097
1.899677667
1.909787781
1.910773461
1.91278041
1.786677377
1.787634368
1.914454546
1.785936555
1.874609629
1.855937757
1.833516366
1.809820988
1.795433752
1.789269618
1.990074512
1.991222088
1.988556597
1.984231202
1.958854313
1.987582941
1.984827298
1.978636586
1.924985206
1.904790479
1.880312964
1.8682882
1.971603267
1.970425877
1.963743198
1.958167399
1.954052748
1.949578898
1.945818536
1.939071119
1.936255085
1.933163987
1.888357653
1.900607454
1.888002562
1.917348649
1.92621983
1.90049941
1.906895694
1.922190641
1.788756057
1.795908005
1.791647884
1.920898893
1.794110242
1.859551014
1.843443389
1.824335459
1.804744658
1.793925575
1.790089705
1.995137311
1.995620252
1.987807971
1.990752483
1.971176016
1.925934926
1.985606435
1.978860961
1.969199377
1.883558398
1.858411964
1.849126658
1.964861748
1.960807793
1.955575337
1.951520352
1.947116777
1.943767939
1.938056222
1.936621681
1.934176575
1.892351335
1.880503821
1.907116226
1.885458115
1.920269479
1.92529487
1.89517206
1.913382157
1.935829244
1.937311694
1.788747258
1.796369173
1.93610993
1.939749719
1.930742075
1.79377966
1.84223838
1.828157314
1.814045109
1.800930862
1.796041569
1.790966327
1.988655718
1.994911037
1.991243464
1.969083748
1.987817995
1.940865664
1.894485167
1.981222179
1.972128807
1.965566436
1.859897698
1.836806118
1.830577002
1.96308969
1.955723475
1.952883353
1.94689069
1.939652266
1.936187496
1.9322632
1.911402792
1.888566085
1.874456989
1.879717145
1.921495392
1.924743897
1.909936281
1.929662173
1.942314635
1.79020773
1.793277028
1.93903829
1.932676874
1.921848285
1.921706196
1.928205338
1.921875857
1.786514877
1.82637021
1.81584674
1.80836936
1.801444155
1.796427119
1.790967806
1.993872166
1.964546512
1.995656547
1.990079656
1.933922991
1.983182078
1.907273986
1.861233169
1.980722906
1.975103536
1.975795819
1.838112895
1.821367688
1.816899787
1.970191009
1.970462355
1.962090381
1.949501885
1.94413915
1.935527359
1.920553536
1.899824604
1.874953863
1.869229898
1.887084887
1.92492972
1.932176507
1.913145478
1.931459181
1.929619242
1.787926773
1.787031543
1.923242369
1.918387976
1.922293789
1.932402158
1.930927117
1.917938802
1.779411368
1.813531115
1.808428332
1.800619635
1.797218379
1.793255275
1.9986519
1.981831906
1.93087274
1.994239757
1.987938474
1.892615644
1.989273131
1.86794577
1.835448922
1.987068929
1.990007791
1.988752646
1.820790162
1.813230929
1.808881541
1.994109407
1.983057918
1.969439906
1.958008466
1.951957597
1.904286034
1.925544677
1.881267927
1.863719048
1.867729637
1.887370248
1.929089294
1.952259664
1.908414326
1.914634463
1.910499392
1.789415424
1.78722411
1.903340857
1.919919015
1.942117285
1.937087576
1.903187193
1.774429738
1.808192885
1.807247376
1.803845838
1.800910851
1.796508617
1.988381045
1.993341016
1.948310142
1.897417797
1.991125894
1.993377289
1.85972617
1.99485774
1.838237345
1.813443536
1.996536008
1.997283611
2.008633742
1.803722345
1.800767492
1.803055555
2.005580957
1.996783734
1.979100639
1.981041427
1.885610166
1.922753511
1.864012241
1.856419153
1.866228888
1.891335473
1.954616
1.977452811
1.902037246
1.897876424
1.910135991
1.783794064
1.792925108
1.899308411
1.937082599
1.950550752
1.888856636
1.905400055
1.776369885
1.792983458
1.771512581
1.804147365
1.804645611
1.803799207
1.798388821
1.799321072
1.961712482
1.979289251
1.986314849
1.915342913
1.866986319
1.986841476
1.986448646
1.837909447
1.828376004
1.985392624
1.810393659
1.992807661
2.003742097
2.013006633
1.788038034
1.785920134
1.791438786
2.01528543
2.002046263
2.001003204
1.867629666
1.94446477
1.849618519
1.851888313
1.873550606
1.895471429
1.979257252
2.000835675
1.891253095
1.890838956
1.918943888
1.783849089
1.902138631
1.940143123
1.883160212
1.919775636
1.772150364
1.788512934
1.778506037
1.845214067
1.765766005
1.796983573
1.798230798
1.796431702
1.794739187
1.786027623
1.92048714
1.954531385
1.975219002
1.979887025
1.876891851
1.839966199
1.976786604
1.97342336
1.813485133
1.803621194
1.978175328
1.984893569
2.007375236
1.992911487
2.013413102
1.775498662
1.774950146
1.785813637
2.009697258
2.008098727
1.864643805
1.84919029
1.970541172
1.863186271
1.889792266
1.894671341
1.997317771
2.009422483
1.886120669
1.895320664
1.91887695
1.772012685
1.903305597
1.893408112
1.943589231
1.765564467
1.775477442
1.786064983
1.768753656
1.846582892
1.858792785
1.756420929
1.790647716
1.790324472
1.785997611
1.781202119
1.771387728
1.919361398
1.885006888
1.951891964
1.97008547
1.970047001
1.845917618
1.814447441
1.967607725
1.968726123
1.795376066
1.973714432
1.982519379
2.002448682
1.994918661
2.007847055
1.76585164
1.776790561
1.764312787
2.01525664
1.874442256
1.851890329
1.97979849
1.884847658
1.888153328
1.882731254
1.998999523
2.015365749
1.898778667
1.906748419
1.759518878
1.762711519
1.910141274
1.94829845
1.768855125
1.776867277
1.785669042
1.762712021
1.8469008
1.854955853
1.87455307
1.748537396
1.743966052
1.785211788
1.782093483
1.772858278
1.764674576
1.757305879
1.927406229
1.889095492
1.856185173
1.946122257
1.96428851
1.963631736
1.823949123
1.799708561
1.960787623
1.963415341
1.968193178
1.977825208
1.986309075
2.004204931
1.759085836
1.767591893
1.755870855
2.013517009
1.883367368
1.859076219
1.974664937
1.882031527
1.875016626
1.888424862
1.996393026
2.009354492
1.902962649
1.748569557
1.919348911
1.945781597
1.76869377
1.775808237
1.784549146
1.796652979
1.761380873
1.847317337
1.847560187
1.859573647
1.871573111
1.734892086
1.730897547
1.776467296
1.765338488
1.756636951
1.749027309
1.745585089
1.908073676
1.928590293
1.871563483
1.838322569
1.933397934
1.942087689
1.943446193
1.950955116
1.809193029
1.952501366
1.952795362
1.960561975
1.969094872
1.99602105
1.756324227
1.755957857
1.751976433
1.996788466
1.86432912
1.897306939
1.970551277
1.86621256
1.869423579
1.88329608
1.991430131
1.994701197
1.738270248
1.933676557
1.950576817
1.784096726
1.773156856
1.790669418
1.795531331
1.80160234
1.764234676
1.842974104
1.850231042
1.854409168
1.861078115
1.863353525
1.775680208
1.853189918
1.728878281
1.724492204
1.721393631
1.757643567
1.749560924
1.740331815
1.73805436
1.736723643
1.919750461
1.891212543
1.928202611
1.853936524
1.824783797
1.92907433
1.929371147
1.933625464
1.942651581
1.944432168
1.9460092
1.951687644
1.973630997
1.757178722
1.748012408
1.753658432
1.978185543
1.874769565
1.904667093
1.972434496
1.854502276
1.861921271
1.982396892
1.983126817
1.934507397
1.951736424
1.792746722
1.785784083
1.796782794
1.799168614
1.804840232
1.818182723
1.765608759
1.844646317
1.84258688
1.850058974
1.862522482
1.852864988
1.774046763
1.76590463
1.845464804
1.848130406
1.72149903
1.727128313
1.717517506
1.715118333
1.743378196
1.736983515
1.731961792
1.731424651
1.731289613
1.908500948
1.922663956
1.872350324
1.926989853
1.837549799
1.928083839
1.926585802
1.928807562
1.93066086
1.938596213
1.939334961
1.953040128
1.75816343
1.746347841
1.755364223
1.959675166
1.884063635
1.908561597
1.966197781
1.849497418
1.97948848
1.970608296
1.921132938
1.942616262
1.791007341
1.778637568
1.79718863
1.798079738
1.809560964
1.82666661
1.760631087
1.842312524
1.852804049
1.84204888
1.843687915
1.86921675
1.762546431
1.760128869
1.75372796
1.846514218
1.843177521
1.847473722
1.720631025
1.717248728
1.72402286
1.713143246
1.711125907
1.73795558
1.732793948
1.727363603
1.725152205
1.890791515
1.919451112
1.932211109
1.855610029
1.936530286
1.932102543
1.926335734
1.922915203
1.924212738
1.932311229
1.938179463
1.92922611
1.755729087
1.743836221
1.749182667
1.945295668
1.880560169
1.888385307
1.891793252
1.966398899
1.848972377
1.968231583
1.94498597
1.908477891
1.936316912
1.771293896
1.7797898
1.785700294
1.803220439
1.823436726
1.848388272
1.75152647
1.847753535
1.838058687
1.860107633
1.838054821
1.752983367
1.759449647
1.75005425
1.745718499
1.85002436
1.843931895
1.717234721
1.718470319
1.714597582
1.720593894
1.71026756
1.708154741
1.737134475
1.729707594
1.723823076
1.914538811
1.880307803
1.939506255
1.943215345
1.935509888
1.92833192
1.92040443
1.919515248
1.919876688
1.924819416
1.74865299
1.741977286
1.741793473
1.924506471
1.866114653
1.875839568
1.86975253
1.876280479
1.939153101
1.856874085
1.940108858
1.922811643
1.894216675
1.911117858
1.768085477
1.777397839
1.794761346
1.815875667
1.838003696
1.867948044
1.746513032
1.854787893
1.840309962
1.839812139
1.751145744
1.757393871
1.766004145
1.746679873
1.742224413
1.856977025
1.851113751
1.845028005
1.717741325
1.711846941
1.713943982
1.715086315
1.721357745
1.705599097
1.708139361
1.733414242
1.726817311
1.902750728
1.940259559
1.956571975
1.949531371
1.938806865
1.9264121
1.91916867
1.914402065
1.914337269
1.74126933
1.735795913
1.736436052
1.909125855
1.855204513
1.86271207
1.850583437
1.847919525
1.859578051
1.891561478
1.909837177
1.866120262
1.913180849
1.902000457
1.874297091
1.777895762
1.79723824
1.826526817
1.859920632
1.903146757
1.740463521
1.845045503
1.840672847
1.761979017
1.7541928
1.771265857
1.782024018
1.745413387
1.740875722
1.863074486
1.853075986
1.845288837
1.715910426
1.719005105
1.711998093
1.710459753
1.709128349
1.724150171
1.709876841
1.708679272
1.708373895
1.713110992
1.721704992
1.706019247
1.703828633
1.707100315
1.729272018
1.941401838
1.958043335
1.957543214
1.947577544
1.935566438
1.925456249
1.917640764
1.908182027
1.737614927
1.732637004
1.734612452
1.897153325
1.841154351
1.840736297
1.826695146
1.829005189
1.843565944
1.867442839
1.85758105
1.885322733
1.866442012
1.885062193
1.881645994
1.798311179
1.824986732
1.861053891
1.904022404
1.938527691
1.738275818
1.845341328
1.764227239
1.774535807
1.750166567
1.788284999
1.798493462
1.743554066
1.740797889
1.859521167
1.85152407
1.846659831
1.715509616
1.718568398
1.71154603
1.726042804
1.712285803
1.710524549
1.706833743
1.711631688
1.709719131
1.706812692
1.714375393
1.725620448
1.721826431
1.705070005
1.704201789
1.702308489
1.705112154
1.73006805
1.954059612
1.95223647
1.940042449
1.930762386
1.923583639
1.91809011
1.910714857
1.737188174
1.733369759
1.735091901
1.902181451
1.882633435
1.832264458
1.846201785
1.819106609
1.809719583
1.815648692
1.836643173
1.839316131
1.851560884
1.863743551
1.858022391
1.856784263
1.854782647
1.82093515
1.855751199
1.892525837
1.921213924
1.939111875
1.738497075
1.755533494
1.769911421
1.784136569
1.746492326
1.798344687
1.82145281
1.741713977
1.740868945
1.854403631
1.849561929
1.848950458
1.71798879
1.71407327
1.707789722
1.705063225
1.713329947
1.71110453
1.850936287
1.824946689
1.726625869
1.800439405
1.717442846
1.731677261
1.721387512
1.725685673
1.703233518
1.703133406
1.700812659
1.703158038
1.734910689
1.945445105
1.934772747
1.918790886
1.910445465
1.903596565
1.90736473
1.735873944
1.735084793
1.889225238
1.865580321
1.829973775
1.844267856
1.80685877
1.797135312
1.803058331
1.820800969
1.83111457
1.841225187
1.851859707
1.835040314
1.837721215
1.849304655
1.878402942
1.912346976
1.931419962
1.929008104
1.737798375
1.749423351
1.76259939
1.782062968
1.74354527
1.821705367
1.849115379
1.739256466
1.736384098
1.849564354
1.848332394
1.717056582
1.708936111
1.706086635
1.704256699
1.702941241
1.715292561
1.712977879
1.846838352
1.805040382
1.805864879
1.7321202
1.730723236
1.822694024
1.801181426
1.734219954
1.710650492
1.715012566
1.721135849
1.734033058
1.72583446
1.730936329
1.701436486
1.701296317
1.699286819
1.700958477
1.926797743
1.916853167
1.901338433
1.887993692
1.886488939
1.73306016
1.732224207
1.864743272
1.843736475
1.81899312
1.837512954
1.795234656
1.778441461
1.791037415
1.791075917
1.808339047
1.81735372
1.845164681
1.812442946
1.81656837
1.881783598
1.908550392
1.922675991
1.924232147
1.911442116
1.745982073
1.75676551
1.77397602
1.741070266
1.844974488
1.868936515
1.736891894
1.733878145
1.847858327
1.842634044
1.719757986
1.707066332
1.704895247
1.703573821
1.702004361
1.717493833
1.838870691
1.783069503
1.783191248
1.732261185
1.84287557
1.819512353
1.793811314
1.731985762
1.708401677
1.712563123
1.719841661
1.717239169
1.701367391
1.730616855
1.764733507
1.751740202
1.724852613
1.730555305
1.729789524
1.729491273
1.699441841
1.69759692
1.698726969
1.699790604
1.905403458
1.897614119
1.878889947
1.865998739
1.73058461
1.844338802
1.824966899
1.799392573
1.824449223
1.777683926
1.76534252
1.772453333
1.769489489
1.78714343
1.794425921
1.832251335
1.790597596
1.795480165
1.889638158
1.902086581
1.902667966
1.908576919
1.903065306
1.891326848
1.744001892
1.765749006
1.739509117
1.868353235
1.735840304
1.73260529
1.838482129
1.827663546
1.722554951
1.705013109
1.702779443
1.701789775
1.829201014
1.765044854
1.85808611
1.829644579
1.806905148
1.783462154
1.730861254
1.710254189
1.706863456
1.714638595
1.724651387
1.722324632
1.719637913
1.699726857
1.728940799
1.754755452
1.750762356
1.748696628
1.755737919
1.703672528
1.738850262
1.712405034
1.728298719
1.729038566
1.72813776
1.727580149
1.697827603
1.697520195
1.696884575
1.700268941
1.699703691
1.882064056
1.865089401
1.853818224
1.729779085
1.82926462
1.807551816
1.804125992
1.785770974
1.765512831
1.752562815
1.759373893
1.76584447
1.774395377
1.817132343
1.771087164
1.780743914
1.888381728
1.878559943
1.884961623
1.887990284
1.891697935
1.887849534
1.86864402
1.744584151
1.763312973
1.734448858
1.731433782
1.819889249
1.806116845
1.705533487
1.703983664
1.702800062
1.70111796
1.814275413
1.74983376
1.86228973
1.837707856
1.813290759
1.793700235
1.776278888
1.709583566
1.708101314
1.717002924
1.726749363
1.724276749
1.721679273
1.727800976
1.744214166
1.751399299
1.741393366
1.751777653
1.737284031
1.741002131
1.713367718
1.71184843
1.715335796
1.705663471
1.725847799
1.726624068
1.728699191
1.726181413
1.726584348
1.698501599
1.700678941
1.69908421
1.703032797
1.702201401
1.848842984
1.839662475
1.730304906
1.817070417
1.798787008
1.785928652
1.789956301
1.772022388
1.753672697
1.744045102
1.749716284
1.758271468
1.794099726
1.757068741
1.76601836
1.868514622
1.873363698
1.868852812
1.875942015
1.88124514
1.86180211
1.746108264
1.760972754
1.733360543
1.802733193
1.791828803
1.707352528
1.705713255
1.793239146
1.740081308
1.859364398
1.839309256
1.819582845
1.802543077
1.784647771
1.771963171
1.710739291
1.709794096
1.719060693
1.724530951
1.72252296
1.7275599
1.738885303
1.741214744
1.742509924
1.736677214
1.752482699
1.737041983
1.741378984
1.714362677
1.713330499
1.716438372
1.717266096
1.724545961
1.721494205
1.726253694
1.724714773
1.729282666
1.725235221
1.702039411
1.703846306
1.701245897
1.705014987
1.826227549
1.836483427
1.731954971
1.805749675
1.789769503
1.773533148
1.774979546
1.757456606
1.746076336
1.742489758
1.74496664
1.739789438
1.768888318
1.746910734
1.740617456
1.755162944
1.852692069
1.853383467
1.855027344
1.863329588
1.857503743
1.746051002
1.752141459
1.760235736
1.768171939
1.735665637
1.782073046
1.775045408
1.708807762
1.707708149
1.770995524
1.735536694
1.838830944
1.82275469
1.809265483
1.791300592
1.777105737
1.712364756
1.71146066
1.719479052
1.718850486
1.723111345
1.721749176
1.72795243
1.742488253
1.740410302
1.742723459
1.737326431
1.740547721
1.715692404
1.714847234
1.717641712
1.718325888
1.722948798
1.723231482
1.720645571
1.72476374
1.726141697
1.726749405
1.722003803
1.704034651
1.728763383
1.754312534
1.723589798
1.731160965
1.703701561
1.706756195
1.706053454
1.702856539
1.815761308
1.834599717
1.735134419
1.794237145
1.781121092
1.763873787
1.759573478
1.750700066
1.745023339
1.748064709
1.73534741
1.750901567
1.748620909
1.74109437
1.73591452
1.747327066
1.833616562
1.835616921
1.8346047
1.838141967
1.845343392
1.745218155
1.751739877
1.760009181
1.765159619
1.770596377
1.739358485
1.759593586
1.75991291
1.710418857
1.709514241
1.73512661
1.824529025
1.819155226
1.811362403
1.795693329
1.77899754
1.714107396
1.712918808
1.720244325
1.719771694
1.721738539
1.721548029
1.755192374
1.746275363
1.740355429
1.717056417
1.716217134
1.718724325
1.719297472
1.722374091
1.722454771
1.721332766
1.723342881
1.724589285
1.730411424
1.727223103
1.722286854
1.705557987
1.73359996
1.758880242
1.769538136
1.704291936
1.737701836
1.821053169
1.720425062
1.736872244
1.769802826
1.722483086
1.827009241
1.732114684
1.755360134
1.722323655
1.737072896
1.705682714
1.708519116
1.70759436
1.804970274
1.825096099
1.741509664
1.783033577
1.771219224
1.752734821
1.749129718
1.749337982
1.761141646
1.733762508
1.747836831
1.738322305
1.737081077
1.734134936
1.741876882
1.822459667
1.816226539
1.810667306
1.745363992
1.750929866
1.756979143
1.762139481
1.767809305
1.752785799
1.712438708
1.711107418
1.737871947
1.811308767
1.806094238
1.797042439
1.782250378
1.715471337
1.721020401
1.722168799
1.72205471
1.746588822
1.718173518
1.720067189
1.722493321
1.721880984
1.722679327
1.724832056
1.735971796
1.728328077
1.722486268
1.739013634
1.761643992
1.751029489
1.773070981
1.705676913
1.731086141
1.721075833
1.733277968
1.734412437
1.73329267
1.76966807
1.722375984
1.722471842
1.811963827
1.814072827
1.733139486
1.736915879
1.748901688
1.76041166
1.727537027
1.707531063
1.722823006
1.800020532
1.811417
1.722111369
1.721803119
1.743305017
1.70795798
1.710177965
1.709445536
1.798048306
1.748464167
1.768455132
1.785388986
1.77614475
1.749832538
1.750244647
1.755298539
1.737117605
1.73313953
1.745862459
1.739976068
1.731990957
1.732482258
1.743209762
1.736524794
1.80546952
1.803758198
1.800070274
1.800228812
1.752002017
1.756954488
1.753836465
1.761173991
1.771548114
1.714979551
1.714045635
1.713050687
1.743847488
1.800409099
1.794207623
1.783943786
1.717716835
1.721713087
1.722448466
1.722382385
1.719850841
1.721312391
1.722526627
1.722235095
1.725145999
1.741122752
1.728674583
1.722568377
1.763687247
1.753987299
1.758602294
1.770400684
1.707063357
1.731271913
1.731298436
1.730708095
1.730313072
1.767424705
1.722258212
1.722361119
1.800370077
1.798958929
1.736086823
1.731154917
1.732954598
1.738881713
1.751796737
1.75874628
1.72829924
1.725361538
1.72239088
1.789180773
1.792160383
1.799246435
1.768453856
1.784793618
1.733775558
1.789692681
1.721929232
1.721732335
1.721287439
1.745274562
1.709613507
1.710810216
1.712156241
1.785870423
1.747926071
1.758379194
1.775453743
1.746495543
1.750750572
1.745007337
1.737781598
1.732809569
1.741067641
1.734809904
1.739037929
1.748429389
1.7325296
1.796803403
1.793744372
1.787208494
1.789678474
1.749333486
1.75605992
1.751901551
1.763695841
1.772843836
1.717149813
1.716361063
1.715370041
1.780554981
1.71950855
1.722144724
1.722590797
1.722555009
1.721239188
1.722457394
1.725227717
1.74118085
1.728624952
1.722548747
1.75797905
1.762349096
1.75192247
1.755739245
1.766549195
1.708449583
1.731994516
1.728224267
1.72841821
1.728309646
1.730343702
1.763158597
1.722052201
1.722175116
1.787921427
1.787487152
1.736224965
1.730654524
1.730268637
1.730482842
1.725522337
1.723807939
1.721933311
1.779918721
1.778978988
1.792195214
1.764281752
1.778444514
1.731542611
1.787216779
1.778554689
1.735049313
1.768406354
1.714588866
1.773794262
1.726686099
1.717076263
1.721526051
1.721672524
1.72136062
1.720884349
1.720979806
1.743577456
1.712363516
1.711167695
1.713757325
1.77442451
1.745040037
1.756504946
1.750002787
1.738709164
1.74570412
1.746659844
1.743265024
1.737200193
1.743761281
1.733395625
1.738089193
1.728844602
1.787473816
1.785998338
1.778941815
1.777320676
1.74753783
1.751442513
1.757928375
1.764964082
1.769813745
1.718942567
1.71831212
1.717805337
1.720921356
1.722098844
1.722579836
1.722633925
1.722304199
1.724791836
1.740711999
1.738054311
1.727490466
1.722484221
1.75668761
1.759200465
1.76012548
1.752514618
1.75743342
1.749029946
1.761453474
1.709888065
1.734184762
1.725764998
1.725367181
1.728887859
1.731233648
1.758496158
1.721788922
1.721909453
1.775189527
1.732117413
1.727710438
1.732710662
1.726954679
1.723692269
1.722349781
1.7205613
1.721337225
1.771094874
1.76893947
1.784990418
1.759986821
1.77202457
1.727407459
1.729465684
1.779836841
1.771405967
1.736738204
1.734313529
1.762985729
1.767041525
1.76759788
1.726406776
1.72485142
1.718883695
1.719677819
1.716204828
1.719954802
1.760078841
1.730235475
1.76251823
1.721062061
1.721224025
1.721383365
1.7205904
1.720647975
1.741579413
1.739306688
1.715223969
1.713711452
1.711473854
1.76230278
1.744024662
1.753082547
1.748643504
1.742465006
1.742103064
1.734961395
1.738267325
1.749178476
1.744450547
1.739354099
1.730541928
1.726428423
1.736367567
1.780219174
1.779687159
1.772368791
1.763956262
1.747593165
1.753359428
1.758813761
1.762047031
1.764741423
1.720507543
1.720035077
1.721940983
1.722575908
1.72266856
1.722129317
1.723718625
1.720746585
1.724334537
1.722453989
1.753784815
1.75747209
1.758593253
1.757767476
1.754717978
1.746651001
1.755915071
1.73411223
1.722157194
1.72293848
1.722399704
1.730212477
1.754558629
1.721444668
1.721609779
1.72768759
1.731858108
1.72993112
1.723974289
1.724085327
1.726691649
1.72198705
1.720795279
1.720255769
1.720289293
1.761458244
1.778817121
1.75365348
1.76584392
1.725722729
1.723562452
1.773145853
1.767130993
1.736767483
1.734112228
1.755354817
1.760519363
1.760275844
1.723256779
1.725193172
1.727370222
1.72048515
1.718060341
1.721123547
1.72127076
1.719753358
1.721365462
1.752053732
1.753518606
1.732231385
1.728267342
1.75471263
1.721228522
1.751780369
1.75466685
1.752430721
1.745998406
1.755961669
1.765312406
1.721037118
1.727094932
1.720560159
1.754042851
1.730349523
1.720729418
1.720937396
1.720266352
1.720319609
1.739087009
1.741882405
1.717404816
1.714903847
1.713217153
1.75127077
1.751818545
1.745413235
1.743150086
1.740223044
1.732160979
1.73924281
1.734917114
1.749986413
1.745350622
1.739844856
1.722220511
1.727008979
1.720604741
1.77330862
1.77545215
1.769274701
1.749821668
1.753802349
1.756795822
1.760118075
1.763212312
1.721898792
1.722616976
1.722707375
1.721884557
1.72023617
1.72009101
1.722429855
1.753506511
1.757395416
1.757216614
1.755011567
1.744313993
1.750569448
1.750641694
1.734379211
1.721544887
1.721274041
1.720895578
1.721165469
1.729820365
1.751250667
1.720957448
1.721127662
1.723533392
1.72932789
1.731191149
1.720372944
1.72237259
1.724755492
1.719028205
1.719988352
1.719977959
1.751691629
1.77249182
1.741029486
1.757495407
1.721572397
1.720565516
1.76825074
1.737459104
1.734468177
1.74315777
1.721652443
1.723844476
1.725527591
1.721977358
1.722164227
1.722462104
1.720320114
1.721876071
1.722637209
1.743688915
1.738788197
1.742140374
1.746038412
1.726381557
1.748210875
1.747801021
1.746461025
1.733445998
1.755583483
1.762320854
1.720158806
1.723756587
1.725863763
1.719175535
1.720947615
1.746273359
1.72846302
1.732375289
1.719858427
1.75906494
1.742288407
1.72120502
1.7226446
1.720827667
1.722174705
1.720388668
1.719965534
1.740609715
1.743888504
1.717046729
1.719097193
1.71513951
1.738195096
1.746990694
1.727648722
1.720436886
1.735694329
1.749787991
1.744774744
1.74073295
1.720928233
1.721430464
1.768774171
1.769590459
1.765138252
1.749667209
1.752537966
1.755798299
1.759649543
1.764392886
1.7227431
1.722725739
1.72213721
1.721446514
1.719959928
1.752544325
1.756085608
1.754824141
1.751893751
1.739538266
1.743892941
1.746424343
1.746345852
1.736973477
1.733095678
1.721975625
1.721996352
1.72175063
1.721883163
1.72705118
1.728984855
1.748387117
1.720441922
1.720543825
1.721050827
1.727754636
1.732397014
1.729230641
1.720122529
1.720336271
1.722945389
1.717133065
1.719764518
1.719695824
1.737313353
1.767794377
1.720762621
1.729219449
1.753320207
1.720556538
1.735816784
1.738784608
1.722121242
1.722796105
1.722950477
1.72290709
1.720871631
1.723060181
1.723132641
1.727685008
1.727993406
1.720884201
1.73245433
1.722602427
1.738491412
1.724760612
1.738545959
1.744067717
1.741079909
1.739373793
1.72092284
1.754087742
1.759365704
1.721219273
1.723385597
1.719442849
1.718078997
1.720610406
1.735052165
1.730838057
1.726872176
1.719674123
1.75578114
1.727887282
1.720683846
1.722806828
1.720538797
1.720797655
1.722341182
1.723163254
1.726409464
1.720927105
1.721002584
1.723625291
1.754167756
1.747977995
1.728999519
1.726948119
1.726748373
1.727605585
1.719934421
1.719711434
1.741504034
1.745141333
1.719438951
1.717217306
1.720994296
1.720859059
1.721073638
1.721191687
1.732810354
1.750313422
1.7452508
1.74274176
1.73995718
1.721679325
1.721971814
1.76498548
1.764411195
1.760464526
1.748389315
1.75205683
1.757843843
1.761301608
1.722693941
1.722200342
1.721564658
1.720865591
1.719891366
1.75217837
1.754108534
1.751498217
1.748421408
1.736797833
1.741198564
1.744137678
1.741811485
1.736638973
1.733152082
1.722231226
1.722317548
1.722168614
1.722134737
1.722863349
1.744724042
1.719901086
1.720005802
1.720852273
1.725093799
1.73380766
1.730310837
1.720046328
1.720224161
1.721310465
1.714942507
1.716709929
1.719561453
1.719523042
1.722766362
1.720707271
1.763703775
1.721413267
1.721503843
1.753109406
1.747185676
1.73707529
1.72241161
1.722549445
1.722882569
1.722916453
1.72262777
1.721736674
1.723424698
1.723255089
1.722859021
1.72103949
1.721218984
1.720870591
1.730947636
1.725024811
1.733447749
1.736571316
1.754927827
1.721034465
1.721239523
1.721646777
1.718168738
1.716985738
1.718683626
1.722989843
1.729322701
1.723943764
1.726595664
1.719493291
1.719702831
1.754710347
1.720618939
1.720144146
1.720445422
1.723253469
1.72372387
1.722910509
1.721297089
1.752789151
1.747961283
1.722342284
1.720148443
1.721461649
1.727980522
1.723710737
1.726858594
1.731077523
1.722607457
1.720534188
1.732520559
1.722389744
1.751674264
1.719512112
1.740750532
1.744104791
1.719738266
1.721725608
1.721405495
1.721680999
1.728397289
1.730481503
1.749758562
1.745366371
1.742289941
1.739377623
1.721933044
1.722048136
1.761396201
1.759849638
1.760224743
1.756419355
1.748007989
1.75641884
1.758752711
1.721984065
1.721236159
1.720341048
1.719850454
1.750514449
1.752199594
1.749967431
1.747613127
1.744391519
1.735189603
1.737291317
1.740755514
1.739396581
1.735657787
1.732189887
1.72233821
1.722487899
1.722225846
1.722112611
1.722560194
1.740696479
1.719482939
1.719533387
1.720460979
1.720792929
1.721339465
1.732052106
1.720087932
1.7180001
1.715097188
1.712735091
1.719350217
1.720849546
1.720611203
1.720734414
1.75967534
1.721530177
1.72163397
1.721732883
1.747873022
1.741622451
1.735876662
1.722511907
1.722420573
1.722219784
1.721784705
1.723365713
1.722813263
1.722072007
1.721157301
1.720998971
1.721306142
1.720424912
1.720218708
1.720303985
1.722632538
1.731005162
1.751078923
1.721020572
1.721209356
1.715799472
1.716229747
1.720453554
1.723258747
1.725326545
1.719549541
1.719353118
1.753809653
1.720495384
1.719623414
1.724013096
1.723167502
1.723912365
1.72122266
1.75098235
1.747233248
1.719957944
1.719994194
1.721040446
1.721004636
1.722231711
1.726631655
1.726570858
1.722517716
1.722515689
1.728202289
1.730803244
1.722410118
1.750842781
1.752698187
1.722259935
1.71989626
1.723154786
1.743367315
1.719231672
1.73951528
1.743236141
1.722039856
1.721385054
1.721862118
1.725537663
1.748322173
1.743540425
1.7389982
1.735915521
1.721928557
1.721969949
1.756892577
1.75814175
1.755642358
1.75590484
1.747016006
1.754730437
1.721079551
1.720359618
1.71972459
1.719831962
1.719640689
1.74916688
1.747747257
1.745618682
1.739950158
1.731935534
1.73453737
1.736801424
1.7365938
1.731380809
1.722302051
1.722430878
1.72214367
1.721987344
1.72240423
1.722431088
1.736214256
1.71915684
1.719143518
1.720555766
1.720171632
1.720800319
1.721098521
1.730661552
1.714396781
1.716407206
1.712846745
1.713946884
1.710885634
1.719198532
1.720717442
1.720865213
1.720572215
1.720394694
1.75526803
1.721410557
1.721580108
1.721727187
1.738555779
1.743092705
1.734515691
1.721462818
1.721122012
1.720761035
1.722342473
1.721458267
1.721208409
1.720986884
1.721035634
1.720330302
1.72003534
1.720134337
1.719948825
1.726067939
1.746666441
1.72097848
1.712914093
1.718665486
1.721758728
1.719404039
1.751860093
1.719156918
1.724029563
1.724395061
1.723862823
1.720909848
1.745738812
1.719797033
1.720778107
1.720557711
1.720604182
1.720573415
1.724130854
1.725253076
1.722322421
1.722325872
1.727364315
1.724305572
1.722306166
1.748849426
1.749161889
1.722154644
1.7197569
1.721962018
1.722779087
1.738306712
1.740672089
1.727822505
1.722155364
1.738438445
1.720570966
1.74262571
1.719223501
1.719036505
1.737788289
1.742353802
1.723432186
1.721220687
1.721778877
1.720971674
1.744272156
1.737321585
1.731812344
1.721799432
1.721795017
1.752324556
1.753893168
1.750719182
1.750971123
1.745311298
1.750206085
1.720038325
1.719438207
1.719605297
1.719972656
1.745185115
1.741538489
1.734589578
1.729690887
1.731765414
1.733026202
1.732616813
1.725577001
1.722143145
1.722284377
1.721979239
1.72179081
1.72214559
1.72222526
1.731524552
1.718896125
1.718806969
1.720621127
1.720385553
1.720795451
1.720791474
1.727670326
1.713549665
1.711990463
1.715207331
1.711327201
1.709756718
1.719111796
1.719340957
1.720666545
1.720454151
1.720823193
1.720118641
1.720179595
1.749971745
1.721207519
1.721413017
1.721604299
1.729880795
1.737472845
1.729714914
1.720336751
1.719838947
1.719717144
1.720879159
1.721024436
1.720821692
1.719883882
1.719836968
1.719654943
1.741462171
1.711143618
1.718297944
1.716154436
1.747408107
1.718763267
1.724549846
1.724432561
1.723570678
1.720548333
1.741256856
1.719585614
1.719673539
1.720319552
1.71998428
1.720025317
1.719988038
1.719945953
1.722034576
1.723336986
1.721749126
1.722119984
1.744150721
1.743268476
1.721961527
1.720818164
1.721395672
1.72224652
1.732647997
1.734670522
1.736395918
1.72476493
1.721892892
1.733946652
1.73204629
1.719739381
1.718783121
1.718860177
1.719513788
1.729142322
1.718901969
1.732522865
1.739319506
1.724189578
1.720990215
1.721605596
1.719857508
1.718368006
1.736625929
1.736427339
1.738881904
1.728491616
1.728691059
1.721977602
1.723024265
1.721585374
1.721549216
1.746846335
1.748405507
1.744737379
1.744690185
1.744847844
1.719047476
1.719719173
1.720203515
1.733559943
1.728935018
1.729789345
1.726885149
1.728828227
1.728730866
1.721893633
1.722029032
1.721724565
1.721903276
1.727858828
1.718696613
1.718539505
1.720425843
1.720601295
1.720428266
1.719697266
1.711937775
1.713441703
1.710607656
1.71460788
1.709922803
1.709060892
1.719221884
1.720434485
1.720592672
1.720214019
1.719836038
1.719962715
1.741712567
1.72094619
1.721170758
1.721394918
1.722558147
1.719756427
1.731059425
1.723532317
1.719269989
1.719221015
1.71876824
1.719645444
1.7207684
1.720550695
1.719631756
1.719519326
1.71942584
1.731142391
1.716551638
1.740594725
1.718431209
1.72465991
1.72417297
1.723071882
1.720003755
1.719469003
1.719373434
1.719452291
1.719350462
1.71914907
1.721701589
1.721250451
1.736523225
1.720035367
1.720618663
1.721542754
1.72821617
1.729478667
1.730747757
1.72247226
1.721573848
1.729034837
1.727629751
1.718894384
1.718357512
1.718407754
1.718882351
1.726633126
1.726333988
1.719444419
1.720005298
1.710807036
1.72227853
1.718814296
1.718966051
1.726881939
1.731316838
1.724360975
1.720709706
1.721356013
1.718750127
1.729740608
1.729934142
1.72379561
1.722968902
1.721434118
1.721319391
1.721309817
1.721422627
1.721226136
1.739092971
1.740650139
1.734924792
1.718444626
1.71959301
1.720168207
1.727573634
1.726297465
1.725579229
1.724567591
1.725577253
1.721594944
1.721743282
1.721550751
1.718544543
1.71830663
1.720326058
1.719979473
1.718745018
1.711979996
1.713038437
1.709563612
1.713744243
1.71580685
1.708568621
1.719097596
1.720200544
1.720296445
1.719959301
1.719550883
1.719703518
1.729703846
1.726039986
1.720639082
1.720868528
1.721120685
1.719687175
1.719508918
1.718625728
1.718297275
1.717958903
1.717813682
1.718206968
1.718723153
1.72046314
1.720275433
1.719381384
1.719262065
1.719214181
1.719491708
1.72207117
1.728602985
1.718117534
1.724400628
1.723549639
1.719341009
1.71921791
1.718727016
1.718454515
1.7213314
1.719158399
1.719707669
1.720581964
1.726500098
1.725505282
1.726675847
1.720869762
1.724159851
1.72359856
1.717972688
1.717990096
1.724435929
1.724398298
1.724181417
1.719905162
1.710612806
1.721036349
1.722002738
1.722884985
1.719064946
1.709515338
1.721079522
1.718784521
1.718013377
1.718078513
1.718863668
1.71877983
1.724036323
1.720363784
1.721036452
1.71748605
1.724852485
1.724511104
1.721201764
1.721205516
1.721098243
1.720945991
1.720974998
1.721260951
1.720862451
1.722732502
1.719339321
1.717560154
1.7192956
1.719614126
1.719938963
1.719825339
1.724209479
1.723768664
1.724173558
1.723908148
1.722205226
1.722784321
1.721416099
1.721163606
1.718353967
1.718004566
1.719341261
1.717920909
1.711922107
1.708463811
1.714906591
1.713721078
1.71994654
1.719655014
1.719383856
1.718876667
1.718895902
1.720483359
1.720787945
1.7192196
1.717795721
1.717165355
1.716917637
1.717058385
1.717124049
1.717740977
1.719976378
1.719191995
1.718972624
1.718994664
1.719090733
1.719094851
1.71850094
1.717753685
1.723845089
1.718569922
1.718993175
1.71802129
1.718015735
1.720961432
1.71816928
1.718646274
1.719421417
1.723540216
1.719880375
1.721048475
1.721097282
1.717447194
1.722691002
1.719654528
1.710875798
1.720064488
1.721794974
1.720733513
1.723048356
1.718795628
1.709994751
1.720890361
1.720715344
1.717944338
1.717339309
1.71893104
1.718440109
1.717152337
1.718173104
1.717472706
1.71750319
1.717282942
1.71768179
1.723330561
1.72008744
1.720620495
1.718988147
1.716674375
1.721246033
1.721817512
1.720883661
1.720732463
1.720582288
1.720974451
1.720504337
1.718218887
1.718657585
1.716685549
1.719324177
1.719336411
1.719286661
1.721659864
1.722386114
1.72177761
1.722194491
1.720363853
1.721019371
1.721312805
1.720656851
1.71797279
1.717608794
1.718509173
1.717363476
1.717495816
1.713215269
1.711970942
1.709468554
1.715474402
1.714743766
1.719472505
1.71909619
1.718338313
1.720181946
1.718827556
1.715996704
1.716149091
1.716077864
1.716701232
1.71970203
1.719410579
1.718699363
1.718729964
1.71747397
1.717799757
1.717696834
1.718763946
1.717084324
1.717502418
1.718302686
1.721377019
1.720847826
1.720723362
1.720840443
1.716788838
1.719193152
1.711095986
1.718868285
1.72059714
1.722156359
1.719460575
1.718531637
1.718436564
1.720653965
1.720498465
1.720318224
1.717172645
1.717086757
1.718813381
1.717853338
1.718427681
1.718786739
1.717945243
1.716668058
1.71673269
1.716962613
1.716862301
1.722216077
1.719704408
1.720230406
1.718923781
1.717552747
1.720969969
1.720481116
1.720337995
1.720172991
1.720430625
1.720084552
1.717450244
1.718393423
1.718146536
1.715584362
1.715929704
1.718962865
1.718555346
1.718500516
1.721104221
1.721495246
1.721559209
1.721492494
1.721339063
1.720507669
1.721140006
1.72018403
1.717461193
1.71766142
1.717024581
1.712625729
1.714161813
1.710487711
1.716337693
1.715899076
1.719060348
1.719760333
1.714924477
1.715136432
1.715064518
1.715656843
1.719216124
1.718373816
1.717025646
1.717062962
1.718474379
1.71597904
1.716376799
1.717258627
1.720588403
1.720366427
1.720723507
1.720501478
1.716379707
1.718473088
1.711888106
1.717566411
1.719273912
1.72092241
1.718183982
1.718222049
1.718022044
1.718023013
1.720198803
1.720096201
1.719879086
1.716695759
1.716795925
1.718584302
1.717761319
1.717450867
1.717263335
1.719675627
1.72149673
1.718111513
1.717828642
1.718327905
1.717346538
1.716172302
1.716414997
1.716301115
1.716409845
1.720840163
1.719275833
1.719713027
1.719548831
1.718138377
1.720893792
1.720067795
1.719890101
1.719757295
1.719838091
1.719519311
1.717041616
1.717832267
1.714844798
1.714464185
1.715699312
1.717592831
1.717545588
1.717710278
1.721178442
1.72139963
1.721379223
1.720887353
1.716728265
1.716526106
1.713540189
1.715117488
1.711541102
1.716670865
1.718727814
1.71924682
1.713934448
1.714060059
1.71415243
1.714745805
1.718801399
1.717835465
1.718153443
1.716587663
1.715106558
1.715915661
1.720235648
1.719938021
1.720576427
1.720253278
1.717667667
1.713002915
1.716474408
1.717943408
1.719527691
1.716994061
1.717563824
1.719745739
1.719314493
1.716265858
1.71654156
1.718244306
1.717356611
1.718584563
1.719313467
1.721363262
1.721425746
1.721356203
1.71753355
1.717304014
1.715783244
1.715611959
1.715943199
1.715860239
1.719275178
1.718797768
1.719084727
1.71995756
1.721049941
1.720551943
1.71951924
1.719475872
1.71935836
1.718854421
1.716741826
1.716592319
1.717210135
1.713583398
1.714361321
1.713376617
1.715278023
1.716520747
1.716717095
1.716804819
1.721367424
1.721024988
1.716063525
1.714679884
1.716254001
1.712627803
1.717892999
1.718167454
1.718691006
1.713133859
1.713134587
1.713465737
1.714077936
1.718319632
1.717263318
1.717666631
1.716091393
1.714543256
1.715182562
1.719824103
1.719483421
1.719915748
1.7168312
1.714083236
1.715630128
1.716711732
1.718107236
1.715978703
1.716978886
1.719172535
1.718815561
1.715792127
1.715814107
1.716569952
1.717751981
1.719407995
1.71875504
1.721141068
1.721321698
1.715656497
1.716569949
1.715252835
1.71515568
1.715396365
1.715019631
1.715476404
1.717659722
1.718174838
1.718381631
1.72044355
1.720710824
1.720128382
1.719088773
1.719087324
1.718852239
1.718155195
1.715969975
1.716084456
1.71652017
1.712508223
1.713078895
1.713916831
1.712555249
1.714683486
1.715712664
1.715799914
1.721330222
1.721141473
1.715535946
1.71744184
1.713792719
1.718687194
1.717287758
1.717598909
1.718034259
1.712653493
1.712436623
1.713117001
1.713719169
1.716469113
1.717053109
1.71547605
1.714238656
1.714742658
1.719352278
1.719468614
1.715829452
1.715040841
1.716792325
1.715198873
1.718714379
1.718210098
1.715718605
1.719848903
1.718275052
1.720843029
1.721186018
1.714845132
1.715705705
1.715048951
1.714666638
1.71429666
1.714455874
1.714827684
1.714609501
1.716122515
1.717337549
1.717366038
1.720697187
1.720319737
1.719700499
1.718627795
1.718869802
1.718355702
1.717428496
1.715754973
1.715145067
1.71531641
1.711947119
1.712085644
1.711834547
1.71252731
1.713145455
1.71345167
1.714616119
1.714615048
1.714615592
1.721239671
1.721151442
1.715012473
1.716498786
1.718115176
1.719137204
1.716581977
1.716460459
1.712577036
1.712140883
1.713158132
1.713714546
1.715696988
1.714664755
1.714272801
1.714598764
1.718996623
1.714724794
1.714683036
1.717672728
1.720273354
1.717900561
1.720473327
1.720955671
1.714269512
1.714824827
1.71393677
1.717285253
1.712955478
1.713955488
1.71343531
1.713201793
1.713887601
1.714826974
1.716398621
1.716246426
1.720889962
1.719843551
1.719238957
1.718250545
1.718106058
1.717690619
1.716650403
1.714815442
1.714347368
1.711836322
1.711551923
1.711477979
1.711388903
1.711708877
1.711883105
1.713518521
1.712767297
1.721144268
1.721014932
1.716348138
1.71798704
1.7193383
1.719778094
1.715528602
1.715412267
1.715659098
1.712907868
1.712291612
1.713572839
1.714067422
1.71468243
1.714544058
1.714682574
1.718530165
1.714626339
1.714384118
1.720638792
1.719943187
1.720571269
1.713858248
1.71404999
1.716861125
1.713503419
1.71992747
1.711115872
1.711142216
1.712242862
1.712357122
1.71273346
1.711920224
1.713785016
1.715106913
1.715458414
1.714809087
1.72100464
1.719093057
1.717327568
1.717444397
1.715725651
1.713718823
1.711689059
1.712150736
1.711206117
1.710874987
1.710720999
1.710571908
1.711362653
1.72098484
1.72066249
1.717771758
1.719149663
1.720425
1.720179887
1.714351951
1.714012869
1.712793045
1.713469544
1.714070474
1.714329711
1.714673904
1.713341986
1.714908511
1.714862727
1.718164204
1.714625821
1.714199173
1.720867926
1.713510822
1.713451776
1.716383697
1.712641779
1.720094519
1.719011
1.709743242
1.709712331
1.709447881
1.70984905
1.710839775
1.711097673
1.711431527
1.710459533
1.713003783
1.713520941
1.714113545
1.714419555
1.713463294
1.720915746
1.718102734
1.71610258
1.716184522
1.717100595
1.715120323
1.712254893
1.712177419
1.711454306
1.712762495
1.710782711
1.710255841
1.7098265
1.710140229
1.720660687
1.719290292
1.720139433
1.720840502
1.720667881
1.712780944
1.712453097
1.713496852
1.714183331
1.714693702
1.714902947
1.715109242
1.711800078
1.715140707
1.714970881
1.714555835
1.713930165
1.713105858
1.712966146
1.720090111
1.719398534
1.718449971
1.717822699
1.708508027
1.708864711
1.709176255
1.70843786
1.708718565
1.709419156
1.710591515
1.709885089
1.709077624
1.712420613
1.711700566
1.712193052
1.712879405
1.713163079
1.713863327
1.71222644
1.720858253
1.720604988
1.716886035
1.714686343
1.715879075
1.714976937
1.711985097
1.712835129
1.711099115
1.71346179
1.710285865
1.70967697
1.720408361
1.720833208
1.72091852
1.710992593
1.710939192
1.714164055
1.714722141
1.715053083
1.715191941
1.715219062
1.715074775
1.714872368
1.713979061
1.714412597
1.713311705
1.712517932
1.712511209
1.720084161
1.719292338
1.718350805
1.717351036
1.716655187
1.712076092
1.707823474
1.708196461
1.708663415
1.709245921
1.707682518
1.707896337
1.709589692
1.70909405
1.708479732
1.707969891
1.711915155
1.710283492
1.710846092
1.711110317
1.71206623
1.711714915
1.712737563
1.713451205
1.720662406
1.71567074
1.713863347
1.714692242
1.711662618
1.712636108
1.713417138
1.710677462
1.713970113
1.709963345
1.721053527
1.720980531
1.709739638
1.714506377
1.714829756
1.714937013
1.715028845
1.714869247
1.714565019
1.714345547
1.71376618
1.713309888
1.712551861
1.711804952
1.719318283
1.720152669
1.717236143
1.718189801
1.716263644
1.715570808
1.71153239
1.707845683
1.707409454
1.708423462
1.708947056
1.709659892
1.707237307
1.707263864
1.708598964
1.708895451
1.708054451
1.707594901
1.71138855
1.709894211
1.709370124
1.710245021
1.710830299
1.711222121
1.711839991
1.712482805
1.712921558
1.720675692
1.714593872
1.713685359
1.711810181
1.712432817
1.711080142
1.713087977
1.713599367
1.710430396
1.714037877
1.72125213
1.714319367
1.714370092
1.714286995
1.714321674
1.713991087
1.713532655
1.713357443
1.712730395
1.712337502
1.71160957
1.711012389
1.718799949
1.719678185
1.716224668
1.717196761
1.717880224
1.715289161
1.714614664
1.710868663
1.710203275
1.70771769
1.708298453
1.707329299
1.708953162
1.7094627
1.710150465
1.707245203
1.707283273
1.708547664
1.708196984
1.708962167
1.7075226
1.707845083
1.710759112
1.709404741
1.709808814
1.710336227
1.710754745
1.711273487
1.71181507
1.712215605
1.712887053
1.720310244
1.721057719
1.713680919
1.711388421
1.712038595
1.712581719
1.710821984
1.712986678
1.713233538
1.71354987
1.713541133
1.713465305
1.713067577
1.713101539
1.712647885
1.712117653
1.712026235
1.711440571
1.711174059
1.710603094
1.71885614
1.719607507
1.715359045
1.71627545
1.716981934
1.718023151
1.714525253
1.713973804
1.710185842
1.709523731
1.709698875
1.713337983
1.707870719
1.708346827
1.708911332
1.707743402
1.709497829
1.709913925
1.710442706
1.707600404
1.707636426
1.709036461
1.708669249
1.708273666
1.709421921
1.70793011
1.710099576
1.709903498
1.710264324
1.710721577
1.711107344
1.71152088
1.711895773
1.712349505
1.712882349
1.720575613
1.710905452
1.711386752
1.711804532
1.712213088
1.712350809
1.712326417
1.712538605
1.712415097
1.712205559
1.711975813
1.711483889
1.7115366
1.711035203
1.710535733
1.710622386
1.710109445
1.710040766
1.718719503
1.719683706
1.714718462
1.715526392
1.716245124
1.717300475
1.714040223
1.713570161
1.709614839
1.709080703
1.709047035
1.709134454
1.713046359
1.708507373
1.708438661
1.709027764
1.708842898
1.709403216
1.708252658
1.70973516
1.710046938
1.710331968
1.708179759
1.708407214
1.709816443
1.709440987
1.709108418
1.708659822
1.710370048
1.7095358
1.710806593
1.711315279
1.711624016
1.711981097
1.712277328
1.712640187
1.719859918
1.710537115
1.710959685
1.711015913
1.711363339
1.711277425
1.711039862
1.711092651
1.71075717
1.71080152
1.710332832
1.709872003
1.709917386
1.70950871
1.709336508
1.709088165
1.718183211
1.715007037
1.714358023
1.715713348
1.716775784
1.713868002
1.713473716
1.709240871
1.70888907
1.708708442
1.708585739
1.708413165
1.713116195
1.70901268
1.709039995
1.708910021
1.709305841
1.709180089
1.709449042
1.708857029
1.709532978
1.709742217
1.709799551
1.709092095
1.709186728
1.71035874
1.710942417
1.709973748
1.709658356
1.711376327
1.709132071
1.711722407
1.712060313
1.712402626
1.712571274
1.712785636
1.71896407
1.709997535
1.710008517
1.710226082
1.710002787
1.709650945
1.709675364
1.709311338
1.709269806
1.70888742
1.708565608
1.708625001
1.70851895
1.708419118
1.7174147
1.714739256
1.715313292
1.714289344
1.716181582
1.713995569
1.713663279
1.70905618
1.708653891
1.708913533
1.708383428
1.708134814
1.707985123
1.713542373
1.709279048
1.709209216
1.709160723
1.709348785
1.709128299
1.709098744
1.709048963
1.709577835
1.708930312
1.70905648
1.709066357
1.709857783
1.710835577
1.711447677
1.711964326
1.710373966
1.7123582
1.708821834
1.712655388
1.713021424
1.713127992
1.713239416
1.717999685
1.709014654
1.708956034
1.709089636
1.708846691
1.708543533
1.708586783
1.708235345
1.708192186
1.707968488
1.707832447
1.707907618
1.707920648
1.716652682
1.715108693
1.714699089
1.715728356
1.714423196
1.71418092
1.708685081
1.708384022
1.708767958
1.708105016
1.70790918
1.707799237
1.714073704
1.714657213
1.709196249
1.709433464
1.708922247
1.70884423
1.709675026
1.7085493
1.708572726
1.708322215
1.710042191
1.708108487
1.708225416
1.708173223
1.710495581
1.711693876
1.711067447
1.712334178
1.712842054
1.713243233
1.708278871
1.713620503
1.713757693
1.713836668
1.717043952
1.708150258
1.708174192
1.708283015
1.708178557
1.708047239
1.707899747
1.707789588
1.707722108
1.707721847
1.707727905
1.716038068
1.715041925
1.7154185
1.714803424
1.714606995
1.708507886
1.708342962
1.708081401
1.70829001
1.707946088
1.707918009
1.707918915
1.714554195
1.71492728
1.71495183
1.709057846
1.70864628
1.709327266
1.708270105
1.709806812
1.707878221
1.707769584
1.707507466
1.710366738
1.707359917
1.707487742
1.707561898
1.710970752
1.711583758
1.71234797
1.713052375
1.713515173
1.713971132
1.70726629
1.714230414
1.714358818
1.716191111
1.707721336
1.707953233
1.7080937
1.708176878
1.70822626
1.708221399
1.708058994
1.708081647
1.708060538
1.715565343
1.715213114
1.715042485
1.714913629
1.708024886
1.707950864
1.707827496
1.707824339
1.707329792
1.707976222
1.708238699
1.714816659
1.715053858
1.715057742
1.715053597
1.708377327
1.708657386
1.707966442
1.709182004
1.707536927
1.709815742
1.707194267
1.707087234
1.706948412
1.710499636
1.707006671
1.707211055
1.707485802
1.711072918
1.711955444
1.712861683
1.713657569
1.714212831
1.705634613
1.714585394
1.715553161
1.707941419
1.708424394
1.708587665
1.708840147
1.70901847
1.709000895
1.70872286
1.708611662
1.715241869
1.715088312
1.714992832
1.707157124
1.70732263
1.706888472
1.707348828
1.707682764
1.706107122
1.708185262
1.708734766
1.714782641
1.71504898
1.715065896
1.715019853
1.715032094
1.704833133
1.707714224
1.707947877
1.708404352
1.707365846
1.708985711
1.707056534
1.709685478
1.706883116
1.706857413
1.707106344
1.710146438
1.707414363
1.708065264
1.711162497
1.712207092
1.713147552
1.713797587
1.714461473
1.703371284
1.715205678
1.708826611
1.709510162
1.709651399
1.709938692
1.710040342
1.709785367
1.709270915
1.715077626
1.714838249
1.706151259
1.706050865
1.706483458
1.705453034
1.70694613
1.707609313
1.704218168
1.708302381
1.709322581
1.714465504
1.715000785
1.715013209
1.715021746
1.71484745
1.715041681
1.707351626
1.707521359
1.707798359
1.708228311
1.707171917
1.708858501
1.707104162
1.707178282
1.707286131
1.707979418
1.710201837
1.709302307
1.708444058
1.709281448
1.711255
1.712312485
1.713082553
1.714015329
1.702302191
1.700796679
1.715115473
1.71018553
1.710951552
1.710854161
1.711063818
1.710769303
1.710101085
1.714489712
1.704783123
1.704590817
1.705219582
1.7058077
1.703646771
1.706530529
1.707251371
1.708661976
1.709646748
1.713910413
1.714939916
1.714831181
1.715019849
1.715063744
1.714526149
1.7018108
1.707658121
1.707524292
1.707664314
1.707796214
1.708110556
1.707627688
1.708466183
1.7078008
1.708119013
1.708350589
1.709376319
1.709166937
1.710160475
1.709902738
1.710758215
1.711256292
1.712128805
1.713297304
1.700223775
1.698328469
1.715169713
1.711520765
1.711921438
1.71201707
1.711594883
1.710772022
1.713971151
1.703891414
1.703354811
1.70295613
1.704470377
1.705155811
1.705789531
1.70728115
1.708368513
1.709875784
1.713157644
1.714957548
1.714778939
1.714561259
1.715078975
1.714099678
1.70143351
1.700106286
1.714208953
1.708526615
1.708357136
1.70818013
1.707995137
1.707973277
1.708140564
1.708654127
1.70850217
1.709042838
1.709538045
1.7098494
1.710907051
1.709219235
1.710201302
1.711381491
1.712034612
1.711088119
1.712350084
1.698371102
1.696314885
1.715188378
1.712455498
1.712416265
1.712059663
1.711190156
1.713417616
1.703239799
1.702677866
1.702037868
1.703805161
1.704209625
1.705246549
1.706293938
1.708406527
1.706932167
1.709921168
1.712636976
1.712019808
1.71501243
1.714805584
1.714529484
1.713623325
1.700969895
1.700145048
1.698707831
1.714222708
1.713830848
1.709386147
1.709762836
1.709740886
1.708896549
1.708563401
1.70854727
1.708516821
1.710087028
1.708799656
1.710543891
1.71108946
1.711344045
1.71210353
1.709464762
1.710173746
1.71237947
1.71260734
1.711146595
1.696948195
1.69493984
1.715081026
1.712436712
1.711851928
1.711199363
1.712850819
1.702784315
1.702318205
1.701741607
1.703065859
1.703727713
1.704578871
1.705181373
1.706490717
1.708073252
1.709551376
1.711998888
1.7113225
1.714840499
1.714574472
1.71318871
1.701049914
1.700095174
1.699148363
1.697711624
1.714277501
1.71391374
1.713523615
1.710913898
1.710354191
1.711286913
1.711260115
1.709819347
1.709637116
1.709299247
1.709124324
1.711539292
1.709356443
1.711856101
1.712204923
1.712204532
1.712434334
1.712526632
1.709869879
1.710528677
1.712506915
1.712183379
1.696225816
1.695152171
1.694205546
1.714820454
1.711424276
1.710398858
1.712412899
1.702492454
1.702230924
1.701762158
1.702874691
1.703415264
1.703867738
1.704828445
1.706145725
1.707560595
1.708483543
1.711671167
1.711049462
1.714570305
1.71292262
1.700420635
1.701217059
1.699387857
1.698352312
1.696875816
1.713995264
1.714268028
1.713713599
1.713380717
1.701744771
1.712407644
1.711962386
1.711436807
1.712615366
1.712508186
1.711234369
1.710571964
1.710175154
1.709955511
1.712592301
1.710238267
1.712643076
1.712569162
1.712498903
1.712308778
1.711915975
1.71052715
1.711664507
1.710853772
1.695337576
1.694306051
1.693816021
1.714420339
1.709702363
1.712288369
1.70244442
1.702689645
1.70212784
1.702971744
1.703309523
1.703864612
1.70473599
1.70582105
1.70658567
1.707832113
1.711773215
1.711290758
1.714203533
1.712923396
1.699839354
1.700853029
1.70155834
1.69864424
1.697573654
1.69615306
1.71381097
1.713971652
1.713646253
1.713420614
1.702235063
1.713577412
1.713264333
1.713397515
1.712939512
1.71281646
1.71328835
1.713083918
1.712251572
1.711603645
1.711089006
1.711591955
1.711188779
1.712837945
1.711118802
1.712462866
1.712003645
1.711816461
1.711233723
1.71051505
1.710108855
1.708987156
1.694838623
1.693767597
1.693451817
1.713898029
1.712517469
1.702675626
1.702965943
1.703159476
1.703447159
1.703737675
1.704169948
1.704816641
1.705356379
1.706150333
1.707092299
1.712228413
1.711973449
1.713153023
1.698973356
1.700215466
1.7010721
1.702082549
1.697655445
1.696736696
1.695535269
1.713679777
1.713704387
1.713655677
1.702748361
1.71357619
1.713500849
1.713602547
1.707482054
1.713832983
1.713793699
1.713482108
1.713828805
1.713541899
1.713030094
1.712709089
1.713082228
1.712936577
1.712479269
1.712390982
1.712089078
1.71211136
1.711384208
1.710658194
1.710406554
1.709611284
1.708777988
1.708428985
1.693813172
1.694401715
1.693009339
1.692886411
1.713300462
1.712887733
1.70330399
1.703640706
1.703996021
1.704134644
1.704423411
1.704699629
1.70505249
1.70541637
1.705924904
1.706270641
1.712898762
1.712815232
1.713357508
1.699073877
1.697644342
1.700031814
1.701333224
1.702173224
1.696257989
1.695457918
1.713515303
1.713389729
1.703201286
1.713175014
1.713181839
1.713539795
1.713266045
1.706898077
1.713791148
1.713896853
1.713336587
1.713205763
1.712549512
1.714006857
1.713909304
1.711791485
1.711430108
1.7137841
1.713489075
1.71337103
1.713055253
1.710607959
1.709738649
1.708988444
1.708695712
1.70793606
1.70722065
1.692708215
1.693049724
1.693895395
1.692127167
1.692089998
1.712589687
1.713341464
1.703917945
1.704426506
1.704760679
1.704917155
1.705293688
1.70528332
1.705520799
1.705553155
1.705662154
1.705844562
1.706106002
1.713387612
1.713398346
1.71349653
1.697328102
1.698459099
1.695823941
1.700367447
1.702087538
1.694455816
1.712960675
1.703463426
1.712237676
1.712426593
1.712462109
1.713099149
1.712390858
1.706276514
1.712631608
1.71286362
1.713395113
1.711920326
1.71166557
1.710793429
1.71371047
1.713650919
1.709946048
1.709627346
1.713711678
1.713612453
1.713532145
1.708767422
1.708128544
1.707404167
1.707213208
1.706685878
1.691714331
1.691641
1.692333314
1.692554349
1.691281925
1.691248231
1.711648182
1.713405149
1.704191049
1.704978145
1.705479761
1.705893395
1.706108299
1.706298278
1.706226222
1.706119136
1.706188541
1.706087368
1.706139283
1.713279176
1.713302894
1.713073983
1.695120775
1.696124622
1.698074083
1.693706945
1.700142068
1.701949071
1.702922144
1.711070363
1.71090056
1.711284148
1.711446911
1.71194155
1.706172635
1.710694255
1.710902417
1.711776132
1.712444519
1.709866645
1.709598432
1.708783876
1.712537167
1.712975792
1.70806332
1.707923569
1.713118421
1.707245872
1.707299645
1.706770977
1.706427619
1.706352391
1.691056033
1.690738858
1.690810227
1.691692693
1.690694884
1.690665229
1.710198564
1.71277065
1.704260684
1.705270604
1.705833044
1.706415679
1.706724084
1.706851979
1.706793669
1.706776489
1.706546022
1.706365657
1.712369611
1.712331406
1.71193908
1.693635468
1.692833806
1.69538752
1.697514802
1.69955868
1.700588341
1.702408705
1.709419864
1.709726289
1.708834331
1.71028425
1.706226086
1.708617877
1.708648175
1.709583684
1.710429126
1.710613471
1.70779657
1.70767444
1.707105594
1.711319097
1.711940304
1.706673857
1.706598291
1.7063662
1.70634107
1.706215913
1.706204822
1.690483962
1.690234896
1.690261611
1.690410951
1.691013961
1.690522362
1.690584668
1.708089752
1.711387626
1.703941894
1.704657048
1.705732417
1.706160112
1.706780219
1.707061836
1.707104111
1.707023549
1.706809237
1.70659431
1.710726356
1.710677037
1.710161416
1.691515902
1.69279195
1.694594845
1.696568089
1.697507135
1.699518613
1.701459728
1.707137394
1.707641354
1.7064903
1.708142838
1.706509474
1.706960805
1.707491609
1.70826745
1.708474024
1.709214473
1.706497799
1.706421162
1.706201397
1.710017409
1.706123156
1.706146036
1.706183251
1.706218599
1.706335229
1.690047757
1.690112971
1.690199199
1.690422764
1.690520957
1.690263535
1.690760799
1.691278829
1.691098869
1.705383444
1.709420944
1.702499669
1.704254361
1.705452187
1.706351508
1.706575411
1.706900249
1.706994115
1.706926795
1.70686157
1.708668731
1.708623963
1.707997363
1.690895659
1.692010351
1.693626527
1.694141735
1.695895154
1.698102466
1.699252559
1.705063249
1.704664648
1.705910435
1.704190734
1.706739746
1.706072102
1.70630708
1.706633876
1.706748306
1.707255411
1.70795784
1.706030858
1.70608023
1.706203454
1.706373905
1.70637944
1.706555901
1.706586215
1.69052048
1.690222983
1.690153377
1.690908147
1.691152014
1.691107804
1.690101132
1.691960455
1.692055263
1.691924338
1.702360441
1.707157805
1.701278652
1.703125114
1.704402244
1.704876299
1.705723504
1.706351889
1.706671018
1.706686411
1.706858493
1.706576433
1.706774353
1.705813632
1.690483661
1.691385387
1.692280694
1.694440832
1.695684491
1.697717242
1.702473758
1.702290032
1.703926155
1.70220303
1.706908467
1.700357774
1.70609044
1.705921887
1.705892937
1.705808778
1.70593291
1.706215976
1.706345374
1.706502335
1.70681691
1.706876409
1.706926524
1.691756116
1.691201219
1.691287634
1.690556154
1.692105823
1.692203139
1.690155367
1.693200908
1.6927959
1.692709257
1.692665926
1.699446599
1.705108764
1.699828588
1.701491129
1.702084958
1.703420287
1.704508845
1.705445145
1.70545035
1.706073918
1.706594532
1.705225282
1.704132315
1.690173602
1.690448227
1.691727543
1.692603994
1.694251972
1.696249697
1.700080665
1.702353183
1.700627626
1.706753805
1.698470947
1.698801478
1.706607582
1.706221491
1.705894366
1.705627025
1.705353606
1.705210552
1.706917452
1.70704704
1.707110987
1.707008483
1.692704672
1.693239951
1.692049003
1.693451157
1.691086788
1.693368023
1.690410452
1.693757801
1.694224015
1.693221207
1.692962312
1.692902703
1.697015107
1.703927556
1.697988492
1.69858861
1.700291413
1.70185123
1.703168499
1.703739497
1.705129112
1.705573877
1.704351518
1.702902926
1.690135715
1.69025772
1.690640446
1.691637088
1.693065154
1.694802614
1.70115143
1.699400892
1.706227327
1.696942866
1.697546783
1.706652643
1.706967049
1.706233874
1.705850883
1.705284827
1.704773536
1.707084622
1.707084265
1.706552981
1.694368285
1.694501352
1.694052178
1.692863515
1.69525376
1.69180607
1.691155929
1.693737964
1.694395025
1.69339323
1.695055286
1.693016244
1.692684749
1.692419795
1.695335195
1.703142994
1.694854482
1.6968584
1.698573691
1.700013179
1.700760706
1.702710221
1.703313863
1.704319719
1.703863606
1.701971818
1.690248537
1.690118831
1.69035075
1.691129158
1.692397386
1.700128024
1.69823831
1.704859534
1.695804338
1.696458167
1.706215761
1.706518389
1.706549923
1.705180162
1.705580059
1.704551795
1.706265418
1.706081186
1.695452133
1.694833415
1.695681352
1.693779861
1.696050068
1.693014821
1.691538239
1.692820653
1.693632797
1.694631418
1.692581118
1.695526163
1.692205734
1.691969186
1.691315322
1.691052926
1.69428238
1.702495496
1.693907783
1.692100168
1.695434089
1.696772938
1.697486353
1.699603384
1.700253344
1.701432859
1.702086862
1.70335422
1.701175009
1.691000364
1.690490723
1.690506861
1.691014078
1.699563144
1.698601733
1.696953667
1.703906902
1.694894751
1.695378081
1.704883728
1.705410911
1.705403545
1.704967748
1.704060242
1.704512822
1.704043014
1.696194389
1.695559984
1.696341627
1.695039441
1.695628362
1.693879227
1.692915153
1.691404404
1.692142657
1.69324177
1.694477476
1.691344153
1.691077164
1.690068581
1.690133517
1.690035345
1.693619478
1.701603331
1.693095134
1.692054783
1.691249875
1.694077451
1.694632207
1.696365886
1.696935928
1.69806667
1.698509527
1.700121247
1.702415153
1.699979659
1.692643383
1.691721242
1.691197546
1.691054115
1.697329687
1.698014375
1.695631052
1.701466516
1.694040757
1.694206227
1.703104165
1.703064271
1.703499781
1.70312143
1.702184222
1.702897233
1.699934914
1.696379236
1.696426529
1.696197914
1.695616927
1.695604988
1.694031082
1.694799584
1.694400711
1.689980194
1.690441037
1.691339221
1.692591485
1.690102715
1.689543291
1.689431649
1.689485058
1.689295072
1.693022603
1.700120882
1.691983231
1.692454329
1.691640057
1.691826486
1.692734223
1.69374168
1.694020337
1.694921492
1.695144246
1.69635807
1.697760845
1.700791381
1.698089922
1.693547269
1.692729519
1.69218937
1.695658024
1.696096439
1.694084567
1.693120798
1.692907367
1.692212098
1.700663611
1.700364369
1.700910952
1.700622075
1.699899583
1.69846833
1.695920349
1.695113101
1.696004447
1.696102672
1.696131667
1.693446529
1.695843612
1.691770414
1.695561412
1.695019148
1.689109878
1.689084702
1.689539467
1.69045608
1.689774709
1.689577064
1.689277106
1.689829359
1.689064029
1.692241639
1.697974121
1.692120278
1.692176359
1.692104274
1.692430227
1.693213501
1.69213486
1.692330604
1.692218166
1.692656278
1.69260163
1.693293468
1.694360315
1.698452246
1.695817894
1.694372886
1.69378627
1.693764148
1.693962832
1.692423807
1.691461148
1.691258271
1.697601256
1.698178101
1.697164392
1.697176972
1.696255879
1.694894009
1.692809739
1.694343629
1.692583929
1.694743804
1.69535068
1.695671176
1.690849038
1.69557665
1.6895772
1.695550997
1.695351922
1.688477874
1.688698764
1.688780198
1.690522332
1.690737166
1.690161469
1.690065638
1.691180581
1.689382483
1.691282162
1.695421404
1.692891246
1.692725408
1.693328713
1.692257047
1.693961824
1.694709015
1.691917256
1.691687202
1.691479082
1.691290846
1.691413966
1.691888751
1.695693934
1.693421409
1.695060522
1.691945531
1.691871037
1.69102277
1.690438356
1.690267194
1.690343449
1.695092683
1.694703886
1.693868509
1.693838572
1.693028715
1.692021877
1.69093089
1.692510124
1.691902644
1.689993201
1.693488929
1.694287651
1.694429078
1.688805102
1.694869652
1.688212789
1.695217861
1.69541656
1.688749132
1.688526934
1.688154935
1.692013555
1.691748103
1.692074171
1.691830551
1.691057271
1.693369434
1.692948133
1.690159014
1.690363103
1.692835985
1.69422516
1.694005513
1.69336233
1.694821383
1.69268708
1.695365559
1.695492319
1.692333838
1.691710189
1.691369779
1.690936984
1.690754227
1.693007589
1.691266399
1.690353328
1.690227622
1.689827507
1.689623753
1.68963649
1.689777208
1.692275223
1.692528161
1.691837453
1.69128796
1.6913114
1.690837251
1.690438651
1.690526454
1.691094308
1.690103069
1.689565888
1.688309692
1.692123362
1.692362899
1.693300542
1.68792419
1.693894939
1.688135596
1.694608775
1.695157024
1.689790679
1.688849246
1.693543094
1.693588301
1.693812699
1.693223291
1.692341652
1.69459102
1.694263027
1.694155123
1.691997725
1.68978986
1.690709917
1.69524733
1.695408892
1.694725705
1.694046463
1.695727899
1.693673169
1.695569958
1.692877513
1.692510074
1.691713657
1.691019293
1.690706591
1.689787562
1.689440998
1.689368467
1.689365843
1.689475739
1.689632968
1.689697232
1.690025042
1.690344056
1.690424578
1.690122293
1.689987363
1.690087357
1.690153335
1.69065347
1.691453182
1.689905557
1.689000139
1.688449578
1.688159384
1.687989433
1.69016382
1.691027849
1.691905126
1.688504743
1.692894728
1.691905044
1.689491555
1.69372644
1.694535948
1.690779142
1.695301122
1.694879321
1.695164506
1.694633274
1.69439943
1.694472095
1.695158395
1.693913246
1.693857971
1.693320409
1.689796102
1.68949714
1.695789916
1.695634558
1.695772587
1.695242756
1.694985672
1.695281206
1.694292715
1.694074897
1.693231824
1.692307671
1.689547085
1.689294073
1.689389448
1.689462592
1.689668802
1.689961243
1.690181303
1.690566416
1.689530971
1.689629609
1.689791748
1.690100135
1.690322185
1.691185834
1.692207034
1.693108511
1.688670579
1.688471708
1.688193453
1.688167821
1.688368381
1.689225899
1.68916158
1.689772064
1.68985804
1.690410702
1.6915691
1.690589468
1.691868494
1.692580723
1.693706514
1.695653141
1.696141017
1.696212803
1.696270115
1.695532975
1.692573009
1.694053939
1.694488875
1.692193984
1.691561056
1.694534393
1.69042161
1.689466026
1.695191414
1.695557327
1.695652142
1.694945104
1.695539013
1.695229343
1.694737608
1.693964494
1.689590324
1.689905612
1.6901248
1.690418904
1.690573526
1.690879072
1.691089633
1.691372673
1.690008347
1.690176593
1.690745276
1.691414945
1.691783334
1.693121413
1.694038241
1.694700041
1.688413681
1.688349192
1.68845972
1.689171846
1.689426202
1.690242848
1.691544119
1.688473631
1.688441739
1.688756112
1.692976015
1.690279139
1.689376722
1.691474446
1.693080123
1.695533227
1.696410884
1.69675073
1.696874037
1.696488415
1.689755218
1.691956107
1.692917052
1.689741558
1.687353052
1.696259403
1.695255863
1.691322272
1.690502785
1.693459963
1.694203298
1.694914108
1.695065764
1.695353661
1.695383824
1.695174392
1.691191079
1.691362442
1.691812743
1.691747478
1.691907567
1.691938531
1.692043811
1.69135869
1.69172011
1.692555512
1.693386853
1.693740725
1.694867813
1.695359719
1.695503679
1.688907216
1.68954233
1.688451171
1.689811909
1.691320996
1.691707898
1.692802042
1.694083512
1.688255762
1.687988219
1.687987282
1.688375009
1.689143741
1.690315721
1.691151855
1.694859698
1.695538818
1.696482892
1.696928066
1.696914333
1.689386366
1.687353052
1.687353052
1.689769246
1.692348463
1.696697251
1.696052903
1.692079096
1.692204654
1.691660153
1.693029528
1.693502457
1.694300101
1.694965095
1.695364387
1.692806795
1.692644429
1.693168224
1.692766213
1.692647374
1.692427925
1.692264295
1.693211378
1.693667531
1.694575352
1.695146665
1.695342175
1.695767058
1.695618602
1.695133181
1.689793338
1.690745379
1.691734157
1.689466228
1.692146509
1.693803831
1.694198651
1.695149108
1.688570546
1.687930886
1.687586998
1.687694948
1.688235986
1.688920763
1.689305046
1.692857535
1.694476891
1.695618296
1.695866884
1.696447139
1.687353052
1.687353052
1.689665735
1.696667561
1.696477021
1.692275214
1.693884555
1.690771779
1.691311196
1.692361781
1.693454319
1.694391502
1.694098923
1.693500409
1.693961755
1.693228815
1.692773598
1.692336598
1.691916976
1.694781968
1.695255407
1.695811064
1.695905896
1.695862503
1.695384708
1.694615869
1.693604192
1.691719755
1.692125172
1.693389327
1.694267135
1.69049529
1.694610486
1.695764454
1.696015342
1.689385045
1.689117939
1.688144971
1.687579502
1.687400318
1.687580123
1.687763165
1.688741017
1.689576614
1.691543906
1.692885068
1.693346527
1.694487398
1.695521357
1.687353052
1.696200215
1.696466029
1.691728978
1.69490111
1.689181277
1.690127867
1.691341234
1.692477047
1.694485776
1.693715563
1.692899255
1.692184134
1.691660027
1.691134184
1.695424609
1.695696261
1.695459163
1.695320984
1.69473428
1.693762583
1.692635278
1.691336268
1.694208996
1.693043082
1.694689036
1.695832016
1.696063878
1.691790148
1.696379192
1.696472769
1.691330968
1.690071883
1.688868127
1.688018067
1.687571764
1.687502634
1.687595592
1.687814145
1.689665196
1.687353052
1.689859554
1.691240669
1.692789418
1.694030661
1.695232519
1.695448526
1.690623159
1.690200855
1.694812466
1.68835513
1.689205084
1.690345224
1.693818535
1.692718339
1.691731374
1.691020578
1.690571813
1.694839087
1.69486442
1.693807674
1.693531444
1.6926062
1.691469699
1.690389995
1.689165453
1.689311193
1.695298938
1.696057754
1.694284393
1.696291202
1.696570708
1.696470996
1.693854825
1.696128525
1.692620083
1.691226252
1.689911073
1.688946765
1.688619921
1.687792961
1.687712743
1.687665068
1.687353052
1.687353052
1.689703993
1.690207577
1.692548948
1.693000676
1.694239026
1.689560135
1.689213227
1.689467657
1.693597563
1.68788473
1.688417518
1.692260671
1.691047073
1.690181359
1.689690652
1.693127547
1.692917989
1.691441149
1.69110326
1.690145887
1.689161348
1.688330843
1.687814924
1.687866603
1.696049633
1.69648861
1.696561123
1.695746101
1.69648369
1.695581696
1.695208519
1.694929709
1.693801279
1.692535769
1.691286891
1.690939397
1.689705806
1.689000557
1.688262187
1.68899686
1.68783982
1.687353052
1.687353052
1.689865408
1.689740658
1.691391011
1.692590104
1.689131898
1.688953048
1.688665737
1.688628692
1.691586213
1.687683553
1.690259431
1.68928019
1.688789152
1.690739007
1.690464182
1.689074111
1.68879676
1.688127104
1.687619344
1.687466255
1.687808003
1.687644053
1.696358358
1.69640006
1.696069805
1.695409551
1.696166415
1.695060317
1.693160856
1.695697565
1.694974456
1.693847989
1.693489792
1.692362129
1.691342062
1.691097438
1.690115106
1.689092305
1.688304656
1.687353052
1.689505456
1.689861022
1.689474167
1.68974134
1.688790565
1.68830838
1.688020573
1.689454815
1.688456642
1.68801322
1.689766417
1.688600081
1.688560901
1.687978079
1.687406266
1.687367027
1.687240668
1.687456333
1.688011959
1.689129096
1.688751838
1.695900522
1.695284335
1.695077812
1.693905234
1.692732307
1.696152308
1.692437864
1.696132979
1.69569461
1.69542123
1.69468618
1.693803199
1.69354203
1.692519673
1.691316191
1.690111233
1.687353052
1.687353052
1.689476416
1.690708488
1.691289997
1.689018
1.688322645
1.687757124
1.687763823
1.687509668
1.691320677
1.690548518
1.687330786
1.687231352
1.687082974
1.687214088
1.687339007
1.687942219
1.688783512
1.689712992
1.691363965
1.690947258
1.693949831
1.694949515
1.69281399
1.692333014
1.690328284
1.695268467
1.696003766
1.696050294
1.69596122
1.695577572
1.695432498
1.694739531
1.693735398
1.692541153
1.687353052
1.687353052
1.692271571
1.692676669
1.693135507
1.689665379
1.688696358
1.687825952
1.687302715
1.692484906
1.693092558
1.691655361
1.687373843
1.68736999
1.687778349
1.688463189
1.688849412
1.690327312
1.691008845
1.692211775
1.693409568
1.693777996
1.692417207
1.690830412
1.692936363
1.689654539
1.689567663
1.694740148
1.695079326
1.695704992
1.696026821
1.696069889
1.695976625
1.6955437
1.694770405
1.687353052
1.693858357
1.694270127
1.694297501
1.690591304
1.689376619
1.688210556
1.694208656
1.69372057
1.694348545
1.692792608
1.688776765
1.688866751
1.689710263
1.690715772
1.691171944
1.692953855
1.693469257
1.694455872
1.695260286
1.695522737
1.68982634
1.689423936
1.687353052
1.692231634
1.692714598
1.693853746
1.694872041
1.695107351
1.695752272
1.695989962
1.69598514
1.694693658
1.69392389
1.693877356
1.691754506
1.690236278
1.695087712
1.695164002
1.69482032
1.693950805
1.691509522
1.691047476
1.691267366
1.692258069
1.69323667
1.693613955
1.694955135
1.695236568
1.695683433
1.695834424
1.695842088
1.687353052
1.687353052
1.689546627
1.689626117
1.690811567
1.692386526
1.692718479
1.693909829
1.694870065
1.695250142
1.694588226
1.69360735
1.692131428
1.692582277
1.69410411
1.695378465
1.695750632
1.695575391
1.689486119
1.687353052
1.693626746
1.693791885
1.694587657
1.695169441
1.695341615
1.695681602
1.695669839
1.695417079
1.694843496
1.694586292
1.687353052
1.687353052
1.689448369
1.68962342
1.690807077
1.692379019
1.692909944
1.694132407
1.692396749
1.691643968
1.689627607
1.694929197
1.695773615
1.695265425
1.695950757
1.687353052
1.689415088
1.695528319
1.695581083
1.695857953
1.69576029
1.69562162
1.694851385
1.694544792
1.693598307
1.692427174
1.692238317
1.687353052
1.687353052
1.689426952
1.68979586
1.691907573
1.693540053
1.689526323
1.687353052
1.69607612
1.696017577
1.694890152
1.696050355
1.695878926
1.695135949
1.694666431
1.693829071
1.692500495
1.692156981
1.690662721
1.689602872
1.689401502
1.687353052
1.687353052
1.689221779
1.69049833
1.692471532
1.687353052
1.695690662
1.694736278
1.69499381
1.694606224
1.692836712
1.692231825
1.690694958
1.689501734
1.689351692
1.687353052
1.687353052
1.687353052
1.689428973
1.692233785
1.693838579
1.692515268
1.692237095
1.689751448
1.689360261
1.687353052
1.687353052
1.687353052
1.689375826
1.691149892
1.689388921
1.689581611
1.687353052
1.687353052
1.687353052
1.687353052
