1.68903536
1.68903536
1.68903536
1.687098588
1.68903536
1.686894425
1.68903536
1.684821953
1.684397399
1.682522976
1.683003342
1.68543323
1.68903536
1.686155934
1.681173175
1.682528332
1.682713231
1.68903536
1.68903536
1.68903536
1.681357843
1.680539262
1.682348688
1.684674018
1.682827432
1.682652718
1.685665906
1.685294563
1.688084026
1.685466043
1.686557817
1.68903536
1.680213142
1.681398841
1.6806607
1.681257306
1.68740015
1.68605779
1.68509763
1.689389438
1.68973793
1.682161407
1.68903536
1.684871706
1.68903536
1.68903536
1.680793285
1.683580926
1.680227984
1.679795149
1.689428977
1.689943389
1.688857242
1.687419479
1.690050368
1.689915029
1.680153117
1.684215506
1.680588658
1.685416115
1.6862045
1.68903536
1.68903536
1.68903536
1.68903536
1.683695245
1.681740168
1.680474995
1.690012747
1.690802736
1.690543328
1.690347086
1.688173337
1.688826837
1.688820375
1.68903536
1.680226767
1.681379574
1.680320741
1.682162029
1.684739333
1.686044732
1.686047612
1.685933949
1.684273356
1.683155756
1.688840483
1.687837503
1.689377343
1.690453721
1.689925917
1.690233072
1.689399542
1.689090046
1.688416194
1.688579817
1.688338913
1.686614932
1.68903536
1.681900582
1.680291354
1.680687237
1.681646182
1.68246377
1.68317452
1.6880064
1.687156435
1.685760191
1.687160874
1.687494615
1.687398364
1.687843966
1.687069476
1.687748086
1.689558979
1.68956103
1.687961277
1.690059478
1.690231761
1.691664516
1.68903536
1.684889919
1.687064304
1.68903536
1.68903536
1.683056627
1.681656538
1.681281165
1.681332636
1.681409155
1.682011863
1.689702572
1.689299265
1.687138972
1.689808352
1.686076959
1.685549563
1.685286808
1.685408622
1.686325536
1.688420418
1.689246063
1.690111635
1.687678922
1.692512807
1.692197871
1.692818332
1.68903536
1.685281242
1.686561172
1.68696397
1.681974747
1.685361594
1.684377807
1.683786335
1.682981173
1.681923671
1.690162631
1.689797436
1.688804021
1.689933004
1.686148221
1.685264481
1.684761214
1.684856336
1.686389184
1.687743687
1.69067679
1.689114833
1.693566162
1.693146497
1.693811595
1.692416537
1.692670601
1.684321294
1.683275855
1.684112631
1.682737815
1.682561648
1.688194373
1.687894593
1.687087198
1.685153062
1.688213437
1.68853521
1.690143764
1.68935309
1.68789793
1.68675414
1.68561733
1.685017522
1.685463061
1.685833263
1.692427744
1.691668081
1.692396062
1.693009679
1.693551082
1.694117486
1.691355454
1.691488269
1.690941492
1.683160491
1.683116747
1.686113221
1.684712506
1.684575545
1.690776102
1.690918946
1.689829126
1.689442044
1.686152545
1.687185117
1.689855865
1.690579318
1.688784651
1.686417954
1.6895298
1.685491409
1.685087448
1.684801096
1.694224964
1.693809517
1.691191025
1.691825695
1.693602603
1.690894434
1.690962678
1.691168058
1.690415625
1.689842284
1.686302346
1.688123467
1.687388715
1.691454499
1.692110142
1.691614372
1.690584957
1.685040969
1.686786219
1.688871101
1.692723064
1.692250312
1.687806249
1.690841948
1.686811664
1.686052403
1.685168691
1.69416
1.694238086
1.68969283
1.690738975
1.691739704
1.69184054
1.691995767
1.691059389
1.689988159
1.688924134
1.689762477
1.689924704
1.69049128
1.691238411
1.691120567
1.690657255
1.684923491
1.685743952
1.686006976
1.687501897
1.693712921
1.692964908
1.689959912
1.692166129
1.68952635
1.688379335
1.688660273
1.692432535
1.692764644
1.68848913
1.688576199
1.688935595
1.689574232
1.692763316
1.692853658
1.692812035
1.692257804
1.692909165
1.691579221
1.690332241
1.690322839
1.688869118
1.689735433
1.690051493
1.685179434
1.687054574
1.685629625
1.686669297
1.692854267
1.693019873
1.692829112
1.692522349
1.692046002
1.690756162
1.690911937
1.690255345
1.690182003
1.689065456
1.68784676
1.687882815
1.688278622
1.692839181
1.692711144
1.692322367
1.693093816
1.692733765
1.692360228
1.689117117
1.687915106
1.688810288
1.686322451
1.688900948
1.6864813
1.687342058
1.691814337
1.693160227
1.694045353
1.694351013
1.693701857
1.692022934
1.689626496
1.688808302
1.691711251
1.690623924
1.688547154
1.688473481
1.688469191
1.691967811
1.692858866
1.691824758
1.691595281
1.693404252
1.693749067
1.69370471
1.689126849
1.688572087
1.689137538
1.688740008
1.689234795
1.692549015
1.691278149
1.689165829
1.692719702
1.693819708
1.694321908
1.69400324
1.688430164
1.688501159
1.692990377
1.691069287
1.690423449
1.689910427
1.69106838
1.691589286
1.690500751
1.692286291
1.691593636
1.691337365
1.691669909
1.693108312
1.693788682
1.694014669
1.691094356
1.690409505
1.691567997
1.691415725
1.691861313
1.693946321
1.693561368
1.690150201
1.688399316
1.691229049
1.692332116
1.693478032
1.693162258
1.68946779
1.688688995
1.693464381
1.692857507
1.692414869
1.691792872
1.69096067
1.690408407
1.69056805
1.689727825
1.691106227
1.692104206
1.691993939
1.691895241
1.692810097
1.693582715
1.691892118
1.692934362
1.693170353
1.693102897
1.69373985
1.693581862
1.68864649
1.68806381
1.689322814
1.690876104
1.692453014
1.691364634
1.690682737
1.689158891
1.693666363
1.693691176
1.693582906
1.692995682
1.691331089
1.690393045
1.689472483
1.6895336
1.68967225
1.69228877
1.692427375
1.692470757
1.690303041
1.689996472
1.692454969
1.690417852
1.692910135
1.693158446
1.692694193
1.692297413
1.687836632
1.688501438
1.689583979
1.691510234
1.690704113
1.691652737
1.689653209
1.692896865
1.693410488
1.693803912
1.693632534
1.691724242
1.690588634
1.689157654
1.689015934
1.6923823
1.692833312
1.69273887
1.692181852
1.689050697
1.689045403
1.690743637
1.689256873
1.691624307
1.69129229
1.688971865
1.689261246
1.689916698
1.690632556
1.692302
1.693855648
1.691233226
1.691249458
1.692279744
1.693395105
1.692255132
1.690785145
1.689894543
1.689510108
1.691995889
1.692523947
1.693273685
1.693067977
1.691634839
1.689195972
1.688794271
1.68885526
1.690914153
1.690888149
1.690749693
1.690609606
1.69070888
1.693426588
1.693358176
1.693918578
1.69275233
1.689575411
1.690677489
1.691625991
1.692561433
1.693314097
1.691712345
1.690678781
1.691141791
1.691511933
1.691874825
1.692398813
1.692974211
1.691404825
1.691299587
1.689957217
1.688868404
1.688486946
1.691679347
1.691479856
1.692216833
1.691726419
1.69226721
1.692568075
1.693803688
1.693300728
1.693395368
1.688682744
1.689348834
1.690392976
1.692830523
1.69301138
1.69303796
1.692691649
1.691939964
1.692468306
1.691261148
1.691428234
1.691708705
1.691834554
1.691693767
1.691454227
1.691117005
1.690587469
1.692497236
1.689546802
1.688864532
1.692803022
1.692822529
1.692895278
1.691674878
1.693073171
1.693045467
1.688623712
1.688923796
1.689846641
1.691987965
1.692350393
1.69307708
1.693189741
1.693338121
1.693327676
1.690898264
1.69077852
1.690701783
1.690721428
1.692199719
1.691818514
1.692217984
1.691390571
1.690942031
1.691569627
1.693044085
1.690643641
1.689854495
1.692861012
1.692827559
1.691281822
1.692021232
1.692332853
1.689341087
1.689301154
1.690019741
1.691041041
1.692156647
1.692694655
1.692983703
1.693183833
1.690547713
1.690222236
1.689966843
1.689919782
1.692411071
1.692413559
1.691889456
1.692360366
1.69145736
1.690993162
1.692518749
1.693191092
1.691963989
1.691235026
1.69215894
1.690930966
1.691639574
1.6906137
1.690035958
1.69113137
1.69058164
1.690448592
1.690969824
1.691413886
1.692674484
1.691971982
1.690557804
1.690190151
1.689798108
1.689573431
1.692180392
1.691843593
1.691826147
1.692477149
1.69216044
1.692569605
1.69186382
1.691489786
1.693199218
1.692929785
1.692606066
1.691796391
1.691318824
1.692392588
1.691201344
1.692149796
1.691602839
1.692396623
1.689584924
1.689736192
1.690198523
1.691111618
1.691256011
1.690955886
1.689837571
1.69081421
1.689398696
1.692229874
1.692063105
1.692078315
1.692281539
1.69206678
1.692645789
1.692670557
1.692351491
1.69247059
1.692974883
1.693227719
1.693267784
1.692339959
1.693039661
1.692443293
1.692435651
1.690850716
1.691820066
1.689059585
1.689043402
1.689563815
1.689674169
1.692319941
1.692272534
1.690479791
1.691913623
1.689945613
1.692350982
1.692687574
1.692160241
1.69222662
1.692447301
1.692818462
1.692772877
1.692387275
1.692908508
1.692864182
1.692441832
1.692848179
1.693046098
1.692957406
1.693010818
1.692876348
1.692640009
1.69047905
1.691133636
1.689269117
1.690465086
1.689815661
1.689593718
1.689135789
1.691518097
1.692971664
1.693008111
1.692630258
1.69182314
1.691686334
1.692653085
1.692354015
1.692700693
1.693020145
1.692285911
1.692223542
1.692288262
1.692538141
1.692765367
1.692522458
1.692820575
1.692953855
1.692770088
1.692664716
1.691618496
1.692117847
1.69276202
1.69267804
1.692150656
1.691824644
1.690541302
1.690201871
1.69012845
1.690704612
1.690348146
1.690169847
1.692282313
1.692844408
1.693009547
1.693020872
1.693081623
1.692647836
1.692757768
1.692918711
1.693033009
1.693234606
1.69230679
1.692259486
1.692545705
1.692283231
1.692397544
1.692483406
1.692792329
1.692522598
1.693036991
1.692427691
1.692576791
1.692367759
1.692164738
1.692257718
1.691014398
1.692094068
1.691732511
1.691333139
1.69062547
1.690341147
1.690858947
1.691569223
1.691612684
1.692554855
1.692860616
1.692962859
1.692857246
1.692935777
1.692918023
1.692647605
1.693035618
1.693068475
1.692787958
1.693015364
1.693011495
1.692977257
1.692860445
1.692691574
1.69322168
1.693114042
1.693349408
1.693348308
1.692314053
1.692257278
1.692356663
1.692275802
1.692218841
1.692399146
1.692757162
1.692545942
1.692929195
1.692038319
1.691769656
1.691967722
1.692008011
1.691129084
1.692003005
1.691710981
1.691487803
1.691170548
1.691261003
1.69197769
1.692772148
1.69254989
1.692826429
1.692703674
1.69284643
1.692666943
1.692805442
1.692322364
1.692216195
1.693054839
1.692074851
1.692473014
1.692826944
1.693022077
1.692972219
1.692839098
1.692444135
1.692677849
1.692464783
1.693088314
1.693334912
1.693239145
1.693412172
1.693420743
1.693435175
1.692281013
1.692223272
1.692205612
1.692082257
1.692337759
1.692516118
1.692687455
1.692837253
1.692969404
1.691751507
1.691609585
1.691686435
1.691807332
1.691943592
1.692504248
1.692043995
1.692479512
1.692419266
1.692175626
1.69202555
1.692171092
1.692520087
1.692573282
1.69266933
1.692194553
1.692335135
1.692494516
1.692529904
1.69183825
1.691676024
1.692900499
1.691757832
1.69219856
1.692650514
1.692886144
1.69277614
1.692660831
1.692159603
1.69219714
1.69247281
1.692436424
1.692193253
1.693222393
1.693356366
1.693413618
1.693434656
1.693462168
1.693427151
1.693482447
1.693088441
1.692231623
1.692151731
1.692072616
1.69229128
1.692434844
1.69263731
1.692819732
1.691466812
1.69159781
1.691987909
1.691886223
1.691900073
1.69185191
1.692040423
1.692072341
1.692064802
1.692908695
1.692767968
1.692656074
1.692566448
1.692172643
1.692591783
1.692499688
1.691914851
1.692009577
1.692138079
1.691462865
1.691357527
1.692718135
1.691471141
1.691846523
1.692175668
1.692452566
1.692663988
1.692606893
1.692444957
1.69245642
1.692151831
1.692309966
1.692452148
1.69179081
1.691882047
1.69193579
1.692199416
1.691917633
1.691669067
1.693432232
1.693354374
1.693265026
1.693484668
1.693476493
1.693445995
1.693397344
1.693498519
1.692929915
1.69308602
1.693244011
1.692192054
1.692126747
1.692266149
1.692390708
1.692534338
1.69266658
1.692792458
1.69238471
1.691514494
1.69182532
1.692141739
1.692301776
1.692076444
1.692119255
1.692043783
1.692120607
1.692139712
1.691802263
1.691702892
1.691664205
1.692707469
1.692631441
1.692360087
1.692654591
1.691720859
1.691977727
1.692175109
1.691890599
1.69164218
1.691716593
1.691307073
1.691291404
1.691243661
1.691479738
1.691319527
1.691191456
1.691941519
1.6924682
1.691459333
1.691645488
1.691912285
1.692193704
1.692412269
1.692460759
1.692299877
1.69230687
1.692107763
1.692216946
1.691481309
1.691463327
1.691542853
1.691670993
1.691865695
1.69168006
1.691464219
1.69350015
1.693487685
1.693440301
1.693378022
1.693508811
1.693466384
1.693406699
1.693351372
1.693481846
1.692941495
1.693093632
1.693229194
1.692215076
1.692205437
1.692344811
1.692796385
1.692526874
1.692662701
1.692510503
1.691926581
1.691823623
1.691887988
1.692376295
1.692271787
1.692540918
1.692634249
1.692246031
1.692244477
1.692267126
1.691434684
1.691538078
1.691451112
1.692107233
1.692050843
1.69178785
1.692172043
1.691527341
1.691656849
1.691672418
1.691760381
1.691427858
1.69133159
1.691330253
1.691267163
1.691198634
1.691154408
1.691713113
1.69168963
1.691278169
1.691160053
1.691858417
1.692175498
1.691428461
1.691646244
1.691908695
1.692200353
1.692162119
1.692176106
1.692165785
1.692014323
1.692043956
1.69134728
1.691325078
1.691318499
1.691268419
1.691485522
1.691463463
1.691311832
1.691443742
1.693362325
1.693517365
1.693517553
1.693492975
1.693462778
1.69349525
1.693291081
1.693421353
1.69333513
1.693438996
1.692947985
1.694946064
1.693935413
1.69309588
1.692326227
1.692345196
1.692486914
1.692828566
1.692672926
1.693352281
1.692624771
1.692455725
1.692319608
1.692293992
1.692587527
1.692752495
1.692911807
1.692430198
1.692930086
1.692439369
1.692414918
1.691456936
1.69135027
1.691402132
1.691727065
1.691727799
1.69184543
1.691530174
1.691561298
1.691625009
1.69176101
1.691880351
1.69210093
1.691295511
1.691357229
1.691280786
1.691127549
1.691417285
1.691280748
1.691218157
1.691254546
1.691385964
1.692090323
1.692523966
1.691608479
1.691246577
1.691136559
1.691106625
1.69163553
1.691830091
1.69190714
1.691406069
1.691642645
1.692000072
1.691835026
1.69189553
1.69202779
1.69202884
1.691888456
1.691872943
1.691747551
1.691251951
1.691248886
1.69123152
1.691266701
1.691283811
1.691217166
1.691197818
1.691278801
1.691399632
1.69464952
1.693506858
1.693517714
1.693514753
1.69345442
1.693222091
1.693355435
1.693251938
1.693374565
1.697344292
1.697532559
1.693803535
1.695724474
1.696360165
1.695115919
1.699214595
1.692467269
1.692481734
1.69256415
1.692645778
1.692586022
1.694716478
1.693270399
1.695842329
1.69366892
1.69286288
1.692811265
1.692946527
1.692732679
1.692556937
1.692619529
1.693163213
1.693233652
1.69265538
1.693227587
1.692745233
1.693207221
1.691504376
1.691438441
1.691540388
1.691646628
1.69189299
1.69223336
1.691719265
1.691762968
1.692035727
1.69228517
1.692510501
1.691399267
1.691367824
1.691589871
1.691626789
1.691440694
1.691197675
1.691174243
1.691739724
1.691420015
1.691592872
1.692533039
1.693133623
1.691870308
1.691438636
1.691215935
1.691107841
1.691406492
1.691098893
1.691431078
1.691591621
1.69162232
1.691247759
1.691410051
1.691652565
1.691743333
1.691713991
1.691749655
1.691862298
1.691575771
1.691682727
1.691523825
1.691236895
1.691227739
1.691333137
1.69119629
1.691186333
1.691214834
1.691202354
1.691185798
1.691243663
1.691169248
1.691269692
1.695083785
1.697508022
1.693468505
1.694799016
1.693487021
1.693387526
1.693141909
1.693280017
1.693196497
1.693291593
1.700662871
1.700747895
1.700765505
1.696663716
1.697985246
1.701441118
1.70341573
1.692662265
1.692672248
1.692759643
1.693326053
1.698167952
1.700164305
1.698526536
1.696293772
1.696488023
1.693241664
1.693125018
1.692746527
1.69291807
1.692870546
1.693476055
1.693504064
1.692885773
1.693465347
1.693247551
1.693540955
1.693566353
1.691690069
1.69186694
1.691804034
1.692485053
1.69272816
1.692056596
1.692093444
1.692455719
1.692926279
1.692838961
1.692692365
1.691529126
1.69157749
1.691532472
1.692071431
1.691817546
1.691831627
1.691599673
1.691360087
1.691976131
1.691339521
1.701914764
1.692135598
1.692762404
1.691978809
1.693196084
1.693578211
1.692508826
1.691272492
1.69311683
1.691113948
1.701585121
1.716388263
1.694726303
1.695503275
1.691463193
1.691359577
1.691419348
1.691481601
1.69155617
1.704295577
1.70157169
1.698044634
1.691317771
1.691291446
1.691482903
1.691179757
1.691172756
1.691158342
1.691243577
1.691303326
1.691243688
1.691239398
1.691154059
1.691171224
1.694057052
1.697186167
1.696999691
1.7006583
1.69340134
1.697424704
1.695143539
1.697241248
1.693518996
1.693352171
1.693424173
1.6940448
1.695448994
1.704885225
1.70527305
1.701077171
1.706711098
1.708669921
1.692854316
1.694108869
1.694805015
1.697349459
1.703493528
1.703946387
1.706741275
1.702524492
1.701636345
1.693434539
1.692956525
1.693198552
1.693098202
1.693719278
1.693728538
1.693107598
1.693697024
1.69362374
1.693555356
1.69379226
1.693826991
1.692541224
1.692233601
1.692048555
1.692935018
1.693069696
1.692466242
1.692546746
1.693007787
1.693212487
1.693110992
1.691783504
1.691752353
1.69186943
1.692343643
1.692142425
1.691550983
1.691628953
1.691884259
1.692553545
1.692222407
1.711070316
1.723928986
1.693017062
1.693870004
1.692911053
1.693573768
1.693210053
1.693182639
1.69565402
1.699814229
1.713357834
1.733650977
1.728643508
1.7230893
1.703704131
1.719444679
1.700895609
1.708289101
1.710374948
1.713062658
1.708818918
1.691483645
1.691436907
1.692009401
1.691732299
1.692373103
1.691241472
1.691218316
1.691238072
1.693194482
1.691363401
1.691299875
1.691550332
1.691412035
1.691368082
1.691338464
1.691320669
1.691427896
1.695655095
1.696600276
1.700185214
1.70005331
1.706807198
1.703659484
1.69512839
1.699973432
1.697275826
1.69972235
1.698649246
1.696264691
1.695642807
1.696242296
1.698795602
1.709539116
1.710018903
1.709451422
1.713217281
1.714095632
1.694859037
1.698937765
1.699002527
1.704650555
1.713213837
1.71287847
1.71251694
1.714015061
1.69444241
1.693359499
1.693315304
1.693555942
1.69401053
1.693918803
1.693903942
1.693358645
1.693857781
1.693806301
1.693749382
1.694114492
1.693980558
1.692957512
1.693039655
1.69268224
1.693137475
1.69327302
1.693097076
1.692976437
1.693328037
1.693396781
1.693389019
1.693357786
1.692074972
1.692298551
1.69235267
1.692865645
1.692597352
1.69333833
1.714572944
1.695810095
1.696559021
1.69257032
1.728310104
1.734033763
1.693325748
1.692932389
1.69367853
1.693483561
1.693902636
1.694056848
1.69368502
1.693743967
1.70108524
1.705740895
1.728083607
1.739594801
1.738839276
1.735121896
1.732899053
1.710948288
1.729342861
1.72269542
1.722373417
1.720260858
1.715894291
1.6917065
1.691704753
1.692047251
1.697112576
1.698269788
1.691365384
1.695229402
1.692929041
1.691448221
1.691677643
1.691444723
1.69178172
1.691985016
1.691429528
1.691502739
1.691619625
1.70109201
1.700442259
1.702132189
1.703748422
1.703516759
1.707709972
1.701436653
1.699354914
1.702319777
1.70139174
1.702036077
1.700215631
1.699380989
1.702397079
1.714489211
1.712744319
1.717689512
1.718652371
1.719006487
1.713952863
1.700673289
1.705591056
1.720454042
1.720922568
1.72124088
1.719988868
1.694077953
1.693506371
1.693714087
1.694163055
1.694051053
1.694058212
1.694005728
1.696010793
1.70317536
1.693968048
1.693913062
1.693865106
1.694220537
1.694214893
1.694145467
1.693530079
1.693412117
1.693213611
1.693365322
1.693463765
1.693551339
1.693493869
1.693714663
1.693717277
1.692383084
1.692592564
1.69266886
1.692944102
1.693114014
1.693583457
1.720957597
1.705015603
1.743102609
1.736222199
1.693895195
1.707813835
1.694576704
1.694119017
1.693923852
1.694110458
1.694024662
1.694171257
1.694123677
1.705569118
1.71004933
1.73342716
1.736214723
1.74163382
1.738420904
1.74453528
1.714881685
1.731824913
1.728520544
1.725370405
1.720186768
1.692011219
1.691950439
1.692002935
1.691943
1.692320684
1.69667826
1.701279177
1.699979581
1.696857951
1.691623113
1.691647348
1.691951729
1.697058585
1.694389194
1.691646436
1.704955285
1.704397569
1.705104977
1.707018787
1.706287958
1.711360036
1.705054214
1.705211563
1.704745636
1.70553859
1.705180877
1.704649606
1.704068678
1.705388936
1.706830443
1.718314178
1.716390634
1.723155107
1.723512923
1.723434714
1.714183844
1.726424411
1.726635295
1.724779167
1.72025083
1.693651138
1.697675056
1.693839621
1.693777355
1.694210774
1.694135467
1.694082725
1.69411808
1.694057257
1.706248537
1.71119533
1.694005507
1.693948443
1.693887767
1.694244404
1.694271908
1.694178102
1.693619329
1.693707777
1.693219506
1.693405077
1.693637766
1.693546091
1.693844522
1.693762204
1.693797472
1.692707763
1.692635831
1.693012629
1.693055515
1.693097125
1.693351821
1.693460356
1.693769825
1.693893718
1.722126619
1.725760949
1.7465728
1.739989798
1.699569052
1.712986292
1.69425809
1.704066374
1.694249406
1.694269804
1.694301863
1.747965734
1.709488806
1.713922698
1.735075097
1.740768139
1.738420553
1.743403927
1.732146785
1.718233752
1.72894907
1.723613919
1.692326355
1.692211754
1.695260967
1.692251304
1.692641924
1.692618547
1.699693203
1.703501877
1.701251971
1.706631372
1.694648096
1.693561796
1.69782239
1.701020956
1.698964435
1.697366629
1.709465718
1.707839242
1.710547198
1.709363746
1.71625686
1.708046947
1.708630556
1.708581089
1.706986707
1.708137671
1.709072935
1.708751404
1.721563613
1.721893348
1.727429065
1.727783904
1.726914874
1.714003871
1.729799913
1.719415487
1.728980924
1.725216009
1.693734416
1.698362107
1.694313989
1.693823453
1.69376917
1.699452456
1.704863792
1.69380492
1.694181355
1.694137409
1.694131451
1.694082881
1.694024384
1.708924772
1.693965853
1.693904596
1.693838821
1.694258348
1.694187486
1.694096049
1.693690712
1.693709025
1.693184698
1.693297338
1.693413111
1.693599606
1.693497085
1.693831098
1.693855213
1.693770624
1.693699935
1.692973588
1.692984399
1.69296174
1.693326816
1.693576463
1.693304412
1.693555142
1.693713881
1.693888527
1.693792303
1.693916745
1.733630739
1.750871732
1.745774087
1.7180015
1.709819404
1.694360084
1.694277869
1.694277454
1.746627922
1.751846479
1.754223944
1.713312186
1.717342373
1.73834586
1.735502805
1.740550364
1.730992617
1.721543111
1.726355618
1.699807467
1.692683236
1.696272212
1.693740238
1.703155012
1.704541895
1.707751002
1.703106953
1.700275482
1.703581743
1.704840859
1.7029901
1.711261835
1.714552922
1.710692686
1.714288857
1.712460169
1.721956572
1.711017259
1.711462157
1.712640069
1.712105615
1.709843353
1.710590143
1.726484802
1.729203376
1.731449277
1.731711352
1.731249977
1.713336879
1.732673384
1.719675931
1.724718926
1.729897725
1.698874806
1.693748776
1.699374013
1.704234988
1.693679608
1.693707045
1.69372746
1.693987345
1.693838684
1.693999157
1.693915061
1.69387308
1.70594027
1.693811151
1.693757137
1.694047423
1.694085795
1.693858072
1.693853504
1.69376763
1.693583447
1.693589135
1.693141192
1.693249558
1.693346934
1.693485859
1.693400242
1.693723123
1.693619018
1.693528248
1.694572249
1.693264371
1.693305811
1.693761394
1.693557145
1.693769109
1.693562761
1.693862465
1.693906783
1.693942777
1.693663627
1.69382016
1.69392275
1.736152641
1.750571007
1.720034875
1.727450188
1.714948899
1.708077322
1.695015611
1.743944945
1.750911709
1.758198522
1.756756311
1.717671159
1.721180577
1.737611156
1.734387413
1.72940984
1.724918237
1.703898165
1.700333123
1.69667805
1.696810537
1.706430836
1.707224904
1.708941814
1.707894808
1.706659722
1.709913821
1.708828364
1.712075666
1.715696748
1.718779439
1.713041757
1.716660068
1.718345461
1.728151436
1.714817386
1.718170817
1.715947439
1.713063129
1.712858227
1.733294083
1.73753688
1.736604977
1.734433338
1.735327523
1.712000358
1.734027629
1.718757749
1.724921006
1.73010408
1.698259396
1.700378801
1.700801299
1.694661731
1.693540814
1.693572279
1.699721891
1.693483352
1.693423875
1.693451154
1.693401106
1.693500689
1.693504519
1.6935018
1.705054349
1.693432585
1.696844946
1.693172796
1.693453133
1.69341398
1.693089028
1.693202414
1.693268679
1.693337068
1.693502093
1.693420942
1.693359068
1.693500287
1.693308744
1.696365526
1.694292392
1.693539993
1.693605097
1.6939095
1.693775126
1.693921204
1.693790453
1.693960718
1.693982205
1.693956465
1.693522214
1.693830559
1.693590714
1.693694454
1.693884133
1.737679617
1.749671426
1.731451427
1.723321773
1.714838328
1.740700782
1.759153876
1.748733418
1.75715956
1.762487505
1.722572051
1.725710814
1.733240248
1.728911736
1.737644046
1.704131464
1.699775979
1.708482911
1.698537037
1.712231461
1.710322433
1.712817862
1.714457865
1.71480101
1.71955988
1.714872956
1.715369731
1.722461861
1.722835101
1.734196098
1.720301453
1.7241512
1.719200903
1.717742482
1.742383463
1.744121711
1.742779993
1.738469436
1.735937311
1.711476865
1.733605391
1.718257196
1.728553635
1.723957031
1.712144732
1.732244408
1.694566712
1.693325159
1.693331804
1.724998859
1.696999565
1.700112203
1.693134374
1.708480334
1.699710874
1.705760422
1.693002209
1.6940586
1.692912744
1.692902834
1.704211701
1.692877861
1.718922927
1.706767632
1.69330478
1.69324262
1.693100047
1.693036241
1.693138106
1.69319164
1.693289109
1.693239593
1.693185523
1.693126597
1.693327605
1.693145216
1.694657236
1.696217205
1.693788079
1.693996893
1.694011786
1.693940896
1.693942939
1.693980652
1.694001969
1.693914214
1.693392022
1.693747784
1.693602127
1.693789442
1.744019151
1.754416222
1.740094977
1.732450057
1.745782374
1.764519647
1.75596531
1.765240077
1.727248982
1.731646134
1.73424179
1.74236194
1.712384893
1.702148618
1.706385801
1.698261375
1.715779096
1.714811883
1.719164834
1.717059119
1.720526525
1.717277503
1.724359893
1.716414112
1.71904356
1.728479547
1.742250334
1.728252593
1.725380928
1.724735137
1.752245789
1.757136795
1.743423551
1.736541836
1.732733964
1.708667912
1.727369575
1.716814963
1.721764111
1.693087201
1.693072947
1.738872971
1.734950055
1.694990539
1.697909712
1.69279993
1.718982056
1.7180584
1.717782739
1.692576464
1.71154305
1.694868853
1.703918302
1.698410702
1.700515107
1.692690737
1.732037848
1.692982707
1.720662428
1.693144708
1.69309446
1.693024771
1.693055695
1.693098219
1.693064536
1.693025788
1.692954484
1.696078271
1.692958862
1.693160424
1.692982318
1.693204049
1.694666342
1.694017269
1.694040934
1.693937319
1.693966056
1.693978076
1.693494655
1.693635337
1.695060471
1.767003945
1.760269077
1.750681633
1.758248923
1.745644743
1.753154469
1.770852097
1.771537444
1.763216259
1.733393813
1.740695982
1.751245218
1.710035802
1.714160116
1.700423807
1.703522484
1.69744763
1.720268888
1.720525235
1.721934158
1.718999479
1.725594055
1.72197282
1.730250457
1.718593416
1.72436549
1.744842674
1.732296324
1.734050848
1.732072372
1.731086941
1.75115329
1.763692689
1.739234222
1.72656509
1.734966654
1.700992117
1.708376936
1.720172297
1.712440846
1.692806668
1.722138418
1.747934873
1.746659746
1.697268659
1.695603712
1.695195193
1.693866353
1.730523569
1.730140999
1.698773995
1.714696337
1.707825678
1.705087817
1.698926557
1.699233505
1.744436855
1.692928046
1.732436269
1.692999241
1.692969323
1.692950036
1.692800432
1.692933182
1.692913552
1.692898564
1.69279614
1.696028751
1.692805134
1.693002769
1.692836791
1.694806039
1.695115845
1.694955094
1.694995725
1.696518871
1.695964492
1.771293726
1.765234514
1.755719835
1.763090402
1.776902454
1.773770328
1.741667191
1.763045627
1.752676455
1.697458372
1.707678153
1.711188232
1.701878879
1.699157584
1.7144003
1.724387986
1.726498168
1.719949193
1.736214876
1.737733319
1.728465651
1.697058662
1.722016773
1.74657212
1.737713211
1.738390233
1.737216693
1.751598765
1.765522144
1.733475602
1.722853584
1.701069738
1.702303925
1.710849876
1.723945863
1.760018131
1.758517908
1.698938535
1.698357604
1.743263478
1.742383545
1.705922247
1.726701942
1.71696175
1.71136988
1.7024307
1.703837424
1.759436018
1.692874662
1.707155907
1.744253809
1.736067203
1.692884482
1.692875247
1.692801971
1.692665254
1.692696772
1.692803818
1.692788932
1.69265532
1.696462134
1.692679203
1.694332514
1.69361634
1.696611721
1.696800927
1.696822407
1.698257374
1.775739865
1.783682604
1.771315697
1.791504753
1.772409506
1.780445607
1.755220301
1.771874557
1.69836814
1.707557928
1.70415757
1.70022078
1.712690748
1.724941285
1.731183335
1.718234591
1.751685369
1.742788883
1.733144394
1.736192785
1.698061945
1.697720304
1.729831212
1.741475646
1.741774778
1.739908466
1.746761315
1.75288161
1.754093443
1.718678083
1.726501163
1.709290136
1.703558812
1.703313936
1.772188338
1.703405502
1.756317945
1.754649032
1.729811035
1.71178892
1.719221004
1.70907366
1.710515634
1.773713157
1.786418664
1.6928202
1.714140411
1.719349227
1.756745177
1.743517304
1.692791025
1.692708561
1.692555062
1.692592005
1.692685315
1.692645566
1.692893716
1.69382634
1.698541258
1.693898041
1.695834748
1.695350955
1.698516577
1.70028619
1.699523669
1.802944981
1.794149045
1.806523925
1.795544971
1.781026632
1.780925626
1.768110629
1.699142124
1.706348675
1.70168617
1.712317193
1.722136244
1.706667293
1.753379163
1.723463265
1.743047791
1.736418478
1.699050461
1.699065715
1.700886395
1.741771393
1.756151429
1.735254197
1.740739301
1.751383254
1.734799078
1.737310228
1.715837684
1.707995606
1.710293413
1.703725095
1.729481236
1.768271978
1.719438241
1.718516146
1.790192627
1.807728897
1.692757061
1.728749409
1.738038669
1.780107739
1.769722221
1.756429136
1.692702102
1.692637042
1.692588273
1.692631652
1.692559867
1.694957911
1.694391378
1.695331795
1.701664359
1.695449639
1.701745233
1.697083317
1.700142219
1.828992433
1.825806699
1.80820775
1.792274944
1.777604499
1.699946469
1.701942194
1.700097368
1.702511105
1.712890194
1.716126163
1.707662987
1.76711583
1.721930875
1.743488916
1.732296871
1.700562759
1.703427025
1.703275753
1.779814025
1.760246329
1.733048497
1.760163067
1.726161896
1.727591095
1.715787291
1.708636107
1.707822016
1.715891855
1.815142731
1.69269781
1.738898972
1.75165463
1.791535014
1.776177413
1.837145196
1.692633926
1.693042339
1.693098676
1.696568173
1.693857013
1.696217309
1.695922542
1.703347739
1.696808689
1.700593249
1.698547726
1.69753586
1.856431538
1.844644557
1.831372212
1.814934174
1.791491845
1.70148539
1.700490135
1.703090422
1.702027308
1.703286434
1.781299673
1.716625262
1.712102749
1.707859351
1.72018669
1.748850392
1.729209894
1.705834
1.705053707
1.708840082
1.803305413
1.779196935
1.776668816
1.815329461
1.733492183
1.719928575
1.731256705
1.713396953
1.716093447
1.727873397
1.835424489
1.84630997
1.813258112
1.692672025
1.757268379
1.771439979
1.793246206
1.844946829
1.694720835
1.69563214
1.696421631
1.697959142
1.69687791
1.6972691
1.700128855
1.698284975
1.698567975
1.699058366
1.876669996
1.869504984
1.849944421
1.852737048
1.818297386
1.703048311
1.705341823
1.703665167
1.704337222
1.769457896
1.713191822
1.707450841
1.723284408
1.706816216
1.703847191
1.701089081
1.707740868
1.712261681
1.821635351
1.7713714
1.854741925
1.733378851
1.726634361
1.746668807
1.727370527
1.748137903
1.846540399
1.831643142
1.868915319
1.829990708
1.843259822
1.815049112
1.7793649
1.695599135
1.782075775
1.803772527
1.841363132
1.697527822
1.698336633
1.699256061
1.699720694
1.700205087
1.698888799
1.700922203
1.699917461
1.88301719
1.88130572
1.873537997
1.858447457
1.80315614
1.706296168
1.710171944
1.70986496
1.707549691
1.710358976
1.723312249
1.712181824
1.702959515
1.701644849
1.704746942
1.708753796
1.713851808
1.712628914
1.790179139
1.744873677
1.82475757
1.779601083
1.801255665
1.766857066
1.77573176
1.803966774
1.814174507
1.827234053
1.826006738
1.802469111
1.831982933
1.894026927
1.879226537
1.832949731
1.859955465
1.697818841
1.825767518
1.884515749
1.700128874
1.701339976
1.702867212
1.700733567
1.702228356
1.919826381
1.87741417
1.804178474
1.735705173
1.71363847
1.713149964
1.715180481
1.718045012
1.702358418
1.703086986
1.703898767
1.706237331
1.71013834
1.715514703
1.780757685
1.834284636
1.783377273
1.837576029
1.789296125
1.852480235
1.826701928
1.841934209
1.804869991
1.83385056
1.830518918
1.851870931
1.871351899
1.92497808
1.971495655
1.94015248
1.909970448
1.947585004
1.863054185
1.813892918
1.69976667
1.899154706
1.917694759
1.701396973
1.704251743
1.705558694
1.704476277
1.895668096
1.8094102
1.766764251
1.73933797
1.713784932
1.714164201
1.717613851
1.704669738
1.705612795
1.706620779
1.709507602
1.71354915
1.713012151
1.716653978
1.845191332
1.873506056
1.850992464
1.839757394
1.904738034
1.915119979
1.90299367
1.855818702
1.805934667
1.812642562
1.855526862
1.918475121
1.882756574
1.871164828
1.907584196
1.908175381
1.881637249
1.843092741
1.949554296
1.950069837
1.703449507
1.706481802
1.709038474
1.708661767
1.823260972
1.758332631
1.738417027
1.72172049
1.717566431
1.708264603
1.70901182
1.709905798
1.714401996
1.718828099
1.721697761
1.907880143
1.912599585
1.941365366
1.893640094
1.90453334
1.936858872
1.975841507
1.929376342
1.833216549
1.827123112
1.933156683
1.823969021
1.923409637
1.943354074
1.90451386
1.909004698
1.910919617
1.907285304
1.814159039
1.950631267
1.816350903
1.706066187
1.709562713
1.713885007
1.754907249
1.737845188
1.735265175
1.730605772
1.714651496
1.713298758
1.719206005
1.72834671
1.982476434
1.95542977
1.938501878
1.907966521
1.903006095
1.942792337
1.966804966
1.952722178
1.891121581
1.864192827
1.956675458
1.851583579
1.948840475
1.912088987
1.837119997
1.884555337
1.930547621
1.841724534
1.765700506
1.837124217
1.709384246
1.712933697
1.714098515
1.718240164
1.7638249
1.768660219
1.75748497
1.740704071
1.721065037
1.720825535
1.724160574
1.726545638
1.959786806
1.988833396
1.907920549
1.900379367
1.924000394
1.925711846
2.009352023
1.909927959
1.986892504
1.992838892
1.894422742
1.892879761
1.910729257
1.837300249
1.846730503
1.907952394
1.784756455
1.799124171
1.816538452
1.71404168
1.716850218
1.72368693
1.786464451
1.755792822
1.734321109
1.731676145
1.728530993
1.918012222
1.947435311
1.926264565
1.912060917
1.922574056
1.844529589
1.98911327
1.95659165
1.991281109
1.903044841
1.889391081
1.899205225
1.893411115
1.866514023
1.903085301
1.784221026
1.7905976
1.777146986
1.720545468
1.724732729
1.73512776
1.746377935
1.746965847
1.75072269
1.73861081
1.936020459
1.956504493
1.956928491
1.922830331
1.858097113
1.788887926
1.964316541
1.990716766
1.944022974
1.955887159
1.929966404
1.885149053
1.898324506
1.920296633
1.921655057
1.935815304
1.761518024
1.763512465
1.726480408
1.733108715
1.744332474
1.745545136
1.765812133
1.779344841
1.767925707
1.950372125
1.94374574
1.961925462
1.932812287
1.825155379
1.793363998
1.97180963
1.965902994
1.932298689
1.935547959
1.93118235
1.940400343
1.952104055
1.934102594
1.940008997
1.945484986
1.752978352
1.739647941
1.762534683
1.77259982
1.772299583
1.786413058
1.793977505
1.768387651
1.97842719
1.967850344
1.975313873
1.889085413
1.818317164
1.961840134
1.943667595
1.938297628
1.949470169
1.948465258
1.929228098
1.967526054
1.969437521
1.795830416
1.777212581
1.745868519
1.772719093
1.79460202
1.781971568
1.781652229
1.962676876
1.980188682
1.84653162
1.906013789
1.965463276
1.964084087
1.975411305
1.975661146
1.984065284
1.976581459
1.945982138
1.794422869
1.794743306
1.749067007
1.767242649
1.774705669
1.823633943
1.976285496
1.97608845
1.822987255
1.910601268
1.986388718
1.974323009
1.960624585
1.97262317
1.971142511
1.95390461
1.937874464
1.780525319
1.764054836
1.768203507
1.855897703
1.778028606
1.990788622
1.948109635
1.87278389
1.978883895
1.94761954
1.940661279
1.946761346
1.938776882
1.931979808
1.765584668
1.798093634
1.857503213
1.766653278
1.781511345
1.967822613
1.940967021
1.948150961
1.918495456
1.937809935
1.925074135
1.926318727
1.783999737
1.894935391
1.789989692
1.760288053
1.95814117
1.934382366
1.907168825
1.917129809
1.915812387
1.91529963
1.75369881
1.821898339
1.76695688
1.98189531
1.913895258
1.900155196
1.902050701
1.883340502
1.771450143
1.763217718
1.81963644
1.873732604
1.937542241
1.904794067
1.906911051
1.82274965
1.804087366
1.84744743
1.857608855
1.893535158
1.899926543
1.895194391
1.858648625
1.85471422
1.849839588
1.858748579
1.958967834
1.918847696
1.867954017
1.853362268
1.916336145
