1.892855856
1.885952389
1.918255847
1.902344407
1.877687386
1.875484912
1.915673986
1.903510137
1.884341105
1.918733972
1.8781972
1.934843911
1.879632443
1.875089253
1.899625388
1.921881411
1.873598336
1.917531081
1.9126065
1.896257953
1.8834224
1.920049344
1.919491113
1.935277764
1.944468656
1.921248699
1.882796024
1.880920164
1.876610689
1.87834811
1.893978573
1.919520346
1.882333708
1.924199651
1.921678991
1.910577318
1.918472586
1.897274352
1.920217023
1.927840428
1.922667549
1.926561451
1.930876357
1.856133247
1.86481158
1.880455091
1.887104922
1.859039864
1.893872633
1.897837586
1.908246852
1.923382177
1.927513665
1.929175291
1.924810239
1.938138102
1.924874673
1.927956689
1.933067042
1.937134654
1.942096614
1.950551205
1.945941802
1.827402837
1.830171638
1.862970534
1.870935776
1.888751564
1.90416418
1.840957028
1.921092364
1.940002638
1.929949295
1.931384346
1.93757909
1.942923566
1.951781567
1.935467902
1.939127002
1.938858215
1.939246666
1.944319437
1.953016733
1.947643152
1.957294597
1.961274464
1.810084595
1.803308872
1.820784717
1.853542518
1.883143871
1.908921118
1.932372467
1.827306376
1.956777637
1.942144247
1.936868682
1.94190321
1.94296913
1.952246689
1.955767893
1.96466867
1.946259195
1.946019174
1.947710425
1.952237751
1.95623155
1.961220191
1.961759769
1.960979516
1.96409564
1.965891924
1.970933644
1.800282641
1.789835967
1.793233327
1.867247671
1.84209074
1.899082541
1.926579769
1.962123062
1.820507536
1.948617243
1.955788212
1.950237364
1.952490995
1.956108686
1.966308099
1.971661368
1.967920022
1.957251274
1.960379566
1.968066239
1.970103957
1.977294614
1.973199004
1.970110992
1.970362487
1.97053802
1.972558893
1.971043935
1.966865177
1.916420459
1.955391666
1.94834775
1.797350566
1.785383581
1.781692967
1.850671253
1.88196191
1.826244076
1.914495051
1.952725888
1.808819821
1.96260968
1.963072264
1.970512405
1.964472303
1.970297756
1.968542247
1.979049395
1.981281652
1.973772957
1.962184151
1.971028629
1.977640446
1.984875232
1.985581611
1.983851207
1.98364025
1.977563236
1.975853973
1.973259387
1.961768584
1.95338468
1.899522437
1.919378192
1.934166375
1.948612245
1.943109206
1.895739482
1.79361519
1.7890192
1.781884101
1.873897181
1.841815839
1.89932609
1.817501497
1.934014256
1.802615116
1.979085916
1.978053419
1.975559956
1.983790266
1.980027552
1.979802355
1.980881664
1.985046789
1.978013234
1.955922748
1.93725988
1.984642037
1.987863041
1.98850751
1.988308092
1.985394715
1.981822269
1.976524551
1.971870782
1.962623324
1.95326414
1.946283524
1.893293833
1.905396867
1.939735833
1.928511133
1.943035411
1.897964255
1.90623956
1.912806078
1.794867372
1.792809198
1.793661161
1.879603662
1.85758962
1.829930622
1.909966923
1.8086024
1.79917933
1.992029641
1.988686231
1.990122424
1.986574719
1.99107296
1.989657701
1.991865238
1.968231405
1.948533468
1.921027887
1.904606015
1.989544124
1.985596704
1.98419922
1.977355861
1.97284636
1.968403947
1.962965725
1.960593695
1.953216755
1.946098399
1.94243037
1.897724253
1.89235107
1.916089194
1.939651502
1.933339265
1.900012554
1.909582258
1.910668398
1.912449144
1.79723794
1.798668749
1.91439784
1.796773049
1.886304176
1.867122211
1.844643292
1.820511706
1.80560624
1.79899461
2.001014461
2.002228811
1.999321061
1.995430459
1.969823254
1.998073312
1.995086233
1.988604922
1.935646944
1.915698771
1.890718989
1.878797662
1.981213325
1.979676293
1.972945401
1.966988082
1.962440155
1.957909908
1.953628253
1.946408164
1.942879211
1.939582799
1.892929917
1.905800674
1.890826286
1.924123986
1.933896728
1.902036301
1.908156077
1.922079502
1.798131153
1.806128933
1.802378082
1.92147815
1.804713294
1.869525123
1.852834801
1.833794847
1.813765591
1.802526726
1.798390658
2.005293821
2.00591885
1.997747498
2.001056678
1.981087197
1.935141448
1.995787177
1.989002836
1.979258503
1.892627748
1.866990168
1.857709267
1.974767913
1.970767618
1.965404153
1.961089565
1.956704207
1.953078029
1.946944641
1.945100791
1.942535206
1.900340846
1.88699292
1.91513022
1.890073491
1.929221214
1.934910783
1.899037521
1.915893794
1.93621002
1.937748821
1.796978896
1.805830188
1.937631325
1.940801083
1.932600558
1.803512106
1.850276452
1.835677837
1.821712046
1.808313313
1.803197385
1.798083445
1.997666402
2.004318079
2.000887695
1.977680248
1.997458732
1.949275287
1.902008558
1.991048728
1.982104304
1.97565479
1.867148848
1.843589441
1.83732038
1.9732659
1.965930787
1.963200291
1.957211159
1.949842576
1.946183176
1.942334191
1.921421477
1.897888907
1.882783667
1.887185603
1.932212831
1.935854801
1.915363529
1.933359587
1.943197013
1.797428095
1.801636249
1.941576752
1.93400178
1.923820256
1.924522354
1.932101534
1.927024549
1.795120164
1.832684282
1.821816008
1.814641679
1.807530614
1.802633694
1.797386166
2.002215504
1.972413855
2.004459452
1.998919154
1.941271402
1.992394281
1.914298621
1.867448604
1.990237677
1.984870196
1.985727185
1.844018125
1.82690666
1.822365187
1.980431859
1.980908385
1.972788541
1.960376245
1.955132306
1.946764045
1.932223792
1.910946809
1.885419502
1.879315408
1.896186599
1.936855018
1.944055691
1.919872858
1.936415109
1.931924722
1.794640198
1.79446507
1.927512793
1.920632666
1.924945573
1.935949114
1.935462393
1.924416634
1.787028765
1.818816309
1.813801928
1.806257892
1.80324918
1.799721456
2.00670013
1.989430222
1.937961131
2.002501708
1.996536945
1.899186267
1.998193483
1.874113064
1.841149602
1.996278851
1.999397387
1.99858766
1.826198286
1.818468947
1.814037867
2.004176471
1.99352308
1.980327776
1.96923216
1.963563463
1.916701745
1.938056901
1.893334047
1.875561388
1.878731042
1.8973436
1.941366686
1.964040053
1.916409362
1.921688967
1.913829579
1.796316736
1.794250722
1.908474518
1.922904398
1.945648785
1.942196399
1.915993491
1.781664945
1.813471395
1.812882433
1.810020661
1.807698915
1.803918548
1.996087873
2.001339819
1.9556559
1.904378482
1.999367039
2.001849589
1.866324497
2.003552274
1.844418212
1.81966369
2.005367715
2.006492552
2.018030776
1.809729819
1.806852098
1.809007647
2.01538641
2.007124743
1.990063111
1.992003135
1.89851108
1.93516002
1.876892494
1.868798157
1.877732988
1.901763343
1.966361014
1.988335529
1.911906166
1.905335446
1.914084388
1.791123578
1.800931327
1.904803815
1.940691488
1.954755812
1.901615014
1.917616204
1.784066646
1.800900274
1.779305895
1.810484799
1.811619484
1.811514763
1.806867533
1.80855063
1.969754387
1.987622305
1.994726061
1.923189791
1.874708165
1.995288318
1.994948332
1.845815533
1.835752299
1.993934381
1.817865313
2.001475345
2.012463639
2.022007537
1.7957723
1.794018013
1.799310846
2.024726721
2.012108216
2.01070232
1.8805217
1.95589116
1.862563362
1.864395498
1.885283683
1.906533587
1.98975149
2.010353337
1.90131346
1.898589433
1.923241168
1.79302277
1.907712028
1.944048747
1.895045259
1.930668634
1.781226469
1.79842063
1.78904144
1.857864754
1.775208407
1.805412874
1.80749677
1.806507347
1.805580697
1.797276561
1.92961182
1.963904758
1.984467348
1.98891853
1.886084635
1.849451687
1.985637819
1.982221981
1.82327889
1.81309294
1.986735358
1.993350817
2.015766105
2.001284441
2.021969012
1.785903838
1.786196567
1.796242361
2.018652954
2.016532945
1.876174506
1.861694619
1.980414916
1.875488504
1.901548179
1.905603925
2.006241061
2.017546868
1.896015194
1.90314527
1.923239319
1.78368906
1.909226773
1.903605624
1.952691388
1.776470292
1.788341285
1.798260225
1.782351354
1.858471596
1.870848499
1.768399373
1.802019507
1.802448797
1.798833159
1.794570863
1.785196724
1.930383555
1.895930383
1.962640004
1.980374573
1.979910793
1.85720586
1.826283016
1.977353724
1.977968552
1.807788119
1.982525875
1.991125876
2.010464263
2.003145897
2.015889171
1.779435668
1.790298959
1.779531126
2.022813773
1.883956163
1.863016154
1.987976887
1.896605749
1.899433301
1.893144343
2.006494209
2.022529074
1.907962679
1.912330093
1.772579707
1.777020114
1.918396915
1.955672084
1.784691098
1.791949823
1.800875844
1.779273356
1.857272219
1.86598124
1.885636687
1.763811388
1.758856371
1.799592814
1.797098388
1.788349915
1.780508492
1.773415342
1.939979829
1.902321271
1.869403647
1.958272421
1.97577702
1.974968936
1.837732985
1.814222355
1.971413921
1.973316809
1.977790691
1.986669963
1.994462721
2.01189341
1.775798896
1.784065065
1.773924328
2.020941965
1.890887991
1.868302828
1.981510673
1.893039527
1.885599202
1.898126572
2.003102872
2.016553253
1.910810763
1.764979003
1.925952088
1.952000042
1.78696014
1.79344783
1.802144758
1.813671593
1.780194402
1.856746722
1.856044751
1.869327897
1.881848246
1.752346629
1.748257237
1.79350118
1.78272034
1.774226174
1.766681825
1.763253416
1.922993308
1.94277046
1.887154222
1.85395847
1.947706322
1.955572442
1.95685396
1.963528491
1.82548586
1.964160393
1.964114835
1.970839572
1.978253259
2.004190338
1.775212298
1.774591365
1.771538089
2.005071902
1.871581498
1.903315765
1.976875377
1.876391555
1.87923362
1.892190446
1.998535166
2.003236986
1.756112295
1.939395068
1.956606625
1.803423049
1.792828827
1.809932752
1.814274782
1.819947643
1.784081016
1.850641693
1.858342315
1.861116165
1.869974479
1.872897083
1.79536587
1.862286065
1.747363084
1.74299787
1.740064558
1.776471097
1.768385176
1.759063345
1.756530036
1.755176118
1.93618642
1.908285838
1.944629537
1.871581416
1.842515563
1.944901401
1.945069995
1.948486387
1.956560633
1.957971331
1.958418278
1.962707388
1.983217117
1.777041457
1.767653119
1.773391177
1.988340111
1.880487362
1.910088819
1.979369437
1.863937024
1.870962215
1.991276185
1.994013128
1.940440452
1.95877781
1.812469431
1.805573675
1.816433157
1.818609625
1.824191837
1.837241708
1.785073423
1.850845994
1.849207582
1.857467865
1.868065896
1.861113281
1.792850395
1.7837959
1.853329347
1.856917313
1.739940338
1.745420335
1.736253896
1.734193715
1.762851889
1.756165902
1.750771184
1.750144032
1.749740865
1.926745797
1.940880963
1.891005142
1.944804502
1.856557111
1.945918404
1.943747939
1.945121586
1.946733828
1.953412759
1.952923137
1.964887099
1.777593706
1.765682531
1.773891622
1.972452886
1.889376408
1.914602063
1.975025513
1.858218057
1.99112634
1.984513512
1.928493828
1.951865696
1.810189945
1.797472944
1.816580022
1.817374167
1.828919909
1.845991448
1.778382852
1.847982752
1.85825091
1.848274568
1.85066655
1.874568027
1.779198365
1.776675547
1.768480904
1.854263236
1.849968169
1.855829724
1.738041996
1.735151578
1.741400361
1.73167365
1.730238845
1.756790567
1.751030636
1.745056773
1.742839604
1.91002133
1.938726455
1.95130215
1.874932434
1.955842188
1.951173444
1.944803926
1.94128864
1.94168935
1.94868401
1.952675373
1.945359635
1.772881246
1.761496679
1.765012514
1.961131003
1.886577967
1.894874914
1.899685469
1.978327921
1.856980252
1.983217692
1.962100155
1.918346835
1.948646847
1.788699311
1.797781912
1.803626055
1.821572565
1.84176035
1.867177911
1.766081675
1.853304033
1.843710631
1.865693165
1.844130616
1.76626445
1.773846316
1.76313065
1.75624492
1.856942814
1.85004067
1.733523676
1.734109544
1.731715917
1.736151259
1.728361286
1.727069623
1.753949796
1.745771715
1.73908538
1.933789742
1.899439008
1.959096567
1.963089026
1.955391333
1.948289683
1.939982457
1.938421159
1.938599862
1.942354475
1.762137729
1.756630923
1.753753151
1.943350243
1.872887691
1.883656726
1.878506031
1.886941409
1.955119276
1.863917782
1.958366098
1.9427791
1.907152908
1.926444658
1.7834339
1.792569777
1.810922041
1.831807816
1.854833251
1.885715332
1.756829144
1.861231005
1.846230987
1.845610279
1.760072551
1.767753154
1.777657419
1.755247727
1.747951078
1.863415867
1.857197582
1.851030685
1.73068742
1.728198558
1.728890065
1.728950296
1.733355789
1.724190782
1.725464063
1.746891668
1.739619862
1.920776168
1.959007396
1.9758462
1.969660852
1.959305292
1.947127386
1.939782363
1.935082531
1.934386215
1.750203721
1.746318959
1.743750793
1.930253735
1.863548009
1.871587385
1.861118931
1.859660432
1.873556914
1.909975067
1.929256739
1.872407619
1.934067077
1.923393639
1.890722461
1.78955662
1.809979938
1.839699254
1.874948594
1.918726167
1.745904693
1.852180805
1.847017377
1.767340718
1.758105765
1.77843416
1.789381358
1.748972528
1.741620839
1.869174
1.859293313
1.852046196
1.727074233
1.727853386
1.72572189
1.724649789
1.724446101
1.733570053
1.722030044
1.719135006
1.721438369
1.724741968
1.728380945
1.723224925
1.722002989
1.722713166
1.73790779
1.958080048
1.975452554
1.976676148
1.967333307
1.956168836
1.946610597
1.939113693
1.92975012
1.741546941
1.738192294
1.736876816
1.917936404
1.850489014
1.851884924
1.840097215
1.844015297
1.860873242
1.888250796
1.876999348
1.905815656
1.872511513
1.905007687
1.901395648
1.806844104
1.834098002
1.872537211
1.916145792
1.952026123
1.738638047
1.853099897
1.763952752
1.776730493
1.749282047
1.79100332
1.802487974
1.741318811
1.736608006
1.865944166
1.858633094
1.85492175
1.724279785
1.724545008
1.722649175
1.7314738
1.720852633
1.719922294
1.718229177
1.718324584
1.717223498
1.72039511
1.72170615
1.727477605
1.723907063
1.721146807
1.721390272
1.7200551
1.719484623
1.732171009
1.968430818
1.969029466
1.957690998
1.949843743
1.943862812
1.938906755
1.931755212
1.735953273
1.733973578
1.73215761
1.92248567
1.90241439
1.844144371
1.856094647
1.833272587
1.826149468
1.833643927
1.856578787
1.858763209
1.870409952
1.882593429
1.864714487
1.875744132
1.87421126
1.825533738
1.863017822
1.900444639
1.930644915
1.949448073
1.734009148
1.750611554
1.767554429
1.782317851
1.741041289
1.797810555
1.82155599
1.734878636
1.732633737
1.861819919
1.858217906
1.859295901
1.721858623
1.719061605
1.716274599
1.717058103
1.716987595
1.715640225
1.85983833
1.843211701
1.725037404
1.795726531
1.719550677
1.729532722
1.72087187
1.722622598
1.718681943
1.719689072
1.718008205
1.717320675
1.731621552
1.958609982
1.949010005
1.934950558
1.92839569
1.922238884
1.927574342
1.729562949
1.727935664
1.908565176
1.884115356
1.84452149
1.856602367
1.823664026
1.815904293
1.823045213
1.839425869
1.849405916
1.859835793
1.860101211
1.854362224
1.856055354
1.851957896
1.881635642
1.917164605
1.936870789
1.93684396
1.729152162
1.740758209
1.756188044
1.776159927
1.734421849
1.817598213
1.847384157
1.728971358
1.725108384
1.860279353
1.861018218
1.71753929
1.714504495
1.715089763
1.715297891
1.715944301
1.715846764
1.714420756
1.857634396
1.823446559
1.824007496
1.72727353
1.725024107
1.814815502
1.792946829
1.722884262
1.713067872
1.713577429
1.718783938
1.726742815
1.720713705
1.723249346
1.71651569
1.717589176
1.715801529
1.714770571
1.936731274
1.928809446
1.915616174
1.903153183
1.903815592
1.722728581
1.722215867
1.880623438
1.858249029
1.835790717
1.85225783
1.813866706
1.797818815
1.809603573
1.809281716
1.827431566
1.836637896
1.855734579
1.829658161
1.83050323
1.880100241
1.908625896
1.923215339
1.926763498
1.91626918
1.73462095
1.747050754
1.764679947
1.729258315
1.838565148
1.863935582
1.724260155
1.720872776
1.860835437
1.857545802
1.716845207
1.7132567
1.713323043
1.713674716
1.714221763
1.715122886
1.851974336
1.801566669
1.802014002
1.723822425
1.833117493
1.808868566
1.782909038
1.719272127
1.711667867
1.712087015
1.714856633
1.713111579
1.712688517
1.720527386
1.78176683
1.73975751
1.718746049
1.71955073
1.720841872
1.718569023
1.714418635
1.713171817
1.711858496
1.712223482
1.912733313
1.907201562
1.889501313
1.879237743
1.718197661
1.855636016
1.834271192
1.817653278
1.841133733
1.79703162
1.784078963
1.790957478
1.788265578
1.803951362
1.810138583
1.845444246
1.803056233
1.803343842
1.882842268
1.897700371
1.898614212
1.906144224
1.902796874
1.89362545
1.730912228
1.753885177
1.726085324
1.859696759
1.722091854
1.718750844
1.853674853
1.844336337
1.716801864
1.71144998
1.711210084
1.711568581
1.844538636
1.779970409
1.846815091
1.817691657
1.794430115
1.770810761
1.717300076
1.710556676
1.71036039
1.711440433
1.716808913
1.71498782
1.713024857
1.710807757
1.716708887
1.770499011
1.763955383
1.735191329
1.742649059
1.710547903
1.724872519
1.710000773
1.718880084
1.715827783
1.716478603
1.714697419
1.710976086
1.712009408
1.711091409
1.710771441
1.710822101
1.886652803
1.870361961
1.862090854
1.715875206
1.835211411
1.81121705
1.82205356
1.804468135
1.784366696
1.770997132
1.777438444
1.778348633
1.785455591
1.832681124
1.777493696
1.783219049
1.879991976
1.868275771
1.876870853
1.881199127
1.886726035
1.885130766
1.868527511
1.730677576
1.749838664
1.720325787
1.717278749
1.836862887
1.82380615
1.710450089
1.710540428
1.710604728
1.710709488
1.831040657
1.760214653
1.849816256
1.824746628
1.800017306
1.780195689
1.762681398
1.710217527
1.710326051
1.711145603
1.716796001
1.714956508
1.712890401
1.714098803
1.755990702
1.766469303
1.74995469
1.737937448
1.723235216
1.726996901
1.709975783
1.710104707
1.709802602
1.710459801
1.714430782
1.714446189
1.714564008
1.712857889
1.712641895
1.710929022
1.710761483
1.710897959
1.71060148
1.710656326
1.84863471
1.842350661
1.71611293
1.817722882
1.797893395
1.78520197
1.808072274
1.789988025
1.770874445
1.759746913
1.756853267
1.764018327
1.811207551
1.75734866
1.7636266
1.857227132
1.862081167
1.85856336
1.86707489
1.874252701
1.857315795
1.732191708
1.747091841
1.719282013
1.820218552
1.809412806
1.710386909
1.710470031
1.810600631
1.74534081
1.846271849
1.825549905
1.805724147
1.788650851
1.770742173
1.758090253
1.710209915
1.710290414
1.710721127
1.713474651
1.712097563
1.713368656
1.745644344
1.75127536
1.754930774
1.740083658
1.738616406
1.723158476
1.727517815
1.709966717
1.710094312
1.709832931
1.709672479
1.711754852
1.710585209
1.712095959
1.711076534
1.715186435
1.711192545
1.710683829
1.710577504
1.710751912
1.710515279
1.824051006
1.831591699
1.718048848
1.801974178
1.785759811
1.769215858
1.792180678
1.773577166
1.760553622
1.753887806
1.745920745
1.741423795
1.786453231
1.742622442
1.737490859
1.749696235
1.839964976
1.839977623
1.843353499
1.853030361
1.849509873
1.732370526
1.738431293
1.74644207
1.754322685
1.721915309
1.798976929
1.791579007
1.710357562
1.710415388
1.788019478
1.735326956
1.824593827
1.808452152
1.795095283
1.777264386
1.763184149
1.710196611
1.710274009
1.709520858
1.709539994
1.710782321
1.709785233
1.713973223
1.747488033
1.742164099
1.750680357
1.735839843
1.726882927
1.709977115
1.710099287
1.709866502
1.709707404
1.709751955
1.709470967
1.709221251
1.710667871
1.712202523
1.713139881
1.708783076
1.710583244
1.715148316
1.754558643
1.709509361
1.717519775
1.710612697
1.710462727
1.710501282
1.710669893
1.809598356
1.826319177
1.721616418
1.787665906
1.77464509
1.757240729
1.774810822
1.764048269
1.755899469
1.755045868
1.732129407
1.766959889
1.765503392
1.734237422
1.730041598
1.739717409
1.81949275
1.82217697
1.820262263
1.825565158
1.834716401
1.731746228
1.738223951
1.746380763
1.751417139
1.756764801
1.725872534
1.774959362
1.774789488
1.710338259
1.710386568
1.730584242
1.809928675
1.804598001
1.796995779
1.781545906
1.76502896
1.710192749
1.710270485
1.709409217
1.709588513
1.708927356
1.70908534
1.758695991
1.743576889
1.735122552
1.710002268
1.710107577
1.709900608
1.709756827
1.708626172
1.7084594
1.709265551
1.709358308
1.710821464
1.717130342
1.713904007
1.708797364
1.710533869
1.720312443
1.754860194
1.769094078
1.71061613
1.753617165
1.80721392
1.709653106
1.727166513
1.766286909
1.708533621
1.814627946
1.719078868
1.747263614
1.708364915
1.72380329
1.710545967
1.710431204
1.710472564
1.796404114
1.814736823
1.728250711
1.774344225
1.763106428
1.765358678
1.759342409
1.75649017
1.764204236
1.726665964
1.761430703
1.752989369
1.728317456
1.726158758
1.732480148
1.807832932
1.801821911
1.796649779
1.73204169
1.737539093
1.743428852
1.748405606
1.753892263
1.765472308
1.710325783
1.710380895
1.730424169
1.796749782
1.791685112
1.782812283
1.768188305
1.710209847
1.7094665
1.708956627
1.709143238
1.740300583
1.710036572
1.709824477
1.708677737
1.709323384
1.708956011
1.711447945
1.722916683
1.715279105
1.708830322
1.725908693
1.755201086
1.743504939
1.772281686
1.710572526
1.74610105
1.709634863
1.723371332
1.723695769
1.722895512
1.764620395
1.708464479
1.708576326
1.798733313
1.802241035
1.72025261
1.723964451
1.739669945
1.75141762
1.741638846
1.710492136
1.709425812
1.785720298
1.796842613
1.708362468
1.708252304
1.730164849
1.710498213
1.710420533
1.710453226
1.787735917
1.735199082
1.758723307
1.774999136
1.766005662
1.759708318
1.757388978
1.759135184
1.727802057
1.72379274
1.756441226
1.751887035
1.744939984
1.722924581
1.732901173
1.725607434
1.790999978
1.789240808
1.785542026
1.786249645
1.738546896
1.743182107
1.740195078
1.747226659
1.757454108
1.710277643
1.710338853
1.710385014
1.735294605
1.786098656
1.779989888
1.769781443
1.710148394
1.709486863
1.708996055
1.709180288
1.709953205
1.709705019
1.708705493
1.709358752
1.712064311
1.728074023
1.715796648
1.708856744
1.755828533
1.745046078
1.759881643
1.767588186
1.710543279
1.720358598
1.719532009
1.719161656
1.718860234
1.760909035
1.708466736
1.708575677
1.787253973
1.78714015
1.723134337
1.718332806
1.720096308
1.725812082
1.74200345
1.748684695
1.74001423
1.73857616
1.709276361
1.774791695
1.777691764
1.784900012
1.757563442
1.770362508
1.720735876
1.77555749
1.708350962
1.708263803
1.70814384
1.732044778
1.710489035
1.710456298
1.710424706
1.774114931
1.734473973
1.747525327
1.763897976
1.753938139
1.755106549
1.735127017
1.727045764
1.722039573
1.750217883
1.745092874
1.727790605
1.737755863
1.720561312
1.782666075
1.779428951
1.772888354
1.775601396
1.735662999
1.742015466
1.738036528
1.749505981
1.758604821
1.710244439
1.710321745
1.710379319
1.76635908
1.710079226
1.709527009
1.709024528
1.709222371
1.709828164
1.708704892
1.712392914
1.727948238
1.715873621
1.708855082
1.748268611
1.753352575
1.741560682
1.755707719
1.761939067
1.710527156
1.720298678
1.715569901
1.716038704
1.715902042
1.71817404
1.755318558
1.708437275
1.708539471
1.774321781
1.774682586
1.722995245
1.717741105
1.717463701
1.739801708
1.736284857
1.736173845
1.709113491
1.765452347
1.764580643
1.778189017
1.752679748
1.764156139
1.718405545
1.773192712
1.764415413
1.72146359
1.756140323
1.710418395
1.759416265
1.713824501
1.7104192
1.708226979
1.708295639
1.708168737
1.70802701
1.708052442
1.730047149
1.710471822
1.710496953
1.710449624
1.761609771
1.731273584
1.744924308
1.738656559
1.745818986
1.750038769
1.735712299
1.731718502
1.725343619
1.732451421
1.721128167
1.726221097
1.71603444
1.773583617
1.772074072
1.765015051
1.76318079
1.733570736
1.737267696
1.743614694
1.750588165
1.755498392
1.710199361
1.71029491
1.710364743
1.709979489
1.709683172
1.709352519
1.709048731
1.708661458
1.712114702
1.727155759
1.724532332
1.714744658
1.708844314
1.74601224
1.748883599
1.750405207
1.741324761
1.754390969
1.749864056
1.754693079
1.710523724
1.721796031
1.712690204
1.712111957
1.715830254
1.718534154
1.749351157
1.708367292
1.70844987
1.761565883
1.718547297
1.714806567
1.740224706
1.735564726
1.733534403
1.733896973
1.707904868
1.708692212
1.756602004
1.754512789
1.771253755
1.74769657
1.758009769
1.714325403
1.716145225
1.765832282
1.757177488
1.722839224
1.720353402
1.750055314
1.752877433
1.75319742
1.713037452
1.71155954
1.710419922
1.710344379
1.710456179
1.710459674
1.745598812
1.736778931
1.748002183
1.708075544
1.708133153
1.708201839
1.707910508
1.707921906
1.72758507
1.7254283
1.710488372
1.710505065
1.710529805
1.748635569
1.729865327
1.74079646
1.736626934
1.730452527
1.745532301
1.740562811
1.74286477
1.737410363
1.732202075
1.726714064
1.717601084
1.713123625
1.723919563
1.766377108
1.76609269
1.758833375
1.749749602
1.733275831
1.738895629
1.744286799
1.747548191
1.750314745
1.710121716
1.710242856
1.709853719
1.709508576
1.709141966
1.708600296
1.711063424
1.7081714
1.711591725
1.708868105
1.742017909
1.746191655
1.74764868
1.747271187
1.750057642
1.745957261
1.747639272
1.721068904
1.708436454
1.709358149
1.708720362
1.716781927
1.744561216
1.7082368
1.708325344
1.71412472
1.717825522
1.716108319
1.711079978
1.732129946
1.733852644
1.731144711
1.731541498
1.707753432
1.707763695
1.74702815
1.765151704
1.740726759
1.75208573
1.712422807
1.710482243
1.75905427
1.752809968
1.722571737
1.719895984
1.742009027
1.746612727
1.746042658
1.709547536
1.711532018
1.713653999
1.710388454
1.710484073
1.710176315
1.710257648
1.710525993
1.710427871
1.737555498
1.738972118
1.737046795
1.73381946
1.740250883
1.707262859
1.738103269
1.740999209
1.746430884
1.7328737
1.744052433
1.751928879
1.708299623
1.713228012
1.72895391
1.740016299
1.734255356
1.707941673
1.70801866
1.70775305
1.707764081
1.724808111
1.727466496
1.710546233
1.710543787
1.710561266
1.737283153
1.737558195
1.730877595
1.730248355
1.727505874
1.718929282
1.740784539
1.738132833
1.737647477
1.732582742
1.72671197
1.708390877
1.713495463
1.706568753
1.759376045
1.761979759
1.755956689
1.735186629
1.739113217
1.742127361
1.745536713
1.748758799
1.709989722
1.709629824
1.709251167
1.708483796
1.707633321
1.707604451
1.708891272
1.741146868
1.745615621
1.74574705
1.743945839
1.741905816
1.742608611
1.7411155
1.720906993
1.707266697
1.7070749
1.706858936
1.706814354
1.716027986
1.740608816
1.708022549
1.708097856
1.709952727
1.715234053
1.716871666
1.707484762
1.729595197
1.731131766
1.728956679
1.707602421
1.707580272
1.737422171
1.758751545
1.727229833
1.744152745
1.708260801
1.707451228
1.75404634
1.72291926
1.720016828
1.729162904
1.707521245
1.709895861
1.711494677
1.710277688
1.710029533
1.71007623
1.710578708
1.710466237
1.71023871
1.729120773
1.724228476
1.727555794
1.731570381
1.73113798
1.734948352
1.734098256
1.74113202
1.719623103
1.743271455
1.749133434
1.707487767
1.709897792
1.711801792
1.726923923
1.727541931
1.732289178
1.731536302
1.734737914
1.707452866
1.744449442
1.728169386
1.708137752
1.709852941
1.707332492
1.710525388
1.70778182
1.707589446
1.725946754
1.729115243
1.710604272
1.710623954
1.710618337
1.723811043
1.732190628
1.71378895
1.706293764
1.735927693
1.737013152
1.731646108
1.727294079
1.706546063
1.706816938
1.754732572
1.756044252
1.751750807
1.734825621
1.737728233
1.741067931
1.745087594
1.750067237
1.709665854
1.709217913
1.70867136
1.708260542
1.707430283
1.739820517
1.743904208
1.743004784
1.740357011
1.73629337
1.737218362
1.737613465
1.736300499
1.723353433
1.719301111
1.707399923
1.707581212
1.707151282
1.707136648
1.712986152
1.714945142
1.737253215
1.707789508
1.707823852
1.707292834
1.713496656
1.717768644
1.714714724
1.707366325
1.707318701
1.728461159
1.726199864
1.707467527
1.707394403
1.723072316
1.753933527
1.706112823
1.714827975
1.740255841
1.70731621
1.721063421
1.723950833
1.707834345
1.708510089
1.709964878
1.709702432
1.710648238
1.710243469
1.709885123
1.713049954
1.713400365
1.706228721
1.71795905
1.708062194
1.724092156
1.728699601
1.72551843
1.731133819
1.727720717
1.725710602
1.70664447
1.74145142
1.746115756
1.707253019
1.709223049
1.725548517
1.724916652
1.725830799
1.72125003
1.732185292
1.729133914
1.707307703
1.741067675
1.713951379
1.707878772
1.709492925
1.707215794
1.707202788
1.710598755
1.710401352
1.711898452
1.706206648
1.706307648
1.726806572
1.741898051
1.73488149
1.716125969
1.712238552
1.712112626
1.713482517
1.707558798
1.707442842
1.726582093
1.730204644
1.710709637
1.710704521
1.70622747
1.706356978
1.706382233
1.706582062
1.731592393
1.73729024
1.731900904
1.729194763
1.726326061
1.706888546
1.707176156
1.750830217
1.750704904
1.746947193
1.733484669
1.737228749
1.743258265
1.746891892
1.709163177
1.708740158
1.708335132
1.707958692
1.707280937
1.739249667
1.741502774
1.739294664
1.736537194
1.732036704
1.733105748
1.733399262
1.732106741
1.722860523
1.719232991
1.707541288
1.707740078
1.707429265
1.707409654
1.70857034
1.733183151
1.707528633
1.707562447
1.707137475
1.710727527
1.718957125
1.715543249
1.707219738
1.707171399
1.725414216
1.723000364
1.724130641
1.707338098
1.707281835
1.708496924
1.706742345
1.749712763
1.706653324
1.706697862
1.739941225
1.734116989
1.722143074
1.707959706
1.708123124
1.7094809
1.709432096
1.709103699
1.710706646
1.710045306
1.709767343
1.709294688
1.70660249
1.706698431
1.706549628
1.717618996
1.711988723
1.720620595
1.723611601
1.74152709
1.707111053
1.707155637
1.707390892
1.723149179
1.7228621
1.722603854
1.709408024
1.729967515
1.725823237
1.727570129
1.707206783
1.707219626
1.740005179
1.706938394
1.707610394
1.707132565
1.710604328
1.710238527
1.708408484
1.724121076
1.740218366
1.734696294
1.709603573
1.707415854
1.706913023
1.713238197
1.709089927
1.712785145
1.717088576
1.708393735
1.707062082
1.728143794
1.707773028
1.736893026
1.707327274
1.725805279
1.729180679
1.710825167
1.710793609
1.706840237
1.70684653
1.727836765
1.728125267
1.736584444
1.731914152
1.728703193
1.725671348
1.707199517
1.707415698
1.747150928
1.746110112
1.746314969
1.742795054
1.733148378
1.741859853
1.744321539
1.70860125
1.708143449
1.707687233
1.707137941
1.73744035
1.739326058
1.737318339
1.73519534
1.732248506
1.728566615
1.728520001
1.729571083
1.72911843
1.721824362
1.718264933
1.707719212
1.707951325
1.707597773
1.707586976
1.708238774
1.728850438
1.707309204
1.707322825
1.707062313
1.707041122
1.706993946
1.717214892
1.707080784
1.720519288
1.721135268
1.719555249
1.707186934
1.706859039
1.707141916
1.707028454
1.745589142
1.707093416
1.70704688
1.707044174
1.734566877
1.728464568
1.721024472
1.708100535
1.708924082
1.708746425
1.708466493
1.709590825
1.709176852
1.708606536
1.707007942
1.706914193
1.706996416
1.707192825
1.707387969
1.707349011
1.709775908
1.717933217
1.737572425
1.707022894
1.707033248
1.719116797
1.720858357
1.721982154
1.723891911
1.725023697
1.707144026
1.707117813
1.739162288
1.707213986
1.707349744
1.710454308
1.710750163
1.709914183
1.706833739
1.738147488
1.733880984
1.70734073
1.707420108
1.706705209
1.706608262
1.707750848
1.712048027
1.712611956
1.708467048
1.708348184
1.724823834
1.725467227
1.707917485
1.736122918
1.739002842
1.707763921
1.707179095
1.709187981
1.730794608
1.707143046
1.724684209
1.728435224
1.710923042
1.707177584
1.707243551
1.723825056
1.735094566
1.73002972
1.725367101
1.722181708
1.707428127
1.707591243
1.742536311
1.743915515
1.741798633
1.741901057
1.732266785
1.740244225
1.708047673
1.707678132
1.707378499
1.707031948
1.707078752
1.73610143
1.734818344
1.732825919
1.727607023
1.724597192
1.725047477
1.725254701
1.725808095
1.717578888
1.707905389
1.708062819
1.707743417
1.707737054
1.708293568
1.708189888
1.724108047
1.70712234
1.707117938
1.706990366
1.707008761
1.706964011
1.706880369
1.716034756
1.716192104
1.717284029
1.718073897
1.718163753
1.716317852
1.707038319
1.70724155
1.707158933
1.707296939
1.707405888
1.741126948
1.707341656
1.707302987
1.707275424
1.72528314
1.729662236
1.719905256
1.708246616
1.708013677
1.707853545
1.708700462
1.708179573
1.707223056
1.70717065
1.707282897
1.707377678
1.707462271
1.707458541
1.706989958
1.71289677
1.73306353
1.706920092
1.715700852
1.71863049
1.721005525
1.707047918
1.737292766
1.707116281
1.710676064
1.710183764
1.709514633
1.706746633
1.732389196
1.707343668
1.706652499
1.706495948
1.706577941
1.706420611
1.709914217
1.711479612
1.708485286
1.708393411
1.72250685
1.721289505
1.708036128
1.734233707
1.735390402
1.707887509
1.707055548
1.708344933
1.708728441
1.725621876
1.727817601
1.72151796
1.708515967
1.725075186
1.707681899
1.729206892
1.70713368
1.70700074
1.72325043
1.727724094
1.710880601
1.707379916
1.707444835
1.718870763
1.731036977
1.723851233
1.718259163
1.70760295
1.707743339
1.737966175
1.739634174
1.736807496
1.736932689
1.730705947
1.735777054
1.707492276
1.707214459
1.706990404
1.706967074
1.732088599
1.728510821
1.722058667
1.72139106
1.721597972
1.721824064
1.720779448
1.712000701
1.708013215
1.708154142
1.707874404
1.707859984
1.708344742
1.708259532
1.719228466
1.706969226
1.706943226
1.706911336
1.706941935
1.706880377
1.706780969
1.71345876
1.713987449
1.71335548
1.714666587
1.715104531
1.713959055
1.70694538
1.706966827
1.707383888
1.707448736
1.707355444
1.707500476
1.707524571
1.735834851
1.707518794
1.70749241
1.707466095
1.716558188
1.723968668
1.715613641
1.707600222
1.707321019
1.707310866
1.707784535
1.707419411
1.707459824
1.707474757
1.706761973
1.706829336
1.727795816
1.71353383
1.716732732
1.714648799
1.732948731
1.706926817
1.710444082
1.709809168
1.709065233
1.706655842
1.727949904
1.707022995
1.707298181
1.706579803
1.706456258
1.706524463
1.706389498
1.706322791
1.708426063
1.718867247
1.718656194
1.708115379
1.729709944
1.729480626
1.707990694
1.707706317
1.707929933
1.708288946
1.719889801
1.721795421
1.723422375
1.718242304
1.708473371
1.720741797
1.718807997
1.70724819
1.706929251
1.706949295
1.70640634
1.717610035
1.706901019
1.718506944
1.724993466
1.710692972
1.707544601
1.70761333
1.71613994
1.715215269
1.723434916
1.72329799
1.725769659
1.715286792
1.715366794
1.708644233
1.709804027
1.707749636
1.707890109
1.732583837
1.734201949
1.730831017
1.730709893
1.730562958
1.707006071
1.706939458
1.706908028
1.720549302
1.716253274
1.71722988
1.717968001
1.718153158
1.716687745
1.70810813
1.708213398
1.707994232
1.708323362
1.715449502
1.706862232
1.706823733
1.706859478
1.706814682
1.706706146
1.706302057
1.712031964
1.712525301
1.711710046
1.712318019
1.712298777
1.71213415
1.7069104
1.70752005
1.70750962
1.707549594
1.707501038
1.707536022
1.727743347
1.707648234
1.707640036
1.707626021
1.709196103
1.706592265
1.717528367
1.710124129
1.706316676
1.707055309
1.706858898
1.707185058
1.70756871
1.70758467
1.707335021
1.706601304
1.706680702
1.717537604
1.713446248
1.726414381
1.706792303
1.710104616
1.709372178
1.70863475
1.706609551
1.707043794
1.706786232
1.70656178
1.706491688
1.706431545
1.708371219
1.715960307
1.722783218
1.707355992
1.707593285
1.707940506
1.715460097
1.716630273
1.717823575
1.715176123
1.708385696
1.71597735
1.714548649
1.70691827
1.706765094
1.706770291
1.706539399
1.715486472
1.714560899
1.706449529
1.70689768
1.710728604
1.708261902
1.706856151
1.706266422
1.713404318
1.717625531
1.710366911
1.707655159
1.707742333
1.713518614
1.716714446
1.716947948
1.710784492
1.709883327
1.708363134
1.708349697
1.707842929
1.708014664
1.707937026
1.72509589
1.72664573
1.721179082
1.706759932
1.706914511
1.706829592
1.714678826
1.713705944
1.712871688
1.714961268
1.713340937
1.708115273
1.708221817
1.708278535
1.706814936
1.706767437
1.706766368
1.706682736
1.706475563
1.710850058
1.710899263
1.710374738
1.710313615
1.711637677
1.710582136
1.706892587
1.707584008
1.707605615
1.70756498
1.707317474
1.707466453
1.716112311
1.712534301
1.707717953
1.707736033
1.707740076
1.706346101
1.70637317
1.706402424
1.706545492
1.706667843
1.706615797
1.706793525
1.70697558
1.70765819
1.707637384
1.707049481
1.706384034
1.706556577
1.706203012
1.70858372
1.715093856
1.706719071
1.709697519
1.708896928
1.706648418
1.706716764
1.706641502
1.706607579
1.708279919
1.707194873
1.707442723
1.707716501
1.713721961
1.712712068
1.713829076
1.713089356
1.711260374
1.710671291
1.706670156
1.706657166
1.713102494
1.713820341
1.712335795
1.706878945
1.709735867
1.707962556
1.708294727
1.70873438
1.706347086
1.709414451
1.708003764
1.706883197
1.706444411
1.706499653
1.706218298
1.706166653
1.709956259
1.707700734
1.707823042
1.711202477
1.711972716
1.711676061
1.708343825
1.708324366
1.708230819
1.708189115
1.707878429
1.708091279
1.70791967
1.709438964
1.706073299
1.706588086
1.706921133
1.706906931
1.70675247
1.706816195
1.71140777
1.711309599
1.711526566
1.71117786
1.712212347
1.710749996
1.708181911
1.708184912
1.706828603
1.706765955
1.706726507
1.706704801
1.709405605
1.709462453
1.709816257
1.709462203
1.707597005
1.707466649
1.707200745
1.706038612
1.706029504
1.70776359
1.707798014
1.706206638
1.706648064
1.706697734
1.70663504
1.706610034
1.70686633
1.707024011
1.707638407
1.706856303
1.706192202
1.706427141
1.70611991
1.706070677
1.706144759
1.7066931
1.709348708
1.706760302
1.706584669
1.706751242
1.706814129
1.708146361
1.707266219
1.707513657
1.707711129
1.71077502
1.711696706
1.708284679
1.708333357
1.706625
1.711364384
1.706876323
1.709410379
1.707968284
1.708522629
1.70821141
1.709057028
1.706198321
1.709435232
1.708017876
1.707939189
1.70631258
1.706735042
1.706969151
1.706942753
1.706716304
1.706342021
1.706550859
1.706646915
1.706769947
1.706426642
1.709537352
1.707684454
1.707837335
1.710338275
1.709587859
1.70850077
1.709077026
1.708179535
1.708072537
1.708020228
1.708092691
1.707860519
1.706124667
1.706018686
1.706715902
1.706951787
1.706803016
1.706881216
1.708936397
1.709760379
1.709427202
1.709488365
1.710007635
1.709637656
1.709455733
1.708013846
1.706887212
1.706812803
1.706855916
1.70684244
1.706899328
1.7094575
1.709428609
1.709473636
1.709534873
1.709510309
1.707385394
1.706880824
1.706055301
1.707733768
1.706066993
1.706947617
1.706830337
1.707197293
1.707326001
1.707536557
1.707364884
1.706085764
1.706268045
1.706390653
1.706262985
1.706944917
1.706414675
1.707574005
1.707805717
1.707920389
1.708670315
1.70819417
1.708115048
1.70820846
1.706842725
1.706956996
1.709442106
1.708133454
1.708483784
1.708864199
1.708306795
1.706074718
1.706090725
1.707971085
1.707900662
1.70782501
1.706538801
1.706941993
1.706604642
1.706142439
1.707087861
1.707069168
1.70707136
1.70686652
1.706936005
1.706680525
1.70697919
1.709205871
1.707559986
1.707770694
1.709662183
1.709619834
1.708314161
1.707984301
1.707891187
1.707829068
1.707902237
1.707734172
1.706306924
1.706024306
1.706044223
1.707181414
1.707212443
1.707034648
1.706939461
1.707045475
1.708446885
1.708848071
1.709031873
1.709279604
1.708667926
1.709611033
1.709466248
1.70780428
1.707019955
1.707048348
1.70704092
1.709460585
1.70950051
1.709493502
1.709571594
1.709558096
1.706967304
1.707596433
1.707535002
1.707313747
1.707757708
1.707828819
1.70723182
1.706134327
1.706495454
1.707138983
1.706274837
1.708067441
1.708236275
1.708247642
1.708063055
1.707943006
1.708168346
1.70803841
1.707217692
1.707146793
1.709475019
1.708407359
1.708571717
1.708750063
1.708509949
1.706034844
1.706042522
1.70605819
1.707790167
1.707739385
1.707643753
1.706690077
1.707278184
1.706447003
1.706113401
1.706233934
1.709597882
1.707540261
1.709058122
1.707290156
1.707286178
1.707237555
1.707314267
1.707080456
1.706883177
1.707134665
1.70718215
1.709018226
1.707311966
1.707576779
1.709644633
1.709626653
1.70831851
1.707794329
1.707688792
1.707649779
1.707639364
1.707469814
1.706377173
1.706058655
1.707897448
1.707870054
1.707759557
1.707152044
1.707248034
1.707314476
1.708551535
1.708778668
1.709311143
1.709513814
1.707306327
1.707249008
1.709499471
1.709541629
1.709519518
1.709585523
1.706698058
1.7073084
1.708246975
1.708043567
1.70840505
1.708424282
1.706858949
1.706072934
1.706154744
1.706626187
1.70861958
1.708610841
1.707899387
1.707754502
1.708114009
1.707939106
1.707438969
1.709512338
1.708682857
1.708743948
1.708775646
1.708741891
1.706078818
1.707577686
1.707355892
1.706845456
1.707693337
1.7062664
1.7061964
1.709614847
1.707367265
1.708790216
1.709107345
1.708896378
1.707548522
1.70758109
1.707327097
1.7072721
1.707065252
1.707421338
1.709003453
1.706935197
1.707212163
1.709601011
1.708481566
1.708140074
1.70756619
1.70751582
1.707433813
1.707091132
1.706388732
1.706533942
1.70618256
1.70879669
1.708592364
1.708706686
1.708344618
1.707447253
1.707512942
1.707633379
1.709232959
1.709409876
1.707459264
1.709543958
1.709581863
1.709552263
1.709603476
1.706331418
1.706915352
1.708944658
1.708818213
1.708981106
1.70890224
1.706528081
1.706118321
1.706106764
1.706812185
1.708947614
1.708881149
1.707734998
1.707583956
1.707810086
1.7077769
1.709552474
1.708876962
1.708925846
1.708902905
1.708912442
1.706203408
1.7073313
1.707112154
1.70703027
1.708237059
1.707924271
1.706165471
1.709591352
1.70713102
1.70860657
1.708918513
1.709040618
1.707975303
1.707628606
1.707518335
1.707249347
1.707477413
1.707694141
1.709125073
1.706535739
1.706778986
1.709501534
1.70828638
1.707957285
1.707388416
1.707441781
1.707265018
1.706772945
1.706675144
1.706716962
1.706390394
1.709658061
1.709493954
1.709202078
1.709430987
1.708918158
1.707807766
1.707998754
1.709100237
1.709263349
1.709583954
1.709604147
1.70959068
1.7095884
1.706163043
1.706264445
1.706563815
1.709461479
1.709514105
1.709339914
1.709171977
1.706326
1.706151886
1.707080608
1.709042967
1.708939576
1.707575788
1.70766771
1.708174443
1.708898496
1.709060965
1.708950643
1.707164031
1.706887626
1.708396202
1.709533823
1.706987746
1.708414033
1.708724627
1.70904326
1.709165999
1.708624826
1.707785659
1.708048792
1.707736929
1.707454456
1.708079578
1.709296899
1.706330888
1.706472188
1.709393541
1.708107128
1.707822444
1.707294623
1.707452519
1.707104967
1.706652256
1.70667621
1.707036707
1.707050129
1.710069855
1.710225305
1.710280926
1.710078973
1.709781517
1.709557393
1.708931608
1.70827384
1.708539389
1.708880736
1.709122694
1.709632321
1.709613293
1.709602067
1.70956009
1.706280115
1.706287451
1.709662283
1.709904342
1.709378044
1.709145524
1.706603229
1.707436264
1.708853957
1.708755671
1.707574205
1.708721353
1.70883037
1.706813298
1.709438567
1.706944243
1.708226346
1.708537656
1.708932272
1.709222704
1.709001202
1.706897107
1.709618825
1.70803267
1.708538887
1.708390375
1.707897202
1.709407941
1.706427228
1.706629369
1.70923743
1.707951383
1.707741983
1.707393331
1.707211755
1.707062803
1.706820974
1.70710095
1.707488061
1.710246291
1.710496121
1.710679339
1.710669812
1.710542437
1.710332996
1.708776529
1.709319909
1.708928683
1.708634702
1.709668071
1.709626417
1.709526232
1.709484706
1.70660555
1.706652036
1.70655363
1.709486023
1.709903041
1.709055967
1.708791
1.707049976
1.708421339
1.708367247
1.707592397
1.708386506
1.708580739
1.709280668
1.708034184
1.708311438
1.708729054
1.709168957
1.707078355
1.707938939
1.708067629
1.710470999
1.710158072
1.708929878
1.709135881
1.708432616
1.708896279
1.709402869
1.706841775
1.707110577
1.707122345
1.70898926
1.70782274
1.707314593
1.707536071
1.707290469
1.707665078
1.71031896
1.71000861
1.710651665
1.710874878
1.710929851
1.710868316
1.709710996
1.70869028
1.708389137
1.709687377
1.709566859
1.70930651
1.709369044
1.707136213
1.707297958
1.709533973
1.709026773
1.70855079
1.708397682
1.708109431
1.707750954
1.707844701
1.707886632
1.707680981
1.70799414
1.708280038
1.709037417
1.70852544
1.709027298
1.707358702
1.708344595
1.708153193
1.707923207
1.710782654
1.710928233
1.710648486
1.710330802
1.709475537
1.709526498
1.708990379
1.709550189
1.709283339
1.707623604
1.707730146
1.70783854
1.707845284
1.708711413
1.707828801
1.707657444
1.707845937
1.707803325
1.707786181
1.70844134
1.709781035
1.710223141
1.709438722
1.710616586
1.710862799
1.710920879
1.709997305
1.708422195
1.709622256
1.709413114
1.70901017
1.709148201
1.708000002
1.708188159
1.708897396
1.708340394
1.707892215
1.707727848
1.707480294
1.708624476
1.707347255
1.707469575
1.707681328
1.708082176
1.708413811
1.7088627
1.708178937
1.70802926
1.708009017
1.707988475
1.710734428
1.710784548
1.710691831
1.710668751
1.710463393
1.710096766
1.709340814
1.709753049
1.710141474
1.709119217
1.708714338
1.708513171
1.708478992
1.708552378
1.708405496
1.70868985
1.708680242
1.708407843
1.708039318
1.708229898
1.708168437
1.708334762
1.709516951
1.709054992
1.709988756
1.70871321
1.710365107
1.710479345
1.709431574
1.709131635
1.708839826
1.709070453
1.709130155
1.708194285
1.707711506
1.707361508
1.707225819
1.707087523
1.707088167
1.707242204
1.707776767
1.707474931
1.708110962
1.708484199
1.708763251
1.708185523
1.708053983
1.708082122
1.708179915
1.708257677
1.708774621
1.710484381
1.710312963
1.710289134
1.710023687
1.71057127
1.710537517
1.709892131
1.710115013
1.710338939
1.710463461
1.709027903
1.709633784
1.709406864
1.709423366
1.70927543
1.709271603
1.709084544
1.708887644
1.708424825
1.708440894
1.708882895
1.708674176
1.70917112
1.70877996
1.708350746
1.709588244
1.708083319
1.709709391
1.709140718
1.70868673
1.709866949
1.707690549
1.707367
1.707165872
1.707054934
1.707054015
1.707184201
1.707340446
1.707677867
1.707961776
1.708351563
1.708739129
1.708084991
1.708211559
1.708281013
1.708146677
1.70848552
1.708634294
1.708951199
1.709845212
1.71015066
1.709528266
1.709476521
1.709151493
1.710360952
1.710398837
1.710376788
1.710329935
1.710471974
1.710477138
1.709151037
1.710038773
1.710199603
1.710013373
1.709875059
1.709855499
1.709677475
1.709483834
1.7094172
1.708379357
1.708909029
1.709190998
1.70850502
1.708444656
1.708804451
1.708173871
1.707958431
1.708849771
1.70778431
1.708801816
1.707578844
1.707447171
1.707380825
1.707299879
1.707430381
1.707671608
1.707799466
1.708158311
1.708393615
1.708777513
1.709122337
1.708118314
1.708134214
1.70856481
1.708342423
1.708236425
1.708831182
1.709029329
1.709284767
1.709541144
1.709355027
1.708960466
1.709718417
1.708650994
1.708590685
1.708341863
1.709842177
1.710119407
1.710374863
1.710396542
1.710368115
1.710315808
1.71029788
1.709485871
1.710317821
1.71026805
1.710191889
1.710150217
1.710044016
1.709904252
1.709828483
1.709604241
1.708249188
1.708499456
1.709349698
1.708167832
1.70809341
1.708075099
1.708168067
1.70803384
1.708038248
1.7079429
1.707933598
1.707883467
1.708007263
1.707925842
1.708132566
1.708400727
1.708466181
1.708774874
1.708941411
1.70925727
1.708144742
1.708154049
1.708848413
1.708587489
1.708426815
1.708248906
1.709123218
1.709312625
1.709688902
1.709853604
1.709628929
1.709541607
1.708848081
1.708435523
1.708171093
1.709006094
1.707920934
1.707931792
1.707871651
1.70938033
1.709713216
1.710115378
1.709990352
1.709970999
1.710181168
1.709771213
1.709926018
1.710114827
1.710149786
1.710086355
1.710091234
1.710048506
1.70997508
1.709864524
1.709693787
1.708284748
1.707922304
1.708012451
1.708159225
1.708218409
1.708398037
1.708595597
1.708537293
1.708547711
1.708741623
1.708702395
1.708863213
1.708755491
1.708944002
1.709130057
1.709091078
1.709304174
1.709403782
1.708191093
1.708183306
1.709054456
1.708804089
1.708609669
1.708382502
1.709281868
1.709451322
1.710019919
1.70995754
1.709767091
1.709611432
1.709621211
1.708071105
1.708180967
1.707759102
1.707788833
1.707636558
1.708534012
1.707651102
1.707740588
1.707942194
1.708891948
1.709000592
1.709687106
1.709526294
1.709293913
1.709272529
1.709645125
1.710279607
1.70975659
1.709787131
1.709866084
1.709809775
1.709815621
1.709754349
1.708195312
1.708263107
1.708389812
1.708764251
1.708856673
1.709188404
1.709496244
1.709485735
1.709626231
1.709479569
1.709578767
1.709636742
1.709495415
1.709517998
1.709476768
1.70951241
1.708272128
1.708931922
1.709122208
1.708730331
1.708494443
1.709254106
1.709387812
1.710167767
1.709840509
1.70964038
1.709497438
1.70935254
1.709450248
1.707663447
1.707584107
1.707882783
1.707540709
1.707523768
1.707681735
1.708157694
1.707971479
1.708142354
1.708633713
1.70825397
1.708547725
1.708991608
1.70896803
1.708787327
1.708533578
1.709125404
1.710384597
1.70928903
1.709394559
1.709366877
1.709481435
1.709534421
1.708255843
1.709120491
1.709661796
1.709818578
1.710182599
1.71047052
1.710384791
1.7104151
1.710244687
1.710166805
1.71001098
1.709809103
1.70959474
1.709417607
1.708403217
1.708929624
1.708774483
1.709016368
1.708597794
1.709025987
1.709124207
1.710127691
1.709355728
1.709753484
1.709127297
1.708873051
1.708914301
1.709027947
1.707682261
1.707693717
1.707676603
1.70778009
1.707944368
1.707849785
1.708327801
1.70787944
1.708831513
1.709066743
1.70962062
1.708031713
1.708310809
1.70828949
1.708424387
1.70815261
1.708604621
1.710210989
1.708769108
1.708743684
1.708932467
1.709081195
1.708375826
1.710225563
1.710707521
1.710807442
1.711046822
1.711124861
1.710914318
1.710770917
1.710511751
1.710179594
1.709766748
1.709541994
1.709181751
1.708509327
1.708700116
1.708781534
1.708620014
1.70875131
1.708691939
1.709139232
1.708702118
1.709575005
1.708291563
1.708165175
1.708358589
1.708527597
1.708409168
1.708065581
1.707931896
1.7083414
1.708335953
1.70797037
1.708878454
1.7087622
1.709414279
1.707921086
1.710007579
1.710207637
1.710753859
1.707901823
1.707835419
1.707892968
1.707858161
1.70797031
1.708105104
1.709816399
1.708088084
1.708290876
1.70849756
1.708491703
1.711236367
1.711495066
1.711464857
1.711377442
1.711021305
1.710463787
1.710084129
1.709498321
1.708911173
1.708737655
1.708535561
1.708518257
1.708543869
1.708515485
1.708215721
1.70894635
1.708423885
1.707862762
1.709340853
1.707480979
1.707390261
1.707691433
1.707999297
1.708025071
1.708203039
1.708634364
1.709000104
1.708592852
1.709350495
1.708341509
1.709886063
1.710096417
1.710667219
1.708097949
1.711164229
1.711293785
1.711645836
1.707910954
1.707788198
1.707628225
1.707560183
1.707627327
1.707562058
1.709421069
1.707693365
1.707915657
1.708537691
1.711819063
1.711708158
1.711467553
1.710979911
1.710246942
1.70942298
1.70897677
1.708196665
1.707648112
1.708473532
1.708387215
1.708272028
1.707799347
1.708368719
1.708928747
1.707767199
1.707139663
1.709253259
1.706719208
1.706634489
1.707596282
1.70791982
1.707734515
1.708027112
1.709691989
1.709584061
1.710059999
1.709209206
1.71056334
1.708781006
1.711053706
1.711262154
1.711716448
1.708412788
1.711963474
1.711941696
1.711988093
1.708229659
1.70785246
1.707560477
1.707403835
1.70737918
1.709189133
1.707492039
1.708481546
1.711729066
1.711186077
1.710738398
1.709906942
1.708885816
1.707952515
1.707467742
1.706699139
1.708341561
1.70819289
1.707557591
1.708094135
1.708624215
1.709079375
1.707294899
1.706590245
1.709305114
1.706138516
1.705940724
1.70744147
1.707848781
1.707750552
1.707635946
1.708017151
1.709288387
1.710741342
1.710633823
1.710252287
1.711108129
1.70980957
1.711520568
1.709281651
1.711848398
1.712001773
1.712112126
1.709139368
1.712033441
1.711637342
1.708537227
1.708022957
1.707664637
1.707518825
1.707393668
1.709125888
1.708337671
1.710923945
1.709991322
1.70941117
1.708379607
1.707331266
1.706561563
1.706266009
1.7081845
1.70757298
1.708961156
1.708553649
1.707822095
1.709408297
1.707031335
1.70634817
1.709522552
1.705949141
1.705699855
1.707600481
1.707770652
1.707855504
1.707927072
1.707763874
1.708055393
1.711492977
1.711394146
1.711118262
1.710749275
1.711729102
1.710277171
1.711926615
1.712008623
1.712019443
1.711646311
1.709473423
1.710088314
1.711329011
1.710594398
1.70885987
1.708333692
1.708061904
1.707653075
1.709598383
1.709177163
1.708160587
1.709561902
1.708357668
1.707876758
1.70687697
1.706137096
1.705740783
1.70785835
1.70924624
1.709528916
1.708672563
1.707911771
1.709736577
1.707173231
1.706703429
1.705979127
1.705789284
1.708068751
1.707956145
1.707965942
1.707939079
1.707987027
1.708102633
1.709828994
1.711574778
1.711660831
1.711491887
1.711342018
1.711097834
1.711682715
1.710906177
1.711636332
1.711470552
1.71134207
1.710550112
1.710472416
1.709864601
1.71008142
1.709182157
1.709266741
1.708890192
1.708255235
1.709559225
1.709081691
1.708036064
1.708157249
1.706704238
1.707213861
1.706035533
1.705731128
1.708369219
1.709442473
1.709748525
1.709858224
1.708924953
1.708317533
1.70792522
1.70702781
1.706725126
1.706259904
1.708773064
1.708068707
1.708204048
1.708315525
1.707996537
1.708585158
1.709788774
1.709575184
1.708740672
1.710953533
1.711151309
1.711183776
1.711289024
1.711303663
1.711225459
1.710979926
1.711063627
1.710729525
1.710368202
1.710130576
1.70917674
1.710697879
1.710193427
1.708669905
1.707843266
1.709800188
1.709081015
1.709186134
1.708630187
1.70801797
1.707049198
1.706510572
1.706190854
1.706059486
1.708960145
1.709646831
1.709808227
1.709816703
1.709350844
1.709203949
1.70866394
1.708179089
1.707496847
1.708177256
1.706991067
1.709403034
1.709619089
1.708119123
1.708303203
1.70854085
1.709100599
1.709357235
1.709245732
1.708917335
1.708889213
1.709144337
1.710163149
1.70992735
1.710028729
1.710519617
1.710777557
1.710814198
1.710974544
1.709805922
1.710985695
1.709462907
1.7090012
1.708765518
1.707958332
1.710767631
1.710512606
1.707571415
1.707063391
1.71005252
1.708450656
1.707742122
1.708136443
1.706767473
1.706731951
1.706691127
1.709527882
1.709861247
1.709779071
1.709579861
1.709928396
1.709826959
1.709585431
1.709585333
1.709134181
1.708496098
1.707951394
1.70993029
1.710177695
1.708336234
1.708590979
1.709507787
1.708821892
1.708393198
1.708297516
1.707951757
1.708884778
1.709171968
1.709399479
1.708797582
1.709192563
1.708571708
1.708688629
1.709598297
1.709736891
1.710131863
1.710527833
1.708502786
1.710694807
1.70823391
1.707871124
1.70786871
1.707568015
1.707302547
1.710607646
1.710467977
1.707177018
1.707151521
1.707506775
1.707020633
1.706523576
1.708369401
1.707399891
1.707790538
1.709851796
1.709851194
1.7096277
1.709194564
1.710166695
1.710326361
1.710478091
1.710380537
1.710014936
1.709502283
1.709233803
1.710079485
1.710240126
1.708605751
1.709649482
1.707579421
1.708077219
1.707168241
1.707140596
1.706803457
1.709087453
1.708863183
1.709252149
1.709391365
1.708115392
1.707423044
1.707709664
1.70807827
1.707330823
1.707507595
1.70819439
1.708827561
1.709358006
1.709910609
1.707446541
1.710010918
1.707339949
1.707302259
1.707331277
1.707349594
1.707517803
1.710227418
1.707618445
1.708045047
1.706192602
1.7052739
1.705273187
1.70865089
1.708667927
1.709773827
1.708970304
1.709592479
1.708739148
1.710147097
1.710442326
1.710806264
1.710910586
1.710726241
1.710563756
1.709981872
1.709721058
1.709729582
1.708838896
1.7094219
1.70629178
1.706680923
1.706736069
1.706027967
1.706066226
1.705804228
1.709081612
1.708996067
1.709079709
1.709082026
1.707264722
1.708577394
1.706491414
1.706462453
1.706671907
1.706691295
1.706616962
1.706835155
1.707182227
1.707838809
1.70866284
1.707949651
1.708853997
1.70699426
1.709374387
1.707196055
1.707449323
1.70757674
1.707930861
1.708402268
1.708668556
1.709374716
1.705124112
1.704602573
1.704276647
1.708898745
1.709255762
1.707505318
1.708266904
1.709062445
1.70945593
1.710201121
1.710814578
1.711107993
1.711140223
1.710976092
1.710569881
1.708933238
1.708743542
1.708842214
1.705338309
1.705494652
1.705470783
1.705798805
1.705258239
1.705325156
1.705178606
1.708887918
1.708981486
1.7086943
1.705873571
1.708223382
1.708213687
1.708008445
1.710366785
1.705820112
1.705941651
1.706274432
1.705725946
1.705935382
1.706631594
1.706900078
1.706363621
1.70654703
1.707163338
1.707468423
1.708148145
1.707293287
1.707747645
1.708212929
1.708411848
1.708957184
1.709535261
1.709794098
1.704744319
1.704955167
1.70430076
1.703801271
1.708979704
1.708473603
1.706559824
1.707382604
1.707718084
1.708777424
1.709650634
1.710437829
1.710669382
1.710976565
1.711024089
1.71089876
1.707870586
1.707581584
1.708035495
1.70487351
1.704958811
1.704726209
1.704806009
1.704660804
1.705046997
1.70506066
1.708547051
1.70881427
1.705018457
1.707840363
1.708172388
1.707616635
1.707623444
1.710626571
1.705765017
1.705592756
1.706172067
1.706345443
1.706853165
1.705450164
1.705520428
1.707388788
1.70764926
1.705637946
1.706033867
1.706297341
1.706922543
1.708173555
1.708721635
1.709214162
1.709453019
1.709960269
1.710405976
1.704768874
1.705118584
1.705287718
1.704329009
1.703755803
1.708844692
1.707519157
1.705622977
1.705824705
1.706728388
1.707736512
1.707968205
1.708966114
1.709259037
1.709972071
1.710468731
1.710526409
1.710657864
1.706961174
1.706652095
1.707348723
1.704962537
1.704748743
1.705219938
1.70439557
1.704201721
1.705401836
1.708524499
1.704341354
1.707735813
1.707915126
1.708206876
1.707334704
1.707581227
1.710568349
1.70661126
1.706366249
1.705889875
1.707189244
1.707411708
1.708016461
1.705595299
1.705614432
1.708553591
1.708748079
1.705643853
1.705812334
1.706152885
1.70925005
1.709632485
1.710040299
1.71020661
1.710465389
1.705515
1.704997137
1.705746138
1.706067389
1.704466567
1.703869987
1.708538353
1.706931874
1.704392544
1.70493362
1.70569634
1.706000576
1.706899175
1.707303449
1.708242626
1.709057062
1.709232729
1.709832533
1.709829647
1.706585197
1.706322251
1.707106745
1.705669257
1.705492488
1.704923998
1.705959088
1.704360262
1.703991597
1.703845596
1.707924365
1.707926566
1.708016594
1.70821567
1.707551894
1.710154289
1.708008205
1.70781027
1.707114053
1.706546972
1.708596443
1.708782561
1.709260184
1.70641581
1.706102812
1.709623418
1.709679546
1.706156275
1.709994145
1.709936392
1.710162803
1.71021398
1.710281673
1.706388244
1.705814191
1.705147605
1.706754254
1.704439417
1.70373955
1.708199465
1.706927304
1.70388448
1.70420403
1.704409907
1.705069312
1.705388167
1.706310766
1.707228021
1.707627401
1.708477632
1.709025268
1.706880873
1.706741693
1.707411099
1.706611156
1.706660543
1.70606401
1.705305973
1.704615183
1.704342246
1.703888112
1.708179168
1.708039419
1.708439433
1.708082606
1.709541526
1.709349422
1.709305973
1.708660808
1.708014827
1.707799741
1.7098083
1.709864971
1.710062292
1.707253258
1.706856107
1.710120394
1.710098096
1.710033446
1.710036814
1.709872788
1.709586127
1.707069383
1.706459241
1.705667969
1.704965192
1.70742184
1.704032737
1.70302663
1.70805429
1.70749672
1.703710298
1.703749226
1.704017445
1.704179198
1.704790646
1.705552608
1.705986949
1.706820726
1.707622381
1.708206428
1.707720762
1.707695817
1.708105865
1.707599463
1.707343755
1.706711124
1.705956035
1.705677656
1.704923839
1.70431924
1.708583859
1.708250369
1.708920758
1.708734467
1.708338903
1.710149608
1.709874958
1.709395574
1.709167674
1.708625289
1.710221289
1.710186124
1.710016373
1.708075972
1.70970152
1.70963366
1.709309628
1.709255073
1.708843214
1.706850336
1.707536892
1.705929941
1.704985688
1.704329433
1.707964444
1.703258406
1.70206085
1.70154881
1.70817098
1.70838811
1.704178412
1.703982076
1.704194236
1.70458623
1.704962635
1.705555794
1.70621909
1.706796865
1.706904687
1.708724271
1.708793721
1.708871795
1.708187416
1.708023046
1.707449187
1.707406016
1.706705528
1.705819931
1.705542482
1.708567572
1.708907769
1.709174077
1.709112826
1.707414914
1.710018261
1.710160979
1.710071779
1.709923126
1.709620784
1.709193354
1.70967188
1.70950933
1.708926005
1.7083813
1.708444396
1.707896091
1.707902727
1.705857663
1.706840026
1.707393918
1.704746857
1.703760995
1.703185734
1.708164721
1.701684657
1.70045355
1.69956969
1.708485417
1.709196865
1.704972828
1.704640574
1.704655944
1.704897792
1.705111677
1.705414642
1.705746232
1.705807155
1.706089297
1.709419931
1.709475301
1.709312761
1.708596816
1.70861634
1.708492534
1.707685841
1.707346258
1.706664657
1.708814007
1.708958811
1.709150008
1.708880576
1.706453406
1.708690252
1.708872293
1.70944535
1.709751506
1.709723469
1.709782449
1.709692148
1.708225686
1.707918245
1.706978704
1.706804908
1.706434301
1.704196718
1.705384247
1.705696953
1.707075117
1.703095445
1.702168544
1.708123986
1.700521927
1.700079091
1.698804179
1.69751519
1.708786034
1.709378759
1.706026298
1.705675781
1.705802402
1.705640006
1.705552203
1.705492004
1.705487364
1.705406834
1.70544757
1.70944357
1.709141859
1.708794512
1.709098159
1.708989147
1.708883115
1.708424452
1.707780859
1.708839547
1.708601048
1.708249195
1.705320335
1.708616222
1.70810028
1.707063491
1.707881822
1.708496614
1.708586065
1.709018866
1.709311726
1.70636814
1.706132418
1.705375088
1.705371092
1.703597905
1.702324823
1.705100869
1.703100619
1.706585929
1.701321848
1.70778378
1.699141671
1.699818049
1.698673584
1.697419513
1.695881131
1.708832723
1.708764059
1.70730936
1.707371626
1.706925753
1.706512211
1.706115259
1.705889895
1.70535975
1.705044997
1.708604654
1.708380783
1.708486013
1.709297853
1.709542145
1.709561015
1.70930063
1.708801749
1.707648903
1.707368589
1.704713067
1.708200145
1.707385099
1.705910977
1.7052245
1.706762394
1.706778793
1.707554189
1.708168411
1.704732159
1.70467968
1.704458512
1.701499572
1.700545876
1.702679703
1.704327766
1.700822654
1.705788748
1.70674919
1.698525871
1.698942113
1.69813504
1.69935235
1.697459719
1.696407822
1.694978575
1.70843836
1.707585475
1.70911647
1.708510725
1.707980241
1.70747051
1.707148409
1.706189999
1.705733873
1.705067519
1.707251123
1.707220272
1.7083647
1.708985201
1.709602181
1.709878547
1.709823459
1.706540453
1.706566105
1.704589787
1.707538178
1.706681708
1.705006794
1.70439948
1.703997388
1.705916734
1.705169911
1.706623511
1.703898281
1.704086412
1.699880097
1.701913133
1.700598283
1.703317681
1.699463352
1.704312333
1.706309102
1.698375378
1.698771678
1.698967685
1.697804551
1.699120873
1.697036324
1.696047474
1.694821452
1.695891522
1.707721178
1.706246943
1.709748281
1.710044802
1.709381574
1.708970281
1.708705045
1.707647672
1.707171768
1.706342608
1.705746572
1.705814724
1.706010169
1.707209553
1.708422348
1.709285904
1.70980801
1.705501767
1.70588102
1.705965131
1.704656739
1.706866114
1.706197355
1.704122103
1.703924583
1.703734249
1.703826606
1.705177595
1.704557398
1.704283952
1.700071644
1.701067166
1.699377031
1.701750996
1.699166768
1.703237603
1.704509512
1.698628929
1.699141676
1.699352551
1.699302087
1.697863834
1.696974127
1.695841712
1.694927046
1.696891645
1.70689985
1.705163744
1.710129638
1.7100549
1.709435471
1.710034865
1.709945586
1.709236908
1.708877735
1.708116994
1.707661403
1.706549078
1.704778291
1.70503844
1.704946687
1.706393903
1.707594434
1.708584458
1.705481157
1.705200682
1.705783164
1.705628571
1.706381692
1.706075265
1.704030205
1.704097013
1.703976922
1.704224677
1.704840129
1.704353045
1.706201566
1.699291579
1.699688388
1.700078436
1.69933899
1.700945624
1.699859017
1.702027306
1.702569244
1.698855945
1.69964002
1.700099169
1.700146135
1.697927761
1.695459197
1.696480824
1.694721263
1.697606852
1.706251551
1.704713047
1.709812747
1.710181712
1.709145863
1.707696941
1.710358981
1.710312984
1.710245434
1.709765203
1.709510305
1.708673889
1.707667045
1.704518111
1.705067888
1.703830469
1.705217418
1.706457301
1.705671226
1.70559513
1.706077527
1.706197443
1.706308734
1.706285356
1.704682657
1.705005232
1.704478953
1.705113181
1.705739066
1.706796224
1.708518664
1.699760972
1.699486664
1.699591086
1.69986494
1.700493682
1.700429017
1.701034294
1.700824966
1.701714055
1.699743148
1.698564275
1.700650224
1.701090215
1.694491576
1.695462026
1.696611158
1.6937488
1.697434999
1.705953023
1.705164666
1.70921011
1.70837402
1.709591587
1.707198553
1.705329468
1.710262273
1.710563992
1.710670742
1.710690324
1.710690665
1.710318834
1.709618218
1.705161869
1.70585917
1.702833758
1.70401229
1.706356218
1.706504949
1.706705198
1.706789384
1.706420661
1.706138697
1.705542357
1.706702392
1.706990288
1.707828062
1.708908455
1.710275574
1.700362998
1.701232961
1.70023673
1.700006608
1.700010231
1.701897784
1.700212294
1.701986677
1.700565753
1.701184459
1.700395004
1.698928541
1.701481211
1.693807103
1.692975696
1.694867138
1.695454909
1.69196877
1.697022052
1.705933802
1.7063084
1.707300195
1.707803219
1.706115953
1.708855645
1.704613357
1.702975146
1.709693644
1.710022686
1.710578455
1.710785162
1.710963616
1.710823363
1.706496285
1.707073695
1.701991087
1.707247793
1.707607905
1.707384953
1.707323238
1.706970949
1.706472924
1.707222181
1.707863406
1.708674212
1.708984105
1.709739196
1.71050266
1.710995209
1.701585838
1.701823362
1.702598119
1.701089822
1.700694902
1.70070007
1.702655919
1.70059929
1.702065754
1.700655606
1.70093229
1.698632994
1.699455501
1.70093384
1.691780841
1.692586487
1.691285066
1.692902977
1.694403195
1.689716956
1.68995496
1.696125524
1.705879447
1.707737871
1.70494828
1.705497047
1.706669299
1.70360117
1.7078286
1.702238711
1.701414579
1.708301483
1.709266471
1.709624129
1.71035991
1.710844057
1.707994951
1.708279592
1.708047228
1.708454159
1.707864181
1.70741325
1.706798279
1.706238113
1.708726417
1.708909351
1.709595311
1.710147836
1.710387262
1.710798615
1.710920322
1.710361416
1.702511183
1.702901479
1.702994857
1.702982343
1.702011008
1.701945357
1.701472537
1.702210272
1.701254169
1.700852525
1.701029933
1.700997241
1.697063485
1.699005141
1.690257194
1.6898029
1.690301664
1.691470557
1.693032974
1.688523568
1.688644383
1.688623357
1.69387298
1.705435427
1.708929088
1.703313278
1.702832245
1.704335041
1.7054774
1.701718592
1.705992393
1.701170687
1.707133947
1.707529853
1.708629714
1.709615821
1.709265509
1.70898762
1.70827633
1.708639067
1.707662231
1.70688993
1.706055841
1.705520254
1.704440717
1.709785591
1.710041466
1.710378304
1.710541267
1.71066568
1.710459732
1.709611818
1.708556184
1.703197799
1.703401332
1.70329487
1.703084648
1.701966259
1.703169901
1.702824104
1.702413787
1.700319051
1.702023245
1.702522564
1.698252352
1.701670235
1.701393094
1.695948566
1.688350678
1.688534329
1.688928604
1.689996614
1.690642954
1.688469285
1.687994695
1.688906494
1.688882397
1.692444493
1.704327085
1.709378183
1.701871151
1.702512094
1.701572996
1.703360926
1.703739916
1.701267754
1.70484162
1.705060657
1.70623082
1.707466143
1.709672302
1.708827269
1.707717541
1.70794676
1.706736804
1.705732877
1.704704454
1.703110011
1.7098568
1.710042918
1.70993812
1.709658126
1.70960536
1.708470258
1.707213795
1.706112217
1.70354696
1.703379087
1.70267427
1.702179166
1.701238372
1.699340105
1.703658921
1.703582164
1.703674776
1.6971769
1.702998728
1.703439894
1.694761547
1.702518359
1.701986225
1.687669956
1.687496886
1.687837359
1.688081791
1.689423353
1.69028313
1.688926964
1.688608172
1.69059308
1.691194414
1.691116937
1.702478482
1.708772533
1.701558249
1.701675616
1.702046448
1.701518197
1.702346377
1.703081413
1.703864793
1.704993487
1.709029705
1.707667148
1.706403393
1.706446941
1.705210201
1.704117994
1.702948635
1.70130619
1.708687139
1.70882797
1.70831775
1.707657226
1.707390661
1.705768868
1.704648101
1.703759345
1.702581825
1.703319794
1.702137394
1.700308418
1.699582908
1.697994035
1.695810059
1.703805729
1.704053296
1.704286664
1.693530977
1.703917518
1.704246576
1.703328905
1.702473237
1.687768654
1.687204011
1.687088028
1.687385785
1.68826407
1.693057868
1.690960017
1.690119228
1.693041802
1.695443222
1.688774468
1.690398096
1.700228051
1.707408314
1.702348737
1.702037986
1.701847734
1.701903077
1.702052262
1.702436949
1.702977338
1.705968253
1.704585312
1.704539152
1.703380756
1.702329408
1.701188082
1.699513491
1.706763213
1.706690167
1.705897162
1.705042823
1.704769437
1.703338881
1.702599732
1.702173503
1.701518615
1.700177108
1.702635146
1.699500526
1.696876227
1.696063664
1.694256931
1.692242493
1.703104666
1.703954279
1.704580427
1.70480801
1.704633937
1.704094763
1.703669933
1.688421625
1.687920453
1.687287059
1.687212334
1.687465894
1.693460633
1.695443222
1.695443222
1.693128531
1.69072481
1.688165968
1.689384642
1.698025005
1.705188478
1.703423336
1.702709081
1.702498487
1.702159921
1.701963351
1.701969597
1.703818324
1.702679194
1.702591982
1.701621576
1.700730863
1.699696246
1.698093769
1.704380476
1.704179804
1.703251293
1.702639658
1.702515421
1.701728718
1.701557283
1.701693196
1.700031067
1.698388106
1.696714121
1.700625372
1.695902192
1.693239771
1.692468253
1.690901359
1.702233758
1.703452974
1.70448959
1.704993225
1.705058189
1.704846377
1.704683226
1.690313474
1.688929557
1.6880603
1.687991469
1.687779187
1.695443222
1.695443222
1.693267631
1.688012705
1.688715076
1.696355471
1.702967457
1.703955686
1.703659694
1.703088198
1.702502865
1.702025412
1.701945866
1.701093796
1.701165041
1.700361566
1.699663344
1.698701922
1.697218905
1.702256379
1.702001171
1.701295821
1.701249117
1.701152222
1.701266355
1.70166501
1.702253501
1.697094268
1.696419356
1.69442271
1.692965537
1.698986693
1.692260683
1.690267703
1.689696001
1.700733819
1.701136287
1.702791057
1.703954464
1.704730461
1.70506124
1.705077832
1.704899401
1.693388531
1.691590008
1.690431373
1.690093813
1.689225099
1.688542984
1.695443222
1.6882677
1.688435956
1.69549025
1.701336867
1.70468088
1.704219921
1.703573415
1.702917915
1.700794352
1.700396914
1.699935834
1.699247825
1.69824568
1.696931808
1.700973977
1.700901966
1.700855264
1.701009911
1.701346868
1.70192811
1.702626842
1.703409197
1.693396617
1.695177415
1.692588069
1.690641384
1.690065645
1.697040997
1.689289252
1.688638428
1.697696979
1.699557639
1.701425263
1.702890372
1.703867516
1.704138813
1.704859462
1.704853095
1.69335028
1.695443222
1.693214869
1.692022821
1.690753115
1.68979785
1.688991027
1.688940707
1.69536381
1.69667872
1.700684722
1.704802013
1.704524064
1.703989587
1.700592473
1.700429336
1.700013569
1.699236675
1.698111378
1.700778071
1.700928588
1.701554306
1.701831047
1.702431378
1.70312814
1.703748557
1.704396388
1.704250085
1.691763993
1.690451375
1.693341725
1.689939128
1.688904219
1.688747562
1.693959564
1.688670926
1.695755721
1.697775806
1.699725956
1.701232371
1.701767553
1.703405992
1.703667465
1.704243932
1.695443222
1.695443222
1.69341325
1.693023625
1.691089556
1.69078121
1.689877481
1.695409585
1.696860155
1.698136163
1.700996324
1.704574007
1.704619867
1.701133348
1.700950147
1.700352782
1.699355779
1.701520192
1.701869352
1.702811112
1.703121031
1.703688648
1.704172367
1.704432734
1.704395835
1.704402222
1.690467463
1.689531987
1.688985142
1.690963919
1.688837444
1.689080448
1.689254782
1.692261077
1.693955695
1.695801444
1.697615274
1.698094124
1.699958538
1.701097589
1.70238793
1.701079229
1.703322162
1.695443222
1.695443222
1.693349155
1.693493624
1.692151745
1.6912226
1.69506365
1.696232573
1.698023603
1.69937008
1.701923417
1.704027662
1.70193156
1.701455554
1.700538818
1.702721494
1.703141906
1.703897968
1.704122421
1.704352272
1.704299177
1.703894796
1.703032652
1.703235736
1.689323452
1.689136403
1.689025655
1.689298359
1.689999859
1.68947405
1.690811836
1.690878223
1.692087151
1.693797525
1.69428792
1.695932145
1.697415738
1.697717969
1.699151485
1.700729615
1.702052932
1.695443222
1.69372722
1.693469261
1.694966115
1.693902515
1.696882875
1.698539666
1.700050303
1.702778015
1.702379917
1.701392789
1.695077891
1.703364323
1.70372349
1.704037491
1.704076668
1.704126681
1.703765852
1.702996214
1.701913016
1.700329984
1.700765835
1.689295233
1.689517274
1.689601708
1.690362277
1.691222726
1.689439838
1.691426796
1.689672663
1.690752194
1.691202726
1.692389861
1.693711295
1.694026268
1.695469871
1.69716428
1.698891192
1.695443222
1.695443222
1.693810247
1.6931621
1.691976812
1.696794253
1.698549955
1.700330595
1.702966526
1.70190777
1.692893229
1.694402501
1.703245759
1.703535202
1.703362379
1.702776191
1.702655115
1.701485131
1.700175878
1.698906889
1.696760307
1.697192867
1.690409597
1.689768834
1.691229961
1.691582
1.693137479
1.689592547
1.68945888
1.689551319
1.690029315
1.690806624
1.690989175
1.692054803
1.693497867
1.695156366
1.695443222
1.695443222
1.691281943
1.690571901
1.689916276
1.696155605
1.698168768
1.700234607
1.702000874
1.691766707
1.690610789
1.693278365
1.701744344
1.701918269
1.701169698
1.700090786
1.699640735
1.697475429
1.696670669
1.695068102
1.693465909
1.693101213
1.691550006
1.692779497
1.691146023
1.693695897
1.693757078
1.689881024
1.68964664
1.689339099
1.689353403
1.689365817
1.689745033
1.690546419
1.691723353
1.695443222
1.689348365
1.688737499
1.688620642
1.695208971
1.69742896
1.699715409
1.689505981
1.69049103
1.688996198
1.692104354
1.69896699
1.699034289
1.697865595
1.696504935
1.696007065
1.693548649
1.69297631
1.691651065
1.690512208
1.690239434
1.693566428
1.693880549
1.695443222
1.691668239
1.691265356
1.690385263
1.689660603
1.689456265
1.689111707
1.689091301
1.689391842
1.688368517
1.68896128
1.688966528
1.693954267
1.696439819
1.688220352
1.688493839
1.689306163
1.690789648
1.691301828
1.695502551
1.695369555
1.694087706
1.692806524
1.692400919
1.690467022
1.69015765
1.68943216
1.689014794
1.688960873
1.695443222
1.695443222
1.693776665
1.693689834
1.692725132
1.691440963
1.691132796
1.690176616
1.689455604
1.689150656
1.688447063
1.689295875
1.69068594
1.693126457
1.690832802
1.68789407
1.687851713
1.688495482
1.693313341
1.695443222
1.691848005
1.691753522
1.690700423
1.6898735
1.68967145
1.688880913
1.688869025
1.6889039
1.689262804
1.689502449
1.695443222
1.695443222
1.693798378
1.69362658
1.692628885
1.691302848
1.690818955
1.688886882
1.690480661
1.691188233
1.693171213
1.68984772
1.688406955
1.687968859
1.687606596
1.695443222
1.693389708
1.689066243
1.689060564
1.688534444
1.688469798
1.688600077
1.689046408
1.689331825
1.690098129
1.691098229
1.691319303
1.695443222
1.695443222
1.693748015
1.693406949
1.690984737
1.68947647
1.693286064
1.695443222
1.68798753
1.687616397
1.688324243
1.687878596
1.688055049
1.688551274
1.689002343
1.689713815
1.690882852
1.691228862
1.692560299
1.693541276
1.693683266
1.695443222
1.695443222
1.693603429
1.692369869
1.690512075
1.695443222
1.687855507
1.688514779
1.688448747
1.688849841
1.690421419
1.691013233
1.692423968
1.693522874
1.693689115
1.695443222
1.695443222
1.695443222
1.693423685
1.690772096
1.68935336
1.69059444
1.690907643
1.69322176
1.693613808
1.695443222
1.695443222
1.695443222
1.693498261
1.691827198
1.693509949
1.693354012
1.695443222
1.695443222
1.695443222
1.695443222
