1.684280078
1.684280078
1.684280078
1.68203792
1.684280078
1.680691019
1.684280078
1.680129362
1.680839234
1.681303823
1.679523995
1.679756902
1.684280078
1.680838729
1.682020372
1.683159072
1.684104087
1.684280078
1.684280078
1.684280078
1.679959917
1.683161872
1.679758729
1.680001511
1.685858888
1.686468978
1.68646752
1.686488897
1.686613193
1.680262111
1.68074377
1.684280078
1.682119562
1.685788343
1.681185156
1.680192993
1.687527088
1.688079253
1.688387094
1.686286794
1.685618795
1.67937692
1.684280078
1.679823923
1.684280078
1.684280078
1.685028447
1.687808396
1.68383027
1.682023793
1.687328133
1.685900418
1.688275075
1.688810522
1.683717525
1.683594045
1.680381615
1.67967443
1.681027124
1.680389976
1.68085574
1.684280078
1.684280078
1.684280078
1.684280078
1.68799995
1.686359879
1.684911508
1.683504428
1.685577484
1.684569274
1.686879991
1.688245239
1.682564831
1.682435631
1.684280078
1.68423733
1.680355007
1.683202497
1.679905695
1.679551391
1.679997781
1.680339095
1.688251214
1.687908711
1.687609082
1.682128548
1.682335108
1.681984988
1.683159017
1.682112762
1.685477713
1.682064142
1.686807446
1.684118155
1.683727742
1.683343909
1.680852387
1.684280078
1.686622229
1.683290321
1.681237915
1.680099288
1.679983334
1.679887625
1.687660989
1.68838637
1.688675549
1.682757696
1.681320916
1.680511944
1.680220219
1.680392118
1.681039539
1.683601043
1.684960026
1.684668212
1.685502339
1.685296204
1.685870361
1.684280078
1.679712269
1.681027388
1.684280078
1.684280078
1.687298217
1.685444389
1.684065907
1.683218979
1.6822701
1.680422843
1.686210116
1.687596878
1.688475665
1.686630318
1.682304082
1.681076941
1.680766127
1.680738137
1.680815604
1.681891714
1.682680744
1.686252944
1.685314995
1.6863527
1.685260722
1.685098019
1.684280078
1.679259759
1.680485414
1.68147474
1.680856395
1.687980116
1.687396358
1.68703895
1.686287274
1.684165787
1.683934566
1.683555141
1.687454208
1.684697985
1.684227069
1.683559004
1.682908844
1.681871042
1.680700301
1.68093447
1.687020431
1.686926137
1.684794113
1.686620273
1.684914993
1.683804261
1.683671581
1.680710097
1.680036657
1.680602328
1.684791372
1.682805647
1.687917717
1.688556482
1.688915678
1.687894358
1.681186529
1.681661908
1.685557211
1.682757585
1.686686899
1.686140515
1.68477321
1.682434264
1.681179587
1.68072812
1.687426125
1.687892551
1.682968962
1.683111925
1.683536752
1.6856971
1.68308479
1.68300728
1.682758198
1.683364291
1.682718416
1.687736578
1.686052181
1.685151464
1.686568769
1.688011746
1.688851224
1.687916991
1.680614247
1.680821311
1.682400515
1.688061217
1.687413044
1.685373597
1.687271027
1.683679296
1.682747635
1.682188074
1.686285203
1.687090473
1.682171579
1.68189517
1.682934382
1.683626623
1.683905163
1.684470016
1.683737423
1.682893603
1.686531559
1.687395337
1.686725073
1.683996926
1.68563016
1.686343204
1.686489406
1.681379838
1.680569916
1.68079752
1.687651594
1.686954142
1.686204092
1.687005432
1.685549373
1.68528676
1.684282794
1.683841312
1.684797929
1.681909769
1.681226485
1.681298929
1.684988814
1.685096784
1.684999935
1.684641895
1.683724399
1.686013811
1.686159548
1.681737235
1.683024518
1.684101338
1.684644662
1.681953934
1.685035418
1.680545532
1.680205449
1.68524777
1.685716012
1.687046332
1.686439494
1.687449185
1.687522327
1.687385243
1.681801763
1.682535012
1.684433631
1.682087066
1.681206746
1.680962889
1.684949189
1.68486599
1.684267924
1.685481952
1.684915951
1.685900203
1.686030909
1.6835683
1.680829006
1.681982048
1.682936241
1.682902217
1.685980191
1.681517069
1.681145198
1.683404493
1.684564367
1.686642313
1.687664111
1.68804934
1.687814007
1.681719351
1.681198876
1.686378429
1.685840487
1.683283689
1.682539871
1.682197639
1.684039167
1.683946341
1.683695512
1.685329076
1.686220149
1.686846115
1.682695248
1.681669975
1.682447511
1.684529162
1.686864402
1.683706045
1.683253903
1.682443794
1.683861787
1.685095108
1.686088767
1.686972266
1.687461099
1.68187143
1.682072907
1.687172753
1.686888408
1.685257696
1.684842381
1.684280312
1.68331781
1.683791486
1.683705617
1.683649559
1.684582412
1.685461293
1.686345873
1.684130535
1.683683952
1.68676812
1.685753667
1.685205363
1.687078856
1.681874907
1.681920153
1.682234761
1.6829312
1.684165402
1.685801752
1.68358748
1.68360573
1.686973509
1.687020711
1.686513745
1.686117465
1.68347921
1.682865881
1.68318448
1.682815262
1.684400621
1.684235945
1.684785752
1.683206231
1.684003255
1.685087903
1.685495237
1.685393539
1.686944923
1.686303506
1.685762597
1.685269926
1.686085821
1.681102169
1.682250857
1.680851418
1.681432043
1.683037315
1.683050212
1.685726419
1.68484162
1.686284675
1.686621722
1.686785593
1.686937254
1.684449055
1.68424596
1.682335168
1.683362956
1.681894728
1.684951336
1.68506599
1.681973882
1.682661848
1.684013
1.68218186
1.685236853
1.685864251
1.685210664
1.684199681
1.684453998
1.681240773
1.683390325
1.680890247
1.681265348
1.682707773
1.682071141
1.686761957
1.685833263
1.68474972
1.685311686
1.686034418
1.686801782
1.68520635
1.684978568
1.682491224
1.684124094
1.681948594
1.685376883
1.684797494
1.684709258
1.681682024
1.682011156
1.682638658
1.681884169
1.683726941
1.683959696
1.683096393
1.683085108
1.683380155
1.682411804
1.682318181
1.68266249
1.682439203
1.687175031
1.686337533
1.683045811
1.683730315
1.684843388
1.686251713
1.685798464
1.685599533
1.684025743
1.683153507
1.684361106
1.685548637
1.684876484
1.684136555
1.682987685
1.682826466
1.681790998
1.682328191
1.682934032
1.682976907
1.685174916
1.684264335
1.683565885
1.68318439
1.687246021
1.685965824
1.686959343
1.681828633
1.682406538
1.683583456
1.686092749
1.685808137
1.685163706
1.6848293
1.683966018
1.684123408
1.685269303
1.684556232
1.683967659
1.684576435
1.683928141
1.682294264
1.683778998
1.683860759
1.686150563
1.68518987
1.684396168
1.683795157
1.686721414
1.684876146
1.68656955
1.681752292
1.681691838
1.682017956
1.685982076
1.684884099
1.686022268
1.686004521
1.685993552
1.683895636
1.683667096
1.683611328
1.683793564
1.684328089
1.684266811
1.685753563
1.684568856
1.683424593
1.684944816
1.684847379
1.685978519
1.685343757
1.685144522
1.682637113
1.685310192
1.683564091
1.685293655
1.682516324
1.681918115
1.681757819
1.683575129
1.685378424
1.683953778
1.685694196
1.686412977
1.686045833
1.683803038
1.683378078
1.683050958
1.682832851
1.68485829
1.68468845
1.684296372
1.686255827
1.686354383
1.685559839
1.684637787
1.685036143
1.684771956
1.685196493
1.682183556
1.683445656
1.68410595
1.683644676
1.682770163
1.68225395
1.682751476
1.683000622
1.684246607
1.684560709
1.685257486
1.685090324
1.683809441
1.683319344
1.682896123
1.682535419
1.685071496
1.68500086
1.685082941
1.684833307
1.684508733
1.68648563
1.68577636
1.686197928
1.685619431
1.684188687
1.684176588
1.68241869
1.683056751
1.683602696
1.684829531
1.683844707
1.682965534
1.6822902
1.682639364
1.683083029
1.683386561
1.68394403
1.684120304
1.683720378
1.683304885
1.682739236
1.684866532
1.684877424
1.685157105
1.685140231
1.685118322
1.684994482
1.686130067
1.684847519
1.686248464
1.686151142
1.683692825
1.683104557
1.683529379
1.685726082
1.684391466
1.685491381
1.683985599
1.682122638
1.681938047
1.681944637
1.683172693
1.682287793
1.684801563
1.684577782
1.684165744
1.682994537
1.68450981
1.684283655
1.684245509
1.684777864
1.685346942
1.685100265
1.685493922
1.68557534
1.684886106
1.685583297
1.685960738
1.684212553
1.684118744
1.685904206
1.68506303
1.685592309
1.684821823
1.68301412
1.682347829
1.681895879
1.681713598
1.681990109
1.685660547
1.685614189
1.684384314
1.685578821
1.683823999
1.684273063
1.684251397
1.684254965
1.684474098
1.684291011
1.684763796
1.685308839
1.685625088
1.685844596
1.683936402
1.684586067
1.685026308
1.684939937
1.685249889
1.685336225
1.685041854
1.682180972
1.682684366
1.683217273
1.682580668
1.682171769
1.682642031
1.686074729
1.686222488
1.685403514
1.686222927
1.685205465
1.684269018
1.684284099
1.684244661
1.684264378
1.684433735
1.685296516
1.684808345
1.684264243
1.685675915
1.685300958
1.68318373
1.683669376
1.684181227
1.684802
1.684735777
1.684771015
1.683911502
1.682536076
1.68266951
1.684297119
1.685636681
1.683475129
1.683919712
1.68375647
1.686272173
1.685938133
1.68611096
1.686281558
1.686258267
1.6862285
1.686311115
1.686362861
1.684280611
1.684284678
1.684247533
1.684237547
1.68426536
1.684438007
1.68478431
1.684268115
1.684281426
1.685381074
1.685002709
1.68478767
1.682918963
1.683312024
1.684172668
1.684157266
1.683880578
1.683557782
1.683258226
1.683235463
1.684293358
1.685892573
1.685110029
1.685176239
1.68638845
1.686098731
1.68544173
1.686077556
1.685619021
1.686307701
1.686263443
1.686100192
1.684284031
1.684282821
1.684242681
1.684234503
1.684489593
1.684251216
1.684325019
1.684489095
1.684278485
1.68426303
1.684284077
1.684252238
1.684838602
1.684549145
1.684454092
1.684387372
1.683380609
1.684029027
1.68408557
1.68392862
1.684257108
1.684468436
1.685377644
1.685932752
1.686177528
1.686176079
1.685781783
1.685768445
1.685444279
1.68575979
1.685916498
1.68495652
1.686015069
1.685644412
1.685157713
1.686037061
1.68592508
1.685723563
1.685428697
1.685196154
1.684283809
1.684284386
1.684282262
1.684281279
1.684235766
1.684230542
1.684336649
1.684258564
1.684292433
1.684243896
1.684275983
1.684260504
1.684280635
1.684437822
1.684239431
1.684288087
1.684246546
1.68440996
1.684610752
1.684607543
1.685072036
1.685223391
1.685533
1.685932827
1.685512525
1.686045197
1.685409622
1.685222761
1.685445073
1.685170456
1.68535031
1.684752587
1.68463109
1.685673257
1.684612375
1.684905794
1.685226791
1.685672427
1.685616018
1.68537228
1.684929747
1.685177062
1.684961665
1.684283317
1.684283441
1.684284719
1.684280335
1.684281475
1.684281804
1.68422844
1.684228651
1.68424678
1.684230018
1.684233964
1.684255076
1.684269608
1.684276454
1.684280362
1.684316869
1.684207132
1.684188977
1.684205204
1.684209235
1.685010013
1.685061606
1.685066786
1.68521945
1.685424435
1.685625492
1.68578226
1.685035914
1.685457333
1.685651889
1.684719443
1.684817084
1.684947683
1.684993809
1.68445841
1.684333586
1.685378363
1.684443364
1.68471026
1.685061308
1.685397673
1.685266139
1.68515287
1.684689755
1.68473261
1.684973365
1.684941293
1.684746062
1.684284331
1.684284293
1.684282928
1.684279832
1.684280568
1.684279602
1.684280957
1.684282954
1.684223646
1.684222112
1.684217254
1.684228911
1.684244321
1.684264325
1.684274426
1.6841956
1.684185003
1.684209383
1.684209092
1.684202652
1.684200299
1.68421186
1.684590859
1.684594869
1.685017895
1.685054122
1.685274022
1.685443172
1.684619413
1.685000867
1.684941458
1.684515526
1.68457305
1.684661555
1.684279542
1.684193829
1.685161445
1.684317672
1.684510848
1.684708742
1.684906191
1.685125139
1.685086272
1.684942129
1.684957497
1.684729257
1.684844371
1.684955623
1.684453466
1.684514768
1.68456169
1.68475741
1.684561689
1.684405562
1.684283517
1.684284377
1.68428412
1.68428173
1.684279988
1.684279656
1.68427957
1.684280215
1.684278251
1.684282586
1.684284143
1.684221257
1.684217272
1.684228031
1.684239282
1.684253324
1.684264848
1.68427178
1.684239478
1.684186598
1.684210165
1.684235007
1.684244959
1.684218173
1.684227215
1.6842174
1.684220698
1.684220229
1.684384559
1.684363328
1.684362995
1.684580517
1.684642476
1.684554536
1.684873597
1.68429771
1.684408365
1.684490068
1.684272138
1.68436556
1.684406849
1.684227169
1.684188948
1.684220049
1.684193778
1.684265034
1.684219271
1.684596257
1.684934884
1.684331648
1.684420961
1.684560811
1.684730317
1.684900128
1.684945846
1.684829464
1.684840035
1.684703932
1.68477814
1.684299821
1.684305638
1.684334039
1.68441975
1.684538708
1.684443641
1.684313819
1.684281558
1.684282421
1.684283555
1.684283853
1.684280418
1.684279694
1.684279573
1.684279618
1.684279759
1.684278265
1.684282512
1.684284128
1.684224484
1.684225262
1.684236639
1.684271291
1.68425203
1.684263232
1.684250764
1.684230663
1.684219349
1.684220494
1.684247913
1.68424763
1.684261426
1.684264827
1.6842358
1.684232731
1.684232956
1.68426201
1.684257681
1.684248579
1.684253356
1.68428127
1.684220102
1.684348336
1.68421401
1.68422392
1.684204909
1.684226884
1.684271073
1.684234842
1.684221388
1.684187638
1.684197524
1.68419992
1.684218785
1.684458282
1.684265496
1.684223227
1.684554077
1.684728992
1.684333189
1.684433738
1.684568599
1.684752202
1.684734064
1.684747301
1.684743717
1.684647887
1.684667474
1.684255748
1.684238947
1.68424984
1.684208157
1.684334274
1.684337244
1.684253626
1.68433716
1.684284061
1.684280688
1.684281317
1.684282429
1.684282795
1.684279864
1.684279711
1.684279557
1.684279624
1.684279557
1.684278099
1.685891624
1.684985964
1.684282315
1.684235952
1.684238895
1.684249276
1.68427249
1.684263068
1.684848655
1.684259323
1.684262638
1.684254508
1.68425124
1.684261455
1.684272206
1.684276922
1.684247106
1.684276945
1.684249916
1.68424713
1.684207854
1.684209199
1.684208185
1.684212751
1.684209633
1.684248443
1.68420568
1.684202238
1.684205232
1.684224528
1.684243585
1.684268709
1.684199999
1.684202571
1.684201852
1.684204943
1.684202276
1.684199574
1.684203916
1.684202975
1.684207063
1.684244071
1.684267157
1.684423197
1.684266316
1.68422682
1.684208432
1.684441958
1.684542853
1.684575146
1.684334328
1.684440416
1.684634552
1.684542809
1.684579771
1.68465451
1.68465743
1.684577676
1.684569754
1.68450258
1.684206692
1.684212004
1.68421082
1.684199594
1.684250699
1.684211661
1.684208487
1.684262495
1.684324828
1.68549101
1.684280032
1.684280465
1.684281304
1.684279576
1.684279816
1.684279572
1.684279734
1.684279526
1.688212596
1.688478008
1.685113998
1.686964143
1.687407264
1.686282011
1.690242199
1.684249003
1.684249446
1.684255811
1.684260703
1.684256836
1.686096773
1.684826395
1.687267971
1.685219598
1.684276948
1.684274967
1.684276801
1.684268152
1.684255591
1.684260466
1.68428395
1.684284883
1.684262189
1.684284302
1.684268407
1.684285457
1.684207844
1.684205914
1.684216341
1.684220562
1.684268513
1.684280848
1.684225499
1.684227054
1.68425572
1.684275134
1.684285629
1.684207717
1.684205726
1.68422335
1.6842252
1.684209734
1.684204708
1.684206987
1.684226106
1.684214962
1.684221721
1.684267845
1.684283875
1.684241228
1.684348627
1.684265027
1.68422472
1.68457576
1.684208654
1.684351519
1.684425394
1.684437405
1.684283783
1.684343476
1.684456504
1.684500003
1.68448901
1.684507549
1.68456346
1.68442404
1.684472422
1.684398528
1.684196922
1.684197386
1.684203785
1.684215523
1.684219718
1.684198445
1.6841994
1.684198282
1.68425646
1.684219339
1.684274569
1.685866369
1.688306646
1.684279625
1.685582031
1.684279815
1.684279493
1.684279923
1.684279651
1.684279793
1.684279598
1.6915916
1.691563358
1.691627993
1.687935213
1.689136213
1.692499594
1.694354007
1.684262172
1.684262577
1.684267503
1.684856465
1.689456914
1.691439116
1.689877584
1.687731107
1.687898339
1.684285679
1.684282003
1.684266901
1.684274809
1.684272798
1.684288351
1.684288251
1.684273305
1.684287626
1.684284691
1.68428903
1.684289252
1.684227461
1.684242651
1.684235787
1.684290919
1.684288441
1.684254973
1.684257853
1.684279278
1.684288216
1.684287954
1.684287229
1.68422048
1.684223389
1.684220302
1.684256641
1.684241558
1.684242023
1.684226937
1.684215111
1.684247755
1.684216792
1.694941324
1.684250045
1.684275041
1.684245191
1.684284766
1.684289056
1.684267346
1.684281622
1.686135325
1.684234097
1.694851412
1.709507252
1.687711145
1.688676343
1.684373104
1.684329563
1.684357716
1.684384416
1.684425952
1.697313999
1.694564709
1.691018289
1.684202609
1.684200881
1.684217181
1.684199864
1.684202884
1.684204735
1.684198714
1.684202381
1.684199032
1.68419905
1.684221884
1.684236705
1.685286957
1.68796859
1.687821205
1.691443522
1.684279471
1.688319162
1.686011068
1.688209584
1.684503691
1.684512863
1.684535787
1.68512818
1.68671175
1.695735544
1.696065571
1.692208941
1.697652451
1.699514178
1.68427194
1.685545253
1.686139269
1.688684801
1.694618188
1.695125307
1.697817512
1.693750302
1.692861882
1.684286908
1.684275958
1.684283149
1.684280226
1.684289273
1.684288861
1.684280494
1.684288438
1.684288072
1.684287575
1.684289416
1.684289442
1.684276018
1.684264018
1.684254906
1.684284279
1.684284853
1.684275295
1.684279765
1.684289281
1.684284945
1.684287997
1.684239401
1.68423752
1.684245718
1.684269983
1.684260059
1.68422918
1.684231343
1.68424495
1.684269623
1.684258928
1.703860991
1.716759891
1.684280633
1.684289281
1.684279984
1.684288887
1.684284222
1.684284134
1.6888405
1.693001178
1.706634717
1.726474592
1.721695755
1.716291183
1.696876644
1.712725714
1.694021292
1.701423742
1.703503865
1.706272281
1.702015431
1.684217578
1.684214422
1.684253284
1.684236329
1.685579053
1.684200136
1.684201163
1.684203272
1.686342133
1.684209119
1.684202512
1.684224729
1.684212449
1.684208882
1.684205761
1.68420475
1.684213352
1.688882255
1.68793347
1.691002466
1.690940058
1.697605038
1.694460543
1.686120793
1.690954229
1.688312198
1.690799883
1.69002799
1.687403152
1.686879287
1.687454654
1.690158747
1.700338051
1.700806352
1.700391582
1.704048653
1.704889363
1.686083918
1.690162469
1.690144357
1.69576283
1.70412282
1.703828521
1.703484852
1.704915617
1.685556621
1.684285439
1.68428465
1.684286955
1.684288134
1.684288288
1.68428773
1.684323153
1.684287448
1.684287211
1.684286922
1.684286992
1.684288201
1.684285201
1.684286226
1.684281547
1.684279976
1.684281273
1.684287769
1.684287645
1.684287932
1.684285531
1.684281459
1.68428405
1.684257301
1.684266687
1.684269593
1.684283187
1.684277702
1.684287466
1.707091506
1.688274179
1.688672897
1.684270592
1.720783363
1.726609118
1.684284258
1.684278861
1.684287432
1.684286461
1.684288982
1.68428774
1.684289225
1.6842887
1.694321601
1.69898883
1.721298659
1.732028773
1.731493943
1.728035112
1.725977642
1.704204006
1.722563592
1.715978338
1.715651994
1.713538851
1.709158568
1.684234921
1.68423543
1.684255326
1.690271581
1.691274797
1.68421007
1.688203432
1.685734184
1.684215477
1.684236127
1.684215797
1.684246071
1.684741175
1.684213413
1.684219146
1.684227351
1.694256839
1.691888461
1.693607005
1.694635414
1.694500379
1.698558688
1.692753579
1.690547552
1.693411254
1.692578309
1.693503811
1.69154696
1.690731533
1.693856402
1.705275813
1.703568966
1.708505375
1.709438037
1.709791644
1.704790474
1.691659798
1.696602783
1.711256651
1.711715594
1.71201033
1.710727292
1.684286887
1.684286351
1.68428643
1.684285597
1.684286741
1.684285942
1.684285828
1.686793634
1.693991979
1.684285502
1.684285388
1.684285156
1.684284276
1.684285201
1.684285271
1.684288178
1.68428906
1.684278783
1.684279456
1.684287213
1.684282465
1.684280254
1.684283758
1.684285761
1.68426981
1.684277053
1.684278663
1.684285055
1.684286365
1.684287019
1.713096526
1.69675769
1.73521517
1.728349965
1.684287228
1.699060431
1.685341726
1.684286705
1.684288074
1.684287079
1.684288062
1.684286397
1.684287196
1.698736797
1.703233514
1.726515675
1.729158593
1.73410653
1.731210881
1.736665286
1.708071801
1.724914317
1.721735461
1.718579846
1.713386762
1.684253122
1.684250094
1.68425803
1.684251215
1.684267268
1.68928035
1.694285421
1.692770058
1.68958902
1.684229147
1.684234762
1.684279488
1.689563571
1.686948709
1.684229709
1.697960595
1.695932605
1.696652704
1.69799369
1.697389282
1.702288664
1.696443895
1.696660763
1.696077729
1.6968314
1.696392143
1.69618627
1.695540785
1.696923757
1.698425703
1.709128615
1.70728076
1.713928615
1.714293033
1.714247759
1.70493331
1.717182181
1.717373546
1.715493446
1.710937223
1.684285978
1.6883634
1.684284568
1.684285064
1.684283254
1.684284365
1.684284228
1.684283228
1.684283473
1.696873052
1.701874354
1.68428341
1.68428329
1.684282882
1.684282501
1.68428353
1.684282831
1.684284238
1.684282852
1.684278861
1.684278944
1.68428088
1.6842791
1.684283166
1.684280655
1.684281738
1.684279278
1.684277336
1.684284865
1.684285176
1.684286725
1.684287175
1.684287343
1.684285048
1.684282009
1.713280065
1.717412219
1.738265847
1.731611355
1.689776991
1.703630493
1.684284867
1.694099245
1.684285384
1.684284771
1.684283871
1.739706951
1.702510524
1.706945708
1.728009438
1.733236966
1.731166688
1.735532065
1.725082421
1.711270345
1.722001527
1.716656682
1.684267192
1.684262347
1.687291547
1.68426496
1.684277189
1.684275991
1.692167088
1.696264509
1.693780298
1.699393126
1.687083706
1.685957489
1.689874695
1.693317146
1.691314893
1.689735788
1.702259934
1.699443672
1.70162964
1.700602326
1.707286297
1.699570885
1.700088115
1.699946368
1.698580322
1.699720728
1.700718892
1.700395236
1.712437097
1.712876311
1.718200206
1.718595495
1.717790417
1.70465679
1.720558459
1.710108232
1.719723288
1.71593593
1.684284765
1.6889652
1.684282883
1.684283155
1.684283307
1.690020196
1.695469439
1.684281753
1.684281386
1.684280447
1.684281749
1.684281652
1.684281566
1.699559193
1.684281546
1.684281451
1.684281334
1.684281436
1.684280593
1.68428055
1.68427958
1.684278898
1.68427934
1.684279043
1.684278806
1.684278776
1.684278723
1.684280609
1.68428019
1.684279609
1.684278479
1.684283352
1.684284116
1.684283542
1.684287567
1.684287204
1.684287183
1.684287192
1.684285895
1.684283097
1.684279326
1.684280498
1.724533956
1.742111599
1.736809332
1.708178133
1.699779285
1.684318996
1.684281447
1.684281195
1.738380789
1.743193654
1.745177862
1.70609121
1.710136143
1.730782637
1.728224156
1.732675683
1.723763289
1.714347501
1.719167437
1.691542385
1.68440218
1.687968695
1.685104604
1.695434562
1.696967733
1.700179481
1.694851719
1.692372131
1.695678846
1.696888104
1.695073436
1.703739544
1.707030285
1.702355926
1.705500259
1.703847355
1.713108546
1.702608616
1.702999997
1.704141559
1.703753342
1.701494961
1.702283257
1.717449375
1.720301008
1.722256524
1.722592028
1.722221805
1.704038462
1.723474146
1.710428776
1.715502736
1.720694001
1.688868221
1.684281786
1.689963411
1.694922168
1.684280698
1.68428053
1.684280337
1.684279661
1.684279345
1.68428012
1.684279941
1.684280019
1.696741676
1.684280023
1.68428006
1.684279763
1.684279814
1.684279333
1.684279456
1.684279381
1.684278491
1.684278487
1.684279707
1.684279364
1.684279066
1.684278694
1.684278952
1.684278893
1.684278487
1.68427864
1.685607444
1.684286367
1.684286944
1.684285595
1.684287449
1.684285912
1.684287387
1.684284262
1.684283659
1.684281669
1.684278871
1.684279314
1.684280032
1.726532366
1.741130831
1.709994134
1.717460083
1.704942735
1.698183768
1.68517805
1.735691352
1.742249799
1.748751434
1.747701003
1.71015237
1.71368783
1.729702736
1.72683567
1.721895949
1.717421228
1.695338733
1.691722374
1.688046132
1.687878729
1.698544951
1.699153053
1.701014457
1.699313184
1.698417121
1.701632252
1.700600357
1.704170307
1.707867126
1.710883647
1.704760735
1.708176002
1.709699504
1.719443724
1.70643238
1.709789636
1.707639434
1.704777162
1.704602104
1.72437817
1.728769765
1.727702856
1.725316064
1.726313326
1.702841295
1.724913326
1.709616091
1.715792638
1.721006429
1.688921207
1.691174208
1.691196085
1.685417033
1.684279747
1.684279669
1.690674078
1.684279412
1.684279178
1.684279146
1.684279161
1.684279108
1.68427922
1.684279158
1.696054608
1.684279233
1.68746349
1.684279206
1.684278865
1.684278955
1.684279992
1.684279629
1.684279433
1.684279216
1.684278811
1.68427901
1.684279203
1.684278973
1.684279398
1.687122915
1.685030008
1.684287229
1.684287163
1.684283931
1.68428612
1.684284173
1.684286116
1.684281884
1.684282001
1.684280369
1.684279041
1.684279243
1.684279042
1.684278965
1.684279399
1.727744263
1.739827823
1.721434653
1.713443145
1.705175155
1.732436803
1.74937235
1.740064263
1.748033121
1.752975697
1.714696771
1.717856635
1.72534726
1.721043695
1.729349199
1.695242478
1.690827787
1.699568203
1.689294722
1.704000487
1.702021532
1.70420892
1.705879576
1.706568142
1.711286261
1.706644026
1.707160739
1.714096965
1.714332993
1.725639275
1.712008465
1.715876908
1.710958267
1.709532574
1.733616537
1.73550768
1.734027787
1.729594586
1.726936378
1.702484459
1.724624385
1.709253207
1.719580304
1.71496299
1.702789881
1.722372603
1.685512636
1.684279401
1.684279363
1.715643694
1.688127451
1.691281401
1.68427931
1.69953821
1.691124665
1.697079422
1.684279347
1.68564362
1.684279388
1.684279387
1.69541531
1.684279421
1.70987645
1.698526109
1.684279374
1.684279579
1.684279987
1.684280146
1.684279889
1.684279735
1.684279435
1.684279579
1.684279742
1.684279829
1.684279398
1.684279778
1.685152557
1.686714408
1.684286281
1.684282231
1.68428246
1.684284222
1.684284494
1.684280468
1.684280671
1.684279529
1.684279335
1.684279041
1.684279061
1.684279103
1.734020312
1.744439494
1.730223656
1.722801703
1.73709064
1.754585722
1.746805829
1.755548128
1.718992164
1.723362053
1.725963934
1.733674124
1.703419986
1.69294444
1.697154546
1.688780015
1.707134078
1.706218404
1.710244782
1.708149889
1.711921108
1.708659267
1.715720233
1.708234212
1.710885645
1.720233927
1.733826936
1.719888223
1.717185024
1.71659082
1.743648459
1.74869365
1.734744806
1.727699425
1.723909333
1.699912633
1.718546125
1.707995704
1.712956338
1.684279383
1.68427936
1.729518129
1.725919356
1.68639275
1.689336252
1.684279491
1.710368051
1.709942555
1.709490139
1.684279636
1.70361175
1.686672244
1.695924013
1.690394851
1.692019367
1.684455058
1.723382567
1.684280225
1.712783579
1.684279864
1.684279999
1.684280164
1.684280094
1.684279912
1.684280004
1.684280098
1.684280126
1.686410774
1.68428009
1.684279747
1.684280031
1.684279678
1.684961756
1.68428095
1.684282162
1.684279628
1.684279836
1.684446219
1.684339606
1.68427908
1.685680801
1.757102868
1.750369739
1.740831674
1.748660768
1.736057676
1.743995784
1.760853967
1.76160923
1.753585176
1.724719367
1.731922792
1.742097959
1.700775026
1.704941421
1.690926538
1.694026841
1.687762018
1.711333951
1.711575269
1.712724567
1.709763497
1.716611927
1.713002979
1.721235404
1.710459215
1.716255391
1.736558618
1.724135391
1.725809973
1.723950771
1.72299761
1.742658998
1.755392154
1.730746687
1.717925474
1.726309729
1.692707675
1.699832393
1.711573987
1.703897876
1.684279503
1.71443153
1.738846233
1.737981451
1.689035439
1.687501322
1.686942232
1.685608472
1.722278839
1.722251886
1.690831151
1.706977997
1.700065914
1.697349742
1.690887936
1.691336
1.736171936
1.684280263
1.72488102
1.68428016
1.684280213
1.684280242
1.684280257
1.684280178
1.684280221
1.684280245
1.684280243
1.686248875
1.684280218
1.68427998
1.684280165
1.685864926
1.685336277
1.685244138
1.685424442
1.687130011
1.686761692
1.761650604
1.755914949
1.746438062
1.753470412
1.767024999
1.76382603
1.732546091
1.753471714
1.743354369
1.687691228
1.6981912
1.701698169
1.692215029
1.689445675
1.704882406
1.715166483
1.717237238
1.71047359
1.726826339
1.728153523
1.71915457
1.687289176
1.713921343
1.738397426
1.729595067
1.73032247
1.729157207
1.743302546
1.757387652
1.725240351
1.714463376
1.693278676
1.694217
1.702557092
1.71638768
1.751290352
1.750212371
1.691011505
1.690421211
1.735372314
1.734814646
1.698274954
1.719284667
1.709398712
1.70379339
1.694746242
1.696170976
1.751523423
1.684280252
1.699708162
1.736983816
1.728783427
1.684280259
1.684280258
1.684280253
1.68428026
1.684280253
1.684280265
1.684280264
1.684280265
1.68673481
1.684280258
1.685600386
1.685069141
1.687647875
1.687197916
1.687340438
1.689055652
1.766783226
1.774565522
1.76265815
1.782195365
1.762516267
1.77051237
1.745649749
1.762058971
1.688575916
1.697849502
1.694460164
1.690433423
1.702993778
1.715452714
1.721658898
1.708554979
1.741939363
1.733024713
1.723447828
1.726577826
1.688361146
1.688109595
1.721760227
1.733420401
1.733722288
1.731878902
1.738719867
1.744817174
1.746129
1.710618112
1.718560156
1.701269437
1.696000349
1.69545393
1.764022227
1.695753172
1.74875743
1.747356856
1.722567749
1.704320071
1.711802096
1.701654122
1.703088883
1.766103533
1.778507034
1.684280212
1.706889972
1.712176985
1.749705644
1.736443961
1.684280228
1.684280203
1.684280219
1.684280206
1.684280229
1.684280183
1.684625641
1.685633355
1.689064171
1.68553339
1.687117062
1.686836933
1.689598036
1.691051192
1.690306888
1.794581226
1.785902499
1.797968112
1.786043547
1.771053783
1.770975571
1.75821846
1.689381033
1.696546418
1.691869806
1.702524893
1.712392441
1.696862698
1.743474212
1.713636473
1.733208024
1.726617453
1.68948111
1.689636423
1.691619471
1.733707959
1.748086776
1.727286044
1.732721783
1.743310964
1.726914092
1.729487825
1.708127218
1.700279662
1.702994143
1.696162813
1.722358335
1.76103724
1.712133107
1.711272334
1.7828782
1.800165726
1.684280144
1.721718079
1.731059956
1.773110737
1.762851894
1.749531072
1.684280144
1.684280121
1.684280119
1.684409156
1.684280149
1.686796254
1.686175371
1.687185544
1.692554699
1.687125816
1.6928357
1.688500502
1.691340426
1.821395714
1.817990385
1.799262194
1.782573519
1.767720089
1.690273794
1.692173067
1.690713178
1.692876458
1.703066824
1.706347511
1.697959664
1.757357101
1.712159846
1.733667657
1.722454686
1.691369594
1.694541062
1.694277329
1.771681037
1.75215254
1.725029747
1.752003824
1.718402182
1.719663739
1.708182198
1.701174852
1.700490794
1.70871972
1.808068026
1.684280078
1.731924429
1.744792291
1.78472903
1.76938557
1.830169344
1.684280073
1.684774978
1.684803437
1.688460984
1.685639945
1.688069877
1.687792861
1.69466533
1.688515997
1.69205086
1.690086221
1.689468962
1.849389298
1.837530586
1.823277546
1.806040056
1.782024814
1.692265029
1.691079517
1.694240632
1.693091482
1.693885321
1.772070108
1.707050393
1.702461172
1.698485055
1.71075442
1.739423682
1.719553368
1.697159659
1.696577413
1.700429544
1.795042319
1.771003325
1.768340071
1.806910935
1.725306352
1.712234588
1.723233146
1.705941832
1.708837643
1.72077133
1.826777826
1.837462329
1.80651309
1.684280055
1.750301293
1.764602091
1.78649189
1.838250864
1.686392657
1.687396766
1.68814635
1.689844894
1.68869329
1.68918613
1.691891405
1.69009756
1.690544723
1.690996031
1.870000308
1.862799365
1.842801891
1.844923965
1.809855584
1.694122132
1.696844616
1.694982329
1.695396871
1.760751313
1.7039845
1.698620169
1.71429007
1.698547469
1.695660766
1.693012539
1.699708204
1.704130653
1.813149
1.762788049
1.846003552
1.724844592
1.718853813
1.738290284
1.719891251
1.740842065
1.837589158
1.822602814
1.859821735
1.82085065
1.833861151
1.808318549
1.772376334
1.68721521
1.774822084
1.796821863
1.834558131
1.689210104
1.690109135
1.69098684
1.691560289
1.692216474
1.690896008
1.692827024
1.691919391
1.876259501
1.874666131
1.866676136
1.851080523
1.795386683
1.697855129
1.702141991
1.701678442
1.69921655
1.702210625
1.71525336
1.703689005
1.695017917
1.693754891
1.696921286
1.700924604
1.705974552
1.704835641
1.781270053
1.735797356
1.815580257
1.770496257
1.792409483
1.758861441
1.76784626
1.794676091
1.804879247
1.81793059
1.816486905
1.793158842
1.82227092
1.883014204
1.869264845
1.823227333
1.853250798
1.689436662
1.818324399
1.877298489
1.691812641
1.693097166
1.694702599
1.692803369
1.694186506
1.912876503
1.870724884
1.797327201
1.728626629
1.705819917
1.705471267
1.707523177
1.710563098
1.69445953
1.69524151
1.696112412
1.69853549
1.702494608
1.707950294
1.771313359
1.824622834
1.773791264
1.827921886
1.780316988
1.843970471
1.817169527
1.83251843
1.795454053
1.824260381
1.821114201
1.841973184
1.861325646
1.914384073
1.960897067
1.929638739
1.899832159
1.9372625
1.853251711
1.807220908
1.691383389
1.891028888
1.909892877
1.693011745
1.696000679
1.697422185
1.696465893
1.888219834
1.802346951
1.760096817
1.732488289
1.706404511
1.706772025
1.710487145
1.696778129
1.697817028
1.698890185
1.701882819
1.705973951
1.705493811
1.709256528
1.835272216
1.86335082
1.841159656
1.829748992
1.894285186
1.905415958
1.893609403
1.84627351
1.796442177
1.802946375
1.846086721
1.908268183
1.872777789
1.861076832
1.897407253
1.898011706
1.871521392
1.833130829
1.940504392
1.941418871
1.695058942
1.698196404
1.700872123
1.700631117
1.815162885
1.750981846
1.731329863
1.714628374
1.710357559
1.700355144
1.701195781
1.702183929
1.706720795
1.711291641
1.714267216
1.897656659
1.902760629
1.930920457
1.883160092
1.893853451
1.926482936
1.965658023
1.919835955
1.823702198
1.817391285
1.923714576
1.813996675
1.913492299
1.933501181
1.89441082
1.898914014
1.900997321
1.897282789
1.80401367
1.940739542
1.80696484
1.697669603
1.701274328
1.705785806
1.746411026
1.729855847
1.727564572
1.723067618
1.706672652
1.705455185
1.711408788
1.720622616
1.972355847
1.945710982
1.928095785
1.897165242
1.892340198
1.931971954
1.956096628
1.943269366
1.88155937
1.854368627
1.947239823
1.841481409
1.939181231
1.902561566
1.826950002
1.874527597
1.920739668
1.831513387
1.756061958
1.82664222
1.700980331
1.704599591
1.705864049
1.710065087
1.75474298
1.760001136
1.74919431
1.732638419
1.712968528
1.712783085
1.715856168
1.718389101
1.949832792
1.979297863
1.897648935
1.889642095
1.913155506
1.914866362
2
1.899989194
1.977239265
1.983351354
1.884283266
1.883424206
1.901486015
1.827199728
1.836938863
1.897806799
1.774389191
1.789157572
1.805815144
1.705638019
1.708511284
1.715386185
1.776904058
1.746611937
1.725589904
1.723336205
1.719937959
1.90827383
1.938074296
1.916115978
1.901657798
1.912051834
1.833993643
1.979797463
1.946723683
1.981645361
1.892961223
1.880196846
1.890236226
1.883517741
1.857052373
1.893081675
1.773743436
1.780477769
1.766697328
1.71213911
1.716330639
1.726674421
1.736490203
1.737556431
1.74171639
1.729946934
1.926428486
1.947208969
1.947124565
1.912887959
1.848083257
1.778855479
1.955002607
1.981200777
1.934089145
1.946073435
1.9199837
1.876169943
1.889607812
1.910633774
1.91243112
1.92609496
1.751261311
1.753496207
1.718091246
1.724642437
1.735750077
1.735614319
1.756164423
1.770059573
1.75902294
1.941097132
1.934365047
1.952461582
1.923296844
1.815611192
1.783767557
1.962360338
1.956165116
1.922349835
1.925604946
1.921413861
1.931900337
1.943338801
1.924899534
1.930732257
1.937125721
1.743308631
1.731293787
1.753937483
1.763910067
1.762758788
1.777117961
1.784987342
1.758998211
1.969036055
1.95856174
1.966013409
1.879780321
1.809018366
1.952176347
1.93372678
1.928442572
1.939491841
1.939033818
1.920625624
1.95863422
1.961281213
1.786542213
1.767870043
1.737526704
1.764018466
1.7854085
1.77300309
1.77241104
1.953207602
1.970757474
1.837163738
1.896628129
1.955613526
1.954009684
1.96544118
1.966072431
1.975180653
1.968215202
1.937939454
1.785095322
1.785590321
1.740571427
1.75842372
1.765703312
1.814319799
1.966504162
1.966359525
1.813440337
1.900938426
1.97630003
1.964197064
1.950852341
1.963120377
1.962256928
1.945603687
1.929884351
1.771340777
1.755188145
1.759148474
1.84626735
1.768572049
1.980718242
1.938097962
1.862905
1.96868639
1.937631023
1.93117113
1.93780611
1.930493766
1.923971728
1.756258655
1.788742654
1.847563538
1.757035342
1.77175042
1.957616347
1.930827665
1.938073961
1.908913461
1.92890254
1.916754664
1.918217172
1.774214264
1.88482048
1.779994291
1.750388813
1.948006751
1.924684133
1.898149892
1.90871055
1.907530776
1.905224226
1.743625878
1.811811298
1.756885448
1.972105808
1.904685664
1.891546134
1.893480802
1.873327092
1.761273753
1.752945792
1.809543506
1.863872806
1.928102313
1.895837743
1.898052772
1.812216407
1.793824746
1.837394276
1.847877798
1.884189221
1.890647421
1.884250874
1.848224005
1.844608384
1.840034104
1.848964792
1.947499025
1.908119717
1.857648656
1.843012054
1.905415253
