1.889021799
1.885638185
1.912069843
1.899242627
1.878167956
1.873979669
1.921972392
1.908165224
1.887121709
1.926408141
1.878932308
1.9262882
1.881423756
1.878240295
1.897914829
1.916823309
1.876792046
1.927091897
1.921137209
1.90241373
1.888479903
1.930454572
1.928387054
1.92724686
1.933529766
1.931173693
1.883524027
1.885555672
1.88010324
1.88370055
1.891496327
1.914436039
1.88840704
1.935796415
1.932389951
1.918603502
1.928262583
1.904591807
1.932170475
1.919671867
1.934896933
1.937360124
1.942409502
1.858763137
1.864585068
1.885637126
1.893104162
1.863445082
1.900727029
1.893002792
1.915994833
1.935756956
1.938902686
1.939716146
1.933589617
1.947497012
1.937949256
1.941396502
1.946810196
1.949286789
1.954708086
1.963881271
1.95893628
1.831230983
1.832268216
1.861595356
1.87559154
1.894154145
1.91046086
1.845273172
1.928006738
1.948072333
1.941018221
1.943598096
1.947259023
1.951843728
1.959304135
1.948728091
1.952849813
1.953001746
1.953640558
1.958889841
1.967723846
1.96225932
1.970942265
1.975129376
1.814034789
1.806999175
1.822478332
1.856557513
1.886803169
1.913469387
1.937214113
1.830376854
1.962840856
1.950333699
1.946606993
1.95186839
1.954385705
1.958811823
1.961732596
1.969090699
1.958073445
1.958890679
1.961507262
1.966375563
1.970768551
1.976191625
1.976790032
1.975674685
1.979101375
1.980054313
1.985138723
1.802765803
1.793749549
1.797055809
1.868128659
1.842389028
1.900794553
1.928358368
1.965024975
1.821084063
1.954508535
1.959865787
1.956525372
1.960366134
1.964495729
1.96864537
1.973577421
1.968167086
1.967199188
1.971684505
1.979638625
1.982858271
1.990159503
1.987062074
1.984740092
1.98519451
1.985808019
1.987821398
1.986280924
1.98132349
1.930544873
1.969803054
1.962752426
1.797174789
1.787964137
1.786164302
1.847912232
1.879977645
1.822958167
1.912257132
1.951911257
1.806151187
1.963618944
1.96450692
1.96964813
1.967725669
1.973917794
1.974218135
1.976399098
1.978564661
1.969252238
1.958087792
1.978473793
1.9855591
1.994552339
1.996527689
1.996282452
1.996394074
1.991483369
1.990476743
1.988058843
1.977113111
1.968828376
1.913641689
1.934570042
1.948644807
1.963969409
1.958352138
1.90932946
1.790263612
1.789149751
1.785328967
1.867697437
1.83494801
1.892609818
1.810323175
1.928504865
1.796358587
1.974826723
1.973644405
1.973574292
1.977523237
1.978032861
1.98013911
1.983369974
1.977027495
1.969853589
1.946543104
1.92816336
1.987663926
1.992924657
1.995625285
1.997032843
1.994559686
1.99266492
1.988695881
1.984353762
1.976221953
1.967202402
1.961050714
1.908123626
1.920467684
1.955026264
1.943024933
1.95815164
1.912335046
1.919377318
1.925087861
1.788046347
1.789838792
1.794513892
1.868475282
1.847106619
1.81907812
1.899743156
1.798198852
1.788943757
1.982473518
1.981273608
1.980198432
1.97484134
1.985489844
1.98647321
1.989301081
1.95490988
1.935366296
1.906928558
1.890833581
1.989173236
1.98759744
1.988226294
1.981713563
1.979241583
1.976622116
1.971406517
1.970853544
1.963618856
1.958188306
1.955715009
1.911823166
1.906441809
1.929438497
1.953318218
1.945225707
1.914222279
1.923232659
1.923784326
1.923777401
1.786896928
1.792153995
1.926531381
1.793906315
1.871800821
1.85210021
1.830388973
1.806568927
1.791860026
1.785491236
1.988114717
1.987523859
1.9885541
1.98035451
1.953016632
1.989120354
1.986761791
1.98239791
1.917692429
1.898384672
1.872465005
1.861174224
1.977480999
1.978099056
1.971639538
1.967904707
1.965508767
1.961507089
1.959453284
1.954002395
1.952522435
1.949841634
1.904742253
1.917302998
1.903755008
1.933978551
1.941500106
1.915388059
1.920976362
1.932339418
1.784936794
1.796071579
1.795668119
1.933557654
1.797633117
1.851606842
1.834845033
1.816753551
1.797153968
1.786370243
1.782690254
1.987685996
1.990118034
1.978744288
1.986936027
1.961667901
1.914224754
1.982062197
1.977162193
1.96946724
1.871739611
1.846012257
1.837385375
1.967469529
1.963173428
1.959897709
1.958180537
1.954434093
1.953126825
1.949492284
1.949669497
1.947926947
1.908041193
1.896738865
1.922521542
1.901207663
1.933958537
1.937014543
1.910331465
1.92749043
1.946892202
1.946497995
1.781873285
1.793659468
1.948764491
1.947875296
1.937705103
1.79256074
1.83012178
1.815883593
1.802831682
1.790142784
1.785674226
1.781226043
1.97645235
1.984424458
1.982304023
1.955593051
1.979107441
1.927018947
1.879017473
1.974252921
1.967123493
1.962539927
1.844415773
1.821232368
1.815653365
1.960905673
1.956646583
1.954800168
1.951065499
1.946322156
1.944956716
1.941821632
1.923809311
1.902715912
1.89007621
1.895219913
1.93128717
1.931737197
1.924798093
1.943500636
1.953045525
1.781162053
1.787159452
1.951537847
1.942082462
1.92966474
1.927438927
1.932649264
1.924998564
1.781154376
1.811606687
1.801488502
1.795204081
1.788845974
1.784850908
1.780371532
1.979385538
1.94895619
1.982665458
1.976948524
1.917482286
1.971660874
1.890587461
1.843867852
1.970828721
1.966770135
1.968221892
1.820935879
1.804588641
1.800769917
1.965617294
1.966763409
1.960578779
1.95066401
1.947620226
1.939755079
1.928304173
1.910335472
1.887519948
1.882723516
1.901973534
1.929517863
1.93347288
1.927556676
1.94495543
1.940885801
1.778225268
1.778649079
1.935779433
1.927877107
1.929347534
1.937809093
1.93504131
1.919659096
1.771287365
1.798288266
1.794486226
1.788219199
1.786265191
1.783546579
1.982778603
1.965220555
1.913684501
1.978580598
1.973217201
1.875123451
1.97559849
1.850384226
1.818409171
1.974478119
1.977919556
1.979143703
1.804149918
1.797509383
1.793820514
1.985174405
1.976000029
1.964696357
1.956040757
1.949692777
1.909842134
1.927730994
1.889593236
1.873352278
1.879719132
1.901105929
1.927800769
1.94751492
1.922331652
1.927912373
1.921457611
1.780709056
1.77819351
1.915421177
1.928721247
1.948491668
1.940503506
1.902970701
1.765574086
1.794485903
1.795273967
1.793718992
1.792468017
1.78952354
1.971616425
1.976787474
1.931428951
1.880658171
1.974785878
1.97745644
1.843403888
1.97945876
1.822086829
1.79900705
1.981375328
1.983626047
1.995402344
1.789898039
1.788340204
1.791108696
1.99375169
1.986881913
1.971760512
1.971883836
1.888610476
1.918888699
1.868518676
1.864252756
1.876944162
1.904149222
1.947392727
1.966910344
1.915257503
1.910519234
1.920468522
1.775951486
1.787153059
1.91078786
1.94524031
1.956031644
1.886199228
1.899025417
1.769221818
1.783468889
1.764242296
1.7939411
1.796545941
1.797748275
1.794157026
1.796670455
1.946110136
1.963758876
1.97039888
1.900223394
1.852709331
1.970582728
1.970049921
1.825166274
1.815311882
1.96892259
1.798662633
1.976715157
1.987654307
1.997696021
1.779057046
1.778802176
1.784513301
2.001162551
1.989676925
1.986766898
1.865662022
1.934805129
1.852156151
1.858232555
1.882852359
1.9061236
1.966697163
1.985807249
1.903632649
1.903060153
1.928689437
1.780713497
1.913197377
1.947793242
1.875157409
1.908087052
1.768392762
1.782956279
1.77532449
1.846323286
1.762408613
1.791989652
1.79556575
1.795803054
1.795827683
1.787851667
1.907958082
1.941925225
1.961677852
1.965293644
1.865508982
1.830382997
1.961378334
1.957723198
1.805750515
1.796052075
1.961707287
1.96809524
1.99033111
1.975963642
1.996639329
1.772873043
1.775064402
1.784790576
1.993717428
1.991334279
1.855827946
1.845894914
1.95607634
1.868011883
1.896690102
1.904268239
1.981703442
1.992677312
1.897900491
1.907281501
1.928503296
1.774485086
1.914485872
1.880149902
1.928875838
1.765915255
1.776816826
1.78503541
1.772519096
1.842124006
1.858477623
1.758711361
1.79220058
1.793921997
1.791379632
1.787807721
1.778858577
1.911194273
1.87723885
1.942435885
1.958998917
1.957547041
1.839936946
1.810783784
1.954712909
1.954440026
1.794032105
1.958276516
1.966711538
1.984945634
1.978123818
1.9901462
1.770289377
1.782347414
1.772984559
1.997168587
1.860708134
1.842835622
1.963917331
1.887143624
1.893995434
1.892049746
1.98191466
1.997080504
1.91093336
1.91793197
1.764711925
1.771062578
1.895146468
1.932037357
1.777071195
1.782646955
1.791074994
1.773236922
1.837103117
1.849285348
1.871826694
1.758732186
1.752728599
1.793232623
1.791927913
1.784079895
1.77682924
1.770107326
1.922887358
1.886750175
1.854352771
1.940077275
1.956265461
1.955174842
1.824285848
1.802663688
1.950488886
1.95131014
1.955575979
1.963447535
1.970255409
1.986863879
1.770513473
1.779679514
1.771128396
1.996804955
1.868057803
1.84541943
1.957174832
1.883354822
1.880588234
1.898025724
1.978338574
1.993467943
1.915056969
1.761933584
1.902626845
1.927819602
1.782996974
1.787957081
1.796121795
1.806088608
1.777666378
1.836777467
1.83359016
1.851718892
1.868059402
1.750659867
1.745694411
1.790429201
1.780655791
1.772926016
1.765838583
1.762604689
1.909921119
1.928141132
1.875602403
1.842885158
1.933117309
1.939448054
1.94058476
1.945950721
1.816084575
1.945270226
1.945019746
1.950480156
1.956549074
1.981232876
1.773267312
1.773345029
1.771697394
1.983682739
1.849047975
1.880164911
1.95295729
1.867068741
1.875407986
1.893674276
1.976764496
1.983640715
1.755790366
1.915531365
1.93391909
1.801387711
1.792139116
1.807533931
1.810229104
1.814574358
1.784509073
1.828769712
1.838200979
1.838768577
1.852543398
1.859032667
1.797485832
1.849474285
1.749171151
1.743901066
1.740261911
1.776280673
1.768994775
1.76034749
1.757910981
1.757065237
1.925668923
1.899292091
1.933915233
1.864078631
1.83545218
1.932886861
1.9327616
1.934742758
1.941388218
1.942486773
1.941634972
1.944391681
1.963338146
1.777913276
1.769000489
1.775866633
1.970532127
1.857510837
1.887492256
1.95851044
1.856411266
1.868567929
1.973445439
1.978433154
1.919248459
1.939430974
1.813204777
1.806546265
1.815954724
1.81678137
1.822323063
1.833856713
1.787934525
1.828504461
1.827917939
1.837899929
1.845296486
1.844184826
1.796365925
1.788318037
1.837339524
1.845657738
1.743496356
1.749250273
1.739018972
1.736047406
1.765011048
1.758914304
1.754149621
1.753290671
1.753311367
1.920300826
1.934173891
1.885981606
1.936830467
1.852948464
1.937795924
1.934112867
1.933963251
1.935314863
1.940295579
1.938585468
1.948757282
1.780710214
1.769066841
1.778143612
1.958670164
1.868080655
1.894961736
1.958090093
1.851375797
1.977601197
1.973201696
1.910853449
1.936556042
1.812652951
1.800793223
1.818040782
1.818724881
1.829221542
1.846006261
1.783037133
1.826856316
1.836719663
1.827849754
1.831821274
1.853550054
1.784627074
1.782083981
1.77459695
1.839719564
1.832047793
1.844819168
1.74321693
1.739922953
1.746549586
1.735677652
1.733265622
1.760792132
1.755547304
1.749976473
1.747732938
1.90740142
1.936005223
1.947105249
1.873649907
1.951842701
1.945831795
1.937739799
1.933954588
1.932790307
1.938272041
1.940497048
1.935021974
1.777934556
1.766399421
1.770628719
1.951568321
1.867961369
1.876964714
1.883780782
1.966056461
1.84570082
1.974181558
1.954979368
1.904789081
1.937697031
1.793580302
1.802003659
1.807824865
1.824976168
1.845071333
1.869339292
1.77213944
1.833457179
1.823591453
1.84604547
1.824508866
1.773376435
1.78070951
1.77003553
1.763536894
1.84040324
1.831186755
1.73948975
1.740236222
1.737344628
1.742207087
1.733277953
1.731083887
1.759313394
1.751480308
1.745145227
1.934449094
1.900345279
1.958619349
1.96208577
1.952357499
1.94477498
1.935076005
1.932135999
1.932191803
1.934519045
1.76841859
1.762624103
1.760295418
1.937922903
1.855920484
1.868368422
1.864431047
1.875124314
1.948138313
1.849197437
1.953473987
1.939552386
1.897722721
1.919402295
1.789915567
1.799264433
1.816872024
1.837996454
1.860148755
1.889816901
1.763898427
1.843633549
1.827459952
1.826298218
1.768514286
1.776199279
1.785974875
1.763336191
1.756080782
1.846157429
1.838754235
1.832351824
1.737399656
1.734374003
1.735413707
1.735620223
1.740101549
1.72904435
1.731208338
1.75319441
1.746113055
1.924595338
1.961867776
1.978187846
1.970044753
1.959262944
1.945820426
1.937216128
1.932400435
1.930456907
1.75731093
1.753047681
1.750910442
1.928570044
1.848984915
1.857870049
1.849677387
1.849620265
1.86593862
1.906660415
1.926589495
1.85525517
1.932864062
1.92357984
1.885569984
1.798157779
1.8182834
1.84788634
1.881920973
1.925337666
1.753696893
1.835659383
1.829048841
1.777051653
1.767569104
1.788191245
1.799524697
1.757894532
1.75032342
1.851007407
1.841068283
1.834660959
1.734074523
1.734932787
1.732577066
1.731484522
1.731131615
1.740472637
1.729232738
1.726582856
1.728609084
1.731837811
1.73550745
1.729188835
1.727462439
1.729392475
1.744840902
1.963841319
1.980738979
1.980124693
1.970363259
1.958053243
1.947358476
1.939636613
1.929294207
1.749210755
1.745384298
1.74443551
1.919602931
1.837111704
1.841144333
1.832259584
1.837986077
1.857292793
1.888421195
1.875614048
1.906540279
1.854378148
1.906862988
1.90439129
1.81697387
1.844273597
1.881777322
1.925150133
1.960304089
1.746914556
1.837326256
1.774485252
1.787519823
1.759188666
1.802289807
1.814000902
1.750765946
1.745598876
1.848026315
1.841630018
1.839614117
1.73149045
1.731751085
1.729878959
1.738602373
1.728226387
1.727343931
1.725710953
1.725791539
1.724770853
1.727569215
1.729038921
1.734702362
1.731127186
1.727730903
1.727490823
1.726021665
1.726617515
1.739463516
1.976257998
1.975232031
1.963425948
1.954508491
1.947478634
1.942319499
1.93400317
1.743956086
1.741428929
1.739913883
1.926208126
1.907093302
1.834076239
1.843169196
1.826309181
1.822086005
1.83136944
1.85657484
1.860543944
1.873367577
1.886015159
1.847050597
1.880032514
1.879513439
1.837280189
1.874134145
1.911461565
1.941081469
1.95948245
1.742510461
1.761519521
1.778970331
1.794354391
1.751288953
1.810284604
1.834413138
1.744513405
1.741638695
1.845077318
1.843190507
1.846648951
1.729121586
1.726450323
1.723899873
1.724584735
1.724391584
1.723141361
1.844895151
1.847344678
1.7322482
1.808720703
1.726822216
1.736851361
1.7280523
1.729768772
1.725599327
1.726192368
1.724432907
1.72460212
1.739110994
1.967243742
1.95711726
1.942036339
1.934471412
1.928081942
1.932406689
1.73765057
1.735653606
1.914518495
1.890819536
1.837868371
1.846792798
1.820210951
1.815221621
1.824027015
1.842480834
1.854567617
1.865296394
1.844172187
1.860508498
1.863022812
1.864576682
1.89429983
1.929393305
1.948845811
1.947874856
1.737581691
1.751676171
1.767852858
1.788527689
1.744633761
1.831105713
1.860979373
1.738441772
1.733851627
1.847814285
1.851363202
1.724774219
1.722113661
1.722795861
1.722966566
1.723444771
1.723110329
1.721774558
1.844989353
1.829490661
1.829011215
1.734526871
1.732173553
1.828438803
1.8059742
1.731102338
1.720535132
1.720731021
1.725886573
1.734163013
1.727744685
1.730276071
1.7236683
1.724353979
1.722682737
1.722257028
1.946846577
1.93801915
1.923806511
1.911001306
1.91073339
1.730630851
1.729767212
1.888307335
1.86638793
1.832405093
1.845665305
1.813547271
1.799977279
1.813146446
1.814687566
1.834125307
1.843530746
1.842553073
1.837114356
1.838721479
1.894018647
1.922236726
1.936658156
1.939526326
1.928171062
1.745113215
1.758547238
1.776917112
1.739027035
1.852648163
1.878212879
1.733180792
1.729086016
1.851290136
1.851015175
1.723897029
1.720967735
1.721122037
1.721464907
1.721896148
1.722199754
1.842324958
1.808816734
1.808629017
1.731022439
1.847030235
1.822071397
1.795459111
1.727080561
1.719260109
1.719344211
1.721735464
1.72003651
1.720500515
1.727579557
1.789339802
1.750561591
1.725661646
1.72682029
1.727693479
1.725438139
1.721762957
1.720511302
1.719620519
1.720006982
1.923649927
1.917198049
1.899034919
1.887840841
1.72565227
1.864686258
1.843477061
1.81725351
1.83766415
1.799382874
1.788482784
1.796473659
1.795168407
1.811599122
1.81795654
1.835583583
1.81140412
1.812411082
1.897541652
1.912224959
1.913060453
1.920129938
1.916068425
1.90597358
1.740533694
1.765442157
1.735008662
1.874133001
1.730244107
1.726370329
1.847418442
1.840981513
1.723672241
1.719279246
1.719131978
1.719484246
1.838328734
1.787893049
1.860784
1.830852691
1.806683071
1.78236895
1.724702989
1.717925705
1.718050132
1.718446757
1.723518823
1.721661152
1.719703915
1.718744668
1.723674961
1.778214722
1.771990636
1.744613176
1.752926805
1.71848004
1.73281182
1.717101967
1.725576662
1.722886753
1.723128734
1.721378794
1.718852472
1.719611798
1.718915066
1.718875009
1.718956103
1.898084498
1.881320497
1.872065009
1.72292998
1.84532534
1.821137992
1.82161405
1.806747791
1.788869083
1.777112392
1.784310056
1.786510532
1.793795605
1.826385009
1.786327637
1.792626922
1.894918979
1.882891032
1.891815909
1.895910182
1.900934191
1.898583586
1.881039815
1.739023584
1.75991569
1.727612246
1.724279827
1.834379595
1.823612535
1.71832585
1.718574426
1.718686802
1.718751752
1.827894933
1.768401314
1.863692033
1.837665553
1.811885329
1.791000988
1.772745647
1.717677124
1.718011168
1.71786309
1.723327082
1.721428836
1.719318375
1.720791762
1.764039915
1.774151305
1.758074136
1.746519849
1.730142171
1.734357214
1.716967543
1.717322416
1.716534501
1.718441077
1.720779294
1.720867951
1.721203852
1.719246381
1.718986447
1.719063879
1.719123309
1.719261474
1.718819386
1.7189732
1.860727141
1.853447014
1.722607958
1.828623795
1.808443031
1.795152049
1.810313671
1.794403428
1.776981881
1.767025232
1.765188747
1.772569449
1.808410741
1.766294174
1.773118728
1.872064213
1.876777409
1.87344425
1.881721209
1.888364654
1.870573329
1.739251833
1.755262265
1.725720168
1.820717398
1.811667474
1.718244274
1.718571523
1.810292971
1.75347786
1.860142247
1.838130752
1.817066624
1.798743928
1.779628219
1.766377472
1.717623665
1.71790079
1.717116791
1.719733954
1.718307541
1.719593017
1.753655823
1.759318658
1.762802553
1.747989451
1.745786336
1.729295589
1.73389592
1.71683967
1.717155671
1.716383891
1.716113023
1.717881271
1.71666027
1.717983444
1.717167906
1.72114609
1.717203136
1.719261396
1.719021116
1.719442731
1.718788697
1.835915654
1.844366472
1.723814732
1.813467733
1.796548605
1.779362214
1.796512622
1.779595522
1.767714166
1.761745301
1.754385191
1.749606795
1.786869826
1.751502219
1.745894751
1.759189116
1.854413638
1.854009601
1.857905713
1.867359425
1.863248934
1.738044644
1.744258342
1.752714154
1.760874745
1.727507581
1.802082302
1.795849601
1.718188587
1.718471249
1.790181511
1.743153525
1.837074875
1.819254698
1.804414172
1.78518186
1.769978641
1.717462172
1.717754524
1.715662506
1.715706967
1.716794507
1.715729345
1.719552283
1.755368569
1.749820015
1.758675853
1.74329974
1.732403884
1.716653292
1.716953022
1.716175477
1.715915233
1.715629228
1.715290414
1.715124301
1.716253588
1.717588817
1.717988787
1.714509283
1.719136388
1.72009954
1.761969908
1.715147491
1.722636285
1.719301249
1.718721559
1.718925388
1.719495193
1.82200227
1.839567139
1.726542396
1.799363889
1.785610232
1.767447132
1.780762918
1.771146615
1.763664691
1.76301222
1.740050366
1.770927943
1.768177727
1.742973845
1.738156228
1.74912273
1.832826281
1.836149559
1.832920653
1.839633372
1.848621335
1.73647795
1.742866311
1.751141487
1.756462126
1.761760789
1.730748382
1.779924015
1.780510808
1.718059075
1.718335794
1.737964116
1.820967905
1.814561493
1.805375543
1.788494377
1.770721025
1.717227794
1.717580906
1.715289155
1.715490047
1.714662435
1.714765415
1.766451237
1.750667122
1.742026354
1.716422423
1.716719036
1.715944223
1.715701933
1.714213285
1.713959331
1.714879303
1.714628764
1.715832308
1.7214342
1.71825541
1.714295516
1.719108369
1.724629947
1.761588501
1.776373024
1.719492032
1.757676102
1.82070976
1.715309681
1.735987677
1.773000556
1.713847435
1.828370509
1.722770246
1.757339835
1.713492071
1.728043389
1.719256085
1.718614617
1.718883902
1.8089535
1.828090466
1.732308994
1.786083955
1.774023733
1.772395037
1.767051389
1.764451188
1.771945766
1.734051478
1.7675615
1.758278009
1.736920507
1.734112133
1.741835206
1.819223246
1.81441126
1.80990614
1.736076068
1.741389167
1.747145528
1.752238046
1.757871367
1.772254951
1.71780385
1.718188708
1.737149663
1.805885683
1.799162502
1.788776856
1.772972701
1.717020522
1.715043088
1.714396635
1.714490503
1.746796136
1.716199241
1.715511063
1.713966513
1.714616845
1.71380672
1.715863028
1.72649891
1.719074824
1.714026985
1.729460107
1.761327621
1.749606678
1.779522046
1.719468481
1.751119843
1.715066056
1.731429487
1.732463396
1.731218454
1.770955918
1.713491887
1.713600067
1.812112162
1.81554356
1.723375255
1.726912696
1.749584366
1.762003566
1.74732626
1.719023229
1.713807576
1.798216585
1.807708376
1.713091897
1.712787267
1.733518889
1.719111179
1.718489605
1.718744988
1.800391223
1.738428217
1.769978056
1.787203655
1.777762572
1.767364364
1.765337646
1.766993121
1.734297233
1.73092721
1.76384632
1.758743344
1.751243845
1.730638299
1.742657334
1.734808837
1.799932484
1.80015627
1.79717419
1.799207385
1.741586108
1.746113398
1.743061465
1.750169273
1.760693086
1.717248406
1.717583431
1.717924322
1.741454462
1.792982277
1.785131883
1.773813256
1.716434006
1.714732673
1.714113957
1.714220391
1.715657559
1.714993829
1.713658593
1.714369275
1.715948446
1.730930077
1.719114862
1.71373208
1.761456874
1.750652221
1.767472852
1.77442644
1.719413564
1.727812443
1.728176831
1.727380241
1.72655522
1.766812372
1.713201245
1.713262613
1.800324767
1.800039667
1.72553224
1.721252558
1.722603894
1.728108282
1.752282922
1.759486814
1.746845361
1.744771355
1.713227872
1.78700544
1.789234199
1.793711278
1.769149854
1.781284747
1.722677959
1.780296653
1.712780565
1.712623684
1.712119674
1.734616948
1.718997607
1.718652556
1.718260781
1.786624304
1.736849539
1.758566727
1.775983469
1.76187198
1.76304306
1.740892781
1.733142132
1.72886823
1.757880035
1.752459605
1.737472048
1.748081744
1.729656318
1.789194007
1.788738071
1.78269949
1.788228632
1.737875069
1.744134557
1.740159774
1.751740237
1.761184631
1.71670665
1.717038736
1.717415893
1.769663114
1.715861797
1.714492068
1.713826211
1.71400232
1.715074042
1.71333505
1.715739175
1.730008941
1.718649262
1.713430034
1.753405615
1.758507306
1.746764345
1.763145813
1.768342824
1.719330913
1.726956327
1.724188138
1.724220963
1.723320476
1.725070245
1.760750131
1.712847115
1.712918137
1.787024916
1.787368756
1.724681275
1.719787724
1.719860341
1.74737287
1.743443742
1.74277539
1.71253331
1.77683516
1.776605004
1.785019204
1.764260915
1.774075477
1.720006872
1.777700089
1.767477422
1.722637084
1.768099818
1.717726697
1.76991424
1.721402512
1.717069029
1.712324599
1.712428615
1.712173712
1.711540332
1.711703631
1.731818881
1.718493628
1.718873738
1.718062726
1.773900342
1.732894319
1.756088506
1.74932282
1.753781521
1.758021004
1.741031572
1.737088169
1.731139489
1.742616276
1.73058677
1.736072742
1.725099062
1.778387994
1.779306379
1.772927458
1.775470947
1.735104126
1.738736842
1.745160895
1.752302424
1.757553066
1.716155582
1.716469234
1.716736417
1.71528649
1.714569448
1.714009596
1.713606365
1.713005232
1.714932133
1.728681095
1.725930935
1.717050111
1.713188299
1.750749346
1.753547059
1.755154034
1.746117447
1.761201295
1.757461669
1.760427911
1.719217489
1.727729932
1.720844438
1.720793188
1.722328656
1.724817888
1.754221715
1.712492986
1.712561409
1.773924757
1.719616699
1.716677874
1.748093533
1.743273254
1.740960205
1.740826617
1.711027764
1.711626655
1.767927364
1.76630884
1.776263085
1.759271181
1.766695906
1.715849178
1.717426376
1.768992354
1.759283889
1.723766468
1.721117883
1.761943019
1.762336738
1.763704574
1.719841083
1.719177556
1.716500381
1.716100265
1.717430037
1.716182665
1.757117771
1.744749806
1.759186514
1.71180588
1.711965034
1.712093562
1.711168097
1.711307993
1.728662722
1.726505943
1.717848988
1.718368164
1.719072873
1.760600206
1.730880499
1.752001193
1.747450885
1.740800669
1.75349464
1.748582938
1.750863676
1.742191028
1.737148636
1.731925392
1.72716479
1.722315104
1.73389177
1.769706153
1.771409598
1.764911574
1.761681227
1.73426642
1.739913348
1.745414064
1.748835073
1.751747556
1.715549393
1.715841832
1.714733987
1.71408393
1.713553329
1.712727061
1.713428913
1.710708001
1.713645878
1.713046696
1.746391583
1.750498301
1.751890064
1.751553876
1.756442032
1.753337248
1.752794416
1.726588893
1.716233943
1.717578944
1.71746155
1.722588425
1.748952488
1.712122911
1.712233839
1.71507351
1.718438868
1.716866103
1.712787887
1.739931039
1.741758541
1.73874115
1.738750439
1.710635587
1.71048168
1.757528278
1.768612995
1.752177771
1.759733279
1.713612142
1.711886383
1.761294524
1.754400035
1.723193238
1.720410786
1.753655729
1.755056772
1.755732325
1.716772413
1.718178629
1.719671302
1.71584862
1.716930522
1.71532528
1.715339399
1.716404983
1.715509186
1.748917052
1.749958885
1.74507939
1.741852184
1.750723534
1.714662145
1.749647634
1.748565681
1.752376217
1.743960489
1.748080008
1.757592972
1.710181831
1.713877089
1.736709938
1.748920624
1.742284906
1.711442431
1.71166083
1.710810777
1.710963761
1.725438181
1.728061031
1.717379245
1.718216179
1.718858831
1.748838332
1.749105406
1.731472119
1.741056406
1.737994149
1.728961524
1.748572833
1.74609994
1.742018237
1.737089017
1.731487074
1.717628682
1.72313216
1.715401149
1.76171939
1.765808672
1.760074229
1.735822172
1.739830924
1.742958917
1.746547269
1.749944503
1.714830616
1.714087439
1.713537408
1.712412524
1.709764158
1.709922222
1.712942698
1.74509472
1.749472232
1.74956237
1.747797491
1.748951734
1.747826855
1.745636828
1.725979646
1.714568359
1.714809345
1.715084978
1.715068309
1.721374996
1.744548582
1.711678336
1.711816519
1.710793309
1.715730416
1.717221704
1.709020836
1.737518485
1.739125407
1.736407864
1.710365556
1.710115416
1.747106356
1.76125386
1.738272739
1.750177796
1.70934204
1.708716211
1.755711963
1.723249907
1.720341151
1.740366795
1.714330179
1.716304748
1.717246336
1.714998124
1.714666653
1.714495098
1.716300155
1.715319581
1.71452707
1.74008622
1.735158831
1.738212116
1.741816115
1.739200783
1.741045375
1.741890771
1.747301515
1.730173369
1.746915257
1.753281131
1.709310208
1.710494094
1.712259704
1.734794661
1.735541921
1.74100168
1.739545989
1.742655334
1.709680212
1.745333266
1.737236485
1.711860159
1.714143287
1.708171229
1.715270796
1.71111272
1.710547292
1.726264752
1.729441089
1.717754253
1.716974251
1.718563471
1.73482119
1.732587283
1.723864907
1.715697197
1.743563691
1.740992429
1.735820034
1.73154086
1.715370336
1.71500225
1.756521989
1.758730677
1.754587355
1.735273873
1.738285788
1.741764754
1.745995919
1.751344228
1.713936017
1.713282429
1.712559452
1.712024541
1.709390366
1.743451213
1.747356887
1.746440909
1.743782892
1.74316636
1.742918575
1.742417314
1.740458907
1.727816409
1.724022129
1.714295751
1.714140811
1.714602111
1.714545417
1.718226344
1.719742718
1.740784635
1.711208423
1.711328062
1.707910475
1.713831538
1.717940947
1.714901195
1.708954314
1.708584323
1.736523843
1.733869937
1.710108323
1.70978436
1.732382546
1.755845726
1.71588955
1.725389218
1.74448633
1.708367277
1.721234304
1.724143019
1.713883925
1.713863663
1.71395751
1.713664289
1.71623655
1.714227258
1.713603294
1.723245274
1.723873676
1.715779947
1.727872302
1.717766917
1.733902919
1.736771349
1.730654105
1.734876827
1.734354692
1.733401452
1.71655557
1.74484604
1.749035463
1.707714145
1.709570826
1.733604805
1.732918521
1.733923816
1.729339489
1.740018118
1.737102887
1.709395884
1.741763918
1.722309363
1.711455604
1.713481722
1.708140791
1.707905893
1.715357265
1.714442724
1.712066439
1.715771903
1.715655511
1.73486152
1.74508282
1.738645812
1.720703109
1.712386566
1.712244849
1.717861705
1.71062903
1.710253166
1.726794922
1.730500019
1.717176832
1.718140939
1.7157618
1.7155816
1.715529741
1.71528247
1.739003315
1.740787852
1.735601863
1.732765443
1.730182198
1.714853465
1.714425609
1.75224543
1.752651056
1.749090547
1.733896473
1.737770842
1.744087324
1.747944231
1.713026767
1.712544843
1.712079842
1.71158799
1.708978847
1.742476553
1.744680468
1.742299129
1.739578275
1.738479359
1.738210382
1.737065419
1.736372799
1.726864309
1.72342325
1.713997441
1.713803929
1.714098954
1.714052651
1.713337503
1.736318641
1.710686874
1.710869221
1.70772591
1.710956964
1.719101648
1.715664288
1.708617892
1.708311181
1.733517899
1.730885786
1.732064336
1.70990667
1.709621645
1.717532435
1.714917644
1.751225008
1.71514843
1.715088021
1.742720054
1.736955174
1.722323037
1.713546567
1.713171215
1.713216482
1.713010443
1.712804504
1.716005483
1.713595592
1.713237231
1.712726602
1.715228199
1.715073856
1.715303322
1.724309525
1.717624091
1.724136179
1.726338099
1.743677674
1.707555949
1.70751652
1.707660796
1.731278644
1.73095972
1.730735408
1.716814753
1.737723165
1.733789914
1.735404097
1.709317882
1.709033803
1.740693055
1.714446795
1.711046208
1.708024426
1.714894773
1.713786885
1.708563714
1.732186065
1.743161688
1.738059521
1.712814232
1.711614737
1.707085667
1.713454786
1.709295578
1.716710948
1.721143718
1.712646806
1.71408401
1.734738529
1.713608844
1.737490823
1.710097383
1.726086279
1.72955852
1.717509998
1.716335381
1.714851179
1.714888278
1.735417077
1.735296122
1.739687805
1.735161896
1.731873632
1.729098288
1.714337816
1.713973392
1.748320034
1.747804699
1.747785026
1.744552415
1.733646471
1.742688773
1.745281649
1.712295384
1.711813486
1.711234649
1.708597547
1.740331641
1.742284449
1.739970804
1.737837591
1.734939212
1.734300775
1.733253584
1.732845016
1.732991999
1.72539774
1.72190888
1.713595669
1.713342587
1.713728631
1.713660384
1.712778973
1.731632317
1.710244028
1.710448731
1.707848558
1.70757285
1.707204051
1.717449543
1.708202098
1.72862007
1.729246043
1.727633613
1.709556375
1.714732
1.713977452
1.714312309
1.746856107
1.714418131
1.714521252
1.714547854
1.736658515
1.730735305
1.721362861
1.713000251
1.712489738
1.712231108
1.712079928
1.712817572
1.712506297
1.712054943
1.714506149
1.714654732
1.714552299
1.713617511
1.712388706
1.712921014
1.712257549
1.72007338
1.739366918
1.707404677
1.707322278
1.727287046
1.72902057
1.729966764
1.731730064
1.73269007
1.708989316
1.709202868
1.739899661
1.713679033
1.710643359
1.71419439
1.715450587
1.713136118
1.707038645
1.740876602
1.736855416
1.710230183
1.711058066
1.706970617
1.706911536
1.708104252
1.712441257
1.716131956
1.712232267
1.712458725
1.731772451
1.731743068
1.71323506
1.736786178
1.74056011
1.713398493
1.709592726
1.712372717
1.733124367
1.709655446
1.725130844
1.728970979
1.716657052
1.71421797
1.714224189
1.731222831
1.737803394
1.732873648
1.72827757
1.725278699
1.713888077
1.713565958
1.743526605
1.74502906
1.743230018
1.743172922
1.732888502
1.741120459
1.711686637
1.711265241
1.710816579
1.708306959
1.708660026
1.738697552
1.737240081
1.735142736
1.7299761
1.730036213
1.729350929
1.728161223
1.729282316
1.720725091
1.713123846
1.712928119
1.713344241
1.71324897
1.712372084
1.712642888
1.726552047
1.709855204
1.710071475
1.707622219
1.707936536
1.707423361
1.707144717
1.716506368
1.724313472
1.725278078
1.726272683
1.726370858
1.724553368
1.709140597
1.713807405
1.714082333
1.713541667
1.713043422
1.742273652
1.71387613
1.714014986
1.714116176
1.727183918
1.731391299
1.720485232
1.711833868
1.711636978
1.711497815
1.712050144
1.711754997
1.71406764
1.714104925
1.713867839
1.712977046
1.711612684
1.712172488
1.709008374
1.714746835
1.734624091
1.707257243
1.723911523
1.7264612
1.728659619
1.708849975
1.738099039
1.710250242
1.714873947
1.713572793
1.712666384
1.707055857
1.734993569
1.710225306
1.707015383
1.707016184
1.707030239
1.707003547
1.710573443
1.714596367
1.711822468
1.712026567
1.729010571
1.728401878
1.71282859
1.734993361
1.736801515
1.713024745
1.709243348
1.711865341
1.71209568
1.727659869
1.72985527
1.727445535
1.711478046
1.727352735
1.711446957
1.731743373
1.710439857
1.709302692
1.723967397
1.728432427
1.715787097
1.713713105
1.713789059
1.726270271
1.733311628
1.72629635
1.720859842
1.713449338
1.713111023
1.738939642
1.740683357
1.738104623
1.738133127
1.731459345
1.73669713
1.711109371
1.71071665
1.708399377
1.707969915
1.734351077
1.730539828
1.724087759
1.7263452
1.72543953
1.724925303
1.723354642
1.714731706
1.712712585
1.712526033
1.712913255
1.712801672
1.711865942
1.71219542
1.721381391
1.709518326
1.709714658
1.707421701
1.707618819
1.70728133
1.707137924
1.714224119
1.721999241
1.721504487
1.722500153
1.723373652
1.722272132
1.708864613
1.708609567
1.713390093
1.71299961
1.713574332
1.712121757
1.712265679
1.73696573
1.713356132
1.71352526
1.713670046
1.718243285
1.72552906
1.71652885
1.711311235
1.711165224
1.711001891
1.711568396
1.713521927
1.713288734
1.711180606
1.708559899
1.708766836
1.729236162
1.721773876
1.724305317
1.722286681
1.733840597
1.709915411
1.714200642
1.713085386
1.712383774
1.707097152
1.730189464
1.709198279
1.710048512
1.707132855
1.707242743
1.707234076
1.707246455
1.707280087
1.711487857
1.725571265
1.725791326
1.712428808
1.730598171
1.730836343
1.712595708
1.71164234
1.711825215
1.712022871
1.72167173
1.723569797
1.725233294
1.72412208
1.711122321
1.722746089
1.720894969
1.711271853
1.710135511
1.710351326
1.707471048
1.720388807
1.708987676
1.719559957
1.725928083
1.714979396
1.713155962
1.71332279
1.723143663
1.722416257
1.725412602
1.725194348
1.727703967
1.717365939
1.717641467
1.711066761
1.712029053
1.712956647
1.712524865
1.733632184
1.735290782
1.73211074
1.73194701
1.731585916
1.710615003
1.708065739
1.707633377
1.722275268
1.717985728
1.71909883
1.722584308
1.721611745
1.719008638
1.712201314
1.712058349
1.712365868
1.71156801
1.717414313
1.709221419
1.709417793
1.70741045
1.707259438
1.707180611
1.70741162
1.720051302
1.720347988
1.719884617
1.719842642
1.720584251
1.720471915
1.708463263
1.712732619
1.712950528
1.712261139
1.711137734
1.711554789
1.728997509
1.712802784
1.712995006
1.713173986
1.71079322
1.708292075
1.719030758
1.711353428
1.707616021
1.710865542
1.710891056
1.711462658
1.712918127
1.712648909
1.710205139
1.708411854
1.708574918
1.71899553
1.720711579
1.727488827
1.709636435
1.713658342
1.712767888
1.712297404
1.707261922
1.709291838
1.708790831
1.707482292
1.707534874
1.707650231
1.711073846
1.722410634
1.724167835
1.711733592
1.711966813
1.712129276
1.717105644
1.718245911
1.71945845
1.720721731
1.710778194
1.717806207
1.716452023
1.711183685
1.7098622
1.710178032
1.707763974
1.718566276
1.717093367
1.708215879
1.707694838
1.718767848
1.712374818
1.70875743
1.707785782
1.71471978
1.718924786
1.714323365
1.712564998
1.712819271
1.720059311
1.718475999
1.718632609
1.712689294
1.711916988
1.710565013
1.710369546
1.712460194
1.711964785
1.712024673
1.726312976
1.727877638
1.72257212
1.710503178
1.707993036
1.707435918
1.716279586
1.715458312
1.714491103
1.719158485
1.715431228
1.711813465
1.711648533
1.711117256
1.708956831
1.709212038
1.707283537
1.707308846
1.70785256
1.718687573
1.718505193
1.718571275
1.717579221
1.718620175
1.718911376
1.708375612
1.712097101
1.712208619
1.711510097
1.710127275
1.710759483
1.717592897
1.714076785
1.712219818
1.712419553
1.712641614
1.707947768
1.708075201
1.70793666
1.708078667
1.710966103
1.710590592
1.711404919
1.711698404
1.712265594
1.712019894
1.709333216
1.708204358
1.708474233
1.707851507
1.710127417
1.716546504
1.709476521
1.713283435
1.712633253
1.70753862
1.708714673
1.707822259
1.707974599
1.710647651
1.711998852
1.712241103
1.712355459
1.715302953
1.714260299
1.715389038
1.718416268
1.712984825
1.7124593
1.709807814
1.710152305
1.716009851
1.717317065
1.714781301
1.70763061
1.717676344
1.712556992
1.712665533
1.712845393
1.708247275
1.717517051
1.7114999
1.708487654
1.708267803
1.708216527
1.707853587
1.707907305
1.713891799
1.711887379
1.712262373
1.717341856
1.713639221
1.713283186
1.710156092
1.710211671
1.710286581
1.710083555
1.7119471
1.711393009
1.711561098
1.711048917
1.70775352
1.710226148
1.70807085
1.707789296
1.707375406
1.707480267
1.712962595
1.713151247
1.713176435
1.712733397
1.716169395
1.713013912
1.711259036
1.710684877
1.708837473
1.70916361
1.707558161
1.708240964
1.716982977
1.717745812
1.716514792
1.716521289
1.711398173
1.71067062
1.709728779
1.707883366
1.707896615
1.711775768
1.712061144
1.707994261
1.708331234
1.711247013
1.710857067
1.710444168
1.711717839
1.712022407
1.711343741
1.708969674
1.708094343
1.708385977
1.707948182
1.707880697
1.708052563
1.70950835
1.713166558
1.707889444
1.708611415
1.70817045
1.708156265
1.710306
1.71232924
1.712565095
1.712670247
1.712300395
1.716812314
1.71002001
1.710009247
1.70987595
1.714276482
1.707624886
1.717271372
1.712830912
1.713034214
1.712961159
1.713204441
1.708182176
1.717502103
1.710960638
1.711070957
1.70832907
1.709595511
1.708183823
1.708545723
1.708678836
1.708202666
1.708543285
1.708499456
1.708585331
1.708453446
1.713700489
1.711324918
1.711608047
1.715212911
1.715388825
1.710127079
1.710656726
1.709981114
1.710025259
1.70986681
1.710701454
1.711109778
1.708196341
1.708015746
1.710157301
1.707863467
1.707592836
1.707660726
1.710474017
1.711399193
1.711364082
1.711028345
1.713715688
1.712507161
1.711895668
1.710118298
1.708906396
1.709246926
1.707919453
1.708511385
1.708414895
1.716733231
1.717051105
1.717678401
1.715937164
1.716269145
1.710207152
1.709034129
1.708143496
1.711232046
1.708011079
1.711388575
1.710696562
1.711980655
1.712330197
1.710697774
1.710092815
1.708094779
1.70829434
1.708568578
1.708407375
1.708291857
1.708465727
1.712621124
1.712824764
1.712928743
1.71019363
1.709894281
1.709864405
1.709865195
1.709778931
1.707766788
1.717327982
1.713075155
1.71328783
1.713342918
1.713214279
1.708157602
1.708218979
1.710488211
1.710545213
1.7106026
1.708709836
1.709408564
1.708725005
1.708381304
1.708368309
1.708100889
1.70870959
1.708906608
1.70884347
1.708795717
1.708749295
1.713785647
1.710613498
1.711023335
1.714193097
1.715021564
1.70990319
1.709785467
1.709801684
1.709694578
1.710082893
1.710569432
1.70858555
1.708150943
1.708241182
1.710452682
1.710008052
1.707935081
1.707915736
1.707966716
1.709983494
1.710429787
1.710760769
1.71136317
1.710199327
1.712928448
1.712100713
1.709802433
1.70906873
1.708295554
1.708628684
1.71697308
1.716539909
1.717579107
1.715638879
1.715913853
1.709224072
1.710541496
1.71167251
1.711067999
1.712168067
1.712508172
1.709709276
1.708293054
1.708793228
1.708573197
1.708413073
1.712744253
1.71289232
1.71302859
1.70978387
1.709720641
1.709807481
1.709740171
1.709642531
1.708045096
1.717241711
1.713163014
1.713510506
1.713571864
1.713344225
1.708239908
1.708330931
1.708355609
1.710030755
1.710154475
1.710140916
1.708939442
1.709291762
1.708584898
1.708428092
1.708584312
1.715258778
1.709835328
1.710888283
1.708366434
1.708596574
1.7081853
1.708902067
1.709113568
1.709045465
1.709012853
1.708926309
1.714013876
1.709852131
1.710293729
1.713782763
1.714757345
1.709885971
1.709645019
1.709631515
1.709586162
1.709662466
1.709918767
1.708791453
1.708395138
1.710214295
1.710696501
1.709676761
1.708322731
1.708348836
1.708299658
1.710092196
1.710365908
1.711570803
1.712477867
1.708698352
1.70882738
1.716808622
1.716297217
1.717451118
1.715647034
1.708882623
1.709786979
1.711705344
1.711218084
1.712107783
1.712446193
1.709106991
1.708448734
1.7084101
1.709006533
1.712579691
1.712833713
1.709673298
1.709614229
1.709765409
1.709681011
1.708369593
1.71704699
1.713016782
1.713622143
1.713819623
1.713291931
1.708530916
1.70972374
1.709649466
1.709137974
1.709163758
1.708507064
1.708629115
1.714522484
1.709562464
1.710436508
1.711094683
1.710713774
1.708502716
1.708718288
1.709229658
1.709357832
1.709251351
1.709134431
1.714286702
1.709224777
1.709567638
1.713473128
1.710050679
1.709786512
1.70955209
1.709533924
1.709513672
1.709390613
1.708938354
1.709011391
1.708699126
1.710303313
1.709922763
1.710700745
1.709519225
1.708764603
1.708675942
1.708640814
1.711473617
1.71222041
1.708996212
1.716538705
1.715934799
1.7172844
1.715034946
1.708627183
1.709216452
1.711428327
1.711096189
1.711735033
1.712071473
1.708827393
1.70868483
1.708554749
1.709237072
1.712126385
1.712410349
1.709608867
1.709570412
1.709646232
1.708671172
1.71681704
1.712669327
1.713578048
1.713991032
1.713055676
1.708813358
1.709488031
1.709393489
1.70934652
1.709229748
1.708951773
1.708600036
1.713964383
1.709405734
1.710265202
1.710841967
1.713364534
1.708821767
1.709382524
1.709505398
1.709492559
1.709607122
1.709214753
1.714481686
1.708893417
1.709122653
1.712968174
1.709940238
1.709737321
1.709514646
1.709558357
1.70947826
1.709200349
1.709310568
1.709253622
1.709042239
1.710042948
1.709866038
1.7096445
1.710424714
1.709381985
1.709046779
1.708979421
1.711306091
1.711904546
1.716353628
1.715437005
1.717066787
1.714569042
1.708771254
1.708788779
1.708985692
1.710835641
1.710587766
1.711073522
1.711424705
1.709063829
1.708799744
1.70950466
1.711425309
1.711798641
1.709598707
1.709653122
1.708973739
1.712159551
1.714029337
1.712669379
1.7094369
1.709314503
1.709099007
1.713619276
1.709395771
1.710149431
1.710575966
1.713045242
1.713880105
1.709176047
1.709643091
1.709694527
1.709802608
1.709731636
1.709488097
1.714503335
1.708966881
1.70913043
1.71264397
1.709897045
1.709761505
1.709565226
1.709636005
1.709479607
1.709313022
1.709409553
1.709676989
1.709593137
1.70969466
1.709464437
1.709375975
1.709478412
1.709443515
1.70938937
1.709274181
1.709387603
1.709301139
1.711013555
1.711700703
1.716773339
1.716037661
1.715198753
1.714327651
1.709102398
1.709083881
1.710024606
1.709840987
1.710228205
1.710601024
1.709434668
1.709827045
1.710674244
1.71112905
1.70972402
1.711601545
1.712220511
1.709404855
1.713233566
1.709463708
1.710098534
1.710441967
1.712685948
1.713704005
1.70940181
1.709583143
1.709458288
1.709912219
1.709838201
1.710112737
1.710053949
1.714272403
1.709314042
1.709558671
1.712309326
1.709937976
1.709867137
1.709770536
1.709644248
1.709628307
1.709658788
1.709824568
1.709978861
1.708861837
1.708653746
1.708985554
1.708761106
1.709167616
1.709295063
1.709641863
1.70964167
1.711412294
1.710787932
1.716382953
1.715453644
1.714429803
1.71388065
1.709547925
1.709634297
1.70945929
1.709165779
1.708991941
1.709374413
1.70984772
1.709886127
1.710032097
1.710549263
1.709903436
1.711118601
1.711799394
1.712806547
1.71011979
1.71034111
1.712318589
1.713347927
1.709826838
1.710240831
1.710325126
1.709303343
1.709585206
1.710206152
1.709941213
1.710379952
1.710466161
1.71386605
1.709844491
1.710048178
1.710088829
1.711901843
1.710098703
1.70992585
1.710099064
1.71014805
1.710236572
1.707854715
1.708047884
1.707970521
1.708267086
1.708600209
1.708846985
1.709895582
1.711210513
1.710663767
1.715837642
1.714826484
1.71325573
1.713764521
1.710028695
1.710187927
1.708212415
1.708428362
1.708590918
1.709011319
1.709300369
1.710377063
1.709663341
1.710196582
1.710127895
1.71081613
1.711492665
1.712357904
1.712053402
1.712955741
1.710117334
1.710491568
1.7106404
1.710484972
1.709060972
1.708656824
1.709317436
1.709751806
1.710460046
1.710227283
1.710705992
1.710655219
1.7133586
1.710409294
1.710477542
1.710535339
1.710517057
1.711697809
1.710395679
1.710363631
1.710496522
1.710419337
1.710496049
1.710640741
1.70724768
1.707273302
1.707469878
1.707521891
1.707889577
1.708148321
1.71010795
1.71106468
1.715070217
1.71414959
1.712646166
1.713269986
1.710552437
1.710639293
1.707714431
1.708015457
1.708386111
1.708760166
1.709168293
1.710749693
1.709645807
1.71014488
1.710764465
1.71141926
1.711896779
1.712597462
1.711059657
1.710795963
1.710972404
1.710789228
1.708737394
1.708416107
1.707942721
1.709299498
1.709886772
1.710373126
1.710859453
1.710770771
1.710529267
1.712828067
1.710769703
1.710722086
1.710730141
1.710768406
1.710765695
1.71073381
1.712144683
1.711526697
1.710737699
1.710735138
1.710762159
1.710794585
1.706894665
1.707043596
1.706974641
1.707301262
1.707255667
1.707499309
1.714291506
1.713473867
1.712756936
1.710854178
1.71081152
1.707678211
1.708143841
1.708630913
1.70897829
1.709467815
1.70997306
1.710336469
1.711152217
1.71080563
1.711520195
1.71179489
1.712299304
1.711542961
1.711220477
1.711369365
1.711236723
1.711088862
1.712026697
1.708665448
1.708137598
1.707830817
1.70743026
1.709296386
1.709927045
1.710760625
1.71068393
1.710464133
1.710122188
1.712323521
1.710701121
1.710713004
1.710683114
1.710744066
1.710721031
1.710812848
1.71086531
1.712089332
1.711016627
1.710914452
1.710968236
1.70683372
1.706992166
1.707339971
1.706923363
1.707632304
1.707114096
1.71364325
1.712771221
1.71068318
1.708143656
1.708729147
1.709288341
1.709589149
1.710100119
1.710566026
1.710815653
1.711163247
1.711362986
1.711560698
1.711637699
1.711664474
1.712005577
1.711563665
1.711708134
1.711427036
1.711259478
1.711763335
1.708148461
1.70864497
1.707773106
1.707516886
1.707288158
1.709171703
1.709456565
1.710299315
1.710246703
1.710123662
1.709861259
1.711824293
1.710380399
1.710310061
1.710328228
1.710419718
1.710426767
1.710586947
1.710732358
1.710805945
1.712512475
1.711110803
1.71095684
1.707223039
1.707232769
1.707060491
1.707627468
1.708112523
1.707172362
1.708405316
1.713196503
1.708999382
1.709625767
1.710172986
1.710428274
1.710875963
1.711229463
1.711326696
1.711460625
1.711486075
1.71145439
1.711334901
1.71195953
1.712168939
1.711676092
1.711864127
1.712081034
1.711458984
1.711243463
1.711349116
1.710807771
1.708245777
1.707979735
1.70859711
1.707805366
1.70763719
1.707630825
1.708820209
1.709144375
1.709588511
1.709657465
1.709697413
1.709446582
1.709439612
1.711241813
1.709800796
1.709744015
1.709874939
1.709872131
1.710108933
1.710343797
1.710436392
1.710711275
1.712583219
1.712976886
1.710972933
1.707731624
1.708023992
1.708130721
1.70774365
1.708638658
1.709167598
1.709432099
1.710043925
1.710557594
1.711074642
1.711236177
1.711526809
1.711662432
1.7116093
1.711481271
1.711348616
1.711092996
1.712303251
1.7125506
1.711626938
1.711904735
1.71214686
1.712376715
1.711306995
1.711059123
1.710742819
1.710061369
1.710457547
1.710724545
1.708385031
1.708282043
1.708221028
1.708509189
1.708334112
1.708242476
1.708448779
1.708655629
1.708834077
1.709021533
1.708920237
1.70896271
1.709121551
1.708853408
1.710467967
1.709033616
1.709231514
1.709178286
1.709459887
1.709758317
1.709867025
1.710210814
1.710549797
1.712923422
1.708765058
1.708770403
1.709159264
1.709290687
1.709771258
1.710230543
1.710388905
1.710988282
1.710838338
1.711376302
1.711658637
1.711738191
1.711791823
1.711648628
1.711478113
1.71111128
1.71087784
1.712637953
1.712777772
1.71140113
1.711790417
1.71210296
1.712419964
1.710971873
1.710668546
1.709937617
1.70917822
1.709631491
1.710129115
1.710229107
1.70865748
1.70868423
1.708749282
1.708851258
1.708979819
1.708603195
1.709278794
1.709231298
1.70958323
1.708581438
1.708570454
1.70853758
1.708498901
1.708482673
1.708555027
1.708470704
1.709457339
1.70859104
1.708763871
1.709083249
1.709216144
1.709593615
1.709990336
1.712975519
1.709979305
1.709916097
1.710339269
1.710388553
1.710727349
1.711014186
1.711129414
1.711366598
1.71150988
1.711674016
1.711716515
1.711728121
1.711494884
1.711080005
1.710471909
1.712747649
1.711517707
1.711015724
1.711933072
1.712407785
1.710482678
1.7101366
1.709002679
1.708281057
1.708760657
1.709266645
1.709612808
1.709638806
1.70935559
1.709429048
1.709061709
1.709720432
1.70972215
1.710043218
1.708832506
1.710377706
1.710369732
1.710719457
1.708781004
1.708587484
1.708245486
1.708161541
1.708337051
1.708495745
1.708162708
1.708292938
1.708280363
1.708480361
1.708614209
1.708963094
1.709364873
1.713035852
1.710915219
1.711114659
1.711116713
1.711219393
1.711253439
1.711303806
1.711334362
1.711436445
1.711384974
1.711222601
1.711179827
1.710814081
1.71023893
1.712726108
1.711116262
1.711610686
1.710525511
1.71221001
1.709930243
1.709583209
1.708078379
1.707987184
1.70748336
1.708501528
1.708855256
1.709402966
1.709091288
1.70993911
1.710378318
1.710450378
1.70955268
1.710807737
1.710778454
1.711088472
1.709416002
1.711331286
1.711312342
1.711418417
1.709016975
1.7083987
1.708264484
1.708094863
1.708699929
1.70804313
1.707143299
1.708119221
1.708210627
1.708463534
1.708813203
1.713017556
1.71145277
1.7113464
1.711240006
1.711060286
1.710821252
1.710877316
1.710669734
1.710789393
1.710609361
1.710360348
1.710342005
1.709940947
1.712541496
1.71121625
1.710653689
1.71190368
1.709974849
1.709286382
1.707460654
1.707992695
1.706866149
1.708397001
1.708841111
1.709229106
1.708752635
1.709546845
1.710991118
1.710554682
1.711418801
1.711405043
1.710390193
1.711672906
1.711700823
1.71180123
1.709917995
1.711839505
1.711749191
1.711611455
1.709426647
1.708824903
1.70902755
1.708469209
1.708202123
1.708095392
1.706271159
1.708130417
1.708222363
1.708454367
1.712874019
1.711306144
1.710890801
1.710679904
1.710237028
1.70995804
1.70970123
1.709811088
1.709641229
1.709483028
1.70951116
1.71226517
1.710822107
1.711556404
1.710215664
1.708987956
1.707169843
1.707781693
1.708299211
1.706474965
1.708711099
1.708957998
1.709067375
1.708606481
1.709363182
1.709916873
1.711533674
1.711874971
1.71138296
1.712053458
1.710955401
1.71211002
1.712048486
1.711940329
1.710439403
1.711706664
1.711547863
1.711107715
1.709963863
1.709746042
1.709242586
1.708801583
1.708459602
1.708458441
1.705729034
1.70834914
1.708385516
1.712615234
1.710490576
1.709863973
1.709597972
1.709182237
1.708838503
1.708718947
1.708903322
1.708895435
1.708970808
1.711951916
1.711226987
1.710504741
1.708960834
1.707800656
1.707056838
1.708466894
1.708964416
1.706269193
1.709200455
1.70914454
1.708757797
1.709808976
1.709390736
1.71031772
1.712129146
1.712059478
1.712193594
1.711820413
1.712124024
1.711432418
1.711915534
1.711769984
1.711348913
1.711006804
1.710858916
1.710709769
1.709992827
1.710810022
1.710247674
1.709648692
1.709143796
1.708946983
1.705477623
1.708668423
1.712292922
1.709250694
1.708584411
1.708399513
1.708085257
1.707984017
1.708185806
1.708536211
1.708931198
1.711656472
1.710971329
1.709187816
1.708684974
1.707823023
1.707082433
1.709378878
1.709763645
1.706297934
1.709788153
1.709622285
1.709172326
1.710266878
1.709841809
1.709644533
1.71080982
1.705776874
1.712106945
1.712154505
1.712199083
1.711902919
1.712098065
1.711541243
1.711817716
1.711098243
1.710803198
1.709960585
1.711753765
1.709505525
1.708704926
1.711239368
1.710640945
1.71007061
1.709742524
1.709225498
1.705385803
1.7119847
1.707967641
1.707475083
1.707453056
1.707467538
1.707793076
1.708388388
1.708896368
1.711432871
1.709589996
1.708057285
1.708995461
1.709746347
1.706993895
1.710361383
1.71062662
1.706067294
1.710643664
1.709859801
1.709738978
1.710121613
1.710486983
1.710819741
1.709969933
1.711283254
1.711449573
1.711584981
1.711925881
1.712147968
1.711020185
1.712199351
1.710451082
1.709877379
1.709523787
1.708561977
1.711878677
1.712096278
1.708123021
1.707509508
1.711461218
1.710941464
1.710558812
1.709927129
1.705631174
1.705177127
1.711764565
1.707073033
1.706970573
1.707211917
1.707649375
1.708427776
1.709319435
1.710044622
1.708624958
1.707637015
1.709747404
1.710660324
1.706517122
1.711262739
1.711550253
1.711081092
1.710665566
1.710309618
1.710590656
1.710345982
1.710909151
1.711286226
1.710288482
1.705814577
1.710443784
1.710367998
1.711038838
1.711534055
1.711868505
1.709755557
1.71192008
1.709173497
1.708590582
1.7082373
1.707460391
1.711984751
1.711855371
1.707169831
1.706910117
1.711517834
1.711163658
1.710592874
1.705068151
1.704693958
1.711680986
1.706949095
1.707646999
1.707364016
1.708603986
1.709705881
1.710428872
1.709109888
1.707849324
1.706883978
1.710360139
1.71133727
1.711917262
1.712027374
1.711930458
1.711177023
1.710722731
1.710993504
1.710725913
1.710537165
1.711320539
1.710501614
1.705883913
1.704958797
1.710599941
1.709262444
1.709150163
1.709857124
1.710426381
1.710924086
1.711093606
1.708613031
1.711425445
1.708087217
1.707621331
1.707348298
1.707035196
1.711630755
1.711583912
1.706975578
1.707161541
1.711359401
1.711030576
1.704325063
1.703883819
1.711703249
1.707716639
1.708485362
1.709045781
1.710118864
1.710596467
1.709394797
1.70798667
1.706730851
1.710660582
1.711407917
1.712143503
1.712425374
1.712208753
1.712478348
1.711538064
1.710706587
1.710906222
1.711380591
1.711060846
1.710784515
1.710507079
1.705502655
1.704826708
1.704092444
1.710676668
1.710453756
1.708675949
1.708324505
1.708166095
1.709176891
1.709668835
1.709860823
1.710321967
1.707833326
1.710784014
1.707523629
1.707311035
1.70720276
1.707456679
1.711039933
1.710980928
1.707645358
1.708236466
1.711027998
1.703539674
1.702846583
1.711751381
1.709119548
1.710032912
1.710629961
1.710460285
1.709334162
1.707963148
1.706607699
1.710128159
1.711184124
1.71193422
1.712198481
1.712476832
1.712342626
1.711838207
1.710409418
1.710494239
1.71139765
1.711030156
1.710224951
1.705301397
1.704438451
1.703965673
1.703412332
1.710780136
1.710335915
1.710046614
1.708034124
1.708243234
1.707924393
1.70782527
1.708536303
1.708676265
1.709035816
1.709542379
1.70772241
1.709986734
1.70770661
1.707788119
1.707911932
1.708070526
1.708666062
1.71005298
1.710351519
1.708951567
1.709726785
1.702907542
1.702417514
1.701682946
1.711708675
1.710626152
1.711384723
1.709979841
1.708385634
1.707666092
1.706375982
1.709520489
1.71054647
1.710941078
1.711683258
1.712144604
1.712197216
1.712008286
1.709706599
1.709665191
1.711274966
1.70964536
1.704347336
1.704988368
1.703854855
1.703486193
1.703004416
1.71032351
1.710875349
1.709780356
1.709414124
1.705382882
1.708126638
1.708002994
1.70797341
1.708261443
1.708220482
1.707956945
1.708115041
1.708337022
1.708766597
1.708357559
1.708886053
1.708658646
1.709011011
1.70903368
1.709532182
1.710118789
1.709303979
1.71039227
1.711059363
1.702330555
1.701456127
1.700692468
1.711474698
1.711643607
1.709207824
1.706661636
1.707619967
1.706215687
1.708653
1.709056558
1.710023047
1.710913381
1.711486122
1.711595175
1.711792258
1.70878604
1.708657436
1.711013212
1.708881668
1.704107006
1.704414117
1.704698577
1.703831621
1.703441441
1.702932611
1.709754575
1.710419557
1.709134606
1.708726638
1.705124001
1.708302553
1.708571658
1.708969235
1.708225759
1.708076298
1.709247317
1.709275388
1.707834098
1.707752571
1.707870402
1.707715687
1.707911114
1.709588576
1.708246812
1.709998819
1.710400724
1.710435188
1.710873079
1.711255667
1.711409734
1.711706762
1.702365588
1.701169256
1.699840563
1.711044027
1.708378874
1.705401535
1.706006954
1.70676674
1.707114813
1.707980572
1.708987749
1.709880168
1.71018066
1.710851008
1.711354534
1.707988282
1.707837168
1.708189183
1.704460044
1.704578203
1.704772738
1.704857115
1.704243731
1.703759769
1.703250697
1.709224184
1.710028598
1.708629611
1.704962752
1.708437215
1.708028796
1.70824353
1.711371269
1.709252222
1.709835605
1.710215583
1.709032047
1.708478348
1.71066578
1.710673407
1.708008818
1.70784423
1.707611338
1.707552122
1.707608749
1.710974798
1.711289499
1.711515354
1.711480295
1.711634931
1.711648211
1.711604772
1.702180083
1.703241681
1.70056433
1.699069209
1.71046299
1.70783274
1.70511355
1.705443371
1.705587956
1.706249278
1.706922211
1.707872471
1.708245357
1.709135656
1.709985159
1.710253101
1.707642578
1.70759481
1.707848364
1.705269506
1.705131823
1.705526138
1.705352203
1.705438967
1.704791484
1.7041686
1.708835459
1.709498742
1.705183896
1.708634314
1.708715393
1.708209452
1.708607879
1.71087699
1.710691695
1.710532016
1.71132744
1.711276983
1.711708003
1.709829334
1.709122065
1.712000033
1.711918079
1.708835268
1.708253653
1.708067835
1.707715333
1.712022987
1.712039204
1.711928603
1.711791162
1.711542437
1.711122377
1.701658261
1.702916732
1.704163971
1.699801873
1.698193122
1.709888464
1.707823293
1.705041991
1.705012465
1.705106851
1.70544367
1.705534235
1.706159743
1.706404148
1.707232492
1.70814094
1.708552944
1.709431355
1.708024638
1.708114584
1.708191975
1.706064043
1.706438106
1.705681721
1.706357616
1.706112025
1.705017952
1.709154703
1.705622135
1.709137277
1.708923777
1.708972515
1.708862288
1.709244647
1.70978525
1.71227253
1.712114488
1.711457089
1.712626766
1.712590722
1.712741044
1.710709395
1.710420083
1.712715841
1.712530804
1.709565615
1.709357453
1.708635307
1.712307776
1.711951397
1.711468862
1.711219625
1.710582266
1.702076597
1.700731675
1.703489716
1.704479859
1.698672545
1.69702884
1.709447714
1.708502837
1.705471638
1.705101717
1.704928188
1.704910964
1.70506155
1.70521839
1.705740952
1.706459232
1.706841181
1.707781284
1.708094974
1.709018978
1.709275599
1.709034376
1.706429638
1.707028659
1.707326931
1.705621441
1.707197343
1.706842457
1.706672961
1.709337028
1.709775661
1.70911779
1.709141899
1.709730421
1.709057077
1.713217932
1.713196433
1.712806483
1.712236129
1.713237973
1.713123782
1.712899709
1.71186696
1.710964638
1.712535957
1.712309614
1.710115113
1.711633206
1.711791958
1.711003606
1.71026198
1.70994657
1.702664858
1.700725888
1.699313076
1.704446881
1.697198786
1.695540986
1.709186147
1.709580515
1.706054829
1.705513194
1.70535103
1.705065856
1.705065546
1.705119305
1.705451474
1.705821415
1.706590109
1.707454868
1.710262069
1.710649433
1.710017398
1.706778991
1.7058969
1.70765949
1.708066081
1.708029625
1.70803946
1.707499892
1.709686733
1.709282386
1.710165587
1.710342297
1.70838871
1.713197384
1.713278984
1.713351172
1.71314989
1.712885449
1.712829023
1.712648586
1.712098382
1.712268962
1.711449604
1.711464054
1.711191306
1.710551128
1.71030732
1.709558346
1.708755164
1.702475007
1.700499561
1.698683613
1.697521578
1.704241653
1.695568761
1.693889831
1.709178853
1.710634722
1.706856388
1.706674946
1.706017821
1.705961181
1.70554191
1.705401597
1.705579636
1.705895642
1.706454482
1.707103011
1.711279187
1.711678057
1.710759762
1.70538886
1.706895617
1.708024899
1.708621767
1.70888365
1.708787922
1.708361056
1.709799208
1.709449453
1.710100016
1.710599773
1.707449847
1.712347367
1.7127841
1.713069678
1.712968803
1.712768282
1.711612963
1.711309078
1.710562379
1.712297612
1.709807427
1.709622944
1.709001042
1.708763784
1.708103634
1.699906339
1.701766485
1.69800431
1.696476481
1.695653482
1.702933276
1.694153979
1.692916679
1.692465387
1.709152351
1.711269327
1.708139181
1.707404457
1.706815122
1.706271438
1.706239625
1.70612217
1.706230078
1.706525441
1.706773555
1.711674701
1.712013315
1.710971057
1.704932318
1.706717016
1.708041008
1.708559122
1.709171763
1.709321551
1.709292665
1.709358654
1.709515739
1.710293295
1.709548452
1.707126271
1.710670163
1.711479945
1.71200661
1.712089367
1.712300181
1.712293864
1.709851801
1.70953182
1.70873168
1.708178263
1.708190613
1.707678597
1.707545771
1.697129499
1.698814956
1.699772964
1.695569618
1.694472932
1.693941435
1.702021052
1.692730813
1.692097756
1.691626529
1.708846033
1.711187877
1.708860266
1.708204421
1.707640536
1.70744574
1.707056626
1.706788376
1.706742928
1.706891557
1.706916188
1.711253224
1.711561478
1.710514314
1.704373812
1.706485896
1.707677157
1.709017346
1.709406422
1.709546231
1.708900633
1.708818443
1.709499813
1.708655921
1.707019508
1.707903883
1.708889794
1.709717556
1.71041438
1.710583598
1.711072669
1.711374285
1.708213362
1.707922682
1.707363883
1.707241139
1.707104131
1.694660775
1.696094824
1.696324575
1.698651934
1.693675384
1.693038187
1.701087826
1.692416742
1.69222399
1.691937899
1.691591809
1.70806116
1.710292832
1.709278351
1.70884401
1.708618641
1.708188993
1.70784233
1.707514878
1.707681558
1.707493633
1.707295206
1.710376659
1.709578307
1.703418639
1.704936798
1.707318972
1.708151238
1.708984702
1.709359782
1.708082608
1.708475448
1.707667197
1.707305344
1.707151296
1.706900682
1.707598261
1.708176338
1.708787608
1.708985945
1.709563118
1.710060192
1.707256892
1.707154854
1.707129508
1.707184273
1.694037542
1.69311474
1.695640693
1.693705634
1.697719198
1.69265502
1.699915378
1.692630876
1.692599787
1.692407707
1.692356192
1.692264502
1.706780848
1.709122627
1.709320073
1.709147997
1.708921527
1.708682788
1.708498619
1.708509173
1.70816521
1.708128097
1.709066851
1.708489962
1.701473696
1.704434278
1.705612563
1.707071115
1.708083056
1.708679913
1.707530562
1.706826889
1.707896425
1.706050036
1.706009417
1.707362511
1.707206779
1.707728386
1.70780865
1.708288812
1.708731792
1.707246687
1.707309119
1.70776496
1.692814858
1.692586849
1.693603586
1.694995245
1.692802506
1.696681748
1.698026273
1.693555373
1.69331006
1.693232844
1.693064349
1.693136546
1.69308475
1.69325323
1.705141222
1.708065617
1.708446425
1.708748457
1.70886972
1.708959037
1.709074489
1.709015636
1.70908549
1.708952376
1.708044732
1.707603193
1.700895625
1.702240814
1.704122642
1.705714458
1.706934945
1.706924526
1.706254655
1.708866167
1.704914352
1.705289926
1.707475108
1.707529757
1.707751909
1.707696422
1.707632704
1.707867857
1.708110103
1.708250824
1.692822253
1.693441659
1.692977967
1.694393453
1.693269891
1.695304527
1.697480328
1.694463734
1.694453965
1.694179338
1.694135822
1.693769382
1.693960479
1.693765411
1.693929829
1.694098062
1.703442349
1.7075015
1.707364298
1.705867697
1.708010877
1.708486754
1.708801514
1.709332407
1.709603383
1.709775417
1.709867143
1.707618113
1.707219866
1.69870026
1.70071735
1.702550397
1.704114066
1.707027354
1.706564332
1.705882768
1.709442598
1.703897947
1.704733088
1.708128832
1.708155624
1.708473672
1.708933126
1.707724834
1.707912561
1.709478933
1.693290145
1.693453657
1.693610156
1.693802009
1.694525037
1.694649128
1.695704095
1.695025984
1.695281215
1.695328647
1.695087326
1.694665939
1.694362434
1.693867284
1.693847579
1.694118626
1.701899414
1.707547546
1.706054338
1.704817103
1.702609737
1.706925941
1.707450658
1.708679165
1.709202108
1.709807781
1.710139446
1.710353502
1.707864374
1.707489402
1.696225479
1.697746566
1.699327488
1.700897037
1.706631347
1.707298218
1.705726448
1.71024652
1.703018436
1.704241083
1.709168104
1.708754149
1.709314706
1.70972038
1.710159073
1.708280773
1.710618075
1.69426769
1.693831151
1.693824346
1.695059098
1.693871147
1.695886875
1.694271964
1.694653847
1.694829061
1.695376906
1.695854084
1.696063354
1.694512652
1.692959747
1.693200855
1.692864894
1.693599375
1.700604674
1.708117689
1.703275613
1.704440203
1.701798724
1.699500062
1.705102827
1.706868655
1.707614084
1.708721315
1.709226882
1.710011776
1.710485835
1.708571693
1.708011862
1.695512121
1.696704598
1.697997607
1.706681222
1.707523243
1.705425899
1.702177061
1.703611752
1.701527747
1.709748338
1.710167676
1.709179614
1.710348607
1.710625921
1.710751258
1.710305574
1.69576715
1.695030891
1.694818186
1.694414596
1.696470253
1.694238474
1.696556137
1.694370218
1.694619467
1.694517678
1.693799202
1.695382607
1.696133936
1.691641255
1.691824937
1.692117193
1.691329943
1.692099189
1.699473346
1.708726858
1.701508677
1.700300588
1.702030517
1.698865218
1.697049827
1.703607629
1.704867717
1.705184509
1.706639755
1.707133501
1.708346095
1.709428654
1.709276883
1.708265693
1.695193046
1.695999808
1.706384953
1.707303695
1.704680916
1.702472338
1.700225224
1.71028694
1.709874422
1.71051242
1.71064611
1.71056583
1.710090718
1.708577467
1.696309647
1.696831161
1.696063652
1.695555245
1.695091385
1.696720304
1.695046452
1.696071888
1.694866801
1.694913034
1.693827771
1.692930488
1.695054869
1.690428333
1.690408617
1.690501756
1.690270346
1.689965664
1.690811214
1.698258782
1.708876918
1.698771125
1.699159121
1.697734092
1.70038465
1.696609112
1.695683919
1.701678649
1.702153964
1.703537438
1.704124332
1.705590329
1.707109613
1.709449538
1.707832918
1.69520253
1.705538285
1.706304763
1.703679324
1.701802646
1.700077687
1.698525296
1.709805777
1.709952862
1.709718401
1.70973154
1.70916056
1.708016425
1.705676761
1.696797759
1.696893833
1.696523902
1.696523301
1.696135221
1.695991285
1.695621755
1.69571155
1.694421258
1.695501481
1.695434723
1.691646932
1.691783196
1.693119235
1.689518223
1.689309245
1.689726542
1.688942564
1.689034014
1.68978609
1.689664961
1.689447983
1.696819968
1.708124285
1.696784751
1.697016594
1.697786077
1.696115541
1.698782217
1.695666319
1.695503776
1.699138547
1.70032318
1.700747304
1.70223334
1.703874751
1.708622649
1.706434219
1.703829798
1.704392759
1.701721684
1.699665839
1.697884595
1.696748703
1.70836384
1.708788825
1.708257447
1.707570946
1.707487967
1.706397983
1.704571344
1.702054672
1.696625459
1.696404728
1.696227246
1.694892529
1.696620349
1.696532725
1.696385576
1.693426062
1.696308929
1.691938806
1.696180961
1.696100468
1.689516492
1.690507468
1.689032318
1.689509516
1.688621522
1.688179953
1.688028659
1.690559944
1.69089391
1.690731499
1.687844288
1.695096479
1.70625509
1.695926065
1.695883045
1.696193925
1.696678054
1.695822898
1.696854416
1.695986952
1.697618245
1.697825594
1.698985099
1.700430393
1.706524443
1.704043171
1.701348102
1.701708248
1.699181436
1.697296198
1.695725886
1.694944156
1.693490628
1.706072807
1.706248889
1.705350738
1.704372759
1.704196889
1.702557288
1.700306038
1.698649498
1.696002098
1.695384759
1.694688034
1.694291222
1.692367441
1.696043253
1.69635953
1.696548474
1.690715329
1.696767088
1.696628347
1.689310737
1.696837247
1.69676969
1.688297633
1.689537041
1.689895835
1.688615407
1.687859699
1.687428139
1.692518555
1.69172292
1.692955117
1.692931652
1.687153292
1.693273517
1.70335233
1.695893286
1.695726154
1.696031602
1.695707044
1.695642646
1.696487733
1.695955113
1.695865355
1.696487332
1.697464451
1.703576774
1.700946296
1.698538334
1.698660654
1.696593437
1.695045603
1.6937459
1.692312495
1.702808241
1.702819447
1.701768867
1.700703402
1.700456775
1.69841556
1.696970187
1.696114951
1.694394184
1.694094823
1.692659673
1.692134538
1.691110584
1.689538078
1.695155956
1.695789731
1.695977658
1.688297925
1.697048705
1.696569511
1.687439369
1.697296802
1.697239204
1.691506668
1.690353846
1.689106095
1.688517544
1.687486073
1.695002841
1.69387153
1.693962732
1.694840943
1.695179367
1.686941031
1.691754041
1.699917135
1.696570892
1.696155646
1.695773624
1.696779095
1.695528091
1.695273998
1.695214205
1.69553145
1.700260457
1.697669907
1.695876259
1.69585673
1.694385274
1.69329809
1.692376073
1.691481209
1.69909434
1.699201404
1.698217545
1.697292868
1.697027043
1.695594465
1.695033552
1.694842898
1.691948175
1.692971926
1.691579123
1.689871795
1.68943494
1.688489123
1.687549265
1.693948431
1.694223608
1.695214559
1.68699622
1.696986643
1.696212335
1.697429268
1.697429456
1.692970894
1.691458196
1.690823402
1.689360718
1.688164134
1.696139166
1.695835218
1.695574283
1.695726106
1.695443222
1.687935655
1.68717995
1.69087946
1.697004863
1.697293177
1.696976739
1.696469973
1.696128827
1.695598235
1.695158032
1.694888414
1.69522767
1.693840322
1.693877086
1.692917478
1.692298473
1.691775031
1.691308365
1.69613203
1.6960968
1.695393289
1.694852192
1.694812017
1.694359864
1.694471542
1.694797536
1.690349395
1.689384452
1.691398532
1.689074267
1.687802153
1.687566465
1.687121923
1.686951774
1.691759139
1.692899733
1.694250862
1.695531565
1.696537536
1.697229493
1.697397394
1.694188523
1.693567559
1.692086583
1.690628814
1.69013463
1.696301389
1.695443222
1.695443222
1.696519479
1.695950998
1.688925997
1.687912109
1.690828105
1.69452883
1.697352395
1.697136914
1.69682461
1.69633672
1.695774901
1.695248772
1.693505143
1.692747642
1.692879863
1.692365766
1.692128435
1.691873891
1.691710254
1.694067374
1.694096935
1.693831067
1.693864841
1.694056934
1.694435195
1.694973959
1.69552878
1.688854716
1.688046838
1.687503115
1.689101014
1.687372788
1.687079199
1.687094964
1.687319227
1.69033556
1.691510192
1.693126014
1.694523195
1.695716738
1.696407336
1.696582959
1.695828236
1.694686801
1.693436781
1.692936449
1.691601698
1.695443222
1.695443222
1.696465774
1.690211145
1.689004812
1.691472252
1.693283485
1.697059633
1.696956622
1.696807531
1.696487894
1.6960488
1.692970963
1.692664131
1.69293431
1.692725744
1.692628146
1.692435937
1.692371844
1.693331702
1.693537047
1.693940822
1.69426524
1.694697569
1.695380492
1.695947158
1.696375963
1.687203855
1.687122904
1.686874373
1.687001378
1.687878463
1.687150732
1.687904331
1.688176325
1.688827968
1.689053651
1.690453436
1.691840537
1.693244357
1.694349463
1.694700524
1.695955991
1.696393712
1.696182458
1.695639754
1.695286855
1.694324086
1.693032098
1.695443222
1.691676455
1.69045874
1.692393628
1.693285619
1.696106658
1.69645393
1.696652791
1.696609817
1.693466968
1.693486616
1.69352845
1.693363615
1.693091635
1.692938458
1.693774408
1.694155769
1.695035279
1.695368079
1.695902273
1.696390167
1.69664856
1.696639769
1.686723675
1.686675808
1.686910703
1.687684426
1.688138572
1.686989329
1.688878825
1.690146502
1.687153312
1.687924941
1.689104637
1.690417467
1.691635217
1.692112453
1.693833445
1.694220107
1.696310801
1.695443222
1.696257906
1.696092045
1.695374678
1.694535345
1.693206424
1.692875867
1.692964037
1.693086074
1.694150369
1.695040668
1.695817436
1.696385965
1.694385602
1.694428277
1.694243955
1.693875485
1.693445499
1.6948736
1.69532209
1.696189525
1.69642509
1.696708084
1.696762799
1.696524688
1.695811525
1.695946034
1.687060595
1.687796274
1.686655447
1.688245117
1.68994774
1.690504157
1.686598086
1.691637843
1.68666906
1.687138502
1.687987048
1.688965088
1.689429109
1.69114336
1.691606918
1.692790602
1.695443222
1.695443222
1.696120682
1.696191358
1.695406637
1.695162331
1.694260975
1.692715865
1.69264996
1.693260241
1.695232209
1.6939408
1.69500422
1.695249248
1.694942858
1.694422612
1.693816787
1.695925963
1.696312075
1.696676031
1.696743863
1.696574781
1.696076415
1.695233992
1.693890569
1.694245218
1.687896625
1.688906024
1.690109752
1.687589519
1.690677646
1.692746718
1.69324742
1.687002786
1.686660746
1.686705038
1.687126383
1.687321093
1.68820799
1.689022596
1.690310464
1.68913957
1.691492958
1.695443222
1.695443222
1.69604217
1.696172633
1.695876197
1.695441708
1.691639334
1.691612456
1.692330269
1.693070948
1.695875452
1.692762876
1.695393735
1.694638716
1.693828654
1.69625634
1.696454708
1.696060795
1.695924623
1.695263641
1.694234269
1.693010119
1.691397254
1.691804998
1.689929253
1.690332792
1.691688011
1.69294026
1.688702026
1.693440578
1.695124807
1.68787998
1.687154654
1.686742366
1.686723241
1.686817854
1.687197222
1.687355287
1.688020959
1.689038498
1.690214953
1.695443222
1.696149743
1.696231553
1.690256987
1.69012316
1.690891741
1.691538642
1.692374976
1.695542961
1.69451953
1.693385037
1.689448932
1.695259754
1.695511402
1.695108038
1.694175524
1.693991953
1.692939895
1.691678691
1.690416407
1.68896389
1.689363291
1.691462535
1.692772106
1.693182265
1.694505446
1.695342077
1.690217016
1.695502094
1.689560209
1.688082937
1.687724181
1.687112443
1.686824338
1.686818067
1.686896404
1.687305515
1.688052874
1.695443222
1.695443222
1.696249216
1.689135583
1.688943068
1.689821434
1.690448458
1.691411474
1.694042028
1.692674443
1.688496156
1.688456133
1.693438121
1.693434795
1.692643805
1.69158564
1.691348731
1.69008826
1.689089385
1.688299774
1.687337875
1.687536587
1.694235929
1.693045429
1.695121503
1.695433146
1.696126023
1.692495087
1.690495551
1.689974307
1.688867221
1.687973813
1.687790943
1.687231418
1.686921275
1.686969099
1.695443222
1.695443222
1.688621726
1.688794671
1.68879668
1.688672392
1.689284279
1.69034695
1.691782035
1.687926107
1.688419203
1.687638832
1.690908823
1.690819228
1.689923095
1.689035226
1.688743413
1.687688456
1.687448481
1.687122657
1.687068312
1.687064043
1.695299712
1.695979392
1.694972356
1.696102843
1.696091123
1.693239043
1.692746601
1.691535198
1.690320434
1.689950682
1.688989169
1.688059391
1.687380291
1.695443222
1.689261633
1.690384759
1.690158793
1.687665558
1.688193416
1.689307259
1.68852171
1.68773567
1.689393114
1.687153904
1.688482146
1.688398725
1.687744368
1.687269562
1.687202578
1.687033331
1.687143441
1.687498964
1.688116451
1.688325214
1.696163646
1.696064895
1.695443222
1.695394597
1.695107749
1.694240182
1.693090124
1.692767077
1.691496304
1.690483623
1.689387364
1.691237599
1.692503624
1.692598662
1.686893512
1.68737216
1.690263604
1.689087674
1.687973228
1.687123247
1.694972013
1.686911473
1.686864277
1.686723364
1.686861452
1.687063615
1.687991099
1.688353367
1.689281329
1.69036596
1.690847656
1.695443222
1.695443222
1.696096683
1.696126732
1.695988739
1.695317611
1.695133778
1.694248855
1.693159679
1.692565452
1.692748887
1.693692317
1.694635793
1.686601163
1.686896062
1.691348127
1.689919963
1.688440319
1.695582818
1.695443222
1.686651414
1.686749787
1.687240808
1.687997779
1.688455143
1.690165301
1.690684244
1.691881202
1.693093991
1.693491386
1.695443222
1.695443222
1.69606508
1.6961206
1.696016648
1.695377303
1.695071353
1.693905326
1.69526249
1.695363094
1.69581046
1.687254412
1.68844918
1.692485866
1.690808649
1.695443222
1.695960601
1.687932462
1.688181598
1.689347273
1.690415162
1.69098946
1.69286416
1.693377047
1.694507436
1.695419416
1.695446198
1.695443222
1.695443222
1.696104363
1.696229289
1.695759523
1.694811898
1.696256875
1.695443222
1.689286872
1.690948348
1.69342454
1.690357671
1.690846032
1.69261086
1.693222541
1.694252588
1.695283665
1.695497044
1.696112579
1.696206884
1.696159598
1.695443222
1.695443222
1.696239842
1.696336321
1.695615983
1.695443222
1.692011951
1.693677077
1.693176059
1.693551223
1.695131157
1.69545946
1.696103731
1.696192485
1.696130677
1.695443222
1.695443222
1.695443222
1.696344069
1.695736356
1.694589929
1.695521837
1.695519571
1.696269963
1.696142644
1.695443222
1.695443222
1.695443222
1.696293332
1.696076761
1.696263493
1.696253388
1.695443222
1.695443222
1.695443222
1.695443222
