1.901409321
1.895677835
1.925626435
1.911058479
1.887889281
1.885100178
1.928394921
1.915652681
1.895762208
1.931873279
1.888795158
1.941024936
1.889623693
1.885675285
1.908655561
1.929695741
1.884773191
1.931078113
1.925735221
1.908699352
1.895347827
1.933880922
1.932996167
1.941695535
1.949418748
1.935037957
1.892303865
1.891066295
1.886446125
1.889158961
1.902591447
1.927227796
1.893703271
1.937670242
1.934723762
1.922969602
1.930797376
1.908988452
1.934362124
1.934184009
1.9369791
1.940572328
1.945072802
1.865697271
1.874028669
1.889658212
1.896793246
1.868234953
1.904157521
1.905635807
1.91882176
1.936373525
1.939616813
1.940761137
1.936167757
1.948760557
1.938638828
1.942431584
1.947657951
1.951479145
1.956521168
1.965128264
1.960438957
1.836539481
1.839715895
1.871963248
1.878758013
1.89689758
1.912831371
1.849045481
1.929863051
1.949598045
1.940999494
1.943388355
1.947420497
1.952303218
1.960125087
1.948530709
1.952557192
1.95279979
1.953916279
1.959019353
1.967826279
1.962411087
1.971978855
1.976022455
1.818202922
1.81261753
1.830518712
1.859636127
1.88941029
1.915606362
1.938952553
1.833852359
1.964104818
1.95038081
1.946351958
1.951505197
1.953822624
1.959263329
1.962453178
1.970352162
1.957390705
1.958134316
1.960755071
1.965595237
1.970021961
1.975603048
1.976597294
1.974882172
1.978940898
1.980816767
1.98588015
1.806668183
1.798113868
1.803041376
1.871444697
1.846214744
1.903556616
1.930849188
1.966916918
1.825134689
1.954959788
1.960873255
1.956840631
1.960272784
1.964260512
1.970275344
1.97544468
1.970787401
1.96664026
1.970894586
1.978778353
1.981878625
1.989101239
1.98597125
1.983727355
1.984198399
1.985099356
1.987426612
1.985947821
1.982032654
1.931928216
1.970596482
1.963671669
1.801846338
1.792140067
1.790776025
1.852742248
1.884187434
1.828328829
1.916354941
1.955178311
1.811544873
1.965634176
1.966349334
1.97242775
1.968925989
1.974991228
1.974657984
1.979994307
1.982282243
1.97392234
1.962693126
1.978428999
1.985385861
1.993955514
1.995668915
1.9951919
1.995249229
1.990277184
1.989339097
1.986959681
1.976295
1.968246032
1.915304855
1.934742259
1.949721967
1.963770712
1.958378731
1.911444487
1.796312185
1.794011115
1.789513181
1.874000114
1.841884367
1.898949729
1.817719064
1.933993774
1.803567765
1.978991002
1.97791428
1.97674621
1.982725762
1.981184771
1.982372166
1.984828861
1.983197992
1.976218708
1.953733753
1.935387677
1.988944173
1.993544007
1.995638453
1.996617873
1.994028654
1.991763913
1.987573658
1.983194909
1.97498747
1.965981642
1.95998751
1.908682103
1.920333673
1.954506602
1.942228495
1.957325175
1.91342487
1.921973661
1.928295154
1.79580765
1.795973864
1.799289787
1.87733723
1.855844432
1.828326878
1.907825177
1.807500229
1.79836293
1.989176867
1.98685267
1.987175628
1.982891772
1.990189754
1.990118875
1.992688602
1.963994396
1.944530465
1.916873296
1.900810205
1.99169189
1.989241445
1.989174403
1.9825525
1.97943706
1.976301327
1.971027528
1.970059143
1.962782391
1.957096585
1.954575964
1.911388418
1.906351691
1.928627643
1.952255635
1.944330767
1.914969343
1.924929311
1.925859407
1.92767895
1.796520727
1.799925699
1.929444674
1.800121192
1.882486522
1.863383248
1.841456817
1.817733427
1.803120906
1.796738313
1.996507014
1.997020055
1.995760586
1.990191156
1.964031286
1.995388151
1.992711219
1.987364911
1.929597272
1.910109792
1.885023205
1.873601726
1.981374236
1.981111951
1.974549964
1.969953344
1.966776743
1.962590302
1.959801508
1.953846708
1.951883242
1.94911788
1.904272468
1.916692283
1.903604873
1.933468013
1.941425799
1.915866471
1.922133099
1.937022463
1.796059549
1.805619549
1.803603162
1.935946757
1.805743723
1.864504827
1.848053836
1.829599355
1.809939768
1.799001806
1.795081466
1.998764865
2.000046235
1.990814295
1.99586784
1.9741763
1.927916826
1.990739154
1.984839251
1.976128469
1.885706472
1.860365563
1.851610244
1.972967919
1.968814384
1.964596964
1.961765254
1.957757768
1.955514673
1.95094295
1.950433846
1.948448969
1.908162562
1.896614962
1.922641774
1.90120574
1.93476402
1.938670452
1.910728378
1.928669617
1.950731987
1.952085298
1.793895074
1.804243107
1.951173907
1.954468527
1.945419378
1.802516391
1.844495944
1.830232941
1.816791237
1.803775655
1.798923309
1.794020586
1.989773596
1.996786301
1.993777979
1.969658149
1.990375526
1.941405425
1.894151071
1.984590308
1.976454091
1.970894468
1.859654376
1.836510649
1.830747193
1.968906214
1.963136912
1.960883894
1.95610306
1.95019284
1.947865894
1.94445437
1.925465253
1.903697233
1.890564603
1.895796867
1.934143558
1.935912455
1.925594981
1.944987134
1.957190522
1.793509154
1.798779227
1.954123267
1.947472772
1.936571201
1.936355859
1.942839511
1.936513314
1.792461409
1.826499295
1.816000627
1.809323721
1.802463307
1.797857483
1.79278193
1.993621572
1.963764525
1.996130058
1.990427033
1.93270831
1.984312226
1.905979329
1.859376173
1.982665552
1.977858718
1.979004458
1.836348795
1.819699151
1.815630421
1.974955184
1.975777774
1.968601485
1.957435145
1.953329276
1.945235138
1.932493625
1.913217118
1.889516117
1.88446251
1.903303739
1.935229868
1.940758568
1.928908065
1.946860604
1.944577681
1.790126613
1.79063081
1.938462488
1.933211994
1.936996363
1.947064744
1.945579313
1.932587922
1.783131586
1.812527395
1.808045392
1.80089107
1.798145382
1.7947469
1.997596195
1.980365756
1.929033835
1.993298604
1.987492241
1.890495096
1.989382812
1.865719174
1.833150708
1.987774087
1.991049211
1.991105796
1.818595314
1.811321864
1.807323762
1.996928826
1.98694611
1.974610837
1.964653244
1.958678689
1.915498753
1.935023926
1.893932014
1.877201014
1.8825325
1.903297456
1.936746986
1.958071394
1.924342224
1.930321501
1.925491303
1.791386472
1.789725608
1.918625437
1.934732177
1.956825434
1.951743552
1.911842974
1.776926233
1.807216847
1.807029269
1.804484081
1.802370912
1.798683726
1.986764718
1.991888731
1.946513775
1.895495364
1.989857272
1.992385647
1.857768417
1.994199971
1.836198835
1.8118605
1.996082399
1.997682134
2.009373746
1.802286295
1.799820047
1.80235385
2.007172667
1.999508145
1.983268778
1.984547869
1.89595824
1.929490301
1.875267703
1.869390486
1.880753167
1.90714091
1.959507842
1.980488381
1.91837257
1.91363152
1.925136563
1.78611577
1.795713765
1.914620771
1.951903294
1.965266789
1.896630962
1.911203429
1.778937302
1.793306087
1.774026698
1.804207486
1.805677617
1.805836958
1.801367215
1.803134973
1.960509885
1.978220309
1.985171156
1.914189446
1.865997074
1.985632316
1.985262621
1.837390587
1.827549113
1.984248931
1.809949914
1.99197178
2.003029352
2.012840845
1.788471138
1.787062006
1.792669781
2.015904967
2.003755067
2.001932873
1.875985492
1.948408101
1.860263389
1.864473884
1.887706739
1.910484874
1.981474354
2.001507798
1.907385441
1.906697882
1.933959372
1.787666883
1.917477968
1.95498108
1.888420115
1.92290463
1.775838153
1.790669084
1.781547351
1.85543779
1.769607222
1.799093934
1.80144829
1.800694676
1.799940439
1.791748045
1.920577263
1.954706661
1.975082027
1.979365296
1.877304026
1.840952413
1.975971784
1.972521237
1.815054719
1.80508269
1.97700942
1.983661922
2.006222493
1.99165343
2.012579309
1.778665148
1.779243322
1.789590814
2.009488272
2.007277445
1.869681584
1.857143012
1.971925424
1.875312598
1.903042871
1.909378526
1.997309332
2.008376251
1.902153406
1.911287561
1.933942127
1.778165459
1.918786948
1.895860878
1.944250505
1.770915168
1.780650376
1.790351078
1.774874828
1.854123484
1.868496398
1.762613964
1.795595081
1.796276794
1.792893596
1.788822095
1.77955909
1.921419918
1.887119313
1.953495868
1.971054196
1.970450615
1.848623165
1.817945963
1.967857997
1.968403693
1.799682562
1.97293096
1.981585084
2.000989848
1.993629393
2.00649537
1.772178373
1.783511267
1.772469927
2.013594497
1.876479276
1.856933205
1.979155284
1.895914086
1.901032459
1.897450381
1.997509623
2.01354874
1.915204313
1.922217289
1.766937522
1.771405474
1.910227695
1.947153565
1.777017554
1.78408214
1.792828689
1.771794246
1.851591203
1.861933054
1.883091799
1.758117125
1.75298945
1.793055935
1.790820789
1.782318093
1.774684168
1.767729008
1.931058018
1.893560548
1.860764196
1.949204333
1.966572446
1.96573742
1.829282194
1.805975988
1.962115215
1.963974077
1.96851287
1.977400227
1.985211843
2.002664575
1.768507511
1.777226359
1.766875468
2.012080791
1.883133413
1.861346187
1.972860899
1.892663217
1.88782613
1.903366216
1.99450256
2.008117659
1.919199139
1.759348144
1.917880143
1.943812995
1.779357918
1.785643333
1.794182343
1.805507052
1.772807452
1.851527649
1.849600461
1.865291357
1.879656594
1.74669763
1.742416857
1.786919248
1.776406662
1.768176032
1.760864053
1.757603829
1.914269968
1.933927259
1.878550153
1.845445182
1.938828679
1.94659047
1.94786446
1.954485967
1.817133885
1.955086931
1.955120759
1.96187899
1.969339105
1.995319411
1.768009767
1.767803956
1.764666472
1.996661888
1.864317663
1.895738487
1.9687059
1.876573292
1.882439505
1.898651545
1.990567791
1.995328479
1.750544665
1.931744526
1.948956907
1.795811912
1.785469359
1.802187573
1.806291335
1.811760459
1.776985435
1.844745804
1.853330369
1.854391143
1.866266851
1.870909693
1.788541353
1.860981569
1.741930774
1.737465608
1.734341647
1.769959071
1.762159791
1.753129088
1.750847497
1.749679818
1.927537677
1.899745593
1.935949616
1.863156543
1.834157829
1.936136143
1.936291744
1.93965791
1.947712987
1.949196084
1.949721646
1.954111751
1.974726584
1.77012469
1.761086109
1.766913489
1.980322327
1.873367687
1.902975681
1.971800029
1.86533202
1.875223561
1.983848373
1.98648809
1.933329871
1.951695304
1.805172787
1.798397103
1.80884786
1.81077161
1.816323065
1.829160285
1.778550662
1.844665173
1.843639313
1.85282401
1.861418346
1.857790264
1.78645251
1.777952671
1.850545821
1.856513697
1.734705531
1.740172077
1.730890418
1.728602527
1.756574506
1.75016323
1.745039014
1.744520751
1.744335227
1.918354469
1.932466999
1.882745278
1.936281119
1.848445335
1.937383465
1.935127721
1.936462489
1.938134597
1.944865262
1.944550324
1.95669265
1.771230326
1.759552349
1.768047782
1.964710111
1.882758643
1.907989958
1.967964961
1.860197756
1.984059978
1.9772271
1.921896957
1.94524502
1.803283789
1.790924045
1.809353069
1.810109464
1.821420397
1.838455309
1.772691928
1.842174233
1.852090187
1.84305056
1.846381129
1.868217581
1.773697397
1.771286837
1.763778606
1.852259408
1.846120698
1.855653881
1.733074655
1.730126854
1.736358054
1.726477198
1.724780236
1.750956894
1.745481469
1.739754361
1.737625565
1.90206505
1.930774785
1.943148266
1.867173577
1.947699792
1.942870329
1.936373376
1.932887833
1.933290687
1.940360257
1.944692777
1.937229417
1.767475682
1.756021937
1.760048657
1.953553454
1.880483823
1.888696903
1.893522483
1.971648061
1.856734953
1.976381998
1.954940123
1.912152863
1.942348554
1.782788862
1.791500768
1.797326271
1.814977568
1.83517965
1.860259663
1.761456164
1.847449584
1.838162166
1.859671982
1.839180078
1.76204902
1.769223784
1.758968069
1.75278607
1.853850938
1.845394735
1.728797369
1.729431049
1.726889182
1.731423771
1.72332784
1.721756637
1.748769153
1.740821936
1.734358409
1.926534577
1.892210622
1.951563849
1.955428659
1.947367638
1.940214537
1.931814709
1.930260365
1.930590206
1.93452557
1.757809947
1.751985266
1.749766371
1.935881973
1.86706201
1.877867722
1.872700606
1.881126257
1.948732258
1.861825982
1.951643214
1.935715157
1.901246168
1.920392202
1.778412603
1.787633299
1.8055386
1.826589271
1.849198891
1.87958964
1.75335
1.85544691
1.840540786
1.840233972
1.757256519
1.764591522
1.774121664
1.752417141
1.745658352
1.859747342
1.852615339
1.845747395
1.726394795
1.723527406
1.724387361
1.724560473
1.729196344
1.719027646
1.720625437
1.742500225
1.735335325
1.914587073
1.952458409
1.969089911
1.96228411
1.95179989
1.939377373
1.931907365
1.92730197
1.926696089
1.746956251
1.742569871
1.740710369
1.922948404
1.857908811
1.865976115
1.85561642
1.854142686
1.867989936
1.904009356
1.922966603
1.868744104
1.927444041
1.916514669
1.885013551
1.786111096
1.806203848
1.835863185
1.870340682
1.913959825
1.743505926
1.846481949
1.841405035
1.765699126
1.756628911
1.776444805
1.787523157
1.747344085
1.740274026
1.864508533
1.854024518
1.846445003
1.72302164
1.724099069
1.72139012
1.72027508
1.719948095
1.72981649
1.717894403
1.715174613
1.717215027
1.720647358
1.72494917
1.718416273
1.716968071
1.718183319
1.734389758
1.952857067
1.969960604
1.97028699
1.960724973
1.949131244
1.939267311
1.931756246
1.922350499
1.739252318
1.735282558
1.734637561
1.911007373
1.844889905
1.846463055
1.834818789
1.838718755
1.855484579
1.882409802
1.871416436
1.899659755
1.867685628
1.898608215
1.894927054
1.804768691
1.831985194
1.869595673
1.913058071
1.94842296
1.73710326
1.847409216
1.763590492
1.776131885
1.748694027
1.790581562
1.801993748
1.740655388
1.735848686
1.86060311
1.852986813
1.849185518
1.720501315
1.721090836
1.718617037
1.728311385
1.717070687
1.716058456
1.714188368
1.714684334
1.713507428
1.716123322
1.718054548
1.724650244
1.720901524
1.71654673
1.716586617
1.715138365
1.715133631
1.729549964
1.964507317
1.96401149
1.952345853
1.943874651
1.937382649
1.932322374
1.924831842
1.734365073
1.73171093
1.730447209
1.916042927
1.89634632
1.838723102
1.850453946
1.828079607
1.821091488
1.828539851
1.851355694
1.853349954
1.864761063
1.876710956
1.859112331
1.86978778
1.868472474
1.825101757
1.861823977
1.899149061
1.928838083
1.947312348
1.732968921
1.750913335
1.76791193
1.782978994
1.741019568
1.798585136
1.822496582
1.734583366
1.731987462
1.856065804
1.852393657
1.853570784
1.71856665
1.715580405
1.712478869
1.712968663
1.713560992
1.712122101
1.853893047
1.837995997
1.722429083
1.797288696
1.71634487
1.727206729
1.717956996
1.719992294
1.714185927
1.715011581
1.713216481
1.713002659
1.729620418
1.955297611
1.945266615
1.930414645
1.923143121
1.91679739
1.921561934
1.728280741
1.726336677
1.903133642
1.87916983
1.83932161
1.851110805
1.818720198
1.81108487
1.81815609
1.834439432
1.844126813
1.854439291
1.85405976
1.849125772
1.851328936
1.852413159
1.88207184
1.91714083
1.936631943
1.935701972
1.728130565
1.74117654
1.757011678
1.777399337
1.734430159
1.819445594
1.849050893
1.728513714
1.724146953
1.854439007
1.855425517
1.714375374
1.710901067
1.711254895
1.71129886
1.711758265
1.712602072
1.711069511
1.85163649
1.818650179
1.819173384
1.725006499
1.722650239
1.816961444
1.794703978
1.721575163
1.709624471
1.710340431
1.715878643
1.724828117
1.718067285
1.720839552
1.71208053
1.712964704
1.711148766
1.710503727
1.934752078
1.926021651
1.911928426
1.899166056
1.899060481
1.721266527
1.720453584
1.876508072
1.85465369
1.830867796
1.846992093
1.809215936
1.79328978
1.805006323
1.804780494
1.822737954
1.831958699
1.84956103
1.825408448
1.8271079
1.881999695
1.910139425
1.924593165
1.927479096
1.916154425
1.734623606
1.747788723
1.765912014
1.728792417
1.840962753
1.866368026
1.723193373
1.719331157
1.855118414
1.852190717
1.713853195
1.709604203
1.709528491
1.709759205
1.710122297
1.712006377
1.846098115
1.79737062
1.797653709
1.721678092
1.83543803
1.810673197
1.784264175
1.71753013
1.70815422
1.708747567
1.711813011
1.709941596
1.708675288
1.71825631
1.777983447
1.739853454
1.715995283
1.717506817
1.718281656
1.716120336
1.710010347
1.70868126
1.707681924
1.708112279
1.911676797
1.905285884
1.887192463
1.876006131
1.716236019
1.853047307
1.832185258
1.813070183
1.836173988
1.792734322
1.77991544
1.786768741
1.784276026
1.800010707
1.806364547
1.839369531
1.800025924
1.80146453
1.885681408
1.900284264
1.901151119
1.908268426
1.904263291
1.894226488
1.730077476
1.754491035
1.724781525
1.862385733
1.720285922
1.716633613
1.848234007
1.839333583
1.713905993
1.70777528
1.707417739
1.707683515
1.838973814
1.776476743
1.849067716
1.819316658
1.795374079
1.771270064
1.715130983
1.707139224
1.706814928
1.708160149
1.713921438
1.711966693
1.709872277
1.70682266
1.714348989
1.767037956
1.76078663
1.734091037
1.742189197
1.706844994
1.722781633
1.706630735
1.716155018
1.713482794
1.713823101
1.712073469
1.706806251
1.707674138
1.706802707
1.706845424
1.706847534
1.886420144
1.86980432
1.860506689
1.713413057
1.834178667
1.810499986
1.817496262
1.800298977
1.78048134
1.767274872
1.773708884
1.775255062
1.782663357
1.826905185
1.775711386
1.782381474
1.883044228
1.871056849
1.879970033
1.884150019
1.889296581
1.887082402
1.869653148
1.728789109
1.749149286
1.71784957
1.714680512
1.83191106
1.819285368
1.706837399
1.706853164
1.706856143
1.706843179
1.825867818
1.757430927
1.851863312
1.826026662
1.80051472
1.779944193
1.761934851
1.706749393
1.706795117
1.707877142
1.7139082
1.71191564
1.709708943
1.711437056
1.753039596
1.763198424
1.74734426
1.736188571
1.720494108
1.724497551
1.70657106
1.706656997
1.706438094
1.706844666
1.711448508
1.711584455
1.711792399
1.709990226
1.709727298
1.706846025
1.706885218
1.706886887
1.706871784
1.706882526
1.849611081
1.842370495
1.713208114
1.81799159
1.798191174
1.785131235
1.803979497
1.786269554
1.767430591
1.756506382
1.754603421
1.762127882
1.805889127
1.756481016
1.763449208
1.860164978
1.864873214
1.861651862
1.870105426
1.876974832
1.859419158
1.729526233
1.7450985
1.716321086
1.815778373
1.805358988
1.706818831
1.706858347
1.805902622
1.743153581
1.848226841
1.82642288
1.805709172
1.787819016
1.769187582
1.756201134
1.706712275
1.706754506
1.70740445
1.710365096
1.7088592
1.710351893
1.743138792
1.748519769
1.75200798
1.737887917
1.73606815
1.72008898
1.724544402
1.706509416
1.706580983
1.706341626
1.706254679
1.708660441
1.707254834
1.708922162
1.707989903
1.712036462
1.708073417
1.706926168
1.706906757
1.706951403
1.706881223
1.825213016
1.833521405
1.714843691
1.803139939
1.786557308
1.76965377
1.788558167
1.770311111
1.757531799
1.75111914
1.744584083
1.739749095
1.781706906
1.742183754
1.73656116
1.749796095
1.842497451
1.842033862
1.846175626
1.855898458
1.852117951
1.729199638
1.735347625
1.743564687
1.751605676
1.718681667
1.795095602
1.787995669
1.70679773
1.7068393
1.78383542
1.733532025
1.825278647
1.807956342
1.793720298
1.775170984
1.760595913
1.706643564
1.706699212
1.706128935
1.706066584
1.707544799
1.706443807
1.710713189
1.745019289
1.739874156
1.748077858
1.733804182
1.72365061
1.706412062
1.706486406
1.706224104
1.706137877
1.706490739
1.706213661
1.705774861
1.707377177
1.708897287
1.70981814
1.705409263
1.706926996
1.711822512
1.752120522
1.706206768
1.714196649
1.706954446
1.706875573
1.706905211
1.706985265
1.811459819
1.828707187
1.718292773
1.789187014
1.775744917
1.757886936
1.771641574
1.761171562
1.753213657
1.752495459
1.730790171
1.76319887
1.761259567
1.733882755
1.729123837
1.739884206
1.820861239
1.824257485
1.821051431
1.827996807
1.837371841
1.728427323
1.734917784
1.74313237
1.74827077
1.753652775
1.722551497
1.771545222
1.771598923
1.706756632
1.706806474
1.728864503
1.809489081
1.803484838
1.795069792
1.779033543
1.762112879
1.706549889
1.706634372
1.7058512
1.70593859
1.705506874
1.705571404
1.756196458
1.741253536
1.732982965
1.706295985
1.706381535
1.706105193
1.706019433
1.705230229
1.705080838
1.705638263
1.705999615
1.707475326
1.713870583
1.710653157
1.705306577
1.706934694
1.717032297
1.752271171
1.766503511
1.707002929
1.749719566
1.8088639
1.705844014
1.726977674
1.763511791
1.705080825
1.816968368
1.715989969
1.747891433
1.704955842
1.720514906
1.706965733
1.706855195
1.706902655
1.798457215
1.817155349
1.724962962
1.775977093
1.764252222
1.762537729
1.7567153
1.753952491
1.761658478
1.725214494
1.758336293
1.749566532
1.727953718
1.725255119
1.732664524
1.807568143
1.802516916
1.798109133
1.728737929
1.734237485
1.740148887
1.745171004
1.750742344
1.762595214
1.70668042
1.706764001
1.728385131
1.795117031
1.789332125
1.780005919
1.765146316
1.706464256
1.705721556
1.705379423
1.705447845
1.737861984
1.706192074
1.70592464
1.705160372
1.705524098
1.705612198
1.708194681
1.719812382
1.712201429
1.70522165
1.722767751
1.752330863
1.740827948
1.769575413
1.707013941
1.742461201
1.705736489
1.722623825
1.723467247
1.722350041
1.761641985
1.705007689
1.705061913
1.800629332
1.804480976
1.717411632
1.721116212
1.740214966
1.752381677
1.738185934
1.706929389
1.70619008
1.786452048
1.796199152
1.704988018
1.704956983
1.727020763
1.706950825
1.70682543
1.706876312
1.789823047
1.732021035
1.760082894
1.77684716
1.767628219
1.757093102
1.754859926
1.756585327
1.725737084
1.722284737
1.753749347
1.748997648
1.741812032
1.721901488
1.733341591
1.725669591
1.789219544
1.788620215
1.78542167
1.787577918
1.735376334
1.740061302
1.737071392
1.744168936
1.754441902
1.706516603
1.706603889
1.706687737
1.732832224
1.783524506
1.77705616
1.766765648
1.706260242
1.705590234
1.705289719
1.705364166
1.705978
1.705711237
1.705118331
1.705447936
1.708997736
1.725163485
1.712950826
1.705180246
1.752677928
1.742096707
1.757224962
1.764685988
1.707014851
1.719165096
1.719181911
1.718524442
1.717847231
1.757718061
1.705028222
1.705076996
1.789079261
1.789195319
1.720608729
1.715665993
1.717618368
1.72323314
1.742779102
1.749771959
1.73703348
1.735268313
1.706221521
1.775313276
1.777545191
1.783034719
1.759056697
1.769747938
1.718554445
1.77262304
1.705059677
1.705034158
1.705113308
1.729133002
1.706931323
1.706854907
1.706766399
1.775999791
1.731549139
1.748724085
1.765599722
1.751401082
1.752560215
1.732466569
1.724754246
1.720350965
1.747590545
1.7423473
1.728150167
1.738541288
1.720496892
1.779971604
1.777786166
1.771498041
1.776726249
1.732769419
1.739222301
1.735187142
1.746772956
1.755860456
1.706339069
1.70643386
1.706538013
1.763499669
1.706049943
1.705516955
1.705247289
1.705332917
1.705751926
1.705130656
1.709617391
1.725374449
1.713377062
1.705187236
1.745012108
1.749960745
1.738472773
1.75295698
1.758835748
1.707005535
1.718503465
1.715132354
1.715333311
1.714659881
1.716558186
1.751909229
1.705102403
1.705147939
1.775784838
1.776436347
1.720822677
1.715641015
1.715163172
1.737096786
1.733383821
1.732983266
1.706388332
1.765232106
1.765058134
1.77556281
1.754112611
1.762824377
1.716529114
1.770287418
1.761712168
1.719584495
1.757674416
1.70661958
1.758490898
1.712665578
1.706426032
1.705155798
1.705185442
1.705148764
1.705309464
1.705300737
1.727476232
1.706814034
1.706904627
1.706708177
1.763198557
1.728723011
1.746134465
1.73960703
1.743267559
1.747484375
1.732800438
1.72891256
1.722884952
1.733105321
1.721268183
1.726642541
1.715862689
1.770681573
1.769554249
1.762708808
1.764134981
1.731060603
1.734850856
1.74126024
1.748288794
1.753143544
1.706149219
1.706249492
1.706329361
1.705839265
1.705571826
1.705376141
1.705253932
1.705193403
1.709726512
1.724819715
1.722381531
1.712627997
1.705234193
1.742598899
1.745346272
1.746805912
1.738038124
1.751372848
1.747142322
1.751309375
1.706984992
1.7194657
1.711900208
1.711635263
1.713903814
1.716463213
1.745711524
1.705228567
1.705268421
1.762893877
1.716888274
1.712966995
1.737617148
1.732876295
1.730703275
1.730800772
1.705523474
1.706355962
1.756413942
1.754905732
1.76835742
1.749036771
1.756003153
1.712722801
1.714549327
1.763178426
1.75496895
1.72101551
1.71877595
1.75142365
1.751283804
1.752314016
1.711302552
1.710384115
1.706254946
1.706129343
1.706527834
1.706170279
1.745819615
1.734182087
1.747778476
1.705328319
1.70532943
1.705345696
1.705526256
1.705535421
1.725474949
1.723384492
1.706643472
1.706779046
1.706954155
1.74979409
1.727805169
1.74194209
1.737603015
1.731159505
1.742943672
1.73799457
1.740289328
1.734194502
1.729154387
1.723881512
1.717716253
1.712953973
1.72434935
1.763726334
1.763203289
1.755999883
1.750536759
1.731286325
1.73700985
1.742478573
1.745769415
1.748569787
1.70593884
1.706041808
1.705652223
1.705435804
1.705299477
1.705291086
1.709079133
1.706195329
1.709813679
1.705299673
1.738530928
1.742583335
1.743936946
1.743495503
1.746840599
1.74311252
1.744017338
1.718462103
1.707315718
1.70853387
1.70820022
1.71436746
1.740747517
1.705392678
1.705417734
1.712810859
1.716507445
1.714789207
1.709559624
1.729441217
1.731217136
1.728345564
1.728525123
1.705793312
1.705787911
1.746178433
1.76250082
1.741882657
1.74968898
1.711108366
1.709180958
1.7568849
1.751084526
1.72106457
1.71861972
1.74314231
1.744502221
1.744598102
1.708055367
1.709663774
1.711364823
1.706063804
1.706383936
1.705881711
1.70590307
1.706244638
1.705997819
1.737758508
1.73866323
1.73445621
1.731218142
1.739431395
1.70583578
1.739062192
1.738567584
1.743033224
1.733796924
1.740387902
1.749048523
1.706839711
1.712161255
1.726190679
1.738123989
1.731636892
1.705555788
1.705528662
1.705793828
1.70579569
1.723251919
1.725975869
1.706514184
1.706737964
1.706899341
1.738096843
1.738169408
1.729461223
1.731078586
1.728195108
1.719265038
1.738086331
1.735505995
1.734240436
1.729307897
1.723632951
1.708126487
1.713538426
1.706007309
1.757246605
1.75925049
1.753192564
1.733843852
1.737870194
1.740956588
1.744299048
1.747537106
1.705708752
1.705480691
1.705354532
1.705427558
1.70607446
1.706093081
1.705370812
1.73751212
1.741840252
1.741896514
1.74003957
1.738883935
1.738954089
1.73728246
1.71802267
1.705702142
1.705799844
1.705932275
1.705795694
1.713311463
1.73666673
1.705592271
1.705607663
1.708971537
1.714186288
1.715961587
1.706403716
1.726925979
1.728503346
1.726007928
1.706040588
1.706099834
1.736004298
1.756607436
1.727928443
1.741279327
1.70727018
1.70648689
1.752407616
1.721987767
1.719106747
1.729832424
1.70568638
1.70783678
1.709011575
1.705844141
1.705700223
1.705702704
1.706237319
1.705987334
1.70580127
1.729004967
1.724243773
1.727072772
1.730625421
1.728521515
1.732063686
1.73171734
1.737771193
1.720067919
1.739493437
1.746378179
1.706358818
1.709082877
1.711001458
1.724179156
1.724877935
1.730303251
1.728881895
1.732060529
1.706344682
1.743621552
1.726392588
1.705652738
1.705595167
1.706710362
1.706027227
1.705796919
1.706048276
1.725106749
1.72839557
1.706619332
1.706421949
1.706819983
1.724127792
1.731445054
1.713986016
1.706015796
1.733123493
1.733455939
1.728233368
1.723951818
1.705836303
1.705614268
1.753130561
1.753859312
1.749531151
1.734208566
1.737153002
1.74045827
1.744478232
1.748977079
1.705500922
1.705398459
1.705467139
1.705636659
1.706428119
1.736107681
1.740031501
1.739065176
1.736368464
1.733154662
1.733666127
1.733812294
1.732353148
1.720140966
1.716228858
1.705476297
1.70551746
1.705544352
1.705380885
1.710196624
1.71191961
1.733236247
1.705840708
1.705863089
1.70676078
1.712772621
1.717415541
1.714345524
1.706596699
1.706721191
1.725829954
1.723310379
1.706256726
1.706404563
1.72146601
1.752352643
1.705696862
1.714953407
1.737502118
1.706741861
1.72080134
1.723738937
1.705494948
1.705762657
1.705667485
1.705576815
1.7062604
1.705840401
1.705736518
1.712351841
1.713175724
1.705143899
1.716875083
1.70693432
1.722858907
1.726058786
1.722657863
1.728508307
1.724958349
1.723277601
1.706529897
1.737644037
1.743888638
1.706800843
1.708731765
1.722879456
1.722204993
1.723181005
1.718965949
1.729444845
1.726435425
1.706595693
1.740816322
1.711808963
1.705880651
1.705518151
1.706928792
1.70694437
1.706104315
1.705973742
1.711783272
1.705476717
1.705170549
1.724134174
1.737969442
1.731284398
1.71333822
1.712772208
1.712330215
1.710271164
1.706102432
1.706275498
1.72652097
1.730124359
1.706489339
1.706712533
1.70532679
1.705782335
1.705614722
1.705641646
1.72864738
1.733583746
1.728322699
1.725611494
1.722853999
1.705378346
1.705196449
1.7497754
1.749220952
1.745361845
1.733488202
1.737212588
1.743075813
1.746325166
1.705478765
1.705538006
1.705686398
1.705895179
1.706718161
1.735452804
1.737632612
1.735322552
1.732526667
1.728694199
1.729343547
1.729372297
1.728158262
1.719462461
1.71592458
1.70526661
1.705314504
1.705209159
1.70508293
1.705521882
1.729148143
1.706157966
1.706149255
1.707058751
1.710405278
1.719246317
1.715810751
1.706874682
1.706996181
1.722757611
1.720164866
1.72135541
1.706460679
1.706583659
1.706792699
1.704535241
1.748734199
1.705106136
1.70521381
1.737831499
1.731989455
1.722543007
1.705306262
1.705185163
1.705626748
1.70571646
1.705597076
1.706260468
1.705936322
1.705855997
1.705862899
1.704807646
1.704857753
1.70475046
1.714838188
1.709086115
1.718114836
1.721623336
1.740009757
1.707073877
1.706955088
1.70718031
1.720477682
1.720165861
1.719923844
1.706856127
1.727170204
1.723091062
1.724788462
1.706748196
1.706794544
1.740133687
1.704435767
1.706146024
1.707084157
1.706141439
1.706070348
1.708617638
1.721422939
1.736306969
1.731002756
1.707298142
1.704702468
1.707548775
1.714074952
1.709899664
1.709431509
1.713751119
1.705152665
1.704387646
1.724826451
1.705159678
1.737274274
1.706446088
1.726318293
1.729718211
1.70657007
1.706361652
1.704873158
1.705252502
1.724936186
1.725044744
1.732821356
1.72824261
1.72507365
1.722099691
1.705050888
1.704965672
1.746683419
1.745101812
1.745605714
1.741796261
1.733697634
1.742021535
1.744233622
1.705695234
1.705858371
1.706136686
1.707006744
1.733637068
1.735475883
1.73341879
1.731258205
1.728278627
1.724960409
1.724645529
1.72552694
1.725101437
1.718318985
1.714808198
1.705069057
1.705138922
1.705019071
1.704921932
1.705094057
1.724859323
1.706460366
1.706446393
1.707220083
1.707233653
1.707157924
1.718049226
1.707165189
1.717792024
1.718405562
1.716760093
1.706720153
1.704548767
1.704398646
1.70446115
1.745227022
1.704781346
1.704895429
1.705003275
1.733197906
1.726943275
1.721967175
1.705080575
1.705773321
1.705964491
1.705875696
1.706102874
1.706056004
1.706171599
1.704628894
1.704597618
1.704715459
1.704348061
1.704505214
1.704401059
1.708065084
1.716659578
1.736635377
1.707218391
1.707151058
1.716401329
1.718164661
1.719214815
1.721074036
1.722135413
1.706912879
1.706894818
1.73961842
1.70437529
1.706435362
1.706240939
1.706304833
1.70627913
1.707394886
1.73428457
1.730158901
1.70526937
1.704922349
1.707578262
1.707655231
1.708911672
1.71326198
1.709196142
1.705128725
1.705088921
1.721614476
1.722013007
1.705035298
1.736822204
1.738485899
1.704967229
1.70567473
1.706436325
1.726961057
1.706757418
1.725702957
1.729448106
1.70644226
1.704670585
1.704922751
1.72080059
1.731341042
1.726378802
1.721793081
1.718639346
1.704864582
1.704834905
1.742773841
1.743911152
1.741409657
1.741840228
1.733214332
1.74075866
1.706022688
1.706222736
1.70644174
1.707235517
1.707085781
1.732306692
1.731023049
1.729032847
1.723748118
1.720874569
1.721083271
1.721257338
1.72176992
1.714097352
1.704956295
1.705014813
1.704895135
1.704825619
1.705044583
1.705023405
1.720236711
1.706749517
1.706732441
1.70735207
1.70732825
1.707358715
1.707391326
1.717320021
1.713406505
1.714456957
1.715332591
1.71544247
1.713546172
1.707018541
1.704429123
1.704479949
1.704408906
1.704415911
1.741382582
1.704640326
1.704722254
1.704813999
1.724355184
1.729011033
1.721269023
1.706109554
1.706363315
1.706252096
1.706382103
1.706467909
1.70458801
1.704519609
1.704520456
1.704411441
1.704718866
1.70457021
1.706075261
1.712251249
1.732734263
1.707379177
1.712942777
1.715744928
1.718066319
1.707087796
1.738089436
1.70673104
1.706365277
1.706432849
1.706583484
1.707592609
1.728716802
1.705319173
1.707698722
1.707823757
1.707776532
1.707841404
1.711416314
1.708097937
1.705157953
1.705095558
1.71910269
1.718113714
1.704957122
1.735253852
1.735388355
1.704891496
1.705964502
1.706744347
1.706800567
1.721979536
1.724205467
1.717918837
1.705242382
1.721701268
1.706668276
1.725640114
1.706724421
1.707028338
1.724695277
1.729047659
1.706417481
1.704573913
1.704776975
1.715792375
1.727443688
1.720429614
1.714891962
1.704759361
1.704763058
1.738757291
1.740188337
1.737056454
1.737462091
1.731939306
1.736792742
1.706447534
1.70665165
1.707293136
1.707417342
1.72842527
1.724971992
1.7184361
1.717541929
1.717592363
1.717829232
1.716902869
1.70870514
1.704906704
1.704977403
1.704835067
1.704794809
1.705094317
1.705018949
1.715565711
1.707016412
1.707010287
1.70747812
1.707462251
1.707481345
1.707600167
1.715044108
1.711116053
1.710530074
1.71172725
1.712349344
1.711183864
1.707237804
1.707282442
1.704444008
1.704442966
1.704470016
1.70459093
1.704561739
1.736657446
1.704582249
1.704632482
1.704698484
1.71630309
1.723940453
1.717300715
1.706526149
1.706810046
1.706667768
1.706802172
1.704523276
1.704492551
1.70489926
1.706518325
1.706408108
1.728073364
1.710744541
1.71370536
1.711623723
1.734178202
1.707000956
1.706495352
1.706669423
1.706875864
1.707755773
1.724498868
1.706062083
1.705469887
1.707826079
1.707905796
1.707877473
1.70792363
1.707942093
1.705204228
1.715505722
1.715464588
1.704944175
1.731106889
1.730044209
1.704870788
1.707013653
1.707090532
1.707086357
1.716563099
1.718503104
1.720155762
1.714608154
1.705358883
1.71763913
1.715721159
1.70699417
1.706981603
1.70695958
1.707932468
1.713724643
1.707269827
1.720262328
1.726590714
1.706483459
1.704548422
1.704696324
1.71287126
1.712014533
1.72024258
1.72013145
1.722451905
1.71230797
1.71225326
1.705590481
1.706865664
1.704718895
1.704778727
1.733846265
1.735277352
1.731645504
1.731755429
1.73197029
1.706912155
1.707479583
1.707554205
1.717531901
1.713039266
1.713837599
1.714058502
1.71416901
1.712986245
1.704931243
1.705004305
1.704852775
1.705141067
1.712013332
1.707253433
1.707248992
1.707600433
1.707616141
1.707751134
1.707965729
1.70912923
1.709549175
1.708861297
1.709214876
1.709498486
1.70933748
1.707441813
1.704500482
1.704489866
1.704577114
1.704932908
1.704792149
1.729107083
1.70459673
1.704612398
1.704646167
1.709545506
1.706828999
1.718056392
1.71186549
1.707968085
1.70693773
1.707176193
1.707206668
1.704535468
1.704547724
1.705410832
1.706826281
1.706698275
1.718424327
1.710252612
1.728043357
1.707234899
1.706670588
1.706897467
1.707088462
1.707851096
1.706046229
1.706519445
1.707884208
1.707906592
1.707924609
1.705349138
1.712490852
1.723830396
1.707262149
1.707266389
1.707224903
1.712435299
1.713686498
1.71492424
1.71144989
1.705517577
1.713176251
1.711748717
1.70724387
1.707228157
1.707188462
1.707876941
1.711576018
1.710821974
1.707092114
1.70760681
1.707808767
1.707164285
1.707445896
1.707991447
1.715225676
1.719466497
1.706607345
1.70460139
1.704682234
1.710061405
1.713923365
1.714177425
1.708146694
1.707131222
1.705651528
1.705799655
1.704746329
1.704909706
1.704857058
1.72675539
1.728190138
1.722546898
1.707206015
1.707588273
1.707702111
1.712079057
1.710535019
1.709962438
1.711024196
1.709870827
1.704992609
1.705081176
1.705301236
1.707450723
1.707431524
1.707729294
1.707823771
1.707900091
1.707853136
1.707811245
1.707504522
1.707090407
1.708322037
1.707753787
1.707549208
1.704636281
1.704619243
1.704815906
1.705495526
1.705140423
1.717873994
1.714258863
1.70469232
1.70467263
1.704666538
1.707268338
1.707222312
1.707929928
1.707852519
1.707388662
1.707398835
1.707380982
1.707354363
1.704635254
1.704688033
1.70605981
1.707213922
1.706928513
1.707530552
1.709969643
1.716987911
1.707413137
1.706835685
1.707056212
1.707851508
1.706664587
1.707831117
1.707829416
1.705569284
1.707306657
1.707231677
1.707187508
1.710905288
1.710078962
1.711225087
1.709320763
1.70881403
1.708183379
1.707390976
1.707349539
1.709286891
1.709920479
1.708709256
1.707686854
1.706759206
1.707078177
1.707049997
1.706993377
1.707289884
1.706487673
1.70504375
1.70759453
1.707886647
1.707863063
1.708004167
1.708019088
1.706718616
1.704758302
1.70474792
1.707624122
1.709540852
1.709315371
1.706011158
1.705942519
1.705844911
1.706040416
1.704844716
1.705117318
1.704985299
1.711375679
1.707804613
1.707457627
1.707646014
1.707692593
1.707797023
1.707773301
1.709057829
1.708144233
1.708610179
1.708512059
1.708300363
1.707268079
1.70520713
1.705519574
1.707564053
1.707537513
1.707821975
1.707756041
1.706285498
1.70658998
1.706399098
1.706155359
1.704869347
1.705211299
1.705801085
1.708004166
1.707956856
1.704825753
1.704772372
1.707523122
1.707775865
1.707394562
1.707439632
1.707474063
1.707289491
1.70724291
1.704912731
1.706440114
1.707558081
1.707164302
1.707692109
1.7077979
1.708024655
1.707505877
1.706907814
1.70777487
1.706911022
1.707739678
1.707711064
1.705810115
1.707120205
1.706980905
1.706934228
1.708355716
1.707907222
1.706155858
1.7061994
1.707507016
1.707601011
1.707747676
1.706386176
1.706811892
1.706808335
1.706745757
1.70686301
1.707558403
1.706475991
1.705312957
1.705221801
1.7079427
1.707534044
1.707669796
1.707631532
1.707702155
1.707936449
1.70780707
1.707758162
1.707681713
1.707881752
1.706737481
1.704965117
1.704921724
1.706524073
1.705938519
1.706397178
1.706951064
1.706164143
1.706078463
1.706272601
1.705483515
1.705167419
1.708025402
1.707953082
1.707486358
1.707714966
1.707793632
1.707763477
1.706787298
1.706961743
1.706268824
1.706980789
1.706164825
1.705958242
1.705976795
1.705950337
1.707598223
1.707567507
1.707732069
1.707650118
1.707631515
1.706215581
1.706309493
1.706546835
1.706034906
1.706108576
1.705491631
1.706431324
1.708019714
1.7050397
1.707802064
1.707194714
1.707347968
1.706983556
1.706911448
1.705263101
1.705602642
1.707769183
1.707449139
1.707891054
1.707960968
1.707628096
1.707212863
1.706726783
1.706541695
1.706517653
1.706411409
1.706310984
1.70631823
1.706378911
1.707493894
1.707732206
1.706404404
1.70637119
1.706458994
1.706704269
1.70630311
1.707801839
1.707774731
1.70561998
1.705551882
1.705484479
1.707799808
1.707521646
1.706913359
1.708005616
1.70763366
1.707671381
1.707592056
1.707590511
1.70755657
1.707711324
1.707542751
1.706558282
1.705336616
1.705174159
1.705848242
1.705918677
1.706409603
1.706397476
1.706329832
1.706513695
1.705963261
1.705471752
1.707930656
1.707940447
1.708008261
1.707191174
1.707274307
1.707694031
1.707702491
1.707658842
1.706453232
1.706322249
1.706238117
1.706109601
1.706404249
1.705886745
1.706003875
1.706307213
1.707553736
1.707579764
1.707524455
1.706287951
1.706175974
1.706500391
1.706008841
1.706060113
1.706325509
1.70541684
1.706735611
1.706985206
1.706506146
1.706424613
1.70592724
1.707703503
1.707815758
1.707481151
1.707469649
1.706188298
1.705999923
1.706025242
1.706452773
1.706521245
1.706503697
1.70655981
1.707356049
1.707620206
1.706375777
1.705831144
1.705980263
1.706368525
1.705784508
1.707928722
1.707938703
1.707891394
1.705994601
1.705849856
1.705827478
1.707691658
1.707404781
1.707195227
1.708000022
1.70795784
1.705999941
1.706166647
1.70626888
1.707548067
1.70752288
1.707579985
1.707463353
1.707438525
1.707565857
1.707417591
1.707401221
1.706170583
1.705876695
1.705625056
1.705884435
1.705930725
1.706558189
1.706630227
1.706596996
1.706736903
1.70647908
1.705986829
1.707877269
1.707998496
1.70682527
1.706706806
1.707058305
1.707528609
1.707483766
1.707476138
1.706502883
1.706412814
1.706132184
1.705998829
1.707370717
1.707377281
1.706249885
1.706140769
1.706451356
1.706048258
1.706815956
1.705998226
1.706206049
1.706461349
1.705986655
1.705881369
1.706600212
1.707887013
1.70769722
1.707721495
1.705605346
1.705512631
1.706646343
1.706741861
1.706630224
1.706722107
1.707426277
1.70632198
1.705350873
1.705443849
1.705880467
1.7052703
1.707973004
1.706338809
1.706344062
1.707578884
1.707217018
1.707513868
1.707965778
1.705963034
1.706556911
1.706456261
1.706278381
1.706434521
1.707377071
1.70735253
1.707273239
1.707291208
1.70743211
1.707229498
1.705597412
1.706552252
1.70628791
1.705949265
1.706600079
1.706732812
1.706873888
1.7068216
1.706783584
1.7066271
1.707853303
1.707770953
1.707957877
1.706220631
1.706486206
1.706145754
1.706755521
1.707284292
1.707277562
1.70723731
1.706228105
1.70611474
1.707229455
1.706200523
1.70610611
1.706400371
1.706019693
1.70744317
1.706671744
1.705728593
1.705941127
1.705555922
1.705461386
1.707166801
1.707941752
1.707848792
1.7075876
1.705228896
1.705119161
1.706848274
1.706930637
1.706883624
1.707185915
1.706274287
1.704956162
1.704933128
1.705318798
1.704837523
1.707929804
1.706787622
1.70678996
1.70744302
1.706880874
1.707114813
1.707737688
1.705991945
1.70692457
1.706616192
1.70645644
1.704520877
1.70707906
1.707066966
1.707119029
1.707289664
1.707132095
1.707055374
1.704937119
1.707217471
1.706994209
1.706060249
1.706768545
1.706903894
1.706990359
1.707037318
1.70702263
1.707144992
1.707655614
1.707641016
1.707833762
1.705696611
1.705909148
1.706186223
1.705702662
1.706425469
1.707027731
1.706953583
1.706363506
1.706261662
1.706188987
1.706080759
1.706346604
1.706039999
1.707819553
1.707639614
1.707254001
1.70542344
1.705543455
1.705310253
1.705215269
1.707852258
1.707906391
1.707393648
1.705046721
1.70490343
1.707008139
1.707027573
1.706884513
1.70471303
1.704780552
1.704539466
1.707005295
1.707143912
1.706789908
1.70606455
1.707142695
1.706780069
1.706610566
1.704244799
1.704371781
1.706590173
1.706933151
1.706761335
1.706943182
1.707131659
1.706777528
1.704318548
1.707621862
1.707514306
1.706176476
1.706926461
1.707038345
1.707131213
1.707114592
1.707151636
1.707408465
1.707637778
1.707394302
1.707400113
1.70543036
1.705513493
1.705435423
1.705651282
1.70586072
1.705995676
1.706406888
1.706686363
1.706567122
1.706557942
1.706396122
1.706297389
1.706172513
1.706119897
1.706087266
1.707788929
1.707839561
1.705352533
1.705394207
1.705287093
1.705176308
1.707666045
1.707130565
1.705044335
1.704851753
1.707127692
1.704618145
1.704385143
1.70731135
1.706170899
1.707246082
1.706934896
1.706770206
1.704105281
1.704066657
1.706283624
1.707321349
1.705905149
1.706740687
1.706434083
1.70648652
1.70680911
1.703887915
1.707657483
1.707508888
1.706331993
1.707062803
1.707127307
1.707188751
1.70720568
1.707257786
1.707377574
1.707330541
1.707076484
1.705442396
1.705417311
1.705364073
1.705365348
1.705430696
1.705521692
1.706332903
1.706010663
1.706566383
1.706758117
1.706254548
1.706182313
1.70619608
1.706175008
1.707609394
1.707554676
1.707670674
1.70549269
1.705482758
1.705446301
1.705283192
1.707339922
1.705137719
1.704895223
1.707161798
1.704611483
1.704333189
1.706328161
1.70707118
1.706941553
1.704064305
1.703895429
1.707250924
1.706755285
1.707088899
1.705408715
1.705512804
1.706133753
1.706049599
1.706424225
1.706120514
1.703691908
1.707393006
1.707185078
1.707171855
1.706551802
1.707144493
1.707185294
1.707114114
1.707085669
1.706920764
1.705634203
1.705673816
1.705507636
1.705377439
1.705303281
1.705284507
1.705708982
1.706759633
1.706937942
1.706242868
1.706240347
1.706344075
1.706339571
1.707245369
1.707092975
1.705734623
1.705740268
1.705710847
1.70555024
1.705401718
1.70682848
1.705182609
1.704916415
1.707124836
1.704593655
1.704305491
1.706539102
1.70404111
1.703858368
1.707093885
1.706460505
1.707068349
1.707109163
1.705261265
1.70527771
1.705275451
1.705366319
1.705763153
1.705762293
1.706024582
1.705691763
1.703722928
1.706824247
1.70672426
1.706662159
1.706642075
1.706769226
1.707057728
1.70691142
1.706811966
1.706948196
1.706741621
1.706365658
1.705954701
1.705830287
1.705971175
1.705647504
1.705477235
1.70539765
1.705500284
1.706941168
1.706296354
1.70637489
1.706584424
1.706518399
1.706620013
1.706456662
1.705986812
1.705925834
1.705770159
1.705601244
1.705357396
1.706215262
1.705049433
1.704791954
1.704448344
1.704184173
1.703959851
1.703892577
1.707045552
1.70707085
1.706940206
1.706902117
1.705362262
1.70540971
1.705566682
1.705275954
1.705278607
1.705408666
1.705768456
1.705551104
1.705368939
1.70388642
1.706071583
1.706184594
1.706183118
1.706132467
1.706252752
1.7060506
1.706795188
1.706944414
1.706763732
1.706420181
1.706566492
1.706370235
1.706140821
1.706164645
1.70601938
1.706125672
1.705845511
1.705759948
1.706428151
1.706568408
1.706711854
1.705896851
1.705835635
1.706015183
1.705795446
1.70550533
1.705332687
1.704990716
1.704623636
1.704454067
1.70404855
1.704123953
1.703875892
1.703756542
1.703911875
1.70699017
1.706988808
1.706789765
1.706621881
1.706526777
1.703840752
1.705528751
1.705729046
1.705804059
1.705999035
1.705354786
1.705256872
1.705429675
1.705345704
1.705276466
1.705274665
1.704023591
1.705519696
1.705623506
1.705594402
1.70564704
1.705663264
1.70576164
1.705901034
1.706902379
1.706318782
1.7059092
1.706089091
1.706262429
1.706202081
1.706040617
1.706202141
1.705919942
1.706159798
1.706588465
1.706776491
1.705424139
1.705626685
1.705225356
1.704803845
1.704657529
1.704238773
1.703845704
1.703745451
1.703505131
1.703518768
1.703424035
1.703422196
1.706877374
1.706903705
1.706424633
1.706615516
1.706202625
1.706087073
1.70367785
1.705962369
1.705722192
1.706162405
1.706218678
1.706328521
1.705518071
1.705451635
1.705261323
1.705266984
1.705274405
1.705334381
1.703942971
1.705322932
1.705285593
1.705317145
1.705348315
1.705334736
1.705396995
1.705488039
1.705509691
1.706838187
1.705856729
1.705648843
1.706154329
1.706094795
1.706304682
1.705794307
1.705404405
1.706343972
1.705217307
1.706715702
1.704734289
1.70418418
1.703704521
1.703581381
1.703144906
1.702769927
1.702821741
1.702700121
1.702858693
1.702879367
1.703008203
1.706656002
1.706776739
1.706008815
1.706237403
1.706330443
1.705782855
1.705670814
1.703330678
1.702553962
1.706151004
1.70632183
1.70594098
1.706392808
1.706390812
1.706297861
1.705847146
1.705666651
1.705418721
1.705411066
1.705361359
1.705513803
1.705522976
1.703600447
1.705321756
1.705326656
1.705293656
1.705282297
1.705256717
1.705265829
1.705265185
1.705348578
1.706735693
1.706726197
1.705466293
1.7059308
1.705542109
1.705370158
1.706072585
1.704825565
1.704238131
1.704014731
1.703366501
1.702877546
1.702272531
1.702252559
1.701884852
1.701639613
1.701848314
1.701907067
1.702186117
1.702346527
1.706499894
1.706566939
1.70562592
1.705838756
1.705944826
1.706169742
1.705442169
1.705376942
1.702886272
1.702152248
1.70191822
1.70526742
1.706269469
1.706363728
1.706344887
1.706195915
1.706160444
1.706071457
1.705695009
1.706062778
1.705916757
1.705688101
1.705791321
1.70579418
1.705595461
1.705897101
1.70304517
1.705613806
1.705496404
1.705498748
1.705375456
1.705284954
1.705257298
1.705220872
1.705245256
1.706583826
1.705158292
1.704952134
1.704325149
1.704073817
1.703369303
1.702664938
1.702516888
1.701837562
1.701815723
1.701273967
1.700825057
1.700921479
1.700722069
1.700700813
1.701099481
1.701247101
1.701653863
1.706211368
1.706413467
1.705336447
1.705491374
1.705580007
1.705814835
1.705235087
1.705214326
1.702427914
1.701832807
1.701643787
1.701351455
1.705215172
1.706236977
1.706218945
1.706097906
1.706075849
1.705779955
1.706240148
1.705285205
1.705120349
1.704429977
1.706209389
1.706197441
1.706008685
1.706101557
1.706182798
1.706156694
1.706008966
1.702411294
1.705864163
1.70572248
1.705534779
1.705470777
1.705329937
1.705240572
1.706275821
1.703611567
1.703452948
1.702587598
1.702377349
1.701619499
1.7009128
1.700749041
1.700256447
1.700248944
1.699892049
1.699696883
1.699896128
1.700009485
1.700451183
1.700911382
1.705855595
1.70524073
1.705178884
1.70529127
1.705476417
1.705186595
1.705232435
1.702005314
1.70155298
1.70147464
1.701256077
1.700901573
1.705343554
1.705684552
1.705608255
1.705944602
1.705139553
1.705239644
1.704547975
1.706115059
1.703801396
1.703541211
1.702575224
1.706135588
1.706248864
1.706354021
1.706367056
1.706365128
1.706312548
1.706269073
1.701811471
1.706102034
1.705918247
1.705820386
1.705611358
1.705430988
1.705829279
1.701745957
1.700826073
1.700556485
1.699885887
1.699308365
1.699279869
1.699002213
1.699068589
1.699012793
1.699138408
1.699454017
1.699903197
1.700418424
1.705409418
1.705109671
1.705084426
1.705157715
1.705160531
1.705280277
1.705384004
1.70162717
1.701289054
1.701256834
1.701220852
1.701003828
1.700642728
1.705583438
1.705021857
1.704463431
1.70435254
1.705443715
1.703560163
1.703754423
1.702776036
1.705560346
1.701888612
1.701576783
1.70073241
1.705941426
1.706392457
1.706454014
1.706486553
1.706196818
1.706412066
1.70126019
1.706265057
1.706164135
1.705947958
1.705721282
1.705338632
1.69983167
1.699126772
1.69896771
1.69852759
1.698252074
1.698391921
1.698356755
1.698560009
1.698822581
1.699232699
1.699596471
1.70013208
1.705022942
1.704976135
1.705086628
1.704933984
1.705250048
1.705505175
1.70095519
1.701042995
1.70080608
1.700983252
1.700861498
1.700552394
1.705780555
1.705372139
1.703478314
1.704147089
1.702667332
1.7026269
1.704344496
1.701606167
1.701767745
1.700756628
1.704961451
1.69989124
1.699676529
1.698946284
1.705526622
1.706073251
1.705917906
1.706318282
1.706435977
1.706413888
1.70065916
1.706329354
1.70618794
1.705980967
1.704885598
1.698311116
1.697948692
1.697946281
1.69788441
1.698071604
1.69844712
1.698773251
1.699272821
1.699797223
1.700093198
1.704747317
1.704938041
1.704793938
1.705128039
1.705634193
1.700352885
1.700577256
1.7006217
1.700101792
1.700781901
1.700785148
1.70059204
1.705872363
1.705379169
1.705149295
1.702346354
1.701468582
1.702625026
1.700743706
1.703420014
1.699878377
1.69960879
1.698830326
1.704239574
1.698199195
1.698095203
1.697680447
1.704882266
1.705114861
1.705625033
1.705981374
1.706199968
1.706130582
1.699887939
1.706152831
1.706065264
1.704533476
1.697455854
1.697511964
1.697707905
1.698041124
1.698552099
1.699147289
1.699519242
1.700088759
1.70046504
1.704565124
1.704709143
1.704913474
1.705574565
1.699750983
1.699459947
1.699815193
1.700210129
1.699182456
1.700552722
1.700718101
1.705700524
1.70505213
1.705204095
1.70483154
1.700376785
1.700691624
1.699666237
1.701522166
1.698856195
1.702479242
1.698171001
1.697940145
1.697389027
1.703302217
1.697117153
1.697208607
1.697145335
1.703599316
1.704378846
1.70505109
1.705510475
1.705590711
1.698882326
1.705813968
1.704304685
1.697378416
1.697817578
1.698172372
1.698755956
1.69943717
1.70002704
1.700352744
1.700665838
1.704444594
1.704630277
1.705240041
1.698551954
1.698658122
1.698298996
1.699108909
1.699682965
1.698152152
1.700159104
1.700369924
1.705183335
1.70462163
1.704804625
1.704747228
1.704510502
1.697914246
1.698686568
1.698926613
1.699649714
1.698083164
1.700484561
1.697489957
1.70146256
1.697080933
1.696946096
1.696822835
1.70162861
1.696962595
1.697351296
1.702671961
1.703594265
1.704292984
1.704581118
1.705164371
1.697718372
1.704172996
1.697945532
1.69862834
1.699037822
1.699672136
1.70022463
1.700532629
1.700628193
1.704341484
1.704602266
1.697282893
1.697099541
1.69767207
1.697073573
1.698268174
1.698883286
1.696983987
1.699223411
1.700072878
1.70431255
1.704309988
1.704223214
1.704280553
1.704098588
1.704234102
1.697503713
1.697668848
1.698176546
1.698839795
1.69713407
1.699631972
1.696857795
1.696768412
1.696810728
1.697163491
1.700851421
1.699869696
1.697494177
1.698101788
1.701828085
1.702705248
1.70316745
1.704113896
1.696233435
1.696562932
1.704075722
1.698826332
1.699537853
1.699821255
1.700229253
1.700376048
1.700235454
1.703703882
1.695796845
1.695987376
1.696016766
1.696546511
1.696004369
1.697118727
1.697448485
1.698628022
1.698983648
1.703149866
1.703769424
1.703657352
1.703943145
1.70404968
1.703250809
1.695281082
1.697122297
1.697049628
1.697364458
1.6977113
1.698160559
1.696947164
1.698426193
1.696971741
1.697143154
1.697320341
1.697952815
1.69909758
1.700034366
1.698341297
1.698927536
1.700964419
1.701564571
1.702742776
1.695494486
1.695663417
1.703939474
1.699450486
1.700007793
1.699736007
1.699956431
1.699583702
1.702625341
1.694716215
1.694763572
1.695064528
1.694911922
1.695263097
1.695437141
1.696583895
1.696930919
1.697872763
1.70181006
1.703518347
1.703181305
1.702905729
1.703777679
1.702323883
1.694615225
1.694907221
1.702136691
1.697403306
1.697265022
1.697314566
1.697349807
1.697483352
1.697617956
1.697384277
1.697966212
1.697598326
1.697907832
1.698140554
1.698712415
1.698592271
1.699391791
1.699010535
1.699323872
1.700011347
1.701234881
1.69511211
1.695174012
1.703716975
1.699405652
1.699258004
1.699221695
1.698690799
1.70157906
1.693790869
1.693955003
1.694252298
1.693775636
1.693646612
1.694163173
1.694715074
1.695686278
1.694665416
1.696644324
1.70076416
1.700350439
1.703415894
1.703022423
1.702548334
1.701433938
1.694294423
1.694617822
1.694907123
1.701943497
1.701436819
1.697887657
1.698015423
1.697963751
1.697698912
1.697589252
1.697605982
1.697626018
1.698119807
1.697850279
1.698352165
1.698625869
1.698781105
1.698958662
1.698329624
1.698770219
1.699026116
1.698873574
1.699591609
1.69506709
1.695089678
1.703393292
1.698402005
1.697779823
1.697492185
1.700617462
1.692996895
1.693373034
1.693834514
1.692656089
1.692627
1.692822459
1.692758884
1.693343282
1.694280237
1.695216761
1.699835608
1.699354886
1.702994195
1.70251343
1.700706101
1.694260024
1.694714058
1.694926881
1.695123664
1.702001726
1.701413733
1.700914371
1.698661409
1.698478679
1.698735027
1.698665405
1.698270457
1.698214015
1.698032589
1.69790321
1.69872256
1.698009992
1.698778053
1.698794762
1.698750007
1.698691167
1.698302667
1.698280153
1.698737539
1.698131936
1.697484281
1.695205385
1.695223621
1.69522954
1.703000217
1.696545603
1.695623395
1.699954423
1.692575982
1.693029287
1.693668352
1.692130141
1.691879155
1.691643208
1.691754537
1.692237601
1.692966373
1.693392137
1.699341086
1.698933
1.702550605
1.700265968
1.694919129
1.694475436
1.695211595
1.695294623
1.695358828
1.70157767
1.702086356
1.701087798
1.700645188
1.694237742
1.699212111
1.699215148
1.699115363
1.699092663
1.698952599
1.699100885
1.698806343
1.698582588
1.698383054
1.698788319
1.698487532
1.698515737
1.698146954
1.698042319
1.697506459
1.69676898
1.698606283
1.696424374
1.695430549
1.695343576
1.695239379
1.69528282
1.702591018
1.694301426
1.699705299
1.693241392
1.692575329
1.693621279
1.691970644
1.691605702
1.691219063
1.69112895
1.691383077
1.69159947
1.692378107
1.699341985
1.699066343
1.702199513
1.700162679
1.695403497
1.695188965
1.695038822
1.695461549
1.695441095
1.695349692
1.701355135
1.70178488
1.70095904
1.700604135
1.694598022
1.700692112
1.69945699
1.699129677
1.699627708
1.699724746
1.698743248
1.698505004
1.699641865
1.699411718
1.699135214
1.699428203
1.699153287
1.698032423
1.699031576
1.697405565
1.696715067
1.696499362
1.695667464
1.694757218
1.694334205
1.6932325
1.695080856
1.694791844
1.695056957
1.702208014
1.699834809
1.69430943
1.693641039
1.692904693
1.69249537
1.691776072
1.691175246
1.690888741
1.690852595
1.691055925
1.691558082
1.699671496
1.69955755
1.700289789
1.695415832
1.695500297
1.695498689
1.695370795
1.695232675
1.695185331
1.694962409
1.701252556
1.701650983
1.700938275
1.695288547
1.700835195
1.700506249
1.700631093
1.69177097
1.699403109
1.698850057
1.698247538
1.699628647
1.699891866
1.697520255
1.697222564
1.699970067
1.699996887
1.699887134
1.699855392
1.699678533
1.696499311
1.695641885
1.694810103
1.694556516
1.693668656
1.692824451
1.692532827
1.694333227
1.69424958
1.69414601
1.694383577
1.701882265
1.700078831
1.694850996
1.694234115
1.693941019
1.693051908
1.692267788
1.691524983
1.691284466
1.690968463
1.690915113
1.691010805
1.700075548
1.700038573
1.70035024
1.695161218
1.694812763
1.695270703
1.695523645
1.695637135
1.694443492
1.69440215
1.701130495
1.701460576
1.695642307
1.700436291
1.700852169
1.700361373
1.700201616
1.691301748
1.698345875
1.698612547
1.697483625
1.697345914
1.696472886
1.699253332
1.699724195
1.69561688
1.69534236
1.699863329
1.7000632
1.700099256
1.700106402
1.69453497
1.693695826
1.692991586
1.692726168
1.69205139
1.691505211
1.693420398
1.693229109
1.693311734
1.693287741
1.693452683
1.701571669
1.700250361
1.695385843
1.695276038
1.694680653
1.693915158
1.69372702
1.692876506
1.692605646
1.691928427
1.691422249
1.6913203
1.691144304
1.700136932
1.700089357
1.700216
1.694159757
1.694389266
1.693662207
1.695045042
1.695541239
1.693216757
1.701225163
1.695840629
1.699606779
1.700251917
1.700815677
1.699748952
1.699332574
1.69117561
1.696361044
1.69673872
1.697694387
1.695451967
1.695203145
1.694317159
1.698522323
1.698745626
1.69356181
1.693371188
1.699389702
1.699489244
1.699880039
1.692680272
1.69220831
1.691685626
1.691549024
1.691263719
1.692184058
1.692526265
1.692227531
1.691926045
1.692503939
1.692564085
1.701164729
1.699933192
1.69593387
1.695805798
1.695412109
1.695237469
1.694601407
1.694288098
1.693496763
1.692750656
1.692548182
1.691937082
1.691882448
1.699545775
1.69939385
1.699521375
1.692729788
1.692929113
1.693716587
1.692245602
1.694593193
1.695304157
1.695616193
1.699208219
1.698296994
1.700041387
1.700658742
1.698595884
1.691506331
1.694101692
1.694393267
1.695502641
1.696544588
1.693272879
1.693053781
1.692416487
1.696989422
1.698025283
1.691943443
1.691922939
1.69874146
1.691576827
1.691593005
1.691383342
1.691345905
1.691332448
1.691231005
1.691516393
1.691906866
1.691064148
1.692034971
1.69205142
1.700520372
1.698962531
1.696024518
1.696144543
1.696134033
1.695857811
1.695684574
1.695058704
1.694337525
1.693980024
1.69319172
1.692617796
1.698257412
1.697941661
1.698279142
1.691388173
1.691302426
1.692052586
1.693003747
1.693954492
1.694352765
1.695200728
1.698051932
1.699251498
1.696889651
1.697268817
1.69206039
1.692234432
1.692320194
1.693257292
1.694278205
1.694779003
1.691616453
1.691556322
1.691306707
1.695932833
1.697070484
1.691235874
1.691291384
1.691382389
1.691421725
1.691628474
1.691965285
1.69060183
1.690964767
1.691402191
1.691736594
1.690401333
1.692001791
1.692102592
1.699487157
1.69746233
1.695814448
1.695983341
1.696191941
1.69618953
1.696000094
1.695570488
1.695262086
1.694617362
1.693916262
1.69335151
1.696521943
1.696120494
1.696718674
1.690295936
1.690590181
1.691281269
1.692158049
1.692520004
1.693529929
1.694491301
1.696782021
1.698047589
1.695642355
1.695824338
1.69319307
1.691211968
1.69164681
1.692392433
1.692867128
1.69388771
1.691083218
1.691124326
1.691316051
1.695062957
1.691670694
1.691768739
1.692136512
1.692226597
1.692672894
1.690811647
1.690337974
1.691384454
1.691853431
1.692037235
1.690059515
1.692340547
1.692886723
1.692683714
1.698168123
1.695752396
1.694897851
1.695607935
1.695889446
1.695947838
1.695784634
1.695492074
1.695048239
1.694589354
1.694485584
1.694795088
1.694351689
1.695196434
1.68986524
1.690008504
1.690571297
1.690664586
1.691446465
1.692543779
1.69305424
1.696809504
1.695697516
1.694717648
1.694815789
1.694029446
1.691322043
1.691240736
1.691482059
1.691823437
1.692475572
1.693382502
1.691671365
1.691853294
1.692474939
1.693039489
1.692993394
1.693547641
1.693562862
1.691769182
1.691137574
1.690829935
1.692381111
1.692731592
1.692720761
1.690161231
1.693519015
1.693561798
1.693428956
1.696794583
1.694247822
1.69403122
1.694846003
1.695280891
1.695323499
1.695469139
1.69546355
1.695327494
1.695300122
1.695130501
1.69353746
1.693186683
1.694102462
1.689714367
1.689630867
1.689790321
1.69060006
1.691113106
1.692065871
1.695793442
1.695032172
1.69420805
1.694532811
1.694854319
1.694812142
1.692502001
1.691958845
1.691736589
1.691896766
1.692088853
1.692540244
1.693144958
1.693465136
1.694368456
1.694546937
1.694870816
1.693224367
1.692524291
1.692581842
1.691475263
1.693627484
1.693734832
1.690524695
1.694480112
1.694131978
1.693975807
1.693915079
1.695677777
1.69344226
1.693079387
1.69383067
1.694017005
1.694542344
1.694927914
1.695223291
1.695254477
1.695463318
1.695557973
1.692975498
1.693809394
1.689846883
1.68956174
1.689554195
1.689770024
1.69037132
1.691244708
1.695214964
1.694309777
1.694716781
1.695691908
1.694961551
1.694949115
1.694226381
1.693472132
1.692936401
1.692932942
1.69269813
1.692706177
1.694867434
1.695098456
1.695720273
1.695709278
1.694126374
1.694617571
1.693421586
1.694838229
1.692238498
1.694681246
1.691179082
1.694631017
1.695124206
1.694228888
1.693912918
1.693793036
1.695029177
1.693658063
1.692035952
1.692284023
1.693047898
1.693735527
1.694328335
1.694631844
1.695292543
1.695610054
1.693503362
1.694170531
1.690561302
1.68965575
1.689498066
1.68955367
1.689957026
1.690626658
1.6948315
1.695148256
1.695987108
1.694991773
1.695233505
1.695201561
1.695771342
1.694484998
1.694513284
1.693950426
1.69360826
1.696158672
1.696203327
1.696235322
1.695546798
1.695507702
1.695407926
1.694328196
1.696234381
1.693212684
1.69244707
1.694097933
1.694792246
1.693954391
1.695516576
1.693643265
1.693331434
1.692985496
1.694922635
1.694465937
1.690665191
1.69149781
1.692232686
1.692876034
1.693250223
1.694231584
1.694644534
1.695283457
1.694516914
1.694910572
1.690931717
1.690426028
1.689897
1.689747061
1.689962468
1.695447945
1.69550431
1.695706722
1.695186411
1.69544259
1.695867434
1.696287063
1.696529804
1.695247504
1.695729086
1.694823188
1.69650557
1.696335624
1.696101936
1.696116133
1.696587512
1.695293968
1.696376713
1.694625687
1.693011516
1.692861623
1.693546909
1.694529348
1.69282182
1.695536315
1.692567326
1.692422403
1.69175551
1.691468203
1.695099599
1.69535514
1.690523713
1.690187622
1.691023742
1.691516562
1.691810065
1.692751549
1.693134504
1.693835445
1.694310064
1.695501292
1.695601406
1.692325191
1.691308008
1.690635436
1.690309466
1.695794355
1.69568386
1.695566968
1.695392759
1.695324589
1.695373791
1.696258131
1.696390891
1.696417509
1.696190903
1.69579007
1.696073168
1.695641288
1.69689682
1.696693443
1.69653971
1.696401287
1.695270506
1.695514315
1.694620727
1.691333596
1.691837256
1.692748999
1.693938627
1.691477906
1.691380241
1.690627112
1.69070319
1.690485227
1.69526924
1.695884213
1.690599307
1.690575044
1.69107733
1.69075973
1.690875259
1.691380183
1.69161186
1.692153367
1.692440406
1.693360696
1.695974264
1.69584315
1.694344943
1.693254843
1.692369772
1.691677509
1.695516895
1.695497165
1.695189863
1.694187568
1.695216825
1.694936966
1.695804746
1.6959566
1.695809357
1.695465983
1.694813467
1.69602913
1.693467133
1.696313375
1.696867024
1.696920501
1.695063405
1.696762864
1.693168116
1.696281809
1.695993984
1.690061324
1.69020852
1.690773071
1.691781446
1.690365568
1.690387955
1.690175596
1.69038457
1.68987091
1.695150647
1.695701107
1.691189508
1.690936547
1.691656871
1.692771529
1.690820951
1.690685944
1.690638251
1.690844023
1.69091963
1.69145891
1.69220997
1.695648732
1.695207155
1.695262107
1.694384317
1.693593892
1.694805416
1.69460605
1.694402621
1.694802777
1.694188472
1.694168761
1.694900197
1.694450561
1.695355637
1.694339379
1.693732879
1.692789729
1.691379242
1.694343554
1.695689068
1.696062153
1.696558837
1.692396191
1.696715117
1.690769281
1.696619906
1.696397002
1.689217922
1.689524419
1.689230293
1.689739383
1.690916916
1.690645165
1.690229037
1.69107364
1.689945698
1.694627107
1.69474157
1.692048553
1.692638261
1.691800503
1.693435642
1.694674207
1.691140535
1.69075292
1.690608576
1.690355086
1.690224872
1.690286536
1.690642083
1.694544273
1.694000682
1.695948566
1.695387454
1.693732312
1.693375324
1.693406462
1.69326937
1.693557533
1.693232984
1.693935762
1.692677843
1.692447717
1.691774719
1.690984477
1.69013615
1.69346581
1.691468181
1.694074109
1.69506071
1.695812766
1.6898072
1.695929443
1.688838805
1.696295249
1.696439237
1.688683503
1.689283726
1.688487043
1.69179501
1.692033655
1.691392565
1.691272624
1.692547465
1.690438239
1.693829437
1.693309998
1.693744672
1.693447943
1.694489622
1.692609741
1.69535277
1.696110189
1.691848783
1.691526919
1.69087868
1.690586435
1.690173067
1.689989908
1.692994608
1.692610606
1.696366758
1.692621279
1.69216168
1.692491765
1.692477292
1.692682894
1.692963135
1.69220171
1.691616677
1.690981128
1.690787923
1.69032373
1.689961083
1.69000852
1.691547981
1.690841226
1.689049109
1.69273318
1.693832415
1.694175229
1.688182975
1.694954461
1.688021561
1.695651608
1.696147759
1.689554571
1.689197165
1.688417595
1.693245475
1.693013329
1.693284796
1.693085738
1.692315273
1.694264226
1.69400769
1.691334296
1.693088038
1.691867884
1.695434143
1.695167047
1.694409185
1.696077405
1.693544116
1.696493698
1.696437051
1.693161523
1.692299217
1.691940302
1.691139651
1.690471747
1.691576903
1.691463748
1.691767438
1.691383284
1.69190142
1.692170075
1.69246134
1.692672488
1.690952053
1.690785298
1.690328394
1.690049086
1.689957698
1.689898207
1.69018063
1.691062948
1.690270068
1.689277983
1.688755347
1.687893958
1.691408214
1.691785088
1.692946356
1.687942742
1.693770738
1.688588476
1.694744394
1.695504991
1.690880291
1.689688969
1.694515454
1.694472876
1.694762136
1.694318859
1.69353217
1.694871459
1.69453497
1.694528946
1.693177702
1.692717615
1.690898051
1.696330519
1.696462339
1.695890534
1.695246006
1.696538001
1.694904479
1.696120098
1.694088701
1.693771887
1.692848511
1.691907969
1.690626806
1.690967778
1.691566347
1.69132812
1.691996413
1.692424174
1.692742163
1.69279785
1.693198009
1.69031554
1.690167782
1.69012066
1.690244774
1.690275528
1.690790833
1.691836084
1.692875925
1.689343038
1.688537112
1.688128216
1.68791878
1.688233283
1.689675041
1.69056088
1.691511281
1.689144511
1.692660835
1.691586711
1.690443214
1.693596135
1.694535526
1.691916635
1.695626632
1.695262227
1.695725387
1.695432056
1.695261462
1.694013923
1.694803559
1.693417383
1.693384028
1.694339182
1.692882189
1.690777995
1.696440697
1.696486356
1.696333333
1.696281058
1.696100588
1.69548912
1.695565612
1.695442946
1.69470845
1.693800005
1.690619566
1.691336594
1.692079013
1.692050341
1.692679074
1.693134368
1.693407136
1.693716289
1.690698047
1.690672876
1.691031087
1.691518191
1.691691065
1.692891347
1.693987638
1.694797119
1.688603182
1.688401933
1.68840539
1.688463342
1.688875053
1.690027561
1.688991467
1.689534788
1.68966132
1.691409096
1.69126343
1.690331165
1.692949767
1.692271918
1.69347599
1.695195138
1.695904477
1.696287691
1.696425727
1.696052696
1.691440234
1.693082634
1.693330039
1.691206377
1.690508374
1.695287177
1.693501424
1.691622288
1.695292753
1.695880337
1.696222668
1.694963565
1.696236676
1.696227253
1.695994672
1.695477523
1.691539457
1.692529407
1.693129204
1.693326015
1.693705387
1.694033814
1.69419149
1.694312523
1.692098067
1.692136194
1.692781173
1.693485545
1.693783525
1.695058403
1.695743843
1.696117047
1.688901306
1.688698936
1.688954222
1.689920697
1.690218468
1.691150087
1.692514001
1.688688009
1.688680456
1.688841131
1.69390715
1.690023172
1.68928036
1.691120053
1.692753952
1.694473309
1.695634253
1.696038332
1.696542069
1.696535813
1.688562564
1.690539102
1.69137448
1.68870538
1.686642854
1.696347553
1.695711769
1.694190071
1.693056687
1.693169127
1.694026927
1.694954761
1.69522552
1.695794123
1.69615027
1.696259942
1.693978099
1.69435479
1.69466497
1.694702157
1.694786094
1.694711788
1.694601926
1.693840834
1.694082278
1.694823393
1.695497055
1.695711828
1.696437652
1.696543558
1.6963239
1.689769998
1.690471227
1.689211201
1.690715633
1.692261494
1.6926256
1.693654206
1.694778014
1.689032428
1.688625526
1.688399202
1.688526949
1.689053416
1.69002866
1.690806863
1.693407057
1.694104125
1.69530881
1.696088127
1.69617589
1.688144355
1.686642854
1.686642854
1.68836126
1.690698502
1.696334079
1.69609194
1.694531143
1.694810529
1.691309
1.692731267
1.693279193
1.694243592
1.695156366
1.695850632
1.695384304
1.695295483
1.695619151
1.695269858
1.695045376
1.694735284
1.694356737
1.695574636
1.695868916
1.696472359
1.69674567
1.696767957
1.696641484
1.696091649
1.695301375
1.690947498
1.691877794
1.692776608
1.690675957
1.69310116
1.694501706
1.694804908
1.695516706
1.689694021
1.688949879
1.688341351
1.688163697
1.688410983
1.688901068
1.689223085
1.691108234
1.692780824
1.694083416
1.694402273
1.695269673
1.686642854
1.686642854
1.688251653
1.695866199
1.696076096
1.694201718
1.696087121
1.690502584
1.69103208
1.692080106
1.693244673
1.694331597
1.696109269
1.695545639
1.695777589
1.695087232
1.694606415
1.694155514
1.693578396
1.696577895
1.696797096
1.696813394
1.696698931
1.696355419
1.695481564
1.694461305
1.693310943
1.693018234
1.693314254
1.694352305
1.694976871
1.691895944
1.695167076
1.695845505
1.695955008
1.690792253
1.690567378
1.689449223
1.68867816
1.688226489
1.688152861
1.688250181
1.688850477
1.688169001
1.689852792
1.691103153
1.691566351
1.692782905
1.694023544
1.686642854
1.695000294
1.695602384
1.693170534
1.696388902
1.689212361
1.689992632
1.691071389
1.69215262
1.695746448
1.69498714
1.694169913
1.693539059
1.693085682
1.692495664
1.696422669
1.696418959
1.695605689
1.695317294
1.694488994
1.693340919
1.692171831
1.690958049
1.695156849
1.694289531
1.695432863
1.696062307
1.696064422
1.693244725
1.69605868
1.6957142
1.692878644
1.691697916
1.690442101
1.689438497
1.688792119
1.688642588
1.688324693
1.688427774
1.688241373
1.686642854
1.688397591
1.689560894
1.691038199
1.692311009
1.693716178
1.694004084
1.691778219
1.691427856
1.695522661
1.688700479
1.689258064
1.690140791
1.694458279
1.693431494
1.69261184
1.692095285
1.691786713
1.695070055
1.694842616
1.693376789
1.693024059
1.692028256
1.690935426
1.690015817
1.689148512
1.689204161
1.695974396
1.696300716
1.695339326
1.696298878
1.695931377
1.695638309
1.695063051
1.694970975
1.694107125
1.692900695
1.691641117
1.690626662
1.690268559
1.689160074
1.688991639
1.688650743
1.686642854
1.686642854
1.688300515
1.688674151
1.690822606
1.691271802
1.692581697
1.690687865
1.690502878
1.690675233
1.693707039
1.688535678
1.68871279
1.692476585
1.691520838
1.690956818
1.690732015
1.692856805
1.692457569
1.690864235
1.690527018
1.689688232
1.688943239
1.688453162
1.688431002
1.688345434
1.6963507
1.69632814
1.695948105
1.696251619
1.695660026
1.69421181
1.693718788
1.695842529
1.695100775
1.694123738
1.693040976
1.692742601
1.69152376
1.690745828
1.689808563
1.690731246
1.689130619
1.686642854
1.686642854
1.688449599
1.688305503
1.689740474
1.690867526
1.690407314
1.6904062
1.69006221
1.689840938
1.691437095
1.688642368
1.690433995
1.689857675
1.68972947
1.690385128
1.69001078
1.688802121
1.688594346
1.688191195
1.688051896
1.688290922
1.689095001
1.688813028
1.695956692
1.695818076
1.695057656
1.694067263
1.696259111
1.6935863
1.691453306
1.696210928
1.695918545
1.695200667
1.694962417
1.694073496
1.693174932
1.692958239
1.691984735
1.690856962
1.689861963
1.686642854
1.688131158
1.688400539
1.691074163
1.691160512
1.690433581
1.689856396
1.68934094
1.689480969
1.688956944
1.688978338
1.69154441
1.688683795
1.688520183
1.688074531
1.687818544
1.687846574
1.688053806
1.688626191
1.689492238
1.690897193
1.690448684
1.695095582
1.694110377
1.693772719
1.692336427
1.691071754
1.695766022
1.690756205
1.696019388
1.696219387
1.696166218
1.695828411
1.695259342
1.695086874
1.694272012
1.693190357
1.691985211
1.686642854
1.686642854
1.688095148
1.692287312
1.692626804
1.690840599
1.690051965
1.689233993
1.688332505
1.688576206
1.693003777
1.692425025
1.688030641
1.687900572
1.687974041
1.68839175
1.688579426
1.6894843
1.690513678
1.691552474
1.693229175
1.692820459
1.692538221
1.693801583
1.691273208
1.690749573
1.688847545
1.694287661
1.695628637
1.695888599
1.696244982
1.696287147
1.69627106
1.695941377
1.695264375
1.694299657
1.686642854
1.686642854
1.693623636
1.693789946
1.694047384
1.691623592
1.690588813
1.689470337
1.688534211
1.694094516
1.69437389
1.693521632
1.688779456
1.688769101
1.689369177
1.690219315
1.690644784
1.69222445
1.692880247
1.693985252
1.694984444
1.695280778
1.690925405
1.689354372
1.691493623
1.688325214
1.688245481
1.693625392
1.694110908
1.695089731
1.695821145
1.696022447
1.696326818
1.696333614
1.695964764
1.686642854
1.694592409
1.694449806
1.694447001
1.692610485
1.691387369
1.690013198
1.695228328
1.695122505
1.694986358
1.694553457
1.690689243
1.690766373
1.691669833
1.69266373
1.693073397
1.694615214
1.695009065
1.695699363
1.696138141
1.696266732
1.688479374
1.688162964
1.686642854
1.690781884
1.691308264
1.692592063
1.693877621
1.694216456
1.695239163
1.695834746
1.696249038
1.694551492
1.693364384
1.693201287
1.693742908
1.692292393
1.695280922
1.695791389
1.695906521
1.695473169
1.690361195
1.693076772
1.693260328
1.694127146
1.694897834
1.695148234
1.695947096
1.696052898
1.696089699
1.695815192
1.695629233
1.686642854
1.686642854
1.688279223
1.688348671
1.689414052
1.691000569
1.691365456
1.69270944
1.693932434
1.694492384
1.693932178
1.69272262
1.691064365
1.694474493
1.695651427
1.695130506
1.695965713
1.696342392
1.688438154
1.686642854
1.695303327
1.695399948
1.695894832
1.696122066
1.6961093
1.695792165
1.695591844
1.694940947
1.694006151
1.693625529
1.686642854
1.686642854
1.688234161
1.688377859
1.689442979
1.691030788
1.69161256
1.693139228
1.691146432
1.690436071
1.688507496
1.696192573
1.696490909
1.694624806
1.695806471
1.686642854
1.688286394
1.696448406
1.696403364
1.696230542
1.695774889
1.695455413
1.694133113
1.693681148
1.692457851
1.691113542
1.690922842
1.686642854
1.686642854
1.68822965
1.68852192
1.690561223
1.692315736
1.688296976
1.686642854
1.696440335
1.695808769
1.693970135
1.696039236
1.695722994
1.694471747
1.69385555
1.692772065
1.691255872
1.690876287
1.689351315
1.688372474
1.688219911
1.686642854
1.686642854
1.688039351
1.689136172
1.691111033
1.686642854
1.695152917
1.693749956
1.694148969
1.693686909
1.691607996
1.690968186
1.68939983
1.688312973
1.688195064
1.686642854
1.686642854
1.686642854
1.688192698
1.690865057
1.692658028
1.691190012
1.690949708
1.688512807
1.688206442
1.686642854
1.686642854
1.686642854
1.6881648
1.68980203
1.688188834
1.688365567
1.686642854
1.686642854
1.686642854
1.686642854
