1.680744544
1.680744544
1.680744544
1.683553391
1.680744544
1.684347128
1.680744544
1.686437137
1.686447459
1.687974275
1.688122215
1.685869448
1.680744544
1.684691437
1.688653866
1.687350691
1.686930395
1.680744544
1.680744544
1.680744544
1.689085577
1.688472104
1.688213403
1.686173069
1.686051416
1.685684676
1.684140324
1.684386986
1.682830676
1.685376624
1.684288671
1.680744544
1.688901786
1.686595259
1.688783226
1.688656084
1.68262089
1.682915805
1.683108994
1.682257661
1.682645303
1.688269679
1.680744544
1.685977519
1.680744544
1.680744544
1.687138859
1.684155828
1.687932313
1.688949599
1.681420164
1.682252241
1.680963241
1.68132651
1.683901991
1.684232486
1.689340904
1.686555736
1.688759343
1.685363814
1.684611041
1.680744544
1.680744544
1.680744544
1.680744544
1.68386814
1.685832333
1.687284822
1.684080481
1.68152266
1.682640576
1.680757374
1.681096117
1.686302703
1.686383422
1.680744544
1.687728779
1.688508456
1.688128185
1.688233221
1.686503045
1.68539849
1.685351941
1.68238968
1.683561227
1.684383695
1.686282564
1.687610394
1.685498199
1.683256694
1.684629836
1.681642721
1.684681074
1.681447753
1.687013459
1.686791097
1.687073528
1.68469314
1.680744544
1.685656675
1.688255077
1.689030465
1.688980228
1.688568432
1.688172843
1.68157362
1.681653066
1.682338999
1.688195861
1.687979164
1.688113695
1.687488966
1.687924102
1.686759889
1.683416935
1.682480033
1.687198772
1.685605932
1.685487006
1.684547336
1.680744544
1.686855854
1.68427161
1.680744544
1.680744544
1.684746472
1.6866824
1.68775518
1.688272648
1.688779136
1.689167508
1.681565266
1.680932866
1.681729616
1.68130806
1.689112734
1.68967206
1.689736296
1.689387344
1.688343617
1.685604502
1.68444183
1.685264254
1.687081147
1.683773734
1.684503161
1.684329167
1.680744544
1.686822341
1.685087713
1.684163692
1.689188303
1.683214568
1.684304873
1.685047029
1.686118947
1.687919938
1.682911877
1.68348532
1.681503586
1.682645002
1.688368558
1.689032241
1.689424432
1.689528884
1.688396967
1.687015885
1.684450173
1.68532707
1.68403616
1.683116801
1.683685226
1.685340349
1.685386724
1.68672372
1.688392711
1.687313237
1.687247158
1.688138584
1.681741631
1.681737485
1.682254273
1.684182906
1.686435264
1.685848376
1.682035847
1.684522108
1.68604266
1.686867253
1.688073234
1.689250395
1.689279197
1.689081294
1.682964979
1.683017272
1.686106288
1.685439725
1.684607515
1.682832606
1.686750928
1.686872869
1.687604504
1.68707791
1.687610128
1.683777583
1.685481798
1.685846997
1.681116658
1.680332015
1.680744711
1.681648028
1.688763969
1.687693633
1.684501196
1.683464305
1.684834897
1.687244016
1.684342147
1.688552025
1.68918352
1.689567164
1.682216831
1.681854691
1.687552567
1.686964938
1.684711755
1.687331269
1.68698367
1.687011044
1.687835313
1.688532548
1.683988489
1.682792973
1.68351318
1.682458975
1.68114732
1.681196168
1.681886306
1.689616738
1.688381634
1.686568009
1.682122593
1.68273649
1.685971375
1.683612298
1.686936381
1.687577002
1.688620013
1.683549638
1.682768624
1.688890709
1.688066873
1.686987175
1.68622684
1.686389406
1.687054823
1.687911129
1.688955806
1.682471009
1.682483754
1.684849592
1.683635923
1.683169483
1.683178651
1.689679594
1.688028493
1.689432704
1.68843051
1.682772486
1.682965061
1.684173717
1.683076678
1.684279512
1.685067571
1.685046796
1.685985726
1.685184357
1.688998866
1.68967202
1.689569824
1.688997943
1.68618582
1.685994662
1.686765127
1.686213296
1.68623789
1.686429443
1.687162817
1.68410563
1.687075516
1.685841011
1.685067085
1.689427375
1.686932716
1.689758424
1.689177867
1.684522936
1.68365388
1.682524847
1.682210038
1.682413886
1.683563973
1.687249764
1.688183844
1.687122196
1.688103415
1.689837983
1.690010517
1.689725915
1.686921075
1.687011914
1.687655002
1.685862249
1.68558365
1.685516846
1.686371445
1.688008718
1.686952814
1.688255159
1.685457118
1.688638864
1.688267167
1.685993488
1.683998285
1.682619458
1.681896734
1.682001193
1.683100102
1.688428548
1.689207431
1.685816598
1.686686192
1.688690401
1.688870575
1.688985541
1.688110429
1.68697813
1.688209074
1.688452202
1.686070932
1.685346461
1.684944876
1.686600283
1.687244198
1.685576292
1.686475739
1.686466263
1.683166507
1.686802044
1.688863213
1.685359448
1.684123593
1.683150903
1.682647579
1.689120348
1.689046297
1.685148856
1.686378748
1.686984115
1.6874019
1.688871065
1.688521791
1.689317995
1.687893976
1.688381566
1.688549781
1.688166783
1.687042685
1.68614789
1.685458612
1.685187667
1.685690977
1.684097614
1.6846649
1.684732245
1.68320802
1.683231591
1.6882755
1.689533819
1.687454232
1.686293615
1.684637639
1.685094486
1.687778121
1.688605451
1.68523365
1.685457449
1.68561661
1.685880982
1.68864492
1.68899969
1.689523216
1.689774967
1.689263197
1.687938888
1.687814211
1.688616118
1.687601736
1.686363332
1.688537675
1.684408723
1.683783643
1.684296455
1.684187604
1.684303847
1.689679584
1.689538115
1.689253978
1.687817488
1.686082653
1.687203622
1.68663101
1.687992934
1.685926462
1.68559067
1.685244829
1.685204271
1.688018627
1.688649058
1.690285415
1.689564151
1.690340971
1.687351214
1.687715545
1.6878669
1.689966912
1.690024542
1.687899166
1.689770861
1.685348352
1.684991707
1.685782429
1.6861668
1.689747981
1.689541778
1.688726282
1.687055006
1.687803258
1.68586579
1.687479163
1.687356278
1.686605959
1.685720225
1.685080653
1.687393856
1.688161724
1.689810361
1.690242526
1.688008568
1.686810292
1.687356419
1.688394816
1.69025101
1.690310369
1.689565043
1.690387885
1.686798072
1.687131747
1.688355698
1.688456854
1.688196994
1.687722483
1.685409389
1.68506581
1.686196881
1.689154486
1.688086611
1.686657899
1.686795289
1.687820335
1.688655281
1.689018313
1.688560226
1.687980799
1.68655348
1.687233364
1.688941595
1.689330089
1.689922016
1.690677414
1.687102824
1.687276901
1.686827164
1.687266884
1.687406106
1.68651143
1.684984633
1.685595026
1.685427063
1.69039748
1.68960093
1.688729648
1.686500472
1.686572747
1.686932075
1.687523798
1.687252586
1.689040269
1.688787053
1.688311208
1.687619546
1.689047835
1.689138486
1.688143647
1.689516963
1.69035006
1.686277726
1.686669501
1.686013833
1.686519688
1.686222705
1.687734005
1.685441909
1.686743243
1.685712215
1.690643026
1.690445927
1.68977778
1.687658809
1.686342606
1.687107868
1.686277465
1.686334294
1.686179034
1.689293833
1.689274496
1.689084379
1.688916975
1.68875746
1.688946692
1.689271341
1.687383692
1.685898252
1.688477559
1.689427479
1.685787888
1.686217898
1.686022761
1.68866747
1.687009403
1.6866689
1.690104805
1.690359032
1.690011402
1.688616108
1.688022511
1.686757785
1.686403942
1.685864778
1.685899114
1.689560878
1.689754264
1.689839429
1.689781308
1.688550377
1.688682864
1.688566518
1.688929735
1.689281781
1.686488312
1.685727357
1.687301166
1.68818504
1.686548659
1.686739477
1.68892702
1.688083522
1.687559284
1.689019096
1.689650385
1.689658958
1.689424368
1.688208926
1.687469712
1.687029491
1.686543323
1.689619599
1.689881065
1.690063278
1.6901422
1.688840159
1.688833805
1.688563478
1.688472408
1.688721589
1.688957463
1.685915502
1.686053312
1.686276015
1.686932678
1.687659302
1.688986118
1.688269673
1.687753604
1.688993266
1.687671398
1.688908088
1.689823871
1.689386957
1.688959962
1.68728709
1.688302404
1.689195117
1.689380146
1.689640051
1.690142884
1.689573659
1.690342891
1.690782855
1.688976826
1.688288035
1.688442552
1.688235954
1.688270547
1.686020099
1.68592893
1.686110545
1.687972628
1.688379965
1.686481986
1.687988784
1.687004884
1.68793592
1.687595145
1.690298118
1.690303897
1.689971329
1.689095665
1.688221906
1.688267213
1.689362819
1.688223076
1.689813229
1.690868194
1.690834176
1.690619747
1.689651989
1.690310509
1.688902473
1.688096252
1.687870666
1.68755219
1.686747776
1.686354746
1.686286118
1.687477201
1.686545755
1.687097667
1.687383034
1.689250761
1.68832563
1.690251342
1.69049206
1.690251899
1.690016516
1.687341606
1.68714466
1.688403731
1.687227454
1.688767149
1.690889138
1.69088022
1.69078376
1.690336639
1.689652333
1.688001698
1.688726416
1.690877476
1.687480469
1.687948095
1.687730499
1.687349184
1.68712588
1.687317608
1.687035116
1.687287444
1.687799391
1.689534287
1.68910563
1.689599097
1.68822018
1.689715276
1.689587387
1.689919367
1.687299157
1.687136925
1.686898456
1.68686088
1.687201258
1.687261777
1.68677959
1.686864631
1.690886343
1.690924919
1.690822587
1.690647079
1.690293427
1.68954982
1.688722517
1.69088106
1.690881024
1.687797714
1.688372672
1.688754389
1.688783161
1.688362766
1.687962572
1.687841449
1.688464534
1.688707575
1.689596578
1.689688062
1.68932005
1.687938233
1.688675477
1.688640146
1.686856794
1.686906227
1.687691916
1.68690731
1.687431134
1.68680471
1.686792601
1.686888192
1.690904227
1.69100599
1.690795711
1.690593818
1.689405584
1.690336485
1.689929756
1.6893831
1.690870124
1.690852832
1.690876259
1.69082291
1.68872159
1.68929455
1.689563899
1.689697673
1.689343202
1.688715853
1.688853053
1.689085695
1.689364602
1.689313665
1.688448857
1.68762969
1.687332724
1.686937917
1.687239046
1.687231313
1.687684126
1.687239087
1.687053036
1.688527677
1.686962656
1.687400712
1.688185032
1.686936305
1.687056674
1.687299779
1.687729361
1.688100939
1.690935154
1.690860267
1.69103012
1.691110156
1.69071999
1.690520124
1.689870964
1.690227898
1.690024539
1.690764286
1.69084356
1.690819557
1.690818354
1.68966249
1.690275837
1.690060934
1.690227883
1.689110893
1.688755315
1.688820073
1.688706981
1.688682182
1.688334172
1.687596423
1.687644838
1.6871292
1.687702982
1.688016566
1.687665336
1.688126097
1.687792241
1.689026948
1.689264025
1.687364094
1.689397838
1.688723333
1.688068657
1.687371815
1.68745342
1.687833868
1.688580006
1.688159657
1.688549221
1.69080304
1.69094601
1.690858905
1.691219047
1.691083833
1.691049677
1.690631041
1.69045469
1.690274706
1.690341689
1.690687567
1.690779323
1.690807838
1.69077988
1.690758003
1.690076954
1.690450402
1.690576595
1.690451337
1.690469389
1.688442213
1.688568724
1.688521453
1.688417713
1.688258157
1.6880743
1.6877773
1.688426959
1.687939093
1.687602445
1.68904595
1.688792734
1.688498432
1.688422443
1.689795286
1.690093898
1.687823542
1.689870295
1.689172225
1.688392859
1.687793729
1.688019012
1.688222304
1.689086423
1.689015129
1.68856232
1.688610996
1.689021995
1.690799543
1.690873554
1.690958659
1.691330776
1.691180648
1.69144068
1.691114738
1.690736576
1.690560496
1.69046014
1.69046555
1.690623719
1.690714051
1.690764681
1.690733309
1.690564467
1.690636745
1.690537511
1.690554799
1.690548991
1.690572244
1.690536152
1.689342998
1.689322527
1.688627632
1.688557014
1.688248235
1.688024851
1.689233903
1.688506762
1.688586088
1.689539544
1.689364461
1.689136856
1.690353473
1.690641937
1.688213164
1.690279455
1.689705272
1.689188024
1.688728367
1.688285778
1.688359124
1.688659579
1.688622517
1.689101291
1.688849617
1.688618432
1.689701128
1.689538166
1.68943964
1.689017871
1.689464357
1.689867778
1.690901817
1.690817572
1.690761401
1.691023784
1.691279286
1.691418132
1.691547423
1.691206922
1.690702832
1.690696884
1.690718633
1.690554162
1.690539773
1.690594189
1.690651665
1.690704195
1.690722924
1.690685913
1.690614049
1.690672929
1.690548122
1.690390815
1.690336778
1.690538257
1.690476498
1.690530339
1.690543544
1.69055672
1.689883398
1.689982547
1.689996246
1.68938508
1.689179686
1.689303147
1.688721191
1.690114317
1.689722156
1.68946041
1.690131141
1.689985995
1.689838593
1.690583392
1.690710632
1.690643566
1.690673497
1.690490758
1.690683319
1.689424995
1.688674719
1.69026542
1.689985656
1.689582149
1.689141684
1.688753231
1.688652456
1.688913323
1.688881243
1.689176754
1.689014466
1.690211958
1.690202389
1.690089608
1.689848423
1.689543037
1.689822533
1.690178872
1.691023993
1.690940985
1.690838381
1.690770039
1.691158294
1.691365836
1.691526213
1.691649398
1.691313329
1.6906647
1.690659979
1.69067454
1.690574523
1.690563225
1.6905858
1.690642096
1.690649305
1.690676179
1.690596222
1.690389781
1.690489426
1.690481479
1.690339225
1.690271022
1.690144585
1.69013805
1.690463886
1.69051089
1.690534201
1.690386049
1.69035043
1.69043215
1.690298615
1.690198096
1.690487598
1.689850121
1.690533545
1.690390288
1.690623499
1.690779365
1.690334888
1.690506443
1.690596383
1.690756571
1.69075456
1.690774743
1.690504497
1.689802835
1.690516192
1.690693287
1.689554873
1.689151725
1.690282104
1.68996058
1.689568434
1.689095627
1.689141374
1.68910422
1.689106707
1.689327335
1.689291342
1.690403989
1.690468569
1.690433076
1.690668473
1.690125912
1.690148245
1.690415851
1.69016859
1.690719361
1.691096325
1.691005719
1.690882064
1.690822047
1.691254018
1.691747579
1.691481229
1.691658812
1.69142176
1.690629463
1.69227073
1.691338997
1.690624468
1.690565076
1.690536566
1.690552522
1.690604648
1.690610985
1.691124217
1.690552312
1.690040272
1.690160445
1.690213713
1.690225563
1.689961752
1.689920203
1.69047378
1.689962785
1.690379094
1.690442663
1.690635984
1.6906679
1.690656161
1.690787698
1.690701016
1.690825702
1.690735972
1.690709332
1.690676729
1.690751083
1.690792358
1.690799289
1.690769276
1.69076814
1.690722817
1.690773388
1.690669171
1.690729658
1.690744107
1.690731645
1.690662193
1.690234387
1.689968654
1.689921077
1.690533664
1.690697499
1.690773252
1.689882685
1.689601564
1.689553971
1.690292385
1.689947612
1.689396784
1.689647741
1.689542846
1.689340385
1.689325786
1.689522795
1.689554017
1.689726396
1.690667508
1.690614923
1.690622712
1.690757281
1.690438197
1.690615115
1.690633086
1.690427496
1.690227336
1.691951208
1.691185619
1.691084556
1.690952669
1.691358214
1.691841884
1.691595873
1.691769586
1.691530694
1.694607362
1.694816819
1.691425852
1.693251954
1.693720953
1.692589777
1.696517941
1.690485846
1.690518017
1.690469331
1.690496484
1.690497231
1.692373735
1.691067423
1.693494269
1.691404917
1.689806623
1.689879707
1.69000068
1.690172861
1.690434543
1.690342683
1.689720793
1.689738971
1.690363937
1.689801501
1.690210549
1.689588377
1.690754801
1.690762465
1.6907628
1.690749881
1.690846484
1.690806989
1.690750604
1.69075386
1.690736982
1.690728903
1.690748174
1.690779482
1.690782596
1.690736699
1.69074146
1.690784245
1.690750299
1.690751138
1.690447408
1.690618959
1.690519704
1.68992261
1.689586263
1.690300912
1.690166702
1.690553306
1.690718725
1.690957598
1.69077588
1.690175941
1.689948133
1.689961252
1.690490535
1.690269468
1.689905132
1.68976963
1.689800745
1.689737436
1.689580447
1.689981294
1.689825209
1.690046689
1.690746838
1.690734573
1.690778151
1.690600817
1.690599913
1.690716128
1.690700048
1.690696522
1.690469392
1.690615593
1.690417384
1.692461748
1.694801653
1.691289836
1.692388631
1.691193159
1.691472431
1.691932321
1.691692992
1.691819157
1.691641789
1.697895436
1.697981296
1.697983021
1.694196337
1.695399278
1.698733858
1.700610231
1.690408735
1.690445149
1.690386402
1.690996035
1.695677765
1.697614767
1.696043942
1.693902722
1.694022385
1.689624206
1.689923891
1.690347748
1.690133005
1.690212149
1.689558795
1.689608126
1.690249628
1.689687858
1.689902797
1.689468872
1.689403525
1.690738809
1.690671274
1.690716314
1.690802361
1.690805573
1.690658576
1.690686592
1.690635808
1.690743551
1.690590523
1.690665323
1.690727299
1.690732307
1.690737188
1.690579626
1.690650652
1.690661174
1.690484681
1.69063992
1.690208269
1.6906363
1.70123772
1.690160278
1.689753497
1.690240166
1.68951356
1.689348769
1.689862638
1.690408114
1.692266265
1.690686148
1.701274932
1.715852088
1.693717783
1.694994166
1.690172577
1.690323498
1.690222596
1.690128522
1.690059418
1.703391772
1.700570634
1.696976622
1.69076966
1.690756043
1.690731775
1.690687392
1.69067919
1.690680621
1.690730269
1.690744115
1.690716912
1.690703353
1.690617867
1.690572693
1.693025412
1.694650207
1.694703463
1.698003042
1.691406367
1.695371795
1.693064567
1.695397348
1.691817979
1.692145797
1.69207236
1.692591226
1.694437197
1.702051977
1.702484542
1.698420507
1.703861501
1.705782882
1.690320707
1.691626083
1.69215763
1.694754445
1.700785093
1.701243064
1.703938022
1.699848184
1.698924692
1.689758064
1.690247835
1.689982951
1.690097805
1.689458382
1.689522718
1.690141568
1.68960065
1.689695713
1.689783661
1.689370419
1.689299431
1.690429871
1.69054638
1.690629583
1.690956711
1.690893471
1.690521307
1.6905562
1.690525453
1.690822611
1.69065986
1.690635868
1.690634604
1.69061452
1.69045642
1.690516699
1.690482036
1.690444115
1.69025263
1.689805662
1.690012538
1.710003729
1.722918136
1.689501088
1.689231922
1.68963252
1.689302926
1.689415817
1.689455599
1.69512166
1.69928397
1.713051671
1.732617205
1.727987177
1.722675072
1.703150623
1.719135333
1.70029271
1.707693302
1.709760568
1.712589798
1.70831516
1.690718652
1.690723549
1.690516301
1.690626604
1.69190825
1.690691604
1.690686288
1.690673514
1.692664656
1.690629203
1.690727504
1.690663207
1.690714069
1.690641436
1.690704481
1.690687862
1.690624641
1.695216553
1.695755388
1.697792933
1.697921054
1.704161972
1.701119543
1.693402693
1.698115484
1.695614515
1.698114218
1.697842357
1.694884116
1.694541786
1.69505176
1.697923556
1.706694359
1.707287355
1.706556983
1.710272949
1.711202569
1.692031812
1.696167923
1.696085435
1.701760902
1.710242153
1.709890082
1.709493291
1.710863701
1.691428515
1.689928263
1.690002768
1.689854047
1.689260404
1.689410523
1.689492353
1.690098545
1.689577562
1.689659792
1.689743675
1.689227716
1.689324248
1.690312542
1.690346048
1.690430194
1.69119281
1.69105022
1.690401181
1.690455693
1.690523461
1.690671749
1.690971588
1.690801141
1.690505937
1.690387706
1.690408683
1.690300543
1.690341226
1.690259593
1.713054018
1.694214449
1.694384086
1.689765216
1.726703662
1.732589078
1.689315988
1.689526436
1.689156995
1.689264675
1.689177647
1.689192075
1.68921345
1.689166763
1.700667267
1.705343296
1.727681648
1.73790665
1.737516
1.734230034
1.732277805
1.71056652
1.728941994
1.722380673
1.722043483
1.719926188
1.715532958
1.690620395
1.690604289
1.690477176
1.696595108
1.697530848
1.690617847
1.694453617
1.691920313
1.690666753
1.690594627
1.690686753
1.690525915
1.690918153
1.690654179
1.690598559
1.690506128
1.70058136
1.699787488
1.701488731
1.701542568
1.701607466
1.705304119
1.700372483
1.698034643
1.700700889
1.700017513
1.701349767
1.69921199
1.698449236
1.701662912
1.711701018
1.710173468
1.714683854
1.715706306
1.716171973
1.71069078
1.697512756
1.702523053
1.717377786
1.717778379
1.718019882
1.716683619
1.689309063
1.689937551
1.689827097
1.689301513
1.689380299
1.689448094
1.689531248
1.692510157
1.699779412
1.689608337
1.689688447
1.689765377
1.689316189
1.68923766
1.689366497
1.690316579
1.690356399
1.691435767
1.691244265
1.690497513
1.690780341
1.691013667
1.690530296
1.690340557
1.690326671
1.690293873
1.690235839
1.690203189
1.690221185
1.690232896
1.718804484
1.702223129
1.740876408
1.734033867
1.689065324
1.704225839
1.690256586
1.689031614
1.689087318
1.689148091
1.689119734
1.689170172
1.689079069
1.705062077
1.709567755
1.732814296
1.735365248
1.740000675
1.737318595
1.742329484
1.714411559
1.731206879
1.728103455
1.724939218
1.719735774
1.690471715
1.69047936
1.690405612
1.690461337
1.690330587
1.695356672
1.700534561
1.698916114
1.695719223
1.690562394
1.690576335
1.690410948
1.695602731
1.69305319
1.690525302
1.704201081
1.703882099
1.704572581
1.705022052
1.704636092
1.709160297
1.704097448
1.704391389
1.703657888
1.70434673
1.703803269
1.704063366
1.70332287
1.704769697
1.706357942
1.715648826
1.714005109
1.72014875
1.720629176
1.720719668
1.710784922
1.723352776
1.723495207
1.721564988
1.71693607
1.689924008
1.694084093
1.689840658
1.689878458
1.689414409
1.689453437
1.689540783
1.689557616
1.689628008
1.702679563
1.707707258
1.689702518
1.689785629
1.689890682
1.68940977
1.689281764
1.689495683
1.690589832
1.690620174
1.69164269
1.691367053
1.690842849
1.691135444
1.690417247
1.690771164
1.690620375
1.69018962
1.690191293
1.690120577
1.690079165
1.690122901
1.69013068
1.690169376
1.690258341
1.690446488
1.718378514
1.72280125
1.743652626
1.736965879
1.694491857
1.708478562
1.689065973
1.69887892
1.689069337
1.689163835
1.689171411
1.745117126
1.708755143
1.71318848
1.734203718
1.739122175
1.737238752
1.741189492
1.731273041
1.717520652
1.728265816
1.722911957
1.690297157
1.690331048
1.693248846
1.690282957
1.690158542
1.690144429
1.698162171
1.702383053
1.699786614
1.705499291
1.693171592
1.69205749
1.695816018
1.699230908
1.697296766
1.695765588
1.70837347
1.707427355
1.708786706
1.707994687
1.71429013
1.707358551
1.707780099
1.707514332
1.706479477
1.70758289
1.708690823
1.708338726
1.719068689
1.71973282
1.724492317
1.725027698
1.724378791
1.710613918
1.726807257
1.716203266
1.72592961
1.722094473
1.689952711
1.694698337
1.689216046
1.689957857
1.690020012
1.695831579
1.701406299
1.690065709
1.68958193
1.689699834
1.689633012
1.689706527
1.68978996
1.705584818
1.689867989
1.689952881
1.6900444
1.689451133
1.689617326
1.689755067
1.690932449
1.691009765
1.69181507
1.691650639
1.691475837
1.691161317
1.691359689
1.690695328
1.690704739
1.690886959
1.691109224
1.68999445
1.690062815
1.690031892
1.690046587
1.690031184
1.690001742
1.690076904
1.690165199
1.690306094
1.690909564
1.690567499
1.729471744
1.747220832
1.741805872
1.712872965
1.704646241
1.689208044
1.689410459
1.689414199
1.743793913
1.748360369
1.750126369
1.712186446
1.716235288
1.736642527
1.734274198
1.738328137
1.729843383
1.720450197
1.725273877
1.69733745
1.69025415
1.69377644
1.690810161
1.70131051
1.70290239
1.70609774
1.700618387
1.698294023
1.701518628
1.702662483
1.700944387
1.709667949
1.712945678
1.710362982
1.71280127
1.711396466
1.720257473
1.710445873
1.710763031
1.711839148
1.711648427
1.709421297
1.710266485
1.724213617
1.727299896
1.728650052
1.729148733
1.728949103
1.710189416
1.729832162
1.716667003
1.721799194
1.727026523
1.693961586
1.690139748
1.695904888
1.70105065
1.690286506
1.690257727
1.690240789
1.689954715
1.690162791
1.689910815
1.690029294
1.690077424
1.703052474
1.690154338
1.690219023
1.689856393
1.689796721
1.690136656
1.690139976
1.690252537
1.691288102
1.691308705
1.691956047
1.691803499
1.69165576
1.691451743
1.69158538
1.691067392
1.691286324
1.69143413
1.691184949
1.689899178
1.689941724
1.690082304
1.68998226
1.690014268
1.689931351
1.69017852
1.690162459
1.690375692
1.691185294
1.690866178
1.6906043
1.73125952
1.745889312
1.714876946
1.722247631
1.710038558
1.703534318
1.690636202
1.741098467
1.74740723
1.753498698
1.752633713
1.716058017
1.719601553
1.735332733
1.732701105
1.727787386
1.72332681
1.700978614
1.697368325
1.693717816
1.693434493
1.704311333
1.704840724
1.706734587
1.704906853
1.70414743
1.707256165
1.706287627
1.709878596
1.713600853
1.716564349
1.712788196
1.715846353
1.717150583
1.726745515
1.714259817
1.717584943
1.715552465
1.712738457
1.712608198
1.731294338
1.735921801
1.734589244
1.731841155
1.733018734
1.709211531
1.731413761
1.716020368
1.722230269
1.727507393
1.695016617
1.697470833
1.697003152
1.69165988
1.690504737
1.690468618
1.69717468
1.690591189
1.690689097
1.690660318
1.690720354
1.690601249
1.690582816
1.690593122
1.702620565
1.690665404
1.693580925
1.690985557
1.691547903
1.691604395
1.692070182
1.691907409
1.69181451
1.691716527
1.691471969
1.69159592
1.691689095
1.691453464
1.691713893
1.692603924
1.690552612
1.689850424
1.689884255
1.690097453
1.689951214
1.690029454
1.689897168
1.690304264
1.690237854
1.690496303
1.691404084
1.690854116
1.691283971
1.691123763
1.690737315
1.732482296
1.74452749
1.726489595
1.718811434
1.710894696
1.73783812
1.754054453
1.745216479
1.752922638
1.757687323
1.720374593
1.723536048
1.730988925
1.726706873
1.734734704
1.700740368
1.696341672
1.705017561
1.694738062
1.709553854
1.707581994
1.709742942
1.711373561
1.712083759
1.716746543
1.714686987
1.715189229
1.721868348
1.721926876
1.7330977
1.719903494
1.723759985
1.718921276
1.717538261
1.740707666
1.742823936
1.741085615
1.736472028
1.733622462
1.709069836
1.731304165
1.71583966
1.726241948
1.721578765
1.708930822
1.727741676
1.692001847
1.69078049
1.690772896
1.721776952
1.694832498
1.698037665
1.691006022
1.706181763
1.698165924
1.704017423
1.691159405
1.692866125
1.691265803
1.691274557
1.702218116
1.691292619
1.716396301
1.705928992
1.691769781
1.691860985
1.692066097
1.692156186
1.692012449
1.691935205
1.691757839
1.691835008
1.691916428
1.691929055
1.691666433
1.691883515
1.690666301
1.692182937
1.689841803
1.690166644
1.690095884
1.689971136
1.689909539
1.690429626
1.690354528
1.690658486
1.691555113
1.691014407
1.691253324
1.69092021
1.739018096
1.749322092
1.735588615
1.728527972
1.742231769
1.75929911
1.751679342
1.760203003
1.724434021
1.728770362
1.731365618
1.738822862
1.708811513
1.698349488
1.702512937
1.69419631
1.712553969
1.711603782
1.715560426
1.713516325
1.717219194
1.713985605
1.720964189
1.71628699
1.718932198
1.728114765
1.741395063
1.727608123
1.725161516
1.724626773
1.750917349
1.756147178
1.741844626
1.73457923
1.730778224
1.70677234
1.725389152
1.714801888
1.719793959
1.69105677
1.691072462
1.735638455
1.732449697
1.693397311
1.696369663
1.691370945
1.717376696
1.717470998
1.716838701
1.691608975
1.711319687
1.694107107
1.703567086
1.698008396
1.699138989
1.691841147
1.730342244
1.692225132
1.720543852
1.691980313
1.692055014
1.692166141
1.692115566
1.691982374
1.692039704
1.692101986
1.692109771
1.691934653
1.692079195
1.691837695
1.692028794
1.691758403
1.69055543
1.690277034
1.690068503
1.690591318
1.690502911
1.691020448
1.691520196
1.691178109
1.692509697
1.762234138
1.755622754
1.746220395
1.754419943
1.74185556
1.748874304
1.76571014
1.766325334
1.758268407
1.729911745
1.737034819
1.746989982
1.70609073
1.710222611
1.696302145
1.699360433
1.693241772
1.716590397
1.716771597
1.717904154
1.714985723
1.721704393
1.718136049
1.726269999
1.718517274
1.724316583
1.744261223
1.732096739
1.733639753
1.731975267
1.731064637
1.749984565
1.762975162
1.7380131
1.724975709
1.733376311
1.70004567
1.706919471
1.718644661
1.711001243
1.69136079
1.722353892
1.745300098
1.744910746
1.696416334
1.695017241
1.694303768
1.692967255
1.729675014
1.730003637
1.698510285
1.714886247
1.707930422
1.705227814
1.69846239
1.699054456
1.743543703
1.692282184
1.732946552
1.692150272
1.692201441
1.692240828
1.692251519
1.692154171
1.692196874
1.692233076
1.692229731
1.691947534
1.692196747
1.691976365
1.692142344
1.693295726
1.691208724
1.691396541
1.691900401
1.693919739
1.693848762
1.767319402
1.762057806
1.752644782
1.758161669
1.772281266
1.768566277
1.737491069
1.758190209
1.748177033
1.69329146
1.703479881
1.706942611
1.697586794
1.694879602
1.710083878
1.720288498
1.722288158
1.715612033
1.731697165
1.732991564
1.724116006
1.693167176
1.721978572
1.746197952
1.73754904
1.738378273
1.737233938
1.750811955
1.765130289
1.7327458
1.721769217
1.701090835
1.701754144
1.709917539
1.724446176
1.758159303
1.757537138
1.698694487
1.698097954
1.743120161
1.742869074
1.706234027
1.727469414
1.717448542
1.711824904
1.702658637
1.704107141
1.75924633
1.692323055
1.707836959
1.74530567
1.73708881
1.692268466
1.692297983
1.692316377
1.692331707
1.692330489
1.692273778
1.692306002
1.692317453
1.692798987
1.69227694
1.693256646
1.692912964
1.695025552
1.693583864
1.693955932
1.696110804
1.773367975
1.780942492
1.769599153
1.78830377
1.767216844
1.775622099
1.750413026
1.766750689
1.69424299
1.703138787
1.699800572
1.695923481
1.708208836
1.720524762
1.726648045
1.713692931
1.746715153
1.737865735
1.728445161
1.731471356
1.69442793
1.69440093
1.729806801
1.741487687
1.741654856
1.739920632
1.746800326
1.752546367
1.75403876
1.718247469
1.726340825
1.708899781
1.704029209
1.703210596
1.771486814
1.70369837
1.756819102
1.755661342
1.730902412
1.712444498
1.719979326
1.709811554
1.71124498
1.774117683
1.786224813
1.692349474
1.715193587
1.720554907
1.758225822
1.744927289
1.692341042
1.692354728
1.692382269
1.692375204
1.69234899
1.692366673
1.692718199
1.693760143
1.695625537
1.693534761
1.694761487
1.69468022
1.696996513
1.697994488
1.697308189
1.801804177
1.793272412
1.804962608
1.791877073
1.776022669
1.775883858
1.763016172
1.695214184
1.70193762
1.697396916
1.707802923
1.717490035
1.70240348
1.748425395
1.718815208
1.738174671
1.731630336
1.695769636
1.696191542
1.698445476
1.741730126
1.756147414
1.735316168
1.74079061
1.751376529
1.734948074
1.737443233
1.716099982
1.708201304
1.71125317
1.704195085
1.730789709
1.769393827
1.720406239
1.719593121
1.791164295
1.808214841
1.692356554
1.730211975
1.739609652
1.781670602
1.771508622
1.758156406
1.692357598
1.692356525
1.692366147
1.692525766
1.692382494
1.694919675
1.69428431
1.695323625
1.699623429
1.695134169
1.700169771
1.696252073
1.698837465
1.829405205
1.825753175
1.805793213
1.788095966
1.772863452
1.696303273
1.69792967
1.697250785
1.69888317
1.708458044
1.711854568
1.703751554
1.762758758
1.717626151
1.738943053
1.727662935
1.69821508
1.701834456
1.701405975
1.779700969
1.760139932
1.733085602
1.760031627
1.726464303
1.727707842
1.716280964
1.709331946
1.708733058
1.717089844
1.816562865
1.692320845
1.740462374
1.753433079
1.793442316
1.778095732
1.838742176
1.69232114
1.692840119
1.692846536
1.69660195
1.693733396
1.69617779
1.695940304
1.702224496
1.696525314
1.699782934
1.697920841
1.697625312
1.85789543
1.845948057
1.830727551
1.812608243
1.787879231
1.698936178
1.697536576
1.701362173
1.700207287
1.700218811
1.778228822
1.712919212
1.708291963
1.704760227
1.716777206
1.745358356
1.72519925
1.704622116
1.7043095
1.708125701
1.803017206
1.778949418
1.776302861
1.814849196
1.733290438
1.720335593
1.731212984
1.714144281
1.717160692
1.729205773
1.834789785
1.845562507
1.815272803
1.692271516
1.758844826
1.773260842
1.795226832
1.847043542
1.694387664
1.695440594
1.696147878
1.697946473
1.696756415
1.697345575
1.699889493
1.69816479
1.698715816
1.699119773
1.878802879
1.871549172
1.851161489
1.852631926
1.816911141
1.701097948
1.704311726
1.702342453
1.702269967
1.767535845
1.710371358
1.705519124
1.720823015
1.706434031
1.703643469
1.701120854
1.707773662
1.712054789
1.821074856
1.770659469
1.853921712
1.732647883
1.726898428
1.746056527
1.728084416
1.749144733
1.845560818
1.830662304
1.867947641
1.828987786
1.841974632
1.817068449
1.780912215
1.695165114
1.783159248
1.805388389
1.843237705
1.697166507
1.698114417
1.698949817
1.699596201
1.700398685
1.699093495
1.700894068
1.700075338
1.884962974
1.883438519
1.875249786
1.859181296
1.803109626
1.705304615
1.710017143
1.709476496
1.706695568
1.709777564
1.72275335
1.710849481
1.703196418
1.7019781
1.705155061
1.70912717
1.714063147
1.713024871
1.78910469
1.743478774
1.823466838
1.778017331
1.799909009
1.766742904
1.775766008
1.802705955
1.813047712
1.826081256
1.824602715
1.801387457
1.830398445
1.891312699
1.877483674
1.831316188
1.861909442
1.697352743
1.826527007
1.885660517
1.699733302
1.701050348
1.702696649
1.700996043
1.702269612
1.921402482
1.879399407
1.805839798
1.736977064
1.713818
1.71365586
1.715574802
1.718664154
1.702640622
1.703456677
1.704369018
1.706821679
1.710792664
1.716260924
1.779035408
1.832100672
1.781713308
1.835175058
1.787660956
1.851517526
1.825351504
1.840826831
1.803669452
1.832393994
1.829491224
1.850074976
1.869464337
1.922766378
1.969286028
1.938034327
1.908171097
1.94567221
1.861285976
1.815858676
1.699271136
1.89879041
1.917835072
1.700873371
1.70391511
1.705407707
1.704537937
1.896344383
1.810673934
1.768701585
1.741025473
1.714736589
1.715139558
1.718919746
1.704920356
1.706018151
1.707136926
1.710170337
1.714247154
1.713825975
1.717619371
1.842963938
1.870706686
1.849253597
1.836811107
1.901545309
1.9124487
1.900729676
1.854722083
1.804740094
1.811057578
1.854615287
1.916741843
1.88077067
1.869252016
1.905867136
1.906424102
1.879832278
1.841038048
1.947754724
1.94883141
1.702894808
1.706066341
1.708807253
1.708653317
1.822825668
1.759068728
1.739625907
1.723014259
1.718770342
1.708442034
1.70933018
1.710388669
1.714906777
1.719541408
1.72253592
1.90545825
1.911132558
1.938625554
1.890151202
1.901234052
1.933370785
1.972535254
1.928482017
1.832079644
1.825491614
1.932327686
1.821849999
1.922007125
1.942066376
1.902343349
1.906987773
1.90942072
1.905550183
1.811763488
1.947655552
1.814014016
1.705482559
1.70912096
1.713733407
1.753829369
1.737565662
1.73550367
1.731190416
1.714673331
1.713522421
1.71946629
1.728688613
1.980588447
1.954368615
1.936116573
1.904330714
1.900053926
1.939014859
1.963033418
1.952043416
1.88989576
1.862334752
1.955799059
1.8491527
1.947722758
1.911213888
1.834766884
1.882565281
1.929057562
1.839118541
1.763041387
1.833503439
1.708779293
1.712415789
1.713724272
1.717940619
1.761944496
1.767434933
1.756861155
1.740470168
1.720867821
1.720693941
1.72362804
1.726200085
1.958401176
1.988154596
1.905988464
1.897405452
1.920668883
1.922201662
2.008758188
1.907746226
1.985368425
1.991657225
1.891794088
1.891944131
1.910200425
1.834973139
1.84506818
1.90533249
1.781370233
1.796192018
1.813104714
1.713441048
1.716319218
1.723193077
1.784087264
1.753961879
1.733135409
1.731106508
1.727602298
1.917098239
1.947000497
1.92465616
1.909946517
1.920158965
1.841966495
1.988367542
1.954430632
1.989561191
1.900374572
1.888814075
1.899003558
1.89133239
1.865319815
1.900579253
1.781018064
1.787736044
1.774539539
1.719963566
1.724140959
1.734452782
1.743901054
1.745041459
1.749323003
1.737667932
1.935376735
1.956123112
1.955979264
1.921638502
1.856730459
1.787364866
1.963543774
1.989242748
1.941541699
1.953594233
1.927336968
1.884795473
1.898417836
1.918493948
1.920724651
1.933718762
1.758932994
1.761771358
1.725994635
1.732496273
1.743600434
1.743529824
1.763944632
1.77783924
1.766866825
1.94982372
1.943364919
1.961471878
1.932291113
1.82454951
1.792539204
1.970533898
1.963786112
1.92963473
1.932873125
1.928859626
1.940744141
1.951968726
1.933048078
1.938678114
1.945963956
1.751738515
1.73937203
1.761951241
1.772066664
1.770961
1.785211548
1.793067534
1.767732176
1.977412163
1.967377409
1.974875482
1.888688137
1.81791581
1.959985461
1.941062915
1.935746858
1.946702032
1.946747557
1.929241539
1.966885626
1.9701923
1.795259328
1.776392306
1.745818566
1.772311906
1.793777582
1.781294836
1.78101792
1.961476862
1.97918674
1.845686969
1.905160211
1.963209532
1.961240484
1.972716496
1.973634882
1.983393895
1.976929069
1.94688286
1.793590279
1.794070669
1.748905348
1.766749488
1.774084402
1.822683942
1.974304803
1.974305877
1.821627353
1.909001369
1.983642596
1.971436601
1.958394775
1.970825524
1.970483464
1.954324624
1.938847961
1.77966308
1.763391991
1.76739578
1.854318141
1.776712213
1.988191359
1.945719708
1.870717513
1.975982264
1.94510056
1.939044293
1.946047759
1.939243466
1.932939207
1.764409258
1.796798023
1.855368905
1.765082838
1.779717247
1.965025018
1.938401785
1.945604201
1.916838338
1.937294439
1.925532874
1.927168924
1.782270151
1.892548694
1.787893612
1.758416259
1.955641871
1.932673572
1.906591013
1.917509396
1.916440922
1.913076538
1.751845746
1.81977362
1.764997131
1.980219487
1.913146473
1.90034384
1.902308237
1.881401254
1.769575635
1.761355116
1.817759232
1.872176163
1.936587053
1.904561791
1.906830466
1.82068656
1.80223953
1.845789946
1.856379149
1.892842053
1.899324213
1.892636231
1.856676097
1.853092618
1.848601472
1.857529181
1.955760986
1.916521818
1.866120441
1.851462007
1.913765815
