1.684280078
1.684280078
1.684280078
1.686713479
1.684280078
1.688179597
1.684280078
1.688865156
1.688031775
1.687924927
1.689660892
1.689248614
1.684280078
1.688109606
1.687377583
1.686006419
1.685279035
1.684280078
1.684280078
1.684280078
1.689367561
1.686333559
1.689520252
1.689129495
1.683655597
1.683089535
1.682906749
1.682987969
1.682901878
1.688824955
1.688253471
1.684280078
1.687381625
1.683800732
1.688302862
1.689275138
1.682008262
1.681474197
1.681193816
1.683213304
1.683923314
1.690044552
1.684280078
1.689366055
1.684280078
1.684280078
1.684593224
1.6818078
1.685823076
1.687643185
1.682203642
1.683637935
1.681262793
1.680757543
1.685846749
1.685980754
1.689257023
1.689609191
1.688626166
1.68878343
1.688228388
1.684280078
1.684280078
1.684280078
1.684280078
1.681646087
1.683341382
1.684838724
1.686065424
1.683933465
1.684965015
1.682628626
1.681308833
1.687061868
1.687215698
1.684280078
1.685539948
1.68924899
1.68657238
1.68964357
1.689744359
1.689158656
1.68877927
1.681362629
1.681766306
1.6821295
1.687525036
1.687456606
1.687620078
1.686355162
1.687447619
1.684014695
1.687464195
1.682706759
1.685864993
1.686022826
1.68645267
1.688154588
1.684280078
1.683183337
1.686530632
1.688517205
1.689551218
1.689561143
1.689525695
1.6818922
1.681223194
1.68102368
1.687196272
1.688444587
1.689219138
1.689435759
1.68928999
1.688558058
1.685889864
1.684521204
1.685521494
1.684701164
1.684666337
1.684588436
1.684280078
1.689470794
1.687877315
1.684280078
1.684280078
1.682515219
1.684411438
1.685777317
1.686565086
1.687409574
1.689064235
1.683282532
1.68194929
1.681198005
1.682894676
1.687725424
1.688885297
1.689156158
1.689112936
1.688915835
1.687647563
1.686816302
1.684212882
1.685059054
1.684392441
1.684997932
1.685575846
1.684280078
1.689827089
1.688419465
1.687310811
1.688584952
1.681783083
1.682412062
1.682775076
1.683490146
1.685509233
1.685530648
1.685917518
1.682146888
1.684783452
1.686095956
1.686719885
1.68728278
1.688160968
1.689027761
1.688672504
1.683670773
1.683753145
1.686207088
1.684335882
1.686237584
1.686786032
1.687245394
1.688117826
1.689185847
1.688446457
1.68481232
1.686629674
1.681742474
1.681145632
1.68080858
1.681816053
1.688358771
1.68782851
1.683949329
1.686704388
1.683970819
1.68444528
1.685654273
1.687694915
1.688752305
1.689067948
1.683555786
1.683103427
1.688209374
1.688153509
1.687790473
1.68551542
1.687828993
1.688121391
1.688569181
1.685744296
1.686554082
1.681905491
1.683504817
1.684282985
1.682965948
1.681574193
1.680777743
1.681687029
1.689051443
1.688718235
1.687043167
1.682898703
1.683420179
1.685177799
1.683658469
1.686663768
1.687424271
1.68781007
1.684974317
1.684159599
1.689214484
1.689542704
1.688495446
1.687683934
1.68729824
1.686969038
1.687703935
1.688579191
1.682838672
1.682196042
1.682809901
1.685468453
1.683877106
1.683201531
1.683086671
1.688413728
1.689002305
1.688699052
1.683541614
1.684254177
1.684548579
1.684089288
1.685043482
1.685139739
1.68590505
1.687596531
1.686625663
1.689600539
1.690299547
1.690238725
1.686447513
1.686447892
1.686526144
1.686891184
1.687826784
1.683532757
1.683424755
1.687748502
1.686480793
1.685442759
1.684938214
1.687908964
1.685212121
1.689151146
1.689404609
1.686156453
1.685643176
1.683937835
1.684817365
1.683422747
1.683143808
1.683238938
1.689739181
1.689003187
1.687149729
1.689482298
1.690379216
1.69063425
1.686691712
1.68675065
1.687467536
1.686113905
1.686748118
1.685675168
1.685540413
1.686050555
1.688736277
1.687579875
1.686652031
1.687118738
1.684423631
1.688348079
1.688601021
1.688116667
1.686897608
1.684628499
1.683452594
1.682934198
1.682995223
1.689898107
1.690411319
1.685205484
1.685759743
1.688319424
1.689081094
1.689447363
1.6876876
1.687826739
1.688135044
1.686297386
1.685368914
1.684734466
1.686937364
1.68799826
1.687188659
1.685687088
1.683709648
1.686348124
1.68662615
1.689150698
1.687637023
1.686300796
1.685192091
1.684150811
1.683425279
1.689793579
1.689594808
1.684415517
1.684719247
1.686364732
1.686810048
1.687402555
1.688500281
1.687894002
1.688231734
1.688307812
1.68704324
1.686136866
1.685245508
1.685562117
1.686093024
1.683721921
1.684472115
1.684825584
1.683756594
1.689737884
1.689742039
1.689313321
1.688535003
1.687180593
1.685349947
1.688104511
1.688064304
1.684629633
1.684612632
1.685156343
1.685566988
1.688463845
1.688904706
1.688706111
1.688876886
1.687730886
1.687874768
1.687479485
1.688445735
1.687627177
1.686534756
1.684385081
1.684564461
1.683611945
1.684023585
1.684430443
1.685810622
1.684739861
1.690518249
1.689392984
1.690714807
1.690051279
1.688300961
1.688203174
1.68594223
1.686799214
1.685344918
1.685032689
1.684878445
1.684710469
1.687665512
1.687785181
1.689460691
1.688565449
1.689855326
1.68739596
1.687319026
1.68974707
1.6890295
1.687647939
1.689559176
1.684913318
1.684728551
1.685231357
1.686837923
1.686374207
1.690368265
1.688229477
1.690669947
1.690196648
1.688493777
1.689286305
1.684858227
1.685768405
1.686912774
1.686346959
1.685601557
1.684800461
1.687008705
1.68711054
1.689390584
1.687884345
1.689907636
1.687019964
1.68776527
1.687837553
1.690138964
1.68984631
1.689079217
1.689940669
1.686752897
1.686733442
1.687933583
1.687824388
1.688211987
1.689131758
1.689146081
1.688545203
1.688909221
1.684402273
1.685235238
1.688651379
1.687935349
1.686776326
1.685320587
1.686451376
1.686539271
1.687990382
1.688821593
1.688323168
1.686868515
1.687684083
1.688572428
1.688985724
1.689140743
1.690007046
1.689596214
1.687872916
1.688141746
1.686382877
1.687251319
1.687873572
1.688140726
1.684303518
1.685582864
1.684586935
1.689938193
1.689301512
1.688041615
1.68618651
1.686343411
1.686938934
1.68727146
1.688837488
1.688598142
1.6871629
1.688035359
1.68887087
1.687528284
1.688146846
1.689656592
1.687311369
1.687426431
1.685383648
1.686308744
1.687031637
1.68779595
1.684812452
1.686670913
1.684967488
1.690129492
1.690096722
1.689679309
1.686280212
1.687495771
1.68617257
1.68621613
1.68620218
1.689027299
1.689207987
1.689166212
1.688823597
1.688646288
1.68877926
1.686465715
1.687575166
1.688650758
1.686387002
1.686574934
1.685555821
1.68616421
1.686374573
1.688979421
1.686234394
1.688013603
1.686265952
1.689470677
1.689947033
1.689984987
1.68893396
1.68689179
1.688408061
1.686562167
1.68591292
1.686251
1.689218242
1.68958852
1.689802504
1.689870922
1.688289846
1.688483477
1.688850079
1.686034545
1.686028958
1.686683443
1.687529631
1.686490916
1.686825688
1.686373552
1.689476369
1.688155018
1.687510892
1.688404304
1.689145312
1.68955091
1.689765435
1.689381694
1.688058843
1.687772315
1.6871316
1.687343755
1.689306492
1.689721862
1.690003225
1.690160504
1.688314727
1.688303983
1.688397673
1.688432752
1.68873059
1.685874931
1.68665462
1.686106913
1.686591029
1.687489729
1.687476905
1.68929556
1.688641118
1.68810812
1.687268823
1.688148453
1.688908962
1.690197766
1.689726039
1.68931874
1.689066766
1.688530861
1.689071881
1.689360828
1.689589347
1.689919166
1.688785242
1.688811144
1.688242193
1.688433041
1.688240419
1.688336452
1.686266052
1.687606537
1.686086415
1.686106544
1.688104363
1.688724817
1.688282959
1.686471467
1.687672011
1.686748001
1.688016023
1.690341983
1.69050504
1.690537013
1.689324292
1.690219573
1.688461434
1.68854835
1.688732769
1.689625855
1.689332829
1.689566854
1.689418364
1.689015562
1.688163482
1.688597362
1.687994376
1.687892424
1.687547548
1.686800375
1.686403308
1.687727695
1.687847452
1.686478802
1.687138257
1.686779789
1.687327283
1.689494656
1.690189157
1.69064259
1.69083879
1.690557219
1.687765079
1.687676283
1.688458976
1.687591033
1.688893921
1.689226091
1.689420715
1.689596362
1.689449312
1.689648876
1.689124401
1.688412835
1.68804273
1.687951012
1.688549145
1.68791087
1.687503632
1.687193111
1.687279012
1.687061014
1.687260305
1.690416103
1.689919052
1.689442741
1.690055288
1.690451469
1.690068273
1.68770567
1.687506262
1.687647381
1.687314306
1.687731655
1.689288689
1.689227189
1.689548619
1.689763164
1.689596992
1.688633169
1.689181788
1.689348848
1.688547816
1.688876324
1.689450557
1.688999304
1.688486564
1.687555746
1.687849235
1.687731447
1.68879855
1.690209515
1.690121011
1.688507399
1.687454639
1.689435974
1.688950902
1.689010839
1.687117055
1.688319621
1.688120084
1.687649542
1.687240742
1.687237345
1.687605576
1.687400929
1.689236506
1.689342398
1.689507653
1.689687677
1.689814004
1.689693539
1.689391295
1.68931942
1.689239346
1.689213018
1.689594465
1.689624241
1.689898603
1.689478359
1.688381098
1.68848943
1.68885389
1.689243305
1.689717372
1.689727789
1.688817956
1.687239575
1.688025311
1.687848988
1.687267201
1.688015699
1.689282017
1.688232469
1.689087052
1.687641038
1.687780653
1.688121243
1.689296134
1.689505591
1.689549547
1.689740726
1.689750803
1.689853115
1.689854361
1.689876519
1.689246787
1.689356889
1.689248306
1.689442729
1.690027139
1.690090575
1.690334926
1.690094769
1.689531147
1.688654868
1.688709529
1.688938102
1.688795059
1.688697782
1.68795116
1.687534047
1.687215963
1.687647205
1.688396111
1.688680148
1.689230906
1.688618172
1.688276025
1.69003579
1.688375138
1.689083495
1.689852582
1.688329732
1.688522154
1.688841967
1.689351525
1.689644296
1.689374804
1.689240816
1.68955097
1.68967815
1.689623533
1.689803187
1.689931354
1.689917136
1.690033263
1.689510177
1.68923662
1.689356755
1.689194389
1.690501169
1.69035833
1.690279344
1.69012197
1.688542735
1.688185761
1.68827705
1.687987458
1.687965809
1.687830931
1.687686758
1.688727578
1.687800652
1.689066908
1.689278193
1.689132765
1.689590446
1.68922105
1.690428349
1.69046981
1.689046981
1.690601796
1.690266119
1.689804391
1.689034166
1.689095365
1.689505189
1.689944377
1.689759745
1.689988726
1.689182748
1.689415201
1.689264564
1.689840856
1.689643827
1.6895952
1.689707571
1.689855013
1.689950541
1.689989798
1.689596081
1.689385797
1.689265335
1.689189923
1.689150285
1.690592735
1.690374753
1.690020391
1.69010888
1.689948471
1.68948726
1.687944508
1.687928558
1.687942887
1.687779099
1.687719068
1.687801342
1.689295907
1.688348774
1.68833516
1.68989506
1.689854308
1.689762667
1.689780831
1.690663844
1.690702482
1.689564693
1.690741205
1.690540466
1.690075976
1.689514354
1.689710365
1.689852157
1.690186221
1.690212699
1.690083641
1.690073525
1.690274574
1.689199032
1.689316867
1.689455611
1.689992983
1.689790704
1.690132457
1.689702119
1.689124319
1.68975785
1.689867221
1.689876994
1.689625571
1.689467009
1.689283681
1.689173446
1.690382718
1.689937403
1.689737827
1.689511989
1.689803545
1.689747601
1.689760502
1.689834896
1.689956166
1.688273993
1.688326519
1.688124554
1.688097817
1.689655161
1.688778203
1.689138769
1.690140586
1.690175738
1.690152903
1.690687627
1.690378438
1.689920412
1.690752526
1.690730723
1.690556909
1.690306548
1.689965532
1.689995028
1.690219084
1.690174789
1.690395245
1.690280901
1.690157382
1.690365594
1.690373345
1.690391974
1.690330319
1.690438812
1.690456954
1.689382349
1.689252185
1.689176658
1.689573535
1.689929274
1.690105409
1.69025855
1.689837375
1.68912335
1.68909354
1.689128884
1.689727595
1.68974085
1.689591955
1.689486111
1.689358847
1.689253891
1.689165897
1.689447451
1.689859867
1.689446671
1.689113825
1.689015819
1.689545547
1.689313739
1.689507686
1.689552273
1.689606084
1.689916521
1.690060488
1.690167159
1.68903076
1.688990933
1.689246149
1.688743989
1.689865027
1.689691263
1.689480995
1.689592572
1.690274147
1.690338699
1.690536692
1.690276468
1.690511132
1.689728354
1.690658107
1.690481517
1.69051498
1.690265594
1.69076283
1.690779079
1.690711223
1.690541677
1.69030959
1.690233241
1.69038797
1.690345971
1.69045417
1.690400264
1.690371895
1.690441755
1.690427176
1.690496878
1.690497281
1.69056159
1.690480051
1.689582349
1.689463592
1.689312365
1.68922087
1.689775221
1.690043439
1.69023473
1.690373051
1.689980156
1.689096323
1.689065566
1.689084667
1.689608071
1.689559723
1.689449103
1.689141526
1.689335716
1.689239912
1.689307194
1.689066239
1.689263074
1.689263503
1.689027081
1.688891146
1.688725932
1.688724689
1.689262816
1.689375076
1.689414254
1.690167042
1.689966695
1.690052148
1.689508973
1.689476454
1.689528799
1.689436044
1.689786764
1.689728052
1.689534097
1.689350675
1.690289525
1.69023244
1.690074149
1.690064185
1.690221782
1.690206565
1.689256157
1.690600076
1.690673867
1.690490937
1.690587074
1.690542703
1.690777901
1.690793536
1.690714759
1.690508181
1.690518602
1.690484562
1.690466598
1.690537598
1.690545315
1.690373487
1.690318096
1.690383079
1.690084081
1.690535434
1.69056402
1.690427362
1.690588629
1.689161594
1.689695733
1.689573668
1.68940035
1.689323201
1.689907744
1.690477616
1.690183818
1.690383481
1.690115055
1.689073863
1.690708149
1.689755362
1.689041311
1.689430573
1.689362793
1.689283715
1.689106079
1.689198041
1.689661476
1.689190331
1.688544088
1.688710778
1.688795946
1.6888391
1.688498746
1.688471994
1.689218632
1.68852515
1.689081831
1.689178132
1.689783351
1.689922904
1.689845155
1.689414694
1.689464756
1.689245346
1.689553708
1.689561019
1.689534572
1.689342333
1.689231739
1.689134308
1.689841835
1.689744855
1.689970767
1.690234277
1.68965132
1.689885128
1.68990141
1.689850737
1.689644102
1.688807409
1.688443578
1.690637231
1.690680477
1.690499254
1.690237777
1.6906619
1.690623387
1.690710682
1.690785394
1.690799333
1.690639726
1.690731403
1.6906848
1.690603242
1.690580464
1.690626964
1.690658038
1.690671726
1.690113137
1.690214057
1.690218796
1.689900699
1.690446921
1.69024546
1.690230469
1.690482182
1.690604051
1.690430194
1.689822934
1.689693009
1.689517471
1.690040564
1.690574972
1.690314407
1.690500212
1.690241723
1.693074406
1.693259237
1.689878549
1.691699449
1.692146626
1.691016555
1.694955814
1.68922051
1.689249224
1.689148493
1.68913334
1.689166798
1.690863314
1.689643902
1.692020946
1.689995603
1.688318094
1.688401488
1.688572753
1.68876727
1.689117895
1.688990311
1.688282162
1.688319756
1.689002105
1.688388451
1.688808038
1.688136346
1.68955003
1.6896237
1.689440454
1.689360552
1.689137204
1.68911718
1.689300152
1.689301111
1.689119642
1.689051201
1.689077283
1.689620969
1.689644723
1.689346188
1.689311167
1.689545782
1.689895992
1.689895211
1.689145709
1.689477077
1.689276443
1.688387478
1.688115601
1.688889454
1.690640914
1.690676598
1.690459266
1.690077576
1.690146924
1.690666778
1.69069193
1.690800456
1.690705574
1.690791601
1.690781621
1.690757811
1.690748388
1.690714175
1.690685487
1.69074715
1.690714877
1.690711287
1.689963338
1.689979783
1.68968292
1.690290977
1.690303987
1.690014388
1.690041835
1.690061438
1.690482639
1.690296487
1.690546743
1.691006944
1.693318354
1.689959343
1.691008543
1.689841044
1.690175815
1.690664241
1.690418869
1.690549748
1.690363393
1.696348942
1.696482304
1.696456334
1.692660842
1.69384004
1.697183658
1.699068952
1.689044907
1.689074148
1.688987228
1.689587953
1.694162059
1.696113868
1.694566784
1.6924517
1.692576591
1.688189632
1.688500283
1.68895767
1.688716737
1.688800645
1.688186535
1.688249357
1.688832942
1.688321605
1.688488822
1.688109745
1.688047092
1.689277095
1.689104732
1.689197405
1.689143922
1.689195468
1.689034232
1.689054721
1.688958303
1.689167432
1.688963798
1.689014674
1.689387571
1.689347798
1.689390575
1.688939485
1.689101971
1.689097066
1.689208938
1.689524387
1.68875498
1.689523176
1.700130405
1.688702164
1.688228682
1.688795903
1.6880521
1.687993622
1.688344149
1.690571727
1.692436893
1.69051667
1.700660824
1.714824735
1.694062847
1.694957294
1.69079841
1.690776662
1.690782326
1.690782781
1.690790883
1.703701305
1.700948537
1.697396338
1.689693828
1.689755241
1.689435398
1.690071295
1.690088138
1.690093492
1.689876077
1.689718311
1.689841851
1.689825873
1.690331613
1.690415041
1.691752752
1.69323647
1.693347063
1.696560026
1.690099963
1.694050986
1.691746141
1.694094089
1.690534441
1.69087584
1.690801269
1.691315955
1.693162882
1.70053586
1.701008934
1.696877321
1.702330568
1.704277377
1.68890223
1.690198736
1.690718727
1.693302049
1.699258547
1.699745273
1.702426443
1.698361596
1.697450466
1.688387148
1.688817851
1.688565297
1.688674192
1.688169922
1.688243232
1.688710751
1.68831185
1.688378079
1.688440372
1.688108514
1.688049105
1.688767187
1.688892042
1.688999898
1.689470183
1.689407429
1.688851051
1.688885574
1.688930658
1.689361607
1.689124232
1.689123564
1.689141919
1.689042526
1.688780546
1.688876972
1.689191231
1.689124255
1.688821879
1.688280149
1.688510094
1.708707111
1.721637874
1.688013618
1.687998634
1.688108115
1.687942618
1.687959103
1.687989179
1.6948982
1.699104508
1.712518789
1.731326592
1.726892361
1.721805521
1.703046478
1.718629464
1.700377271
1.707753306
1.709834192
1.712405443
1.708165665
1.68942639
1.689474004
1.688927632
1.689152
1.691311936
1.689802772
1.689867124
1.689790316
1.691827395
1.689546935
1.689715579
1.68932589
1.689515371
1.689540438
1.689626539
1.689649048
1.689454994
1.694691524
1.694476658
1.696417475
1.696586419
1.702736725
1.699716409
1.692114167
1.696806887
1.694323893
1.696818887
1.69656155
1.693605091
1.693267522
1.693775419
1.696642373
1.705218094
1.705851302
1.705038631
1.708782588
1.709737269
1.690589107
1.694711541
1.694635891
1.700291499
1.708744444
1.708398725
1.708016461
1.709413892
1.689992229
1.688535269
1.688595748
1.688509617
1.688114906
1.688221254
1.688303959
1.688681833
1.688369386
1.688427055
1.688483495
1.688154155
1.688164287
1.688705265
1.688762294
1.688770488
1.689813051
1.689667158
1.688830459
1.688852179
1.689041823
1.689247041
1.689611783
1.689389182
1.688885058
1.688749649
1.688747173
1.688678044
1.688677974
1.688764444
1.711635297
1.692781865
1.692877286
1.688239348
1.725266217
1.731186066
1.687906575
1.688031028
1.687855187
1.687892175
1.68796028
1.688073818
1.68789142
1.687877019
1.700093873
1.70478113
1.726830851
1.736460055
1.736148103
1.733009095
1.731203237
1.710014832
1.728104415
1.721879558
1.72155005
1.719379606
1.714956405
1.689165874
1.689158641
1.688886294
1.69576012
1.696464507
1.689524918
1.693351138
1.69067467
1.689446479
1.689171414
1.689456728
1.689064205
1.689634097
1.689462953
1.689350137
1.68919005
1.699731229
1.698502981
1.700202966
1.700193562
1.700288309
1.703926392
1.69908242
1.696748275
1.699398859
1.6987242
1.700062687
1.69792587
1.697166061
1.700373143
1.710264867
1.708774341
1.713211096
1.714254574
1.714743095
1.709267836
1.69607706
1.701070748
1.715921224
1.716337768
1.716602517
1.715293725
1.688223429
1.688571766
1.688549558
1.688287824
1.688282689
1.688368834
1.688426522
1.69113494
1.698383731
1.688487888
1.688537088
1.688588339
1.688372591
1.688260131
1.688351022
1.688888746
1.688879018
1.690106187
1.689926419
1.689066492
1.689450156
1.689706052
1.689240373
1.689013335
1.688690622
1.688640978
1.688596853
1.688585871
1.688652867
1.688833337
1.717296613
1.7006967
1.739371399
1.732525724
1.687870943
1.702753149
1.688911459
1.687960495
1.687889822
1.688068756
1.687974236
1.688136034
1.687997871
1.704196309
1.708718823
1.731756511
1.734169681
1.738567094
1.736014422
1.74083294
1.713554888
1.730153712
1.727253728
1.724081322
1.718877737
1.688903913
1.688939316
1.688875627
1.688934789
1.688708352
1.694002949
1.699461088
1.697669522
1.694430434
1.689211811
1.68919627
1.68890243
1.694205436
1.691660448
1.689174919
1.703111822
1.702595648
1.703283697
1.703688992
1.703323767
1.707803713
1.702797343
1.703091796
1.702357704
1.70304326
1.702499185
1.702771082
1.702027412
1.703472755
1.705066025
1.714244587
1.712629882
1.71871365
1.719212029
1.719320875
1.709393446
1.721936638
1.722102334
1.72019884
1.715593817
1.688615235
1.692749934
1.688658069
1.688648314
1.68850209
1.688459037
1.688520402
1.688594201
1.688615805
1.701372581
1.706359389
1.688658758
1.688708275
1.688785459
1.688551105
1.688391292
1.688581722
1.68925559
1.689340945
1.690324745
1.690079976
1.689571199
1.689876569
1.689184596
1.689565269
1.68940533
1.688562882
1.688566884
1.688534093
1.688507335
1.688542951
1.688638379
1.68871706
1.688961237
1.689262624
1.716932129
1.721278488
1.742139117
1.735451076
1.693398379
1.707187186
1.688124186
1.697949648
1.688100246
1.688222997
1.688283126
1.743610714
1.707671906
1.712096637
1.732999131
1.737693992
1.735915522
1.739700464
1.730074909
1.716432162
1.727170081
1.721818141
1.688687763
1.688748403
1.691683883
1.688706946
1.688545472
1.688543544
1.696763437
1.701122084
1.698411903
1.704236528
1.691714537
1.69057403
1.69426658
1.697782008
1.695844213
1.69430024
1.707118078
1.706141951
1.707460183
1.706679656
1.712944148
1.706052005
1.706469835
1.706202535
1.705181691
1.706278639
1.707400605
1.707042267
1.717687844
1.718371376
1.723091255
1.723639648
1.723002215
1.709309477
1.725426083
1.714902927
1.724573216
1.720768404
1.688699574
1.693410818
1.6883849
1.688798931
1.688817756
1.694589877
1.700166253
1.688953479
1.688748428
1.688919478
1.688745752
1.688792484
1.688843138
1.704342371
1.688882658
1.688930465
1.688983156
1.6886637
1.688850389
1.688932181
1.689714344
1.68982606
1.690482173
1.690349622
1.690206617
1.689939031
1.690116205
1.689530037
1.689567569
1.689726455
1.689953196
1.688434279
1.688482966
1.688457911
1.688541983
1.688625308
1.688496917
1.6886614
1.688831518
1.689095291
1.689791833
1.689443018
1.728083767
1.745767276
1.740390243
1.71180895
1.703822945
1.688380456
1.688635492
1.688664006
1.742296074
1.746898833
1.748753617
1.71091504
1.714966941
1.735213205
1.732942375
1.736846069
1.7285423
1.719181421
1.724001374
1.695772797
1.688660529
1.692199505
1.689248088
1.699865313
1.70149965
1.704702134
1.699067483
1.696764389
1.700026407
1.701179948
1.699432314
1.708286311
1.711560354
1.709081667
1.711473238
1.710073285
1.718912505
1.70913298
1.70944625
1.710516212
1.71033614
1.708117802
1.708973261
1.722846624
1.725941601
1.727276875
1.72778104
1.727584197
1.708937076
1.728478047
1.715388572
1.720497262
1.725698695
1.693217568
1.688983479
1.694706769
1.699845638
1.689158311
1.68916788
1.689190774
1.689180166
1.689394823
1.689070861
1.689159111
1.689166199
1.701844593
1.689200046
1.689219416
1.689125332
1.689080693
1.689387509
1.68933742
1.68942187
1.690088612
1.690124113
1.690602194
1.690489081
1.690375308
1.690222351
1.690325696
1.689935579
1.690133755
1.690249294
1.689697709
1.688406878
1.688447412
1.688775349
1.688567523
1.688706802
1.688523269
1.688933789
1.688952341
1.689227703
1.690059955
1.689767657
1.689508082
1.730095799
1.744640947
1.714073123
1.721364539
1.709313338
1.702840949
1.689936019
1.739608923
1.745955262
1.752264627
1.751267101
1.714667203
1.718212917
1.733854993
1.731277234
1.726381624
1.721931632
1.699446789
1.695830093
1.692169388
1.691947143
1.702845594
1.703358911
1.705271819
1.703390302
1.702613043
1.705757974
1.70477193
1.708425958
1.712158375
1.715113748
1.711513011
1.714510258
1.715813273
1.725391704
1.71293596
1.716248726
1.714232299
1.711431847
1.711316015
1.729929789
1.734556058
1.73322356
1.730485932
1.731659468
1.707971843
1.730074866
1.714749575
1.72093234
1.726187431
1.693848597
1.696292864
1.696289828
1.690522676
1.689409847
1.68941839
1.695984929
1.68956392
1.689816514
1.689813124
1.689879141
1.689715158
1.689632002
1.689675621
1.701393917
1.689665342
1.692823254
1.690031779
1.690330637
1.690366446
1.690689708
1.69057551
1.690511903
1.690444722
1.690303316
1.690390159
1.69045106
1.690294781
1.690489909
1.691214561
1.689161872
1.688447678
1.688501004
1.68888638
1.688646292
1.688822644
1.688603282
1.689162101
1.689107413
1.689406745
1.690259775
1.689774482
1.690166007
1.690020887
1.689672774
1.731547972
1.743525723
1.725768258
1.71813039
1.710204026
1.736356002
1.75301679
1.74377402
1.751584689
1.756490143
1.718919454
1.722077717
1.729515391
1.725242151
1.733261439
1.699267865
1.694870011
1.703564946
1.693357782
1.708085021
1.70609972
1.708246705
1.709895382
1.710621679
1.715289568
1.713421588
1.713903107
1.720516305
1.720574369
1.731726684
1.718569735
1.72241228
1.71759996
1.716232767
1.73933276
1.741440847
1.739706019
1.735107162
1.732272167
1.707813521
1.729965654
1.714558829
1.724918046
1.720274678
1.708179483
1.727064506
1.690848384
1.689659197
1.689686439
1.721035734
1.693629082
1.696803293
1.689900508
1.705298253
1.697124066
1.70302763
1.690061166
1.691728132
1.690189646
1.690170984
1.700952419
1.690130221
1.715562402
1.704733625
1.690502289
1.690561492
1.69068921
1.690747021
1.690656324
1.690607587
1.690515418
1.69056197
1.690610704
1.690631063
1.690460346
1.690605866
1.689385175
1.690908805
1.688550644
1.689042947
1.688978659
1.688777504
1.688715598
1.689355045
1.689290432
1.689608328
1.69038492
1.689941116
1.690150473
1.689868977
1.738270276
1.748516922
1.734917904
1.727843974
1.740801224
1.758395416
1.750361421
1.759107738
1.722973029
1.727304889
1.72989432
1.737399043
1.70738534
1.696966797
1.701154135
1.692920773
1.711100254
1.710157997
1.714155541
1.712090937
1.715796378
1.712557343
1.719548772
1.715037134
1.717652367
1.726751044
1.73999561
1.726235749
1.723826513
1.723320512
1.749516983
1.754724095
1.740452901
1.733216894
1.729421781
1.705476514
1.724044628
1.713489769
1.718462853
1.689870194
1.689917038
1.734902018
1.731621483
1.692141622
1.695080524
1.690152684
1.71637459
1.716226084
1.715685169
1.690350136
1.709956476
1.692837046
1.702219071
1.696639438
1.697805114
1.690532958
1.729369368
1.690788593
1.719166403
1.690647619
1.690691151
1.690754819
1.690725884
1.690660488
1.690691454
1.690724672
1.690734467
1.690760391
1.690719351
1.690579816
1.690692549
1.690529453
1.689397934
1.689220531
1.688980399
1.689557398
1.689479722
1.689984116
1.69038057
1.690098739
1.691447302
1.76150942
1.754948061
1.745557404
1.753725461
1.741168194
1.747565763
1.764937321
1.765438717
1.757157354
1.728500123
1.735633687
1.74568615
1.70475585
1.708883842
1.695044295
1.698113624
1.692086718
1.715204683
1.71540498
1.716597028
1.713668645
1.720366192
1.716787188
1.724943125
1.717290096
1.723051776
1.742835627
1.730731258
1.732247488
1.730638568
1.729779258
1.748557694
1.761515665
1.736581634
1.723592254
1.731987336
1.698633648
1.705559669
1.717264887
1.709626144
1.69011526
1.720869073
1.744499923
1.743958201
1.695025729
1.693631583
1.692947385
1.691637267
1.728510693
1.728646351
1.69708197
1.713392531
1.706441653
1.703702787
1.696982358
1.697582531
1.742399388
1.690819631
1.731377454
1.690749878
1.690776671
1.690797355
1.690802667
1.690756304
1.690776841
1.690793768
1.690792911
1.690888259
1.690777709
1.690663862
1.690750457
1.692084666
1.690180241
1.69038986
1.69088029
1.692868858
1.69273992
1.766648722
1.761329311
1.751905105
1.757054546
1.771620705
1.767712547
1.73619403
1.757071014
1.746945469
1.692222607
1.702241739
1.705718019
1.696439698
1.693751674
1.70888639
1.718999558
1.721027847
1.71440809
1.730510307
1.731901312
1.72288815
1.692178256
1.720784832
1.744747381
1.736146117
1.73703971
1.735984576
1.749332167
1.763624522
1.731241252
1.720321573
1.699485794
1.700251289
1.708457957
1.72286194
1.757237839
1.756421911
1.697191617
1.696620911
1.741773974
1.741321789
1.704641609
1.725786427
1.715851071
1.710215209
1.701022217
1.702504671
1.757921165
1.690838014
1.706055659
1.743540284
1.735318234
1.690810604
1.690824812
1.690830265
1.690832464
1.690832667
1.690812247
1.690825671
1.690826533
1.691818638
1.690810475
1.69195916
1.691528981
1.693834073
1.692601301
1.692936781
1.695014838
1.772536821
1.780168253
1.768658469
1.787586976
1.766313862
1.774951001
1.7493085
1.765787007
1.693231321
1.702046717
1.69868745
1.694881842
1.707125352
1.719348478
1.725507741
1.712614082
1.745727325
1.736902443
1.727418527
1.730397556
1.693480191
1.693440647
1.728662037
1.740298444
1.740185843
1.738525763
1.745507893
1.750990496
1.7524803
1.716682937
1.724724225
1.707332838
1.702290153
1.701595914
1.77031011
1.702066737
1.755276714
1.753924839
1.729081621
1.710748706
1.718277261
1.708035559
1.709497838
1.77261841
1.78491827
1.690846781
1.713273982
1.718614346
1.75627346
1.742977314
1.6908406
1.69084165
1.690845197
1.690844085
1.690838988
1.690843709
1.691187493
1.692200833
1.694635507
1.692063207
1.693467493
1.693292266
1.695799886
1.696931683
1.696229171
1.800736161
1.792153134
1.803988283
1.79121486
1.775322865
1.775135653
1.762157856
1.694260398
1.700950442
1.696416823
1.706824197
1.716474362
1.701495405
1.747635208
1.717918727
1.737298134
1.730705873
1.694832181
1.695216629
1.697415345
1.740663478
1.754988329
1.733842441
1.739434254
1.750143591
1.733382173
1.735785329
1.714368919
1.70648388
1.709337974
1.702423767
1.728849435
1.76762439
1.718607605
1.717727812
1.789471571
1.806701111
1.690846106
1.728123622
1.737525672
1.779699876
1.769375671
1.756023109
1.690843198
1.690841702
1.69084232
1.690974561
1.690844609
1.693360032
1.692739083
1.693753009
1.698531189
1.693655128
1.698990638
1.694908733
1.697605043
1.827929415
1.824414058
1.804986667
1.787463069
1.772179683
1.695383197
1.697020793
1.696291508
1.697995183
1.70757359
1.711028684
1.70289596
1.762085199
1.716836738
1.738210421
1.726854134
1.697189152
1.700667639
1.70029793
1.778662702
1.759192359
1.731696748
1.75887054
1.724780961
1.726166828
1.714478494
1.707446941
1.706788188
1.715055104
1.814687344
1.690839929
1.738262664
1.751182956
1.791263522
1.775812916
1.836780935
1.690839608
1.691335541
1.691363791
1.695025359
1.69220082
1.694630458
1.694362916
1.700963158
1.695041503
1.698442961
1.696530876
1.696033557
1.856012584
1.844138455
1.829549339
1.811787113
1.787212698
1.697957565
1.696601656
1.700246629
1.699103066
1.699310576
1.777491748
1.712119226
1.707470783
1.703882329
1.715983686
1.744633224
1.724463118
1.70338967
1.702965955
1.706784879
1.802105253
1.778193493
1.775262896
1.814359673
1.731993937
1.718559147
1.729646394
1.712194489
1.715080547
1.72702795
1.834480989
1.845291022
1.813021841
1.690844781
1.756519132
1.770883971
1.792824024
1.844724029
1.692960326
1.693958865
1.694715998
1.696403768
1.695253917
1.695754174
1.69840253
1.696639302
1.697108436
1.697553413
1.87647197
1.86928211
1.849381708
1.851311678
1.815909397
1.700038653
1.703062085
1.701154453
1.701242197
1.766607829
1.709497993
1.704489727
1.71994565
1.70500044
1.702150558
1.699557782
1.706220533
1.710583746
1.820320319
1.769700818
1.853400538
1.731440932
1.725049266
1.744536771
1.726031482
1.746902888
1.845169271
1.830335538
1.867670275
1.828667157
1.841732727
1.814596432
1.778499748
1.693795355
1.78078008
1.802886771
1.840666316
1.695795743
1.696681078
1.697575041
1.698124921
1.698776073
1.697465791
1.699386472
1.698474681
1.882399455
1.881036871
1.873236506
1.857583146
1.801744896
1.704057038
1.708544851
1.708061847
1.70542702
1.708456825
1.721487997
1.709734504
1.701570487
1.70031065
1.703471356
1.707463224
1.712467294
1.711357246
1.788438093
1.742668514
1.823010059
1.776972897
1.798480129
1.764804615
1.773604244
1.802347792
1.812692331
1.825765236
1.824336346
1.801008487
1.830240493
1.890919952
1.877375688
1.831121945
1.859693135
1.696039174
1.824070945
1.883094084
1.698426198
1.699693342
1.701284123
1.699356289
1.700740552
1.918799092
1.876843818
1.803811087
1.735107916
1.712253163
1.711966646
1.713952859
1.717006601
1.701002151
1.701780947
1.702655334
1.705067929
1.709017864
1.714461364
1.778530208
1.831487938
1.78137211
1.83427081
1.786075155
1.849508978
1.825018178
1.84043178
1.803283495
1.832062954
1.829028969
1.849964037
1.869397451
1.922347084
1.968911057
1.937644318
1.908029489
1.945412403
1.861068364
1.813428792
1.698013912
1.896520955
1.91542205
1.699674994
1.702632032
1.704010977
1.703016794
1.893845913
1.808146365
1.766276404
1.738834426
1.712885175
1.713243506
1.716916336
1.703308304
1.704332347
1.705404218
1.708373366
1.71241789
1.711969047
1.715684635
1.842642078
1.870280868
1.848997858
1.835950605
1.90118897
1.911164986
1.899126435
1.854325681
1.804266711
1.810674654
1.854084883
1.916305478
1.880674601
1.86920074
1.905500656
1.906155323
1.879697378
1.8408417
1.945924585
1.946821186
1.701768839
1.704885605
1.707492169
1.707196903
1.820630824
1.756688515
1.737284527
1.720806498
1.716708469
1.706879487
1.707690008
1.708666207
1.713159292
1.717673438
1.72057206
1.905283636
1.910860454
1.938473467
1.889541047
1.90102684
1.932511634
1.971464105
1.928010419
1.831522699
1.825042565
1.931719002
1.821585592
1.921660687
1.941627433
1.902331285
1.907002565
1.909212103
1.905475782
1.811714498
1.9463934
1.812504226
1.70445463
1.70801416
1.712389864
1.751939066
1.735555858
1.73348611
1.729211696
1.713214486
1.711923186
1.717803611
1.726916568
1.980414531
1.954000054
1.936008109
1.904021087
1.899945047
1.93860497
1.962479791
1.951463102
1.889296236
1.861900903
1.955128723
1.848991824
1.947460494
1.910783694
1.834848473
1.882642092
1.929001841
1.839178997
1.761839521
1.832806729
1.707857884
1.711449984
1.712590082
1.716737126
1.76054575
1.765938791
1.755295709
1.73888928
1.719556841
1.719286377
1.722467824
1.724806535
1.958145303
1.987647453
1.905840614
1.897319676
1.920525587
1.922013808
2.008066884
1.907412865
1.984799206
1.990989631
1.891721615
1.891791129
1.909793909
1.835135787
1.845162944
1.90547539
1.780771341
1.795424892
1.812889296
1.712635557
1.715412893
1.722204565
1.783213153
1.753017229
1.73208334
1.730091389
1.726694395
1.916709484
1.946348438
1.924436246
1.909794104
1.920035394
1.841859763
1.987612391
1.954053169
1.989016439
1.900344345
1.888630443
1.898610322
1.891531184
1.865379589
1.900766081
1.780731514
1.787294303
1.77442068
1.719304423
1.723435186
1.733723254
1.743512599
1.744518603
1.748746675
1.737040975
1.934870484
1.955393038
1.955567919
1.921285929
1.856426106
1.787104706
1.962777662
1.988614703
1.941345532
1.953282453
1.927447954
1.884647042
1.898034015
1.918705903
1.920794405
1.933966948
1.758748622
1.761553824
1.72551732
1.731977827
1.743153633
1.743325006
1.763695227
1.777551323
1.766550699
1.949024115
1.94268094
1.960824039
1.93167598
1.823981843
1.792067664
1.96984057
1.963375384
1.929670881
1.932833168
1.929115832
1.940373723
1.95185702
1.933207808
1.938922302
1.945607508
1.751416729
1.739083734
1.761667659
1.771838242
1.770700584
1.784980215
1.792846248
1.767181495
1.976653614
1.966565016
1.974055333
1.887886242
1.817165942
1.959454845
1.940906756
1.935997663
1.946905741
1.94706136
1.929195626
1.967044525
1.969819421
1.794559094
1.775962697
1.745583181
1.772042899
1.793435564
1.781009438
1.780418098
1.960733282
1.978405084
1.844941135
1.904368458
1.962829772
1.961269221
1.973034861
1.974006128
1.983597746
1.97682276
1.946481684
1.792925598
1.793572636
1.748590542
1.766394062
1.77367948
1.82211652
1.973809447
1.973759776
1.82106631
1.908439918
1.983554045
1.971691901
1.958789501
1.971192735
1.970692369
1.954230572
1.938411141
1.779194008
1.763040595
1.767003117
1.853922856
1.776321379
1.988029593
1.945503489
1.870429059
1.976175057
1.945475406
1.939377681
1.946253518
1.939123859
1.93246105
1.764056098
1.796527063
1.85524088
1.76485495
1.779516128
1.96516944
1.93845047
1.945951691
1.917148696
1.937395061
1.925360036
1.926649035
1.782147945
1.89266318
1.787893132
1.758344112
1.955938951
1.932937468
1.906624809
1.917263046
1.915889529
1.913294328
1.751799153
1.819891399
1.7650163
1.980394083
1.913112252
1.900011536
1.901744807
1.881541897
1.769526086
1.761222745
1.817796834
1.872180748
1.93646422
1.904192659
1.906232477
1.820389599
1.802065767
1.845660067
1.856152421
1.89242915
1.89872699
1.892218024
1.856343597
1.852772418
1.848159545
1.856955408
1.955341808
1.916077908
1.865669444
1.850935259
1.913296556
