1.884686515
1.878906682
1.90893324
1.894322116
1.87110292
1.868345161
1.911496092
1.89878987
1.878936089
1.914943257
1.872003698
1.924356378
1.872850432
1.868882333
1.891904093
1.912983436
1.867947869
1.914126245
1.908813574
1.891815751
1.878489667
1.916904188
1.9160308
1.925017584
1.932772413
1.918038256
1.875543215
1.874321082
1.869702981
1.872376762
1.885845806
1.910511507
1.876891008
1.920755322
1.917840478
1.906104961
1.913969418
1.892169165
1.917364308
1.917501404
1.919951812
1.923538745
1.928006623
1.848956702
1.857266974
1.873000568
1.880114683
1.85155829
1.887448802
1.888902713
1.902111634
1.919539925
1.922867931
1.924042861
1.91941111
1.932109855
1.921713969
1.925397416
1.93059662
1.934383023
1.939405834
1.947989216
1.943309342
1.819855526
1.822964872
1.855191928
1.862218419
1.880352855
1.896267568
1.83246778
1.913318805
1.933011597
1.92440001
1.926702576
1.930923801
1.935818204
1.943698145
1.93171987
1.935700468
1.935863587
1.936846624
1.94193841
1.950712991
1.945308028
1.954834052
1.958884836
1.801617275
1.795921137
1.813744046
1.843231386
1.873016577
1.899208671
1.922597294
1.817397715
1.947726154
1.934089762
1.929957445
1.935123596
1.937308672
1.94305575
1.946231547
1.954165858
1.940856543
1.941476567
1.943966288
1.948758455
1.953113827
1.958591102
1.959496554
1.957955534
1.961845385
1.963679018
1.968768493
1.790220134
1.781525909
1.786315152
1.855198592
1.829944603
1.887325652
1.914671073
1.950749744
1.808812676
1.938898797
1.944890356
1.940787252
1.944125994
1.948093381
1.954340942
1.959471952
1.954819495
1.95034317
1.954464663
1.962327116
1.965280951
1.972501878
1.969228843
1.966854355
1.967294327
1.968081852
1.970362689
1.968897387
1.964927675
1.914930962
1.953523352
1.946622887
1.785521456
1.775677544
1.77415211
1.836619973
1.868097975
1.812169852
1.900329042
1.939169319
1.79532758
1.949868358
1.950599964
1.956698374
1.953113155
1.959183496
1.958732806
1.9642767
1.966508184
1.958142299
1.946840061
1.962381089
1.969308533
1.977723697
1.979307782
1.978660075
1.978679969
1.973552716
1.972506824
1.970106257
1.959335693
1.951255337
1.898312479
1.917788444
1.932686007
1.946757887
1.941381955
1.894485097
1.780078151
1.777666614
1.773027196
1.858006721
1.82584213
1.883023245
1.801627162
1.918109361
1.787417422
1.963468472
1.962353907
1.961181324
1.967159691
1.965655166
1.96676761
1.96912936
1.967606883
1.960573012
1.938032137
1.919618081
1.97322563
1.977700411
1.979640924
1.980480788
1.977848485
1.975418239
1.971083725
1.96666947
1.95833234
1.949289677
1.943179771
1.891772708
1.903458217
1.937604134
1.925471297
1.940458863
1.896520617
1.905032057
1.911385748
1.77963524
1.779724366
1.782948326
1.861443297
1.839887286
1.812305583
1.89199603
1.791415521
1.78224048
1.97374493
1.971444471
1.971700927
1.967371485
1.974783672
1.974671072
1.977234428
1.948413259
1.928895375
1.901160172
1.885036871
1.976160255
1.973593709
1.973402091
1.966752018
1.963486189
1.960198682
1.954897582
1.953762369
1.946473451
1.940622557
1.937973569
1.894661757
1.889598114
1.912007235
1.935609656
1.927863986
1.898128381
1.908050868
1.908999124
1.910794493
1.780375736
1.783742921
1.912592089
1.783899733
1.866636037
1.847456539
1.825475582
1.801686266
1.787023113
1.78060818
1.981095085
1.981542552
1.98039493
1.974669212
1.948424481
1.980043535
1.977376994
1.972014492
1.913907915
1.894385744
1.869214002
1.857747653
1.965968924
1.965630404
1.959051204
1.954345607
1.951039447
1.946805568
1.943858501
1.937760451
1.935627618
1.932801666
1.887766343
1.900231621
1.886966961
1.917156751
1.925292318
1.899133561
1.905382529
1.920157387
1.779912833
1.789468807
1.787433439
1.919146065
1.789600318
1.848571063
1.832047714
1.813557235
1.793845113
1.782868674
1.778927347
1.983209658
1.984581872
1.975166828
1.980468737
1.958479089
1.912087811
1.975360478
1.969503856
1.960810595
1.869830952
1.844410227
1.835625124
1.957631135
1.953481192
1.949222149
1.946303774
1.942255318
1.939896316
1.935178802
1.934532825
1.932476807
1.891957314
1.880247647
1.906477172
1.884702069
1.918778065
1.922848131
1.894166598
1.912008106
1.933910343
1.935251451
1.77773566
1.788100352
1.934437343
1.937659997
1.928636331
1.786394753
1.828446701
1.81413091
1.800674203
1.787626573
1.782755789
1.777848252
1.973968268
1.981094885
1.978182152
1.953759055
1.974800682
1.925473609
1.878090749
1.969107166
1.961051236
1.955546524
1.843573208
1.820387692
1.814621665
1.953564777
1.947798594
1.945523644
1.940686972
1.934682957
1.932248293
1.928777895
1.909557132
1.887627191
1.874323655
1.879469927
1.918410783
1.920323647
1.909125441
1.928394797
1.940399272
1.777341156
1.7826274
1.937444849
1.930692363
1.91980247
1.919595289
1.926098075
1.919788481
1.776327173
1.810339901
1.799819366
1.793149705
1.786282028
1.781681317
1.776617302
1.977611843
1.94765947
1.980246939
1.974531521
1.916530901
1.968551424
1.889796018
1.843104152
1.96702737
1.962319478
1.963505573
1.820092644
1.80344673
1.799402231
1.959559339
1.960392316
1.953229101
1.942042134
1.937883831
1.929751613
1.916813109
1.897386242
1.8735319
1.868373383
1.887049878
1.919673098
1.92528445
1.912496034
1.93032746
1.927869809
1.773974794
1.774471524
1.921871223
1.916476809
1.920245369
1.930322872
1.928848981
1.915876127
1.766978357
1.796308918
1.791851245
1.784724996
1.78200686
1.778633194
1.981369715
1.964046188
1.912647129
1.977057333
1.971392724
1.874075636
1.973414389
1.849325612
1.81674818
1.971926929
1.975259333
1.975499965
1.802244289
1.79502486
1.791075215
1.981362071
1.971455183
1.959171686
1.949232151
1.943239922
1.89983551
1.919459813
1.8781446
1.861312829
1.866479486
1.887076551
1.92123776
1.942563772
1.907970411
1.913875335
1.908825493
1.775290566
1.773582893
1.902056969
1.918016356
1.940093175
1.93501622
1.896241254
1.760783006
1.791022336
1.790891115
1.788399063
1.786328606
1.782675503
1.970230942
1.975353073
1.929942256
1.878912243
1.97340199
1.976058685
1.841208644
1.977994644
1.819709565
1.795451914
1.979941239
1.98175625
1.993510395
1.785958731
1.783591837
1.786183928
1.991434949
1.983886501
1.967740016
1.968941798
1.880280671
1.913916754
1.85950972
1.853491634
1.864685382
1.890902509
1.943913224
1.964808357
1.902034742
1.897167884
1.908480276
1.770036689
1.779730028
1.898042642
1.935194518
1.948533536
1.880965079
1.895542972
1.762874754
1.777048695
1.757950356
1.788121438
1.78967428
1.789900459
1.785479091
1.787281484
1.943793362
1.961485116
1.968466016
1.897493096
1.84935394
1.969001838
1.968726721
1.820831816
1.811045147
1.967768012
1.793546136
1.975689462
1.986810949
1.996781741
1.772299281
1.771022743
1.776678325
2
1.987993186
1.98604977
1.860262513
1.932708934
1.84445037
1.848525723
1.87160708
1.894269544
1.965685023
1.985572331
1.891032415
1.890214726
1.917295439
1.771767453
1.900880522
1.93826149
1.872668594
1.907098961
1.759897763
1.77451892
1.765569644
1.839542575
1.753667781
1.78320144
1.785649066
1.784959501
1.784244015
1.776046819
1.903845358
1.937936747
1.958281257
1.962568485
1.860654343
1.82443075
1.959212376
1.955784169
1.798680461
1.788778026
1.960369286
1.967119488
1.989848208
1.975132692
1.996355202
1.762767089
1.763515981
1.773843719
1.993425112
1.99109316
1.853855269
1.841327494
1.956021329
1.859298235
1.886918645
1.893123754
1.981266037
1.992155386
1.885763161
1.894781923
1.917263373
1.76245857
1.902193586
1.87995593
1.928243087
1.75511436
1.76486332
1.77438498
1.759259746
1.838212938
1.852513576
1.74686756
1.779964965
1.780721188
1.777382204
1.773320722
1.764052552
1.904804088
1.870563109
1.936790935
1.954275435
1.953638446
1.832212573
1.80172371
1.951045885
1.951604185
1.783650072
1.95617714
1.964858956
1.984478772
1.976990882
1.990131882
1.756628648
1.768049231
1.757149539
1.997144542
1.860497172
1.841036581
1.963013813
1.879840675
1.884848821
1.881132601
1.981208523
1.997076531
1.898737582
1.905605475
1.751301972
1.755896735
1.894136436
1.93093763
1.761640714
1.768533064
1.77722977
1.756565102
1.835611984
1.84593224
1.867033844
1.742644976
1.73746171
1.777696154
1.775508889
1.767019433
1.759374062
1.752398796
1.914618518
1.877290095
1.844561061
1.932648349
1.949904962
1.94905139
1.813266851
1.790179443
1.945366692
1.947194573
1.951744673
1.960648878
1.968520497
1.986072797
1.753330952
1.762061244
1.751882074
1.995466805
1.866990076
1.845328631
1.956507679
1.876521393
1.871576838
1.886986812
1.978007382
1.991526091
1.90267641
1.743999466
1.901619278
1.927436618
1.764365993
1.770518488
1.779019164
1.790183178
1.757917673
1.835473252
1.833525578
1.849214686
1.863540586
1.731400618
1.727082925
1.771804857
1.761299189
1.753049218
1.745700414
1.742398306
1.898287312
1.917752867
1.862758223
1.82971344
1.92265808
1.930241043
1.931496079
1.937986588
1.801603102
1.938479277
1.938505165
1.945199102
1.952632072
1.978635275
1.753130545
1.752870051
1.749874624
1.980037921
1.848168753
1.879467043
1.952225258
1.860373678
1.866133769
1.882224549
1.974027132
1.978803356
1.735318242
1.915378046
1.932514821
1.781034168
1.770765395
1.787403942
1.791369656
1.796717341
1.762309319
1.828626622
1.837215792
1.838225244
1.850146725
1.854759502
1.773964771
1.844801814
1.726763959
1.722263087
1.719120861
1.755019
1.74718133
1.738098986
1.73574868
1.734545386
1.911883041
1.884286647
1.920268038
1.847881286
1.818928811
1.920282878
1.920394599
1.923576284
1.931460837
1.932905119
1.933301829
1.937575304
1.958119211
1.755422945
1.746277651
1.752187035
1.963857152
1.857117662
1.886652582
1.955322672
1.849080055
1.858887236
1.967439351
1.970192308
1.916956268
1.935309038
1.790620311
1.783824794
1.79424982
1.796088768
1.801652173
1.814358997
1.763929284
1.828498188
1.827495109
1.836690099
1.845201722
1.841646912
1.77189584
1.76328691
1.834391295
1.840309116
1.719551349
1.725039481
1.715721585
1.713422838
1.741708988
1.735228022
1.73004111
1.729476649
1.729241291
1.903231035
1.917311974
1.867786617
1.920962524
1.833633725
1.922039816
1.919575081
1.920697856
1.922321147
1.928829316
1.928363075
1.940335428
1.756550821
1.744746791
1.753253384
1.948556812
1.866503323
1.891710919
1.951635184
1.843939194
1.967927157
1.961289014
1.905626224
1.929039718
1.788814536
1.776415402
1.794886663
1.795660377
1.806937716
1.823969694
1.757953318
1.826030956
1.835919791
1.826918792
1.830247418
1.852023838
1.759056105
1.756581579
1.748882901
1.836094981
1.82999612
1.839449049
1.717901262
1.714951923
1.721205883
1.711306659
1.709611543
1.736057384
1.730489001
1.724682548
1.72251796
1.887382362
1.916086284
1.928300731
1.852603474
1.932875848
1.927880602
1.921148745
1.917606959
1.917781071
1.924632437
1.928713752
1.921481216
1.752640883
1.741105997
1.745070862
1.937823448
1.864353234
1.872535911
1.877384587
1.955618522
1.840543071
1.960634001
1.939426494
1.896087643
1.926428829
1.768252264
1.777041704
1.782898556
1.800590728
1.820811304
1.845890263
1.746495205
1.831353776
1.822064335
1.843555073
1.823074262
1.747139374
1.754451765
1.743997426
1.737602803
1.837724162
1.829314215
1.713573708
1.714197926
1.711680805
1.716205504
1.708139544
1.706581398
1.733738181
1.725695597
1.719152699
1.912120944
1.877802147
1.937084988
1.940904465
1.932637012
1.925411394
1.916818585
1.915056384
1.915327241
1.919037988
1.742733176
1.73688141
1.734562388
1.920620413
1.851052131
1.861876637
1.856712769
1.865209369
1.933142132
1.845690898
1.936302026
1.920625813
1.88545319
1.90477775
1.763767252
1.773018001
1.791033421
1.812098215
1.834789801
1.865235704
1.738123985
1.839450933
1.824518141
1.824185087
1.742017359
1.749482313
1.759153113
1.737135192
1.730219491
1.843660044
1.83656273
1.829744667
1.711075671
1.708285552
1.709112455
1.709260293
1.713859438
1.70383691
1.705404772
1.727284152
1.720052964
1.900247028
1.938127764
1.954755144
1.947860264
1.937335979
1.924785658
1.91715328
1.912488825
1.911679794
1.731635252
1.727262413
1.725308461
1.908110765
1.842058842
1.850117857
1.839825391
1.838379099
1.852342226
1.888709715
1.907777991
1.852672411
1.912476123
1.901774833
1.86953696
1.771181673
1.791412381
1.821139243
1.855800103
1.899470006
1.728054632
1.830576295
1.825449039
1.750231902
1.741094899
1.761103893
1.772209562
1.731808273
1.724690399
1.848492714
1.83806295
1.830546212
1.707652142
1.70868802
1.706075963
1.704967652
1.704665225
1.714426081
1.702534624
1.699778487
1.701870077
1.705282272
1.709505398
1.703183538
1.701755097
1.702902146
1.718989798
1.938445441
1.955585274
1.955966498
1.946401742
1.934768948
1.924820714
1.917259484
1.907712032
1.723760266
1.719828513
1.719133333
1.896477683
1.82913766
1.830777433
1.819228366
1.823196954
1.840112131
1.867397773
1.856227549
1.884772444
1.851695204
1.883906381
1.880386814
1.789572178
1.816857639
1.854711343
1.898240809
1.933733788
1.721543599
1.831577909
1.747886176
1.760480086
1.733025494
1.774934069
1.786413997
1.72502156
1.720301181
1.844677782
1.837132616
1.833411248
1.705084342
1.705651918
1.703239872
1.712859047
1.701655637
1.700651221
1.698801146
1.699259745
1.698082377
1.700784874
1.7026227
1.709200865
1.705464901
1.701273079
1.701344637
1.699901652
1.699808473
1.714072191
1.949886598
1.949572735
1.937944583
1.929528266
1.923045075
1.917965742
1.910404486
1.71884131
1.716232864
1.715002246
1.901624816
1.881892051
1.823121485
1.834766238
1.812578335
1.805701484
1.813240974
1.836216034
1.838376155
1.849940517
1.862003296
1.843229616
1.855201863
1.853947772
1.809562182
1.846517464
1.883906697
1.913742027
1.932299351
1.717483246
1.735220932
1.752128772
1.767148812
1.725408241
1.782745731
1.806654938
1.719104177
1.716685225
1.8402466
1.836660444
1.837930937
1.703130397
1.700149538
1.697054944
1.697586224
1.698146516
1.6967013
1.838183447
1.823143755
1.707062712
1.781395141
1.700932699
1.711819925
1.702589483
1.704696784
1.698884646
1.69974374
1.697951181
1.69766398
1.71423756
1.940541882
1.930586361
1.915871061
1.908699908
1.902362459
1.9071667
1.71294451
1.711123819
1.888644806
1.864564207
1.823869883
1.835563271
1.803373813
1.795850977
1.803022862
1.819453789
1.829376259
1.839764164
1.838310111
1.834487641
1.836638982
1.836708914
1.866406792
1.901608029
1.921157386
1.920439324
1.712938816
1.725730029
1.741314268
1.761605919
1.71910048
1.803497325
1.833107094
1.713401862
1.709269619
1.838833001
1.839913538
1.699006869
1.6954723
1.695830082
1.695896917
1.696390164
1.697241284
1.69569386
1.836041631
1.803804124
1.804267758
1.709763501
1.707482831
1.801170963
1.779004656
1.706778075
1.694231653
1.695054192
1.700590711
1.709683273
1.702899405
1.70582673
1.696757631
1.697676403
1.695848358
1.695143944
1.919674396
1.911106245
1.897187616
1.884462497
1.884484705
1.706344074
1.705558639
1.861763601
1.839740917
1.815532743
1.831568636
1.793974021
1.778144515
1.78995009
1.789798745
1.807916652
1.817170848
1.833954476
1.810564573
1.812094942
1.866030343
1.89425641
1.908743174
1.911767271
1.900620612
1.719623407
1.732414594
1.750407103
1.713944393
1.825027229
1.850372338
1.708614055
1.704923128
1.839630353
1.836784922
1.698606718
1.694169417
1.694095268
1.694339601
1.694732268
1.696748716
1.83062015
1.782409184
1.782697588
1.706688825
1.819827686
1.79529262
1.768999339
1.703076419
1.6927454
1.693432051
1.69669964
1.694789325
1.693265214
1.703478542
1.762896521
1.724996171
1.700918111
1.702796897
1.70342263
1.701488324
1.69466879
1.693336217
1.692289025
1.692713501
1.896343756
1.890125504
1.872091688
1.861091794
1.701752728
1.837927697
1.816879712
1.797805145
1.820839536
1.777535983
1.764782623
1.771697468
1.769212938
1.785013033
1.791355684
1.823896395
1.784864257
1.786048036
1.869690844
1.884244687
1.885109195
1.892271862
1.888371504
1.878494775
1.7156689
1.73953305
1.710530384
1.846576155
1.706215475
1.702637846
1.832844861
1.824000019
1.698824689
1.69233388
1.691976749
1.692251725
1.823592236
1.761334504
1.833706011
1.804248737
1.780588967
1.756618968
1.701017993
1.691800413
1.69139695
1.692965777
1.699023275
1.697038757
1.694898863
1.691397802
1.699923931
1.75185072
1.745540456
1.719966198
1.727808342
1.691397447
1.708997038
1.691395006
1.70137905
1.699278155
1.699349778
1.697846817
1.691397913
1.692301251
1.691397953
1.691397763
1.691397796
1.870844024
1.854266251
1.845178624
1.699488441
1.818662811
1.794855121
1.802211164
1.785052896
1.765267359
1.752089542
1.75856033
1.760030761
1.767391476
1.81153314
1.760223832
1.766721762
1.867114197
1.855400552
1.863991624
1.868109689
1.873245946
1.871087595
1.853779984
1.715024117
1.735033334
1.704196195
1.70099764
1.816587175
1.803984913
1.691397189
1.691397405
1.691397546
1.691397698
1.810536836
1.742104331
1.836769785
1.811300485
1.786124556
1.765847279
1.747984046
1.691396236
1.691396664
1.692857029
1.699235695
1.697195045
1.694948676
1.697464442
1.73772939
1.747950031
1.731969529
1.722508063
1.707080109
1.711016277
1.691394309
1.691395273
1.69139267
1.691397161
1.697011087
1.697243981
1.698076147
1.695934327
1.695923283
1.69139787
1.69139772
1.691397826
1.691397517
1.691397596
1.83373064
1.826653943
1.699706915
1.80218876
1.782369213
1.769355552
1.78869657
1.770994688
1.752159817
1.741230138
1.739169911
1.746638956
1.790569965
1.740823324
1.747711603
1.844555805
1.849331388
1.845855401
1.854165877
1.860956029
1.843403888
1.716233398
1.731678764
1.702956916
1.800463589
1.790047355
1.691396837
1.691397168
1.790583868
1.727707436
1.833270084
1.812030106
1.791697637
1.77412839
1.75575642
1.742834955
1.691395814
1.691396171
1.692614044
1.695893775
1.69431781
1.696792102
1.727753809
1.73316757
1.736680515
1.722470672
1.722811573
1.706862515
1.711336624
1.69139358
1.691394404
1.691391258
1.691389811
1.694507047
1.692797623
1.695440238
1.694083496
1.698687073
1.69439059
1.691397603
1.69139742
1.691397667
1.691397267
1.809285102
1.817524911
1.701606883
1.787219587
1.770694196
1.753856892
1.773241354
1.754982503
1.742194107
1.735761027
1.729009985
1.724237687
1.766389141
1.726553961
1.720999758
1.734103568
1.827219576
1.827072741
1.830610013
1.840113613
1.836160404
1.716149958
1.722331692
1.730544199
1.738609969
1.705525397
1.779755434
1.772651731
1.691396492
1.691396774
1.768498436
1.71809023
1.811065581
1.794276088
1.780379264
1.762075482
1.747633051
1.691395036
1.691395523
1.691552751
1.691386019
1.693322765
1.692173507
1.697414579
1.729662776
1.724529115
1.732718298
1.718474744
1.710561296
1.691392256
1.691393177
1.691389156
1.691387557
1.692490084
1.692402269
1.691377477
1.693936752
1.695582761
1.696583256
1.691357681
1.691397383
1.69862441
1.736881098
1.692639603
1.701031436
1.691397418
1.691396974
1.691397091
1.691397512
1.795504294
1.812790811
1.705182363
1.773294328
1.759915692
1.742145331
1.756279701
1.745799191
1.737842924
1.73715381
1.715325714
1.747834549
1.745911376
1.718356499
1.713675398
1.724291074
1.806318704
1.809259805
1.806819253
1.812668784
1.821649578
1.71543494
1.721991748
1.730261948
1.735431925
1.74088092
1.709490398
1.756171678
1.75622363
1.69139598
1.691396309
1.713563352
1.795876696
1.790159954
1.782051598
1.76618913
1.749348477
1.691393887
1.691394731
1.691380027
1.691382618
1.69136451
1.69136824
1.740902278
1.726068498
1.717848228
1.69139034
1.691391532
1.691386384
1.691384611
1.691341392
1.6913195
1.691371404
1.692598243
1.694186947
1.700693133
1.697431184
1.691348285
1.691397161
1.703896104
1.73723967
1.751357003
1.69139733
1.734344423
1.794102863
1.691379114
1.711622417
1.748543824
1.691314666
1.801590577
1.702777467
1.73224002
1.691275749
1.707420546
1.691397137
1.691396581
1.69139679
1.78260043
1.80142143
1.711916886
1.760187819
1.74850687
1.747153087
1.741342473
1.738618214
1.746413652
1.709973973
1.742945806
1.734178752
1.712557455
1.709930416
1.717198721
1.793897326
1.7883375
1.783437951
1.715741668
1.721300878
1.72728544
1.732384922
1.738019749
1.747206432
1.691395116
1.691395752
1.71334341
1.782069947
1.77655024
1.767335881
1.752476091
1.691392678
1.691374869
1.691354371
1.691358986
1.722882693
1.691388233
1.691381468
1.691327606
1.69136351
1.692284786
1.694930276
1.706643204
1.698947484
1.691334571
1.709643102
1.737518837
1.726002436
1.754502438
1.691397128
1.727064808
1.691374558
1.707418405
1.708220979
1.707143788
1.746816097
1.691281912
1.69129757
1.785566244
1.788993881
1.70413198
1.707879593
1.72466632
1.736732497
1.722775777
1.691396784
1.692881381
1.772184985
1.782712484
1.691235076
1.691188165
1.713941687
1.691396687
1.691396105
1.691396309
1.774119009
1.719013142
1.744425705
1.761186716
1.751972888
1.741723078
1.739535151
1.741341559
1.710838376
1.707226292
1.738371756
1.733608118
1.72641503
1.706732372
1.717911591
1.710383099
1.776257011
1.775114421
1.771656032
1.772910385
1.722434658
1.727220579
1.72417479
1.731373482
1.741708003
1.691393177
1.691394093
1.691394809
1.718001497
1.770863417
1.764465883
1.754118045
1.691389319
1.691366739
1.691341548
1.691348026
1.691382669
1.691372661
1.69130724
1.691354277
1.695699281
1.711990639
1.699630918
1.69131673
1.738045852
1.727458141
1.74209412
1.749762307
1.69139687
1.704175964
1.704092432
1.703471692
1.702875077
1.743038334
1.691255436
1.691268559
1.773958289
1.773721567
1.707284519
1.702317688
1.704241676
1.709961058
1.727234246
1.734195202
1.721638542
1.719849804
1.692877455
1.761127392
1.76376222
1.770113956
1.743507758
1.756192449
1.705150453
1.76004899
1.691200797
1.691171223
1.691079275
1.716023281
1.691396213
1.69139584
1.691395332
1.760526827
1.718507399
1.733213858
1.750112542
1.736075804
1.737317912
1.717803916
1.710053887
1.705478967
1.732234791
1.726971921
1.712842466
1.723083595
1.705374657
1.767374123
1.764762453
1.758346629
1.762123699
1.719773819
1.726297313
1.72222894
1.733883742
1.743042076
1.691390482
1.691391718
1.691392853
1.750802167
1.691384321
1.691359494
1.691325961
1.691337838
1.691373671
1.691281407
1.696240686
1.712146228
1.699955759
1.691294628
1.730538
1.735482879
1.723994239
1.737906297
1.744055689
1.691396536
1.70377054
1.700200341
1.700416677
1.699877908
1.701840842
1.737375226
1.691216839
1.691232491
1.760879675
1.76121693
1.707462098
1.702175483
1.701710431
1.721736521
1.717993803
1.717560052
1.692956986
1.751441032
1.750839134
1.762948115
1.738670252
1.749622995
1.7030637
1.757709615
1.748977054
1.706190397
1.742338654
1.691393581
1.745063473
1.697939194
1.691390571
1.691128894
1.691152352
1.691094735
1.690958864
1.690998927
1.714314452
1.691395099
1.691395612
1.691394364
1.747978754
1.715601701
1.730721299
1.724201637
1.727955596
1.732253885
1.718319508
1.714462791
1.708363463
1.717749784
1.706150995
1.711408002
1.700904611
1.758125219
1.756896103
1.749954473
1.749563865
1.717965283
1.721762264
1.728190766
1.735253021
1.740194525
1.691386473
1.691388386
1.691389419
1.691376708
1.691361629
1.691339004
1.691312271
1.691248854
1.696235735
1.711576222
1.709066973
1.699091235
1.69127386
1.728255267
1.731015418
1.732448637
1.723704319
1.73651837
1.732066141
1.736722021
1.691396086
1.704980702
1.697125701
1.696829425
1.699415663
1.701953053
1.731331004
1.691168542
1.691184957
1.74798259
1.703424217
1.699426657
1.722298201
1.71752767
1.715322859
1.715376628
1.690830143
1.692817803
1.74256395
1.74067862
1.755810101
1.733725468
1.743106267
1.699165303
1.701038778
1.750452697
1.742009401
1.707639093
1.705320855
1.736254159
1.738174937
1.738840573
1.696824555
1.695746784
1.691386682
1.69138451
1.691391746
1.691383054
1.731649621
1.718891084
1.733907022
1.691025673
1.691064088
1.691093314
1.690866678
1.690902567
1.71222017
1.710084635
1.691392943
1.691394184
1.691395523
1.734888987
1.714555089
1.72665662
1.722293742
1.715892866
1.727754361
1.722733153
1.72506209
1.719901941
1.714870313
1.709587551
1.702727956
1.698096807
1.709208695
1.751020129
1.750659587
1.743440721
1.735985664
1.718029994
1.723741798
1.729222793
1.732552683
1.735387483
1.691379719
1.691382694
1.691365604
1.691343287
1.691310189
1.691215615
1.695443122
1.692543886
1.696170909
1.691261164
1.724323725
1.728361724
1.729714387
1.729253288
1.732119465
1.728131337
1.729584789
1.704167648
1.692764768
1.69387847
1.693504862
1.700093756
1.726479003
1.691102475
1.691129617
1.699258264
1.702971792
1.701227462
1.695939907
1.714102658
1.715907041
1.712972332
1.713102506
1.690701226
1.690668286
1.732663128
1.749806473
1.726732741
1.736947173
1.697530121
1.695533108
1.743943949
1.737937988
1.707629351
1.705119584
1.728117761
1.73162248
1.731395437
1.693593673
1.695290777
1.697121837
1.691380719
1.691388619
1.691374863
1.69137448
1.691384079
1.691374794
1.723544159
1.724796573
1.719226245
1.715961023
1.725871507
1.691364118
1.724176418
1.725815241
1.728430289
1.718725432
1.726253042
1.73649197
1.693130626
1.698510096
1.710830428
1.725125464
1.716445424
1.690937638
1.690995046
1.6907488
1.69079025
1.70983837
1.712544386
1.691390061
1.691393007
1.691394562
1.723365814
1.723635377
1.71600575
1.715961883
1.713059717
1.704300309
1.722994297
1.720340508
1.72008284
1.715174685
1.70950291
1.693426864
1.698698609
1.691367637
1.744314589
1.746597679
1.740553684
1.720372915
1.724393405
1.727501656
1.730915171
1.734207292
1.691367353
1.691343405
1.69131064
1.691170116
1.690755146
1.690497565
1.691250084
1.723427567
1.727721574
1.727763915
1.725881936
1.724025395
1.724522213
1.722989959
1.703902399
1.691358134
1.691361978
1.691366425
1.691360721
1.69921798
1.722481189
1.690999003
1.691035283
1.695350052
1.700573856
1.702385865
1.690096139
1.711607318
1.713215863
1.710590166
1.690575156
1.6904982
1.722759771
1.743697652
1.71308932
1.728714836
1.69362911
1.690328599
1.73926576
1.708402505
1.705531614
1.715096742
1.691358511
1.693591698
1.69491727
1.691367176
1.691361544
1.69135541
1.691381591
1.691369937
1.691352941
1.714942834
1.710040485
1.713245736
1.717099594
1.713294705
1.719486326
1.718929499
1.723135058
1.70526556
1.725442534
1.733728635
1.690210728
1.695340287
1.697280427
1.708830655
1.70957596
1.717328819
1.713729264
1.716940205
1.690296198
1.730133666
1.713300812
1.691045344
1.691342894
1.689720226
1.691366545
1.690834312
1.69062859
1.711475732
1.714713176
1.691390321
1.691385738
1.691392993
1.709663735
1.717774365
1.699216635
1.691366354
1.718112749
1.719412561
1.714210217
1.709974312
1.69136089
1.691352127
1.740007445
1.74097266
1.736658129
1.720514868
1.723491726
1.726863682
1.730974861
1.735656819
1.691335518
1.691292107
1.691198898
1.691087583
1.690202263
1.722101821
1.725985308
1.724989518
1.722269713
1.718371018
1.719149042
1.719471323
1.718123604
1.706166554
1.702256099
1.691346209
1.691349083
1.691349863
1.691339509
1.696214757
1.698014628
1.719102502
1.690856658
1.690889362
1.689776792
1.699141316
1.703733727
1.700706909
1.689934303
1.689774534
1.710570746
1.707900793
1.690435659
1.690282538
1.708266974
1.739244252
1.691352992
1.700491789
1.72484177
1.689708967
1.707038364
1.709921283
1.691348296
1.691860008
1.691334305
1.691318578
1.69137841
1.691339941
1.691311098
1.698554263
1.699025996
1.691318436
1.703356424
1.693377232
1.709459015
1.710866317
1.710038733
1.715778407
1.712318378
1.710493325
1.69202127
1.72364842
1.731015459
1.690394612
1.695010592
1.7075893
1.70688102
1.707929025
1.706102531
1.714379213
1.711323998
1.690067074
1.727176107
1.698852105
1.690925
1.691304059
1.689454531
1.689479074
1.691364744
1.69134201
1.698143203
1.69134113
1.691321051
1.708976916
1.723943322
1.717314259
1.700663999
1.698973992
1.698627801
1.696492274
1.690641507
1.690471459
1.712634665
1.71625134
1.691385213
1.691389879
1.691333293
1.691357488
1.69134991
1.691351668
1.713734945
1.71963122
1.714404325
1.711751268
1.708977988
1.691339
1.691325866
1.736485846
1.736093379
1.732271779
1.719649926
1.723456407
1.72949627
1.73287219
1.691268249
1.691199039
1.691098759
1.690961638
1.689847883
1.721505252
1.723644623
1.721287472
1.718454315
1.714037095
1.714954871
1.715204606
1.713907181
1.705607668
1.702087424
1.691330521
1.691334033
1.691325844
1.69131362
1.691759043
1.71503826
1.690645308
1.690704221
1.689351641
1.696754033
1.705328286
1.701999794
1.68960044
1.689387394
1.707554557
1.704767053
1.705999426
1.690287607
1.690133483
1.69357941
1.691238093
1.735453538
1.691318805
1.691327325
1.724910556
1.719069627
1.708525701
1.691331632
1.691313818
1.691282358
1.691262146
1.691240966
1.691372372
1.691301295
1.691279981
1.691223448
1.691287645
1.691293747
1.691278334
1.702186127
1.696463302
1.705321976
1.708645875
1.726898858
1.689385233
1.689570459
1.693514863
1.705227473
1.704872394
1.704723198
1.694082099
1.712147345
1.708000543
1.709748504
1.689925065
1.689795612
1.726450739
1.691198967
1.690760746
1.689226742
1.691349489
1.691307658
1.695003341
1.706281147
1.722315161
1.71710112
1.694416622
1.690823059
1.693962074
1.700052755
1.696133906
1.695739014
1.699971423
1.691293003
1.691164288
1.710150016
1.691317131
1.723503638
1.690358689
1.712273046
1.715733542
1.69138419
1.691373559
1.691295513
1.691330992
1.709988678
1.710219002
1.718917796
1.714388111
1.711258882
1.708301082
1.691311958
1.691299324
1.733259254
1.731852282
1.732277514
1.728549069
1.719817727
1.728420106
1.730708095
1.691151059
1.691031217
1.690823568
1.689440606
1.719718174
1.721526409
1.719419991
1.717220829
1.714201152
1.710462771
1.710321609
1.711379648
1.710894656
1.704549895
1.701075225
1.691306769
1.691311424
1.691302323
1.691287743
1.691288817
1.710741042
1.690400688
1.690473979
1.688995065
1.689014444
1.689524619
1.703897226
1.689117468
1.70265803
1.703090099
1.701385396
1.690024267
1.691241318
1.69117058
1.691205274
1.731821044
1.69128069
1.691295792
1.691307325
1.720041316
1.713828094
1.707772326
1.691294027
1.691189321
1.691133156
1.691099963
1.691228481
1.691179286
1.691074296
1.691255695
1.691250515
1.691270547
1.691114067
1.690956126
1.6910379
1.694983058
1.703468287
1.723376424
1.68907231
1.689207578
1.701216531
1.702920296
1.704140683
1.7060548
1.707174123
1.689662325
1.689757419
1.725945196
1.691134648
1.690543082
1.691315367
1.691353786
1.691245393
1.688847265
1.720321194
1.716293582
1.69051602
1.690716415
1.688548239
1.688806758
1.69484679
1.698857049
1.695541186
1.69126084
1.69126925
1.706867841
1.707417569
1.691293986
1.723068015
1.725145456
1.69128748
1.690279729
1.691123813
1.712891962
1.690028502
1.711585573
1.715467853
1.691372049
1.691258786
1.691297255
1.705933898
1.717448351
1.712556438
1.708016812
1.704896517
1.691284295
1.69127113
1.729251935
1.730442516
1.728038337
1.728417788
1.719369801
1.727177602
1.690981319
1.690815078
1.690599514
1.689017208
1.689349351
1.718373788
1.717045325
1.715007919
1.709634118
1.706440842
1.706813775
1.707098634
1.707583445
1.7004
1.691277166
1.691280249
1.691274207
1.691256695
1.691252081
1.691266997
1.706077934
1.690103825
1.690190493
1.688717017
1.688764865
1.688730056
1.688761221
1.702943852
1.698293075
1.699408243
1.700029462
1.70019969
1.698203327
1.689608567
1.691174996
1.691206401
1.691140198
1.691082062
1.727922469
1.691243313
1.691263641
1.691280494
1.711090513
1.715694738
1.70700785
1.691017533
1.690915153
1.690884646
1.691057368
1.690925984
1.691236809
1.691219362
1.691211286
1.691058287
1.690842169
1.690942679
1.690010004
1.698928002
1.719370266
1.688721928
1.697761671
1.700760205
1.703133227
1.689405546
1.724455794
1.690252905
1.691328915
1.691259728
1.691146992
1.688328393
1.714846472
1.690518321
1.688169968
1.68862976
1.68812941
1.690807743
1.696811721
1.694447864
1.691218994
1.691228105
1.704472413
1.703341348
1.691263155
1.72155433
1.721990075
1.691259331
1.690109559
1.690892816
1.690958599
1.707843555
1.710119744
1.703404317
1.691183167
1.707818422
1.690729755
1.711786869
1.690321472
1.689647912
1.710660569
1.715153203
1.691347449
1.691219449
1.69126751
1.700950884
1.713511484
1.706609964
1.701137811
1.691252013
1.691234592
1.725248292
1.72670285
1.723637155
1.724033851
1.718170496
1.723258062
1.69069771
1.690477117
1.688922461
1.688541677
1.714455815
1.710930934
1.704239695
1.703181118
1.70335315
1.703630739
1.702699046
1.695006043
1.691242985
1.691246811
1.691239269
1.691218006
1.691200372
1.691225359
1.701329599
1.689740735
1.689818566
1.688388956
1.68840861
1.688424477
1.688171763
1.700561325
1.696073985
1.695415868
1.696759004
1.697095854
1.695876656
1.689177443
1.689009575
1.691145622
1.691092533
1.69117432
1.690951464
1.690988888
1.723237724
1.691199528
1.691225601
1.691248055
1.702929197
1.710552799
1.703164954
1.690740614
1.690544198
1.690556095
1.690735647
1.691191878
1.691158571
1.690770073
1.689662436
1.689773925
1.714676267
1.695560286
1.698819946
1.696724438
1.720604869
1.689902346
1.691280836
1.69117153
1.690996443
1.687783383
1.71058375
1.690071522
1.69045243
1.68767906
1.688150075
1.687626058
1.688704521
1.691234209
1.691168672
1.700843767
1.700696137
1.691226664
1.717471521
1.716659659
1.691221399
1.690597527
1.690611544
1.690711762
1.702321123
1.704307403
1.706011882
1.700108016
1.691129829
1.703653802
1.701778857
1.690425401
1.690003309
1.690106646
1.68794512
1.699483121
1.689156971
1.706445208
1.712858875
1.691304705
1.691168555
1.691230499
1.698145083
1.697241424
1.706236861
1.706077626
1.708403486
1.698369094
1.698398656
1.691811772
1.693004951
1.691209668
1.691182785
1.7204493
1.721879959
1.718280785
1.718436366
1.71854963
1.690267773
1.688353377
1.68808108
1.703361647
1.698717802
1.699544824
1.699730101
1.69992694
1.698715525
1.69119443
1.691198916
1.691188776
1.691158493
1.697694429
1.689271927
1.689355523
1.687946937
1.687983361
1.687541465
1.694217962
1.694088364
1.694589783
1.69373846
1.694357202
1.694290242
1.694068
1.688557978
1.691073683
1.691111312
1.691000016
1.690779003
1.690870072
1.715898702
1.691143731
1.691176494
1.691205723
1.696157647
1.689365287
1.704685407
1.698347188
1.688555428
1.690329168
1.690042798
1.690237563
1.691131543
1.691087626
1.690508973
1.689381717
1.689536847
1.705111628
1.695466785
1.714626458
1.689464588
1.691202742
1.691030501
1.690767293
1.687113674
1.690106388
1.689714248
1.686748201
1.687062247
1.687209441
1.691101545
1.697887573
1.710561572
1.690178893
1.690176011
1.690346516
1.698088056
1.699374565
1.700664265
1.696998356
1.691060556
1.69907554
1.697697632
1.689991932
1.689558633
1.689744467
1.686267826
1.697311407
1.696525362
1.689065802
1.687819856
1.692758358
1.690406098
1.688618937
1.688558506
1.701879287
1.706239376
1.69123129
1.691103258
1.691182929
1.695443829
1.699775486
1.699975025
1.694084704
1.693162767
1.691021637
1.69098655
1.691157517
1.691136064
1.691120987
1.713621907
1.715037917
1.709415302
1.689851878
1.687875066
1.687397906
1.69777757
1.696154008
1.695546479
1.69671448
1.695519042
1.69114257
1.691146477
1.691086059
1.688654763
1.688796762
1.687433374
1.686880159
1.686417384
1.692888019
1.692926193
1.692372836
1.692301563
1.693606583
1.692524037
1.688085352
1.690987939
1.691017728
1.690878241
1.690483358
1.690697532
1.705150357
1.701509351
1.691070646
1.691111465
1.691151126
1.688817283
1.688886024
1.686611304
1.685550924
1.689409737
1.689308823
1.6894326
1.689580812
1.691051769
1.691001272
1.690119414
1.688916756
1.689287579
1.688364324
1.696898425
1.704277935
1.6889443
1.691076755
1.690783331
1.686211373
1.689606602
1.685612041
1.685467428
1.691013525
1.689547897
1.689548326
1.68979235
1.696513702
1.69567051
1.696865725
1.694890269
1.694574033
1.69401084
1.689126493
1.689357661
1.694981102
1.695623268
1.694363034
1.687322389
1.691752025
1.689789946
1.690155212
1.690508601
1.688797443
1.691392964
1.691064722
1.687790849
1.685327541
1.685375308
1.688043615
1.686615979
1.69110737
1.691008227
1.691118655
1.69307136
1.695253137
1.694974405
1.690956878
1.690953923
1.690932915
1.690878231
1.691089306
1.691075984
1.691045557
1.699060112
1.687676564
1.688945966
1.687406201
1.687107753
1.686753352
1.686643521
1.694663678
1.693714205
1.694159382
1.694046063
1.693977401
1.692872943
1.691081863
1.690994165
1.687994972
1.688190791
1.685960574
1.684476063
1.691389942
1.691394018
1.691737952
1.691386111
1.690877867
1.690688017
1.69032658
1.686612345
1.686910093
1.691017734
1.69107715
1.688384461
1.684496754
1.688595677
1.688361398
1.688408142
1.688372706
1.688676704
1.690892983
1.689845541
1.68831307
1.688994281
1.687964771
1.687664442
1.685904396
1.688462158
1.690898418
1.685004943
1.689343787
1.684450668
1.684253627
1.690909265
1.688650381
1.688633574
1.688927133
1.693902104
1.693487871
1.690926466
1.691158073
1.688519393
1.693263493
1.68658765
1.691391338
1.689093608
1.690013454
1.689411058
1.690644321
1.688316767
1.691392419
1.690986981
1.690977822
1.684957973
1.68786512
1.686809635
1.687075746
1.683341612
1.685590632
1.684077052
1.684056182
1.683458301
1.68450125
1.690913226
1.690911959
1.691022015
1.692118089
1.691374511
1.692003475
1.692534819
1.690855975
1.690816686
1.690748175
1.690969843
1.690955006
1.685541798
1.686930762
1.687613098
1.686501253
1.685812835
1.685708677
1.692319134
1.692458673
1.691798992
1.692465059
1.691811337
1.69157977
1.691249924
1.690824129
1.687308178
1.687576642
1.684679708
1.683399259
1.68342285
1.691387041
1.691389598
1.691393104
1.691379975
1.691382389
1.690568564
1.689905208
1.686065122
1.690920971
1.687645114
1.687170652
1.687190229
1.687030166
1.687426865
1.690736397
1.69053736
1.687740027
1.688542948
1.684151594
1.68477459
1.683552386
1.688958538
1.687365642
1.687318695
1.687795022
1.691894927
1.69085023
1.690794401
1.690833731
1.68711969
1.685682675
1.691390967
1.688000869
1.689342606
1.690320707
1.688436651
1.687614599
1.687727924
1.69088769
1.690875297
1.690857073
1.683546853
1.686774286
1.68938385
1.685257541
1.686012953
1.685793555
1.686255945
1.682395548
1.682368226
1.683072714
1.682459398
1.690574354
1.690738324
1.690905335
1.691351996
1.691366687
1.69084483
1.6906983
1.690665584
1.690573062
1.690774916
1.690814651
1.684327656
1.686943762
1.686167082
1.685793262
1.685627051
1.685592203
1.684583236
1.684405978
1.690870403
1.691037003
1.691105417
1.691192221
1.690962381
1.691308837
1.691257194
1.690627494
1.686489766
1.683295571
1.6825392
1.691388192
1.691384127
1.691391892
1.691374225
1.691376682
1.690036382
1.690746297
1.685315059
1.685577724
1.685224486
1.685713502
1.690382564
1.687966104
1.68346249
1.682407978
1.688486795
1.685526497
1.685481428
1.686303009
1.690728351
1.690636513
1.690756418
1.690673317
1.685607925
1.684445253
1.691389614
1.686379177
1.688368429
1.689752077
1.68709666
1.68694826
1.686801767
1.687101362
1.690715288
1.690728037
1.690684493
1.682714596
1.685369337
1.689046109
1.685501533
1.684664589
1.691365123
1.690534436
1.691113061
1.684700103
1.685060202
1.684511124
1.685143866
1.681400582
1.682041867
1.681465231
1.681513823
1.690034611
1.690460267
1.690691744
1.691337087
1.691358616
1.690791867
1.690508034
1.690457776
1.690363787
1.690484528
1.690545882
1.683875816
1.686066805
1.683310321
1.683552377
1.683672464
1.683051517
1.682890845
1.683098036
1.690901518
1.691003292
1.691205842
1.691277998
1.681726999
1.68155127
1.6913858
1.691380106
1.691390351
1.691370847
1.689586413
1.690433094
1.682917005
1.683223531
1.68283839
1.68339322
1.689872942
1.687048474
1.68794004
1.682795971
1.6829377
1.683824406
1.6905604
1.690427492
1.690679956
1.690545736
1.68311895
1.691387166
1.684315432
1.68701596
1.68890837
1.685284918
1.686109134
1.690505392
1.690368048
1.681974132
1.683702452
1.68849917
1.684897547
1.691349013
1.690289127
1.691003807
1.691131768
1.691046658
1.683257366
1.683718181
1.680510862
1.680433553
1.681187826
1.680450037
1.689186551
1.689972039
1.690293303
1.691320725
1.690853911
1.690652866
1.690223945
1.690231439
1.690207553
1.690075467
1.683844547
1.683143862
1.685089416
1.680123629
1.680783686
1.680573829
1.681457787
1.681278237
1.681494992
1.681565288
1.691182836
1.691248272
1.680656258
1.691381815
1.691373414
1.691388274
1.691357398
1.688697228
1.689909394
1.679842321
1.680258367
1.679788952
1.680542013
1.689173772
1.68604769
1.687158178
1.681973858
1.679984715
1.680972317
1.690349005
1.690180874
1.690376062
1.681698732
1.691383901
1.681687105
1.685199574
1.68771901
1.682927385
1.685147318
1.69013607
1.689992008
1.68116329
1.681503031
1.682430751
1.687677042
1.691330344
1.68988756
1.690908248
1.691056356
1.682782583
1.68156932
1.679398657
1.679492021
1.680316075
1.679472252
1.679590115
1.687916028
1.689136296
1.689611103
1.691288267
1.690715999
1.690459598
1.689985653
1.689952085
1.689861962
1.689402399
1.682578414
1.682342776
1.683978397
1.676157528
1.677083344
1.678173169
1.677124742
1.678812984
1.679800636
1.679811157
1.691137363
1.691203035
1.691377653
1.691362689
1.691385368
1.691342461
1.687099356
1.688024017
1.689089311
1.676032957
1.676327898
1.67600954
1.676964916
1.684564205
1.68613287
1.680875384
1.676178748
1.677436016
1.69008681
1.690133497
1.679885379
1.678346528
1.686127529
1.679898353
1.689809798
1.68944828
1.68033086
1.691310372
1.689474938
1.690781884
1.690965612
1.679767564
1.684047588
1.678499976
1.678486504
1.67762824
1.678420635
1.679439388
1.677981069
1.686111673
1.687947507
1.688335976
1.691256269
1.690541882
1.690239793
1.689654302
1.689786103
1.689501242
1.688586126
1.682717826
1.681141494
1.680999625
1.672439791
1.672755502
1.671379985
1.673869183
1.675033776
1.675326779
1.677866627
1.677801149
1.677616945
1.691047808
1.691154213
1.691380721
1.69137071
1.691352607
1.691330083
1.686325378
1.685322435
1.671511755
1.671872038
1.67145283
1.67253694
1.68331218
1.679485808
1.671724623
1.673177944
1.689845209
1.674277122
1.676178984
1.688896158
1.691280889
1.689116037
1.690615714
1.690855224
1.676198233
1.681811081
1.67624068
1.688491522
1.674021977
1.677299911
1.67580814
1.675816345
1.677679706
1.683488959
1.686654073
1.686940702
1.691207845
1.690305083
1.689971672
1.68933739
1.68924988
1.688901726
1.687730701
1.681047659
1.679322333
1.667198444
1.666553503
1.668956654
1.667456881
1.670216441
1.670927263
1.675662338
1.673857163
1.691079059
1.690918487
1.691373323
1.69135372
1.691319836
1.691303766
1.684292907
1.684620065
1.68401932
1.666354321
1.666766156
1.666105303
1.667567671
1.681617281
1.666619401
1.668233452
1.689519959
1.669505162
1.671735526
1.691232426
1.690353636
1.690672657
1.671786323
1.678451798
1.688062256
1.677554747
1.690347503
1.668756388
1.669587966
1.673619304
1.673417524
1.675493115
1.673445827
1.680052549
1.68471749
1.686145166
1.68477103
1.691117682
1.68987758
1.688553955
1.688667209
1.68667737
1.678900729
1.661044725
1.661630388
1.661997675
1.663509
1.664939041
1.665567953
1.670858325
1.690960462
1.690737741
1.691359209
1.691326966
1.691247525
1.691269728
1.681856072
1.68204958
1.661189842
1.660701053
1.659618325
1.661436685
1.66132781
1.679027223
1.660879565
1.66278033
1.689245398
1.664117481
1.666594217
1.691145227
1.666815826
1.674293036
1.68755453
1.675984831
1.690439726
1.689813769
1.663880406
1.662078304
1.663861888
1.666411176
1.670612956
1.670826902
1.673125125
1.670104468
1.675632975
1.681873133
1.684009426
1.684730605
1.682383504
1.690985116
1.689193689
1.687270031
1.68738219
1.688344018
1.685929933
1.675927638
1.655496204
1.656434474
1.656024718
1.657939679
1.659399676
1.659697664
1.668061942
1.690764571
1.691327428
1.691276226
1.691140836
1.691191853
1.678682377
1.678745822
1.655437452
1.654550655
1.654062741
1.655342615
1.655154215
1.675612912
1.655066504
1.657100085
1.658322874
1.661306828
1.661423363
1.669416495
1.690430482
1.690024375
1.689365645
1.688929111
1.658276188
1.657890907
1.655996328
1.660519693
1.663356614
1.666597489
1.671878884
1.669010027
1.66587494
1.670144907
1.677531358
1.679259948
1.681493175
1.682253158
1.683792448
1.679634425
1.690964523
1.690744556
1.688109091
1.685314629
1.686991006
1.685721354
1.651309001
1.650603123
1.652638379
1.650815336
1.654020693
1.654209107
1.691267114
1.691176848
1.691052981
1.67419546
1.67469514
1.650121655
1.649363357
1.648848947
1.649883749
1.649670341
1.649634338
1.651462676
1.654345691
1.651626447
1.655295404
1.655814667
1.664067544
1.690386816
1.689905087
1.689182346
1.688374162
1.687755239
1.658683303
1.654980735
1.652929644
1.652582116
1.650949508
1.657586944
1.660573566
1.669256128
1.66670167
1.66374598
1.661045059
1.663663893
1.67287067
1.675203082
1.676162027
1.679179614
1.6781792
1.681087541
1.682835604
1.690743692
1.686620517
1.683635543
1.685167367
1.648224511
1.647592324
1.646674258
1.649419848
1.646703272
1.649564076
1.691164964
1.690943487
1.67025635
1.646068392
1.645401608
1.644942525
1.645587542
1.645339005
1.645291514
1.646426299
1.647188912
1.64910991
1.650045095
1.651003481
1.689832452
1.690358962
1.68807321
1.688914045
1.687036853
1.686239895
1.65405229
1.65021548
1.652303685
1.648666178
1.648412188
1.647275002
1.654574042
1.655601609
1.663887169
1.665256639
1.660854365
1.658284718
1.656866503
1.670668512
1.66796509
1.671860175
1.674259232
1.675397501
1.677752291
1.679882782
1.680987883
1.690631783
1.684724898
1.682890355
1.645734923
1.645658431
1.646369148
1.645115444
1.644707392
1.646426362
1.644466459
1.69099124
1.643952634
1.64347051
1.643153757
1.643147805
1.643055776
1.643198302
1.643800707
1.644553041
1.645836939
1.646823294
1.647940341
1.689321644
1.689954719
1.686659705
1.687782699
1.688370923
1.685313661
1.684285138
1.649794044
1.647531287
1.648269427
1.64698379
1.649930395
1.646246157
1.646045629
1.645689111
1.650746816
1.65289226
1.659928103
1.658818721
1.662766458
1.655340032
1.656053645
1.651014011
1.665626993
1.666976752
1.669744788
1.671006674
1.67379083
1.676335474
1.677563319
1.680096219
1.690275875
1.690695302
1.682259164
1.64551714
1.645575168
1.64527421
1.645628423
1.645405057
1.645531686
1.644866679
1.644583919
1.644097835
1.644219423
1.643593763
1.643932365
1.644588716
1.644390276
1.645262309
1.645545997
1.64661994
1.689192214
1.689708682
1.684856204
1.686301707
1.687088334
1.688224421
1.683149167
1.68204943
1.647924496
1.650756044
1.65027273
1.679925
1.646976675
1.646216795
1.646043403
1.647454074
1.646358689
1.646322853
1.647020418
1.64879456
1.650599194
1.65751271
1.654762616
1.653609686
1.660393486
1.651398153
1.647812693
1.661697055
1.664848839
1.665982931
1.669206112
1.672184656
1.673551591
1.676312937
1.678833166
1.690242197
1.648083083
1.647827231
1.648629955
1.648149902
1.648966291
1.649726274
1.648544073
1.647605656
1.649569564
1.648293154
1.649241536
1.64797793
1.649140748
1.65056766
1.649093538
1.650534188
1.649364649
1.68876283
1.689586613
1.682582305
1.684422128
1.685476557
1.687055784
1.680458926
1.679068175
1.649521623
1.657676383
1.65782049
1.657487225
1.676551541
1.646443782
1.646474167
1.646941221
1.647095169
1.648100984
1.646675188
1.649834265
1.649908325
1.651923858
1.647445927
1.647976282
1.655323298
1.652663183
1.650279453
1.649483289
1.656973592
1.648882002
1.660472515
1.663860772
1.667443516
1.669087513
1.672187687
1.675055402
1.689571393
1.65421705
1.65342415
1.655610136
1.654580526
1.656083098
1.657630181
1.656544399
1.657291164
1.655437677
1.65681822
1.658572132
1.656974743
1.658994925
1.658831678
1.659825752
1.687873999
1.682061428
1.679756884
1.683550859
1.685694816
1.677101126
1.6755034
1.654853775
1.667306212
1.66823728
1.668653873
1.67212396
1.672550791
1.648560049
1.64909017
1.647294464
1.651292254
1.650924113
1.653780872
1.646711954
1.656752423
1.657097237
1.660434744
1.646748859
1.647139042
1.650913662
1.65233888
1.648853188
1.647367562
1.655408432
1.654866679
1.658944139
1.662355421
1.664234962
1.667595155
1.670778336
1.688504267
1.662346132
1.664944095
1.664165208
1.666314513
1.668783209
1.667217371
1.668577213
1.666976138
1.668998649
1.671381665
1.66962085
1.670364038
1.671745164
1.686312126
1.679140464
1.681001217
1.676293982
1.683637912
1.673092948
1.67144582
1.662423076
1.678965669
1.674284607
1.680563821
1.684652925
1.685155128
1.668072439
1.651264601
1.654330299
1.6551745
1.649036081
1.659110501
1.658292462
1.662648967
1.648256792
1.666478329
1.667046647
1.669939086
1.646974894
1.647821542
1.648789727
1.651108195
1.646878952
1.654216175
1.66477547
1.657483965
1.659262731
1.662733055
1.666173058
1.687015066
1.673301324
1.676051496
1.675488515
1.678180041
1.681112575
1.678962605
1.682120001
1.680348082
1.682676054
1.685161582
1.683080775
1.684214802
1.684166547
1.677913485
1.675613086
1.681066017
1.671972997
1.667991786
1.686246263
1.690014824
1.681344259
1.694012186
1.695520412
1.695339479
1.663805091
1.667539489
1.658742923
1.654812086
1.663449062
1.66401405
1.653161033
1.66928504
1.668613264
1.673303218
1.649914534
1.677259033
1.677544908
1.680665575
1.647697348
1.646986258
1.646884959
1.648044693
1.650216084
1.652980784
1.676066373
1.654535585
1.657816492
1.661349778
1.684965179
1.683830359
1.686263584
1.686204179
1.688789027
1.690405369
1.692682447
1.692320592
1.694512123
1.696283213
1.694888183
1.681583714
1.674304194
1.678015654
1.671518982
1.663165089
1.691611877
1.694893609
1.69778037
1.688191716
1.699671349
1.700698084
1.700401459
1.659007831
1.66297599
1.667216255
1.663779363
1.669283954
1.661276349
1.673837115
1.656219135
1.678568952
1.679852932
1.683571679
1.651699139
1.686485686
1.686735115
1.688973678
1.648793449
1.647672731
1.646893696
1.647558949
1.649396065
1.650340299
1.685370523
1.652944947
1.656483756
1.682271936
1.691120821
1.692628224
1.693203334
1.69476866
1.69663681
1.698313781
1.699173596
1.700513891
1.701007194
1.67851617
1.674490311
1.67026342
1.658478393
1.694727311
1.692682011
1.695235039
1.696561912
1.690942453
1.697679406
1.698399017
1.654468242
1.66278585
1.658409342
1.66592763
1.674378283
1.671484654
1.679067011
1.665457789
1.683662461
1.659059627
1.68702634
1.688073371
1.690337503
1.653956415
1.691323881
1.691305341
1.692176111
1.65150047
1.648299519
1.646889958
1.647304673
1.648650578
1.690176223
1.651857613
1.678884794
1.692545459
1.692826182
1.694174648
1.694950634
1.695521682
1.696168766
1.69781927
1.69661725
1.674966312
1.670571746
1.654174368
1.686813586
1.689604569
1.689013023
1.687326505
1.687838225
1.689261029
1.687864249
1.685586496
1.650711967
1.661226923
1.658370746
1.654281409
1.666358615
1.688807246
1.683725336
1.681599617
1.675961398
1.687157677
1.669218383
1.68964328
1.662231568
1.690631122
1.690846545
1.689748366
1.659188462
1.689784945
1.688454004
1.652944197
1.648840134
1.647037994
1.646982377
1.648695594
1.689848618
1.674816571
1.687044145
1.68593634
1.68793939
1.687579296
1.686494938
1.686259133
1.688614894
1.671091819
1.650704976
1.679083186
1.673156798
1.674150196
1.680702259
1.673821864
1.673079289
1.682636659
1.669981316
1.674071046
1.648211762
1.655120678
1.658074871
1.662470186
1.651177812
1.667181043
1.689634968
1.688931392
1.685364647
1.679399499
1.690406288
1.671783292
1.689628412
1.68772626
1.686737995
1.681942476
1.660426528
1.668062816
1.681003665
1.678321024
1.65398357
1.649620269
1.647836964
1.647181869
1.677223007
1.68345211
1.670164772
1.67540232
1.672446042
1.676085545
1.673119834
1.671803019
1.671224188
1.648503791
1.6614239
1.667165492
1.659123415
1.658784893
1.670995656
1.657696344
1.65463905
1.657840045
1.655135426
1.647546377
1.654308773
1.651636798
1.658469546
1.663534353
1.649044042
1.661899508
1.690940431
1.689796539
1.691037013
1.688296002
1.683085601
1.687067929
1.678987666
1.683089037
1.678579016
1.676564659
1.668871082
1.671151128
1.66249866
1.667487881
1.664040547
1.6555639
1.65173463
1.64797778
1.667976197
1.674254673
1.665128427
1.660507364
1.659202789
1.656219169
1.657241071
1.655791434
1.648132865
1.647660317
1.650485513
1.656379434
1.646267539
1.645073343
1.64265991
1.644745748
1.64194202
1.642663309
1.649479959
1.654709508
1.651428097
1.649630191
1.659227785
1.648783191
1.648106628
1.653298125
1.649421303
1.686694842
1.68457185
1.690934573
1.692588486
1.691213225
1.68894444
1.678268134
1.682722326
1.671501026
1.665213335
1.66250364
1.654328391
1.673805971
1.664969959
1.652739753
1.649283827
1.6592538
1.651982468
1.658907719
1.66410448
1.660079849
1.645558878
1.643455676
1.644631886
1.64358546
1.650116132
1.638659506
1.640216342
1.64289762
1.637494452
1.636003455
1.636049022
1.636032331
1.635236059
1.635060535
1.635432824
1.653749216
1.65612249
1.655269411
1.651841394
1.649907218
1.650886202
1.639549085
1.642834806
1.64697478
1.650233993
1.651640819
1.684450709
1.677163875
1.672863929
1.690724695
1.694034164
1.694812343
1.692296231
1.665288932
1.685650663
1.657628529
1.650790195
1.648520408
1.642002755
1.676888837
1.670954405
1.640736032
1.638274203
1.661963106
1.651526128
1.654879831
1.655468589
1.636256766
1.635266718
1.635767338
1.655130191
1.635688171
1.63634324
1.637481905
1.635774701
1.635380054
1.635084921
1.635565261
1.635060391
1.634331597
1.633990631
1.661576709
1.665981823
1.652155277
1.650305779
1.656066476
1.638815087
1.639638022
1.640797236
1.643141156
1.650610655
1.653386981
1.656931153
1.672765801
1.682384516
1.663981625
1.659177513
1.690158384
1.694354888
1.696951665
1.695007066
1.651869682
1.688795667
1.645527444
1.639700277
1.64043155
1.637001512
1.634887716
1.683636285
1.674383695
1.634533741
1.633899309
1.645631965
1.647102341
1.647623567
1.651869563
1.633852934
1.634111005
1.663614605
1.640829505
1.639022203
1.638845182
1.640696245
1.640323609
1.64213622
1.641348456
1.640125418
1.639063125
1.639569631
1.672660281
1.678207486
1.650368648
1.664645257
1.643033526
1.643214271
1.642762401
1.641801601
1.642356032
1.654038632
1.650869347
1.659667087
1.665418111
1.646572072
1.658813359
1.669462698
1.680001882
1.650568257
1.646535313
1.686550623
1.694494525
1.698851138
1.697604917
1.641016914
1.694735541
1.636969285
1.63508703
1.634701935
1.634506213
1.635340612
1.687233701
1.635418368
1.636715341
1.643158466
1.643298119
1.644414727
1.650053946
1.638485294
1.674988356
1.649517403
1.649809587
1.646220761
1.649611481
1.652582727
1.652010325
1.650708838
1.649422808
1.650422503
1.64757654
1.685190884
1.690568598
1.650668417
1.675954562
1.649649949
1.650867853
1.654795256
1.648108027
1.645212456
1.644171204
1.660077126
1.653870888
1.668664222
1.676259504
1.656643678
1.686000871
1.655117658
1.645987098
1.666063562
1.673325908
1.640218983
1.637790732
1.68402885
1.693118845
1.700492189
1.697003208
1.701059519
1.63544292
1.697627057
1.635148399
1.636509316
1.636983113
1.63945206
1.642417689
1.642745204
1.64581569
1.64514515
1.645277163
1.643333768
1.650389867
1.687316142
1.660194211
1.660741616
1.660926741
1.664105165
1.664592069
1.663777443
1.662649878
1.664252848
1.661339634
1.657556156
1.696304375
1.699963701
1.68829979
1.657340632
1.659561689
1.664017068
1.666558117
1.654920454
1.650693536
1.649175295
1.667920953
1.657768686
1.678767179
1.671072711
1.688223532
1.69487865
1.69450118
1.659096965
1.65175346
1.642611823
1.637515686
1.658318847
1.669623812
1.63523259
1.635190216
1.681270513
1.687885138
1.696687827
1.700509461
1.702536039
1.636654061
1.64004041
1.644207219
1.645347065
1.649854269
1.654324281
1.654367553
1.649965542
1.653990055
1.648438768
1.64587231
1.654739001
1.697746607
1.671828913
1.672323145
1.675783839
1.675353172
1.676933264
1.676199025
1.678274651
1.675921975
1.672562631
1.673301927
1.702860421
1.703178569
1.699358404
1.668281911
1.665420876
1.673806311
1.675249553
1.680595156
1.662576725
1.657895857
1.677393691
1.665593731
1.681752117
1.694769801
1.686439042
1.700364455
1.698515015
1.669583367
1.641347711
1.645186357
1.636663509
1.635506335
1.635146851
1.654462292
1.665791891
1.637310515
1.639303091
1.673325051
1.685498921
1.691974225
1.699896534
1.644211111
1.650369888
1.656124848
1.658032547
1.663621372
1.668921446
1.655530634
1.66042935
1.664784053
1.653668819
1.650748782
1.662549654
1.703004203
1.682490365
1.685902592
1.686056437
1.685866156
1.689432471
1.688220795
1.690648983
1.689060529
1.686683798
1.687270407
1.684035727
1.701593134
1.698532203
1.702154866
1.676439767
1.682003678
1.673292945
1.685432947
1.689271022
1.670373377
1.674615058
1.690610701
1.695937837
1.692526343
1.6839457
1.699252562
1.696381286
1.683968947
1.635241685
1.636723781
1.642157337
1.635159679
1.636221948
1.640076947
1.650828466
1.657299857
1.645626012
1.649063987
1.669948827
1.676885114
1.689381355
1.656682892
1.663301078
1.670933342
1.672673032
1.678570015
1.668062813
1.662013983
1.671297226
1.677669911
1.659964405
1.657326747
1.672692275
1.699906581
1.693591999
1.694321548
1.694879378
1.697611017
1.698257564
1.700103851
1.699374226
1.698059127
1.699309071
1.696053443
1.697011957
1.692627745
1.686395728
1.697331824
1.683710126
1.688772634
1.691829261
1.680740061
1.694159086
1.696431705
1.698926936
1.693609891
1.690578785
1.690266049
1.683135623
1.691323941
1.69246069
1.636260184
1.63501184
1.635456534
1.639690648
1.64050684
1.643637524
1.650479282
1.644915779
1.657431302
1.658147849
1.661555777
1.672285093
1.671557541
1.669575729
1.678885951
1.685605319
1.687016739
1.680717471
1.675227287
1.668733248
1.686781764
1.666601149
1.664706782
1.683097123
1.689621497
1.699877498
1.700852471
1.702973161
1.70411912
1.706022371
1.706150973
1.705906197
1.707012364
1.705583537
1.703533364
1.678113038
1.669809572
1.686373377
1.694625995
1.690103324
1.69722003
1.699021964
1.700508055
1.702475953
1.703253197
1.689321338
1.69173514
1.679773173
1.680568042
1.699281747
1.64367398
1.640657287
1.635920731
1.634915791
1.636587855
1.65142843
1.65560739
1.664144369
1.643618529
1.655830738
1.672642956
1.676525162
1.683727595
1.68630648
1.692549437
1.697994358
1.691008688
1.686490619
1.681314611
1.675086013
1.695338838
1.672850697
1.672014177
1.689462658
1.674985022
1.704203951
1.705985792
1.706791562
1.70857069
1.709471795
1.710103143
1.711295346
1.71122384
1.709998752
1.708028469
1.661960598
1.654216271
1.672097493
1.699457072
1.701699828
1.702849739
1.703782389
1.704971735
1.705272004
1.705807715
1.680791449
1.689430485
1.667578422
1.666883062
1.707105804
1.653038295
1.643876924
1.637403908
1.6354181
1.636363021
1.663843386
1.669757623
1.678772944
1.643211638
1.687030321
1.690191186
1.696305449
1.698606213
1.703284837
1.695700409
1.699419919
1.691480192
1.686644947
1.680840868
1.703235877
1.67850462
1.682607974
1.678402435
1.690313059
1.659469648
1.706924198
1.708214947
1.709824414
1.711193799
1.712416439
1.713347711
1.713494652
1.712794335
1.712473372
1.648243574
1.642694042
1.657535297
1.705222597
1.706245575
1.706188048
1.706998046
1.706719789
1.706575763
1.706906507
1.682880275
1.670341217
1.654351203
1.656502765
1.710345347
1.667103407
1.655641214
1.646102267
1.640809663
1.636178929
1.636654124
1.677933389
1.683930026
1.692716538
1.699044554
1.700808067
1.705773797
1.707282424
1.698957319
1.702569607
1.705849979
1.695218844
1.690764586
1.685638787
1.707684357
1.689108073
1.686485921
1.683439411
1.68546921
1.646212665
1.707565256
1.708755417
1.710182047
1.711328461
1.712816889
1.713928473
1.714365392
1.714386806
1.713758182
1.639504238
1.637198883
1.645547609
1.708553645
1.708562352
1.708178862
1.707261277
1.7068445
1.706745202
1.673872688
1.660510957
1.645542613
1.648353829
1.712231738
1.652624291
1.680549995
1.66892416
1.657941285
1.650760261
1.641891507
1.636957568
1.690386337
1.696337824
1.704113893
1.707741897
1.710963603
1.701062175
1.703746971
1.706967084
1.708870488
1.697429816
1.693469758
1.70987821
1.694794189
1.691404617
1.689047889
1.68693537
1.676524364
1.638340015
1.707328635
1.70837399
1.70918744
1.710765878
1.712263914
1.713448377
1.713568128
1.713993994
1.713825647
1.637275593
1.639929205
1.709915866
1.709360451
1.708060023
1.707098552
1.70629022
1.706137752
1.665759831
1.641205903
1.643686178
1.713124115
1.657079327
1.646944375
1.691717714
1.681545246
1.670559334
1.662816659
1.651383469
1.641942204
1.699602694
1.704166346
1.709411874
1.711543404
1.704626491
1.701455548
1.708575127
1.706149538
1.709990012
1.698076851
1.710377049
1.695008243
1.697456813
1.692360459
1.690609515
1.689140728
1.666007862
1.638914445
1.706582166
1.706942062
1.708272544
1.709829776
1.711250848
1.711783061
1.71283424
1.712679045
1.642307511
1.639463481
1.709930938
1.708802398
1.707569352
1.706292436
1.705491469
1.705412865
1.641045658
1.642406869
1.712220944
1.65134262
1.644331265
1.69166809
1.699595314
1.682133147
1.675456741
1.662732075
1.65090768
1.7053097
1.708429244
1.711116308
1.703125111
1.700215298
1.706639092
1.708665074
1.703297224
1.709621988
1.709531746
1.694962567
1.696339386
1.693924257
1.698168932
1.692725751
1.691548958
1.690615449
1.656410777
1.644060295
1.705129117
1.706065116
1.707289988
1.70849624
1.709105125
1.710584546
1.710742203
1.710975895
1.650468392
1.64305936
1.709040368
1.707857037
1.706469873
1.705267174
1.704638752
1.644306744
1.643891023
1.710614737
1.646609309
1.644012286
1.689809438
1.698298222
1.704329277
1.672795265
1.68312002
1.661138715
1.707976112
1.709782885
1.700476376
1.705891009
1.703370926
1.707489401
1.699750954
1.707865206
1.708372293
1.694301503
1.694848101
1.69587181
1.693841205
1.697421172
1.693200138
1.692389313
1.691855956
1.693194968
1.649113082
1.651788878
1.704537018
1.704006648
1.705304533
1.70618638
1.706681811
1.708093334
1.70838206
1.708917927
1.709006182
1.659998443
1.649759656
1.707444688
1.706356367
1.705152213
1.704242437
1.652580747
1.648084523
1.64721015
1.709381586
1.644423017
1.645866841
1.691275983
1.696987495
1.702809621
1.706600665
1.671230896
1.682246667
1.708425126
1.702118863
1.704164067
1.699435357
1.704780805
1.69624836
1.706015808
1.706331163
1.694096766
1.693931272
1.694021385
1.694690952
1.694041564
1.693829893
1.694356821
1.693348634
1.694766981
1.644916239
1.66077335
1.703950635
1.703514577
1.703303918
1.704523632
1.7049079
1.705990517
1.706326188
1.706938799
1.707175271
1.707845264
1.669567589
1.66039931
1.705475189
1.705339316
1.704538541
1.703722042
1.654136135
1.660277664
1.652266995
1.708169754
1.644736977
1.649614802
1.697145925
1.690042563
1.701398567
1.705193759
1.70721537
1.68039041
1.707584869
1.69802423
1.700222241
1.700982397
1.69552354
1.702455451
1.693486474
1.70343219
1.703062611
1.694572189
1.693888666
1.693208957
1.692955124
1.694721068
1.695657131
1.695948339
1.694997612
1.695813256
1.644018164
1.670571975
1.70291747
1.703342339
1.702638271
1.702314148
1.703666929
1.704523036
1.704877885
1.705534399
1.705904677
1.706564723
1.707154112
1.678389252
1.669372791
1.703188744
1.703015638
1.702555129
1.660966605
1.66793189
1.658353467
1.647174194
1.65493927
1.651591753
1.695954541
1.701286784
1.688057333
1.70420565
1.70643016
1.707304905
1.707168794
1.694382412
1.69642479
1.697206857
1.698699539
1.692650991
1.699943065
1.692111892
1.699810436
1.700341401
1.694689805
1.695604909
1.693525339
1.692530299
1.696742441
1.69703504
1.696975872
1.696332969
1.696857574
1.646161663
1.678823894
1.702220418
1.701741375
1.702511444
1.701315068
1.70056767
1.703244921
1.703822241
1.704175591
1.704787752
1.705265763
1.705940531
1.706598813
1.685905401
1.677257847
1.700531346
1.700466045
1.668065939
1.675353436
1.664993859
1.661596339
1.655646608
1.700490711
1.694252619
1.704421671
1.706200128
1.707353387
1.707543298
1.707212463
1.693543313
1.692154038
1.694186532
1.695381719
1.696548418
1.691766863
1.696514848
1.692230082
1.697122706
1.69749905
1.694753792
1.695969739
1.693318358
1.69759497
1.697182357
1.697730395
1.697700234
1.69672165
1.697236632
1.651199238
1.686018928
1.700688406
1.701063212
1.699926796
1.702015695
1.699020377
1.697861583
1.702873891
1.70342513
1.704300651
1.704954086
1.705760986
1.706518081
1.692326061
1.684257136
1.697641602
1.675347085
1.682402508
1.672691766
1.670823132
1.666595903
1.661355805
1.699530263
1.704309285
1.706975682
1.707852278
1.708290764
1.708045816
1.707506613
1.692502073
1.692131235
1.691947742
1.693162174
1.693910968
1.693965322
1.692477064
1.694268564
1.693459792
1.694480941
1.694588974
1.696424512
1.6958908
1.694690392
1.697269773
1.697625478
1.696766336
1.697623453
1.697652683
1.69552544
1.695550606
1.697358011
1.657747405
1.692077585
1.698431002
1.6989489
1.700234878
1.697123622
1.701502613
1.695526544
1.694741193
1.702275991
1.703523314
1.704410673
1.705545612
1.70657704
1.696942964
1.690492126
1.682608693
1.688724323
1.680352657
1.677507261
1.673439481
1.667932021
1.701983825
1.704642345
1.707443228
1.709004045
1.709293359
1.709222017
1.708626294
1.707650895
1.692428387
1.692404009
1.692354395
1.693132921
1.692602625
1.692553832
1.692623232
1.694091106
1.69221815
1.695156842
1.691988155
1.691823737
1.696987947
1.696221995
1.696418061
1.695884581
1.696383831
1.696901837
1.697197994
1.693635064
1.693249746
1.693140437
1.69708493
1.665102845
1.697225093
1.696130861
1.695459901
1.697714104
1.699372145
1.693438329
1.700355109
1.69213865
1.702074698
1.703151211
1.704765397
1.706250447
1.701297017
1.695807868
1.68868004
1.693989937
1.686262568
1.683345711
1.679541449
1.674034017
1.67874322
1.705587335
1.707679034
1.709563287
1.710425297
1.710330732
1.709807049
1.708725068
1.707003998
1.692787279
1.693232008
1.69364493
1.693763829
1.694895982
1.692619398
1.692136819
1.69163676
1.695787049
1.69035969
1.690923517
1.696512271
1.689728723
1.68952548
1.696972168
1.694099315
1.694224501
1.694947113
1.69574505
1.695911745
1.690929966
1.691535663
1.690515962
1.690215874
1.696448271
1.672377249
1.701498742
1.692931065
1.694648785
1.692141715
1.696562447
1.697657381
1.690195606
1.699778235
1.700899026
1.703029599
1.70506707
1.704826459
1.699967764
1.693415791
1.69807778
1.690921449
1.687989402
1.684556125
1.682743657
1.708105895
1.70964009
1.710720855
1.710935546
1.710567953
1.709367472
1.707454459
1.705233943
1.693871528
1.694201202
1.695147686
1.695343688
1.69579766
1.696420222
1.693021755
1.692087149
1.691334562
1.696741426
1.688917096
1.690084116
1.696771017
1.688113272
1.688082244
1.691279426
1.692123596
1.693215627
1.693479051
1.694726121
1.688411524
1.689223035
1.688694745
1.688680098
1.688185285
1.695595266
1.678677521
1.704494227
1.689922764
1.691492011
1.693424275
1.689287156
1.694844764
1.69750682
1.700135087
1.702801973
1.707054887
1.703110074
1.696743471
1.700639858
1.694142975
1.691323473
1.68842479
1.686416908
1.709111584
1.71026743
1.710598699
1.710175397
1.709559356
1.707352065
1.704964274
1.702429718
1.695590785
1.69469412
1.695881722
1.696690139
1.696733339
1.696872045
1.69679059
1.693593125
1.692831119
1.691295624
1.696391445
1.688164427
1.689596274
1.687353414
1.687519706
1.68917349
1.690241807
1.690490808
1.691831386
1.69317204
1.687888916
1.68749264
1.687226648
1.688280666
1.689128184
1.693404414
1.694771074
1.683572695
1.706935536
1.687874796
1.688849101
1.690537881
1.691902615
1.69431111
1.697015358
1.699705427
1.704341507
1.698470266
1.701391664
1.695871963
1.693332687
1.690779994
1.688963636
1.708604888
1.709390183
1.708964561
1.707894186
1.707099121
1.704206282
1.70162804
1.699064709
1.696361236
1.696951629
1.695445363
1.697076689
1.697143281
1.696964083
1.696532325
1.695774608
1.694763222
1.693269472
1.691422672
1.689584131
1.688165931
1.687307777
1.687214005
1.68776896
1.687912541
1.688914309
1.690146323
1.690579551
1.687731508
1.689128184
1.689128184
1.687268583
1.68681546
1.691995204
1.693518199
1.686900868
1.70623877
1.687550823
1.688566428
1.68978627
1.691709724
1.694039651
1.6965053
1.703444774
1.6986554
1.700544347
1.69628212
1.6941975
1.692099238
1.69053393
1.706699443
1.706961104
1.705679654
1.70430677
1.703486078
1.70045168
1.698029319
1.695812604
1.696801215
1.697222442
1.697229445
1.696364258
1.697100756
1.696187594
1.69578648
1.694808816
1.695203768
1.693688337
1.691773698
1.690113313
1.688785655
1.688107529
1.688125513
1.686564017
1.686950562
1.687661647
1.687996297
1.689143242
1.689128184
1.689128184
1.687239551
1.690597154
1.692123943
1.688979267
1.70398358
1.688173117
1.688998644
1.690222661
1.691863508
1.693738152
1.701302631
1.697680124
1.698842634
1.695944981
1.694308391
1.692728819
1.69151735
1.703513684
1.70319921
1.700981787
1.700200847
1.698735761
1.696606535
1.694880463
1.693337273
1.696778834
1.696955801
1.696617596
1.696013641
1.696417511
1.695643507
1.693984454
1.693427835
1.69562979
1.69501341
1.693775704
1.692402575
1.69105965
1.69006769
1.689916096
1.689138103
1.687254899
1.686610484
1.686518847
1.686629614
1.687110223
1.68803963
1.689128184
1.689253505
1.690558362
1.690423952
1.7007521
1.68960843
1.690123651
1.690915726
1.69203294
1.698327083
1.696584271
1.695171928
1.694099641
1.693133611
1.692407983
1.699723993
1.699200888
1.696830665
1.69628521
1.695036664
1.693808112
1.692887604
1.692157593
1.695714674
1.696082938
1.695527555
1.694139977
1.693577598
1.696043633
1.692534849
1.690974267
1.695658924
1.69511544
1.694270356
1.693271364
1.692360935
1.692136871
1.69107069
1.691283654
1.687234981
1.689128184
1.687169306
1.686713136
1.686777049
1.687138069
1.688076614
1.688383168
1.691743645
1.693248122
1.697368003
1.691279074
1.691335048
1.691597141
1.695818427
1.694874071
1.694377763
1.694054109
1.693666419
1.696142354
1.69558013
1.693741886
1.693473147
1.692843582
1.692444861
1.6923433
1.692309665
1.69249951
1.694328121
1.693411033
1.694951602
1.693037572
1.691097766
1.690589605
1.694829894
1.689475267
1.695024515
1.694977295
1.694643661
1.694159805
1.694021896
1.693188898
1.69338351
1.693117303
1.689128184
1.689128184
1.687375641
1.687090557
1.686902232
1.68698915
1.687428419
1.693326594
1.69482351
1.694601809
1.694599916
1.692829909
1.69250566
1.693962672
1.693961289
1.69426151
1.694528468
1.693483961
1.693024245
1.692176631
1.692166968
1.69220908
1.692534098
1.693105097
1.693738081
1.693705415
1.692648891
1.691636578
1.690534345
1.69280013
1.690152119
1.688406422
1.68808977
1.693480646
1.694153173
1.694602139
1.694785093
1.694875295
1.694870634
1.694794281
1.69491074
1.695136594
1.694650743
1.689128184
1.689128184
1.687411274
1.687343994
1.686942729
1.686869286
1.695053386
1.6960424
1.695948899
1.695506087
1.692960688
1.69420573
1.693285878
1.694066777
1.694884542
1.692225129
1.692017279
1.692167152
1.692386553
1.692967446
1.693792375
1.694669255
1.695446804
1.695379312
1.690047058
1.689854603
1.688812631
1.687983048
1.691154659
1.687764185
1.686910663
1.691982068
1.692955898
1.693905583
1.694197499
1.694875626
1.695331383
1.695684724
1.696027685
1.696066441
1.695845717
1.689128184
1.687469185
1.68720288
1.697050677
1.696384493
1.697098738
1.696778568
1.696080215
1.692761536
1.693807546
1.695047085
1.697771192
1.692720958
1.692436871
1.692712863
1.693460764
1.693724815
1.694581388
1.695483463
1.6962334
1.696683478
1.69666989
1.688485716
1.687640997
1.687505974
1.686868418
1.686678812
1.689451122
1.686757738
1.690003927
1.691665065
1.69224167
1.693403133
1.694416491
1.694893216
1.695759933
1.696408452
1.696702998
1.689128184
1.689128184
1.687297777
1.697337988
1.696665486
1.697753763
1.697320776
1.696434168
1.693806779
1.695162371
1.697610588
1.697977118
1.69400028
1.693909689
1.694458086
1.695210681
1.695465641
1.696269578
1.696759835
1.697011461
1.696813452
1.69696026
1.686675277
1.687233996
1.686494401
1.686549535
1.68694437
1.687536875
1.689124837
1.689690456
1.690994916
1.692324764
1.692876718
1.694159021
1.695361002
1.696276191
1.689128184
1.689128184
1.696793496
1.696115393
1.695548133
1.697987445
1.69755915
1.696644215
1.695389767
1.697147768
1.696387965
1.69765359
1.695696179
1.695641648
1.696115676
1.696549777
1.696721805
1.696941746
1.696902773
1.696549086
1.695859151
1.695573018
1.686323705
1.686579931
1.686314669
1.687159098
1.687290765
1.687063205
1.687432762
1.688441916
1.689691677
1.690276633
1.691621359
1.693105601
1.694487687
1.689128184
1.694870543
1.693102143
1.693048968
1.697817109
1.697549838
1.696812624
1.695256443
1.696154375
1.694314641
1.696950465
1.696916779
1.696816952
1.696904155
1.696821347
1.696737414
1.69595377
1.695646963
1.694730794
1.693579025
1.693141245
1.686872316
1.687248775
1.689128184
1.686275098
1.686337726
1.686683054
1.687452325
1.687826755
1.689026572
1.690221963
1.691584856
1.691789215
1.690558
1.690147543
1.697300273
1.697354825
1.692588695
1.69367004
1.694804415
1.695890194
1.68822345
1.697039957
1.696847572
1.696386562
1.695720678
1.695389606
1.693719734
1.693259381
1.692028599
1.690734735
1.690140522
1.689128184
1.689128184
1.687107538
1.687053577
1.686558472
1.68647643
1.686598334
1.687039272
1.6878551
1.688445379
1.689794494
1.689224306
1.688654312
1.696659868
1.695693505
1.690852407
1.692019588
1.693458545
1.688346187
1.689128184
1.695786263
1.695495235
1.694506302
1.693408103
1.692894017
1.690922697
1.690424409
1.689262246
1.688205204
1.687852772
1.689128184
1.689128184
1.687290476
1.687198925
1.686749133
1.686724191
1.686877549
1.688428261
1.68771872
1.687985207
1.688141125
1.694583712
1.693051908
1.689306938
1.690592192
1.689128184
1.688020235
1.693365844
1.692987061
1.69156388
1.690480445
1.68998408
1.688384885
1.688019813
1.687265781
1.686828963
1.686856775
1.689128184
1.689128184
1.687400019
1.687138922
1.687199192
1.687426187
1.687629721
1.689128184
1.691761332
1.690165549
1.688172316
1.690479881
1.689968029
1.688426523
1.688016513
1.687348387
1.686907503
1.686863411
1.686912593
1.687286213
1.687441267
1.689128184
1.689128184
1.68766269
1.687011859
1.686853626
1.689128184
1.688997243
1.687797026
1.687978877
1.687707481
1.686862734
1.686809122
1.686870537
1.687345891
1.687491488
1.689128184
1.689128184
1.689128184
1.687366471
1.686724896
1.687109855
1.686664814
1.686757735
1.687132408
1.68745152
1.689128184
1.689128184
1.689128184
1.687377189
1.68677175
1.687350797
1.687243698
1.689128184
1.689128184
1.689128184
1.689128184
