1.682734993
1.682734993
1.682734993
1.681123304
1.682734993
1.679779929
1.682734993
1.679967261
1.68086149
1.68209121
1.679937742
1.679260637
1.682734993
1.680103647
1.683272623
1.684148199
1.685125763
1.682734993
1.682734993
1.682734993
1.680887727
1.684603789
1.680254052
1.679688872
1.68690707
1.687488444
1.68687989
1.686970386
1.686402965
1.679679752
1.679815861
1.682734993
1.683484558
1.68703862
1.682276848
1.680996095
1.687424212
1.688239848
1.688710611
1.685778244
1.685003886
1.679812186
1.682734993
1.679388934
1.682734993
1.682734993
1.68633731
1.688463222
1.685203784
1.683399571
1.686540883
1.685111239
1.68753705
1.688396196
1.683180632
1.683060185
1.68152485
1.679456958
1.682084878
1.679847454
1.680107537
1.682734993
1.682734993
1.682734993
1.682734993
1.688573606
1.687411245
1.686255246
1.682794214
1.6842696
1.683487686
1.685600174
1.687538076
1.682675067
1.682446016
1.682734993
1.685618698
1.681149293
1.684515757
1.680473622
1.679286498
1.679365198
1.679768127
1.688164836
1.688288648
1.688307024
1.681939572
1.682733302
1.681382152
1.681883875
1.681149829
1.684157786
1.681072292
1.685793087
1.684710387
1.684248776
1.683829056
1.680124136
1.682734993
1.687666368
1.684683221
1.682468246
1.681029297
1.680705375
1.680409158
1.686969703
1.687964145
1.688686696
1.683461285
1.681564801
1.680574608
1.67992742
1.680310383
1.680622205
1.68248263
1.683819184
1.685426496
1.685832818
1.685579174
1.685831284
1.682734993
1.679618245
1.680159149
1.682734993
1.682734993
1.688093508
1.686657208
1.68542649
1.684608965
1.68364472
1.681497936
1.685033577
1.686567223
1.688130249
1.685479192
1.683242838
1.681919324
1.681545811
1.681347462
1.680983743
1.681197693
1.681697906
1.686583305
1.686154656
1.68606186
1.68507877
1.684773983
1.682734993
1.679031353
1.679823368
1.680672322
1.682045106
1.688223346
1.688019944
1.687940232
1.687491744
1.685630392
1.682653999
1.682427565
1.686678719
1.683565222
1.685322631
1.684763164
1.684103971
1.682814528
1.680832085
1.680538721
1.687162763
1.687412457
1.684200972
1.686066994
1.684133576
1.683613941
1.683437544
1.680821545
1.680676057
1.680924835
1.686116477
1.684027438
1.687431998
1.688298492
1.689030972
1.688634617
1.680625823
1.681008374
1.684440435
1.681872341
1.687427649
1.687097499
1.685870131
1.683385914
1.681795305
1.681142517
1.687010891
1.687643271
1.682788698
1.682600521
1.68273049
1.684736907
1.683309222
1.683219833
1.683117591
1.684291253
1.683697885
1.688252506
1.68691762
1.685967035
1.68537288
1.686924524
1.688235093
1.687468976
1.680880516
1.680715855
1.6814181
1.688071769
1.687841308
1.68626859
1.687460625
1.684663282
1.683742129
1.683193716
1.68523659
1.686139921
1.682270497
1.68160099
1.68198816
1.684118117
1.684365306
1.684932388
1.684358664
1.683519537
1.686898261
1.687371924
1.686890971
1.682623429
1.68419172
1.685175313
1.685735396
1.682201419
1.680684453
1.680241596
1.68699608
1.686392925
1.686793613
1.686837699
1.686356823
1.686271567
1.685429004
1.6826885
1.683620125
1.682344029
1.681137784
1.680819916
1.685248782
1.685321732
1.685498
1.685351522
1.68453773
1.685533532
1.685657953
1.680749787
1.681924485
1.683170548
1.68396122
1.682944794
1.686120502
1.681085742
1.680271934
1.684230103
1.684935779
1.687115758
1.685905188
1.68763711
1.688023301
1.687832673
1.681095136
1.681746014
1.685265209
1.68275049
1.681625737
1.681143304
1.684893238
1.684785274
1.684129796
1.685611919
1.684778916
1.686201109
1.68655599
1.683088776
1.680542609
1.681556435
1.68254782
1.684027836
1.686849036
1.682446209
1.681778666
1.682621789
1.683763741
1.685917151
1.6870345
1.687584097
1.687758098
1.681515546
1.681174663
1.686791157
1.686462893
1.684156216
1.683341406
1.682863517
1.683830383
1.683851763
1.683660277
1.685129659
1.686086688
1.686684709
1.68287042
1.682020345
1.682656342
1.685584199
1.687346011
1.684736343
1.684071221
1.681985365
1.683006289
1.683983568
1.684923714
1.686069605
1.687120846
1.682112125
1.68257369
1.687062283
1.687035788
1.685979195
1.68557057
1.684990007
1.683296924
1.683536518
1.683900266
1.683837217
1.684180957
1.684863568
1.685616912
1.684669449
1.684269614
1.687274834
1.686414422
1.685781503
1.686662362
1.681583863
1.682331749
1.681492245
1.681879336
1.683036326
1.684865603
1.684293977
1.684309554
1.686376422
1.687010757
1.686681342
1.686437182
1.683713381
1.682894323
1.683498605
1.682663778
1.684758338
1.684560946
1.685090423
1.682759214
1.683202936
1.684098139
1.685697905
1.685738408
1.686899549
1.686380794
1.685771997
1.684420632
1.685464056
1.681173958
1.682951145
1.680588636
1.680881922
1.682224142
1.68241982
1.686190131
1.68554955
1.685453347
1.685976894
1.686279812
1.686656292
1.684773786
1.684611821
1.682643382
1.683900731
1.682047166
1.685248808
1.685308508
1.681755841
1.681987069
1.683018919
1.681648656
1.684996891
1.685462318
1.684900084
1.683508566
1.683926793
1.681849436
1.684272764
1.681313882
1.681263615
1.682425216
1.68203321
1.686874341
1.686457796
1.683703981
1.684252582
1.685054714
1.686102503
1.685425131
1.68534599
1.683164749
1.68478363
1.682513856
1.685495693
1.685037305
1.684959542
1.681841405
1.682113214
1.681832431
1.6816866
1.683511392
1.683643507
1.682856905
1.683053388
1.684388539
1.683235708
1.682877237
1.682815642
1.682751745
1.687014067
1.686883347
1.682051145
1.682599254
1.683705237
1.685350423
1.685905503
1.686017638
1.684898675
1.683969633
1.684689273
1.685600933
1.685079933
1.684459599
1.683592133
1.683206442
1.681367136
1.682449396
1.683153296
1.683309468
1.685980415
1.685049021
1.684234878
1.683707769
1.6869548
1.685083787
1.687125018
1.681207945
1.681554025
1.682572278
1.686218462
1.686363904
1.685977727
1.68559715
1.684385022
1.684578396
1.685491373
1.68490005
1.684244085
1.685187793
1.68437815
1.682442064
1.684292747
1.684405434
1.686576792
1.68576265
1.685001754
1.682938952
1.686193224
1.684074403
1.686397664
1.681675641
1.681393642
1.681599828
1.686311505
1.685435363
1.686628612
1.686592171
1.686670243
1.684251393
1.684290966
1.684369249
1.684574593
1.684247703
1.68425478
1.686242336
1.685004906
1.683857845
1.685261273
1.68526054
1.686110789
1.685691001
1.685308862
1.682134533
1.684752998
1.683040823
1.685022237
1.682933737
1.682246091
1.681914305
1.684658106
1.686052576
1.68507368
1.686437955
1.686920237
1.686707621
1.684233239
1.684205562
1.684190442
1.684225203
1.684282749
1.684278069
1.68426543
1.686666474
1.686879167
1.686056688
1.685278838
1.684969329
1.684707545
1.685159585
1.682128567
1.68315205
1.683927854
1.684383551
1.683480086
1.682774868
1.68435451
1.684638501
1.685440926
1.685736915
1.686208905
1.686114723
1.684237934
1.684198324
1.684168103
1.684160493
1.684283272
1.684284809
1.684281372
1.684285687
1.684280463
1.686943661
1.686511606
1.686726884
1.68627798
1.684057337
1.684059198
1.682613714
1.683104581
1.683590984
1.685590946
1.684600016
1.683530561
1.684208143
1.684576113
1.684931124
1.685149254
1.685429256
1.684266269
1.684246842
1.684220838
1.684171059
1.684279111
1.684279171
1.684284706
1.684279644
1.684288893
1.684291744
1.686690592
1.685871787
1.68672769
1.686621088
1.683786087
1.683448149
1.683722438
1.686217072
1.684975214
1.685837127
1.684447015
1.684174982
1.684260934
1.684372868
1.684886369
1.684546095
1.684292092
1.684288379
1.684266727
1.684195348
1.684279922
1.684280256
1.68428004
1.684279318
1.684281596
1.68427879
1.684284517
1.684288739
1.685740502
1.686072994
1.686225729
1.684539889
1.684463404
1.686066356
1.68540898
1.685779978
1.68515723
1.684641795
1.684159764
1.684148973
1.684166853
1.684255734
1.684292828
1.684295446
1.684266372
1.684293442
1.684243927
1.68428006
1.684280033
1.684280089
1.684280177
1.684280205
1.684279622
1.68427828
1.684279534
1.684278341
1.684978101
1.685199356
1.685336433
1.685275135
1.68543599
1.685547421
1.685323448
1.684185546
1.684299139
1.684216913
1.684181992
1.684137038
1.684167221
1.684281297
1.684283903
1.684290251
1.684288153
1.684292947
1.684280059
1.684280086
1.684280037
1.684280168
1.684280346
1.684278296
1.684279825
1.684280058
1.684277635
1.684278567
1.684401709
1.684517022
1.684714774
1.685074545
1.685039728
1.685043716
1.684481199
1.684142116
1.684141277
1.684273827
1.68429506
1.684222462
1.684252487
1.684251227
1.684290477
1.684277785
1.684278159
1.68428178
1.684289567
1.684289003
1.684279324
1.684282559
1.684280081
1.684280084
1.68428004
1.684280052
1.684280142
1.684280389
1.684280147
1.684280067
1.684280083
1.684278845
1.684279898
1.684280129
1.684160141
1.684247672
1.684464523
1.684528356
1.684276693
1.684231027
1.684190621
1.684196943
1.684272333
1.684300411
1.68429387
1.684293882
1.684282995
1.684278026
1.68427869
1.684278649
1.684278375
1.684281525
1.684279806
1.684277985
1.684280083
1.684280079
1.684280039
1.684280043
1.684280399
1.684280103
1.684280271
1.684280458
1.684280082
1.684280065
1.684280084
1.684280054
1.684280305
1.684280451
1.684280518
1.684280342
1.684192168
1.68419218
1.684224888
1.68423328
1.68427623
1.684289458
1.684297863
1.684289222
1.684289815
1.684279651
1.684277753
1.684277901
1.684278696
1.684277825
1.684277403
1.684279996
1.684278673
1.68427856
1.684279512
1.684278657
1.684278342
1.68427823
1.684278914
1.684279357
1.684280081
1.684280084
1.684280078
1.684280077
1.684280034
1.684280042
1.684280287
1.684280131
1.684280223
1.684280046
1.684280081
1.684280066
1.684280084
1.684280533
1.684280162
1.684280226
1.684280117
1.684273444
1.684260049
1.684269824
1.684293757
1.684298605
1.684295471
1.684284
1.684278255
1.684278593
1.68427862
1.6842793
1.684278591
1.684279345
1.684278782
1.684280201
1.684280385
1.684278651
1.684280274
1.684279955
1.684279418
1.684278705
1.684278715
1.684279187
1.684279888
1.684279495
1.684279849
1.684280084
1.684280079
1.684280082
1.684280077
1.684280077
1.684280078
1.68428003
1.68428005
1.684280108
1.684280078
1.684280037
1.684280063
1.684280077
1.684280083
1.684280084
1.68428037
1.6842801
1.684280006
1.684280038
1.684280031
1.68427979
1.684289112
1.684291797
1.684283747
1.68428326
1.684283204
1.684280631
1.684279444
1.684277759
1.684277283
1.684280267
1.684280207
1.684279939
1.684279757
1.684280302
1.684280354
1.684279184
1.684280297
1.68428019
1.684279751
1.684279186
1.684279422
1.684279611
1.684280246
1.684280185
1.684279889
1.684279915
1.684280162
1.684280082
1.68428008
1.684280078
1.684280077
1.684280077
1.684280077
1.684280077
1.684280084
1.684280032
1.684280045
1.684280042
1.684280037
1.684280052
1.684280075
1.684280083
1.684280081
1.68428
1.684280026
1.684280029
1.684280017
1.684280014
1.684280028
1.684280355
1.684280414
1.684279764
1.684277717
1.684276929
1.684277034
1.684280417
1.684279004
1.68427961
1.684280402
1.684280419
1.684280332
1.684280224
1.684280069
1.684279594
1.684280229
1.68428027
1.684280182
1.684279977
1.684279674
1.684279739
1.684279946
1.684279927
1.684280186
1.684280067
1.684279933
1.684280377
1.68428035
1.684280313
1.684280164
1.684280301
1.684280328
1.684280078
1.68428008
1.684280081
1.684280077
1.684280077
1.684280077
1.684280078
1.684280077
1.684280084
1.684280084
1.684280081
1.684280034
1.684280033
1.684280041
1.68428005
1.684280065
1.684280076
1.684280082
1.684280054
1.684280008
1.684280032
1.684280063
1.684280073
1.684280039
1.684280053
1.684280039
1.684280041
1.684280038
1.684280404
1.684280346
1.684280334
1.684278925
1.684279744
1.684280526
1.684279059
1.684280354
1.68428052
1.684280572
1.684280363
1.684280324
1.684280376
1.684280129
1.684280049
1.68428011
1.684280021
1.684280163
1.684280099
1.684280271
1.684279942
1.684280216
1.684280251
1.684280249
1.684280162
1.684279991
1.684279941
1.684280073
1.684280071
1.684280202
1.684280136
1.684280256
1.684280256
1.684280295
1.684280315
1.684280305
1.684280299
1.684280262
1.684280077
1.684280077
1.684280078
1.684280079
1.684280077
1.684280077
1.684280078
1.684280078
1.684280077
1.684280084
1.684280083
1.684280082
1.684280039
1.684280043
1.684280053
1.684280082
1.684280066
1.684280076
1.684280067
1.684280058
1.684280047
1.684280047
1.684280075
1.684280076
1.684280085
1.684280086
1.684280062
1.684280056
1.684280054
1.684280182
1.684280207
1.684280166
1.684280711
1.684280577
1.684280132
1.684280774
1.684280093
1.684280145
1.684279978
1.68427996
1.684280196
1.684280128
1.684280095
1.684280033
1.684280058
1.68428006
1.684280048
1.68428029
1.684280154
1.684280099
1.684280278
1.684280158
1.684280207
1.684280246
1.684280242
1.684280142
1.684280155
1.684280151
1.684280158
1.684280232
1.684280212
1.684280183
1.684280154
1.684280174
1.684280065
1.684280275
1.684280258
1.684280186
1.684280247
1.684280079
1.684280077
1.684280077
1.684280077
1.684280078
1.684280077
1.684280078
1.684280078
1.684280078
1.684280077
1.684280084
1.685887442
1.684981884
1.684280083
1.684280054
1.684280059
1.684280067
1.684280082
1.684280077
1.684838569
1.684280075
1.684280084
1.68428008
1.684280078
1.684280085
1.684280089
1.684280089
1.684280069
1.684280088
1.684280075
1.684280071
1.684280058
1.684280066
1.684280063
1.684279976
1.684279998
1.684279994
1.684280014
1.684279997
1.684279986
1.684279998
1.684280023
1.684280073
1.684280034
1.684280034
1.684280047
1.684280067
1.68428004
1.684280047
1.684280055
1.684280052
1.684280049
1.684280068
1.684280087
1.684280277
1.684280148
1.6842801
1.68428007
1.684280272
1.68428027
1.684280237
1.6842802
1.684280242
1.684280211
1.684280239
1.684280231
1.684280206
1.684280211
1.684280252
1.684280247
1.684280265
1.68428007
1.684280096
1.684280097
1.684280037
1.684280183
1.684280105
1.6842801
1.684280179
1.684280231
1.685487766
1.684280077
1.684280077
1.684280077
1.684280077
1.684280078
1.684280078
1.684280078
1.684280078
1.688208924
1.688473739
1.6851125
1.686963779
1.687403191
1.686279565
1.690238033
1.684280069
1.684280069
1.684280075
1.684280077
1.684280074
1.686092217
1.684812905
1.687260933
1.685206114
1.684280088
1.684280089
1.684280088
1.684280086
1.684280075
1.68428008
1.684280087
1.684280086
1.68428008
1.684280085
1.684280086
1.684280087
1.684280023
1.68428003
1.684280037
1.68428003
1.684280012
1.684280092
1.684280029
1.68428002
1.684280067
1.684280094
1.684280101
1.684280035
1.684280033
1.684280047
1.684280046
1.684280034
1.684280056
1.684280059
1.684280057
1.684280056
1.684280057
1.684280084
1.684280086
1.68428007
1.684280238
1.684280142
1.684280094
1.684505833
1.684280067
1.68428023
1.684280259
1.684280237
1.684280154
1.684280201
1.684280236
1.684280243
1.684280241
1.684280247
1.684280242
1.684280242
1.684280257
1.68428024
1.684280041
1.684280049
1.684280033
1.684280119
1.684280118
1.68428006
1.684280068
1.684280071
1.684280165
1.684280111
1.68428018
1.685864717
1.6883043
1.684280077
1.685581897
1.684280077
1.684280078
1.684280078
1.684280078
1.684280078
1.684280078
1.691587304
1.691560486
1.691624251
1.687934483
1.689133675
1.692495864
1.694349526
1.684280079
1.684280079
1.684280082
1.684844027
1.68945535
1.691437604
1.689873269
1.687723226
1.687891417
1.684280086
1.684280086
1.684280082
1.684280086
1.684280085
1.684280083
1.684280082
1.684280084
1.684280082
1.684280085
1.684280082
1.684280082
1.684280042
1.684280061
1.68428005
1.684280109
1.684280093
1.684280072
1.684280075
1.684280098
1.684280087
1.684280093
1.684280097
1.684280047
1.684280049
1.684280046
1.684280074
1.684280064
1.684280063
1.684280063
1.684280058
1.684280073
1.68428006
1.694878529
1.684280073
1.684280085
1.684280071
1.684280085
1.684280082
1.68428008
1.68428018
1.686131387
1.684280104
1.694781449
1.709440493
1.687677446
1.688644776
1.684280211
1.684280188
1.684280203
1.684280217
1.684298054
1.697287015
1.694524035
1.690970392
1.684280034
1.684280039
1.684280045
1.684280076
1.68428008
1.684280079
1.684280051
1.684280042
1.684280053
1.684280055
1.684280113
1.684280129
1.685286893
1.687967852
1.68782097
1.691442143
1.684280078
1.688318599
1.686010473
1.688209019
1.684503168
1.684512688
1.684535503
1.685127817
1.686711673
1.695731786
1.696063225
1.692206205
1.697647864
1.699510298
1.684280083
1.685537104
1.686134957
1.688680691
1.694615582
1.695124471
1.697814319
1.693750052
1.692861389
1.684280082
1.684280084
1.684280084
1.684280084
1.684280079
1.684280079
1.684280084
1.684280079
1.684280079
1.68428008
1.684280079
1.684280079
1.684280086
1.68428008
1.684280073
1.684280077
1.684280077
1.684280089
1.684280094
1.684280088
1.684280076
1.684280082
1.684280063
1.684280063
1.684280068
1.684280083
1.684280077
1.684280066
1.684280066
1.684280072
1.684280081
1.684280077
1.70381118
1.716708871
1.684280081
1.684280079
1.684280085
1.684280082
1.684280082
1.684280083
1.688790682
1.692955921
1.706568004
1.726424652
1.721633605
1.716221948
1.696839756
1.712660182
1.694004516
1.701404782
1.703485894
1.706228813
1.7019742
1.684280046
1.684280043
1.684280074
1.684280062
1.685505405
1.684280057
1.684280062
1.68428006
1.686265489
1.684280054
1.684280046
1.684280052
1.684280045
1.684280053
1.684280047
1.684280051
1.684280053
1.688811073
1.687933466
1.691002461
1.690939568
1.697603975
1.694460077
1.686120247
1.690953656
1.688311683
1.690799405
1.690027987
1.687402824
1.68687915
1.687454454
1.690158712
1.700335362
1.700804998
1.70038696
1.704044723
1.704886615
1.686083042
1.690161702
1.69014314
1.6957607
1.704118099
1.703823735
1.703480311
1.704910667
1.685554798
1.684280082
1.684280082
1.684280079
1.684280077
1.684280077
1.684280077
1.684318576
1.684280077
1.684280077
1.684280077
1.684280077
1.684280077
1.684280086
1.684280085
1.684280089
1.684280073
1.684280074
1.684280085
1.684280088
1.684280079
1.684280075
1.684280074
1.684280075
1.684280077
1.684280081
1.684280082
1.684280085
1.684280085
1.684280081
1.707054865
1.688239156
1.688651704
1.68428008
1.720749314
1.726570867
1.68428008
1.68428008
1.684280079
1.68428008
1.684280078
1.684280077
1.68428008
1.684280079
1.694249943
1.698918521
1.721229168
1.73199666
1.731452163
1.727980584
1.725914417
1.704135386
1.722493746
1.715912679
1.715586708
1.713470328
1.70908954
1.684280061
1.684280061
1.684280076
1.690195968
1.691206072
1.684280055
1.688135319
1.685675655
1.684280051
1.68428006
1.684280048
1.684280065
1.684685648
1.684280051
1.684280055
1.68428006
1.694182108
1.691888417
1.69360697
1.694635023
1.694499816
1.698558652
1.692753432
1.690547253
1.693410773
1.692577972
1.693503791
1.691546851
1.690731465
1.693856398
1.705274257
1.703568526
1.708501401
1.709435224
1.709789982
1.704785358
1.691655485
1.696598886
1.711252444
1.711711166
1.712005878
1.710722848
1.684280077
1.68428008
1.684280077
1.684280076
1.684280076
1.684280076
1.684280076
1.686787705
1.693986407
1.684280076
1.684280076
1.684280077
1.684280077
1.684280077
1.684280076
1.684280078
1.684280079
1.684280076
1.684280076
1.684280076
1.684280074
1.684280075
1.684280075
1.684280075
1.684280082
1.684280084
1.684280084
1.684280084
1.684280083
1.684280078
1.713075186
1.696747954
1.735194874
1.728329233
1.684280078
1.699060236
1.685336097
1.684280077
1.684280078
1.684280077
1.684280078
1.684280077
1.684280077
1.698663127
1.703160768
1.726451772
1.729102394
1.734072846
1.731162664
1.736644188
1.708000008
1.724849872
1.721665204
1.718508811
1.713315454
1.684280074
1.684280072
1.684280073
1.684280072
1.684280081
1.689234166
1.694217651
1.692713662
1.689535537
1.684280059
1.68428006
1.684280072
1.689522905
1.686905454
1.684280061
1.697894109
1.695932551
1.696652656
1.697993151
1.697388792
1.702288294
1.696443801
1.696660729
1.696077562
1.696831171
1.696391802
1.696186232
1.695540782
1.696923727
1.698425651
1.709127925
1.707280675
1.713925728
1.7142913
1.714246982
1.704927905
1.71717921
1.717370559
1.715490474
1.710933989
1.684280078
1.688357937
1.684280077
1.684280077
1.684280077
1.684280076
1.684280076
1.684280077
1.684280077
1.696868636
1.701869529
1.684280077
1.684280077
1.684280077
1.684280077
1.684280077
1.684280077
1.684280075
1.684280074
1.684280078
1.684280077
1.684280074
1.684280076
1.684280075
1.684280076
1.684280076
1.684280084
1.684280083
1.684280083
1.684280082
1.684280083
1.68428008
1.684280079
1.684280076
1.684280076
1.713278926
1.717404874
1.73825713
1.731604431
1.68977029
1.703624609
1.684280077
1.69409473
1.684280077
1.684280077
1.684280077
1.739696728
1.702444493
1.706880861
1.727953429
1.733203139
1.731120448
1.735510673
1.72502574
1.711205951
1.721938143
1.716592951
1.684280081
1.684280079
1.6872796
1.684280079
1.684280083
1.684280083
1.692127925
1.696210407
1.693738294
1.699339834
1.687049317
1.685929845
1.689863295
1.693286765
1.691282552
1.689703486
1.702205804
1.699443619
1.70162912
1.700601985
1.707285811
1.699570875
1.700088065
1.699946207
1.698580273
1.699720684
1.700718838
1.70039518
1.712437008
1.712875949
1.718198434
1.718594689
1.717790291
1.704653784
1.720556678
1.710106387
1.719721551
1.715934254
1.684280077
1.68896052
1.684280077
1.684280077
1.684280077
1.690016953
1.695467224
1.684280077
1.684280077
1.684280078
1.684280077
1.684280077
1.684280077
1.699557644
1.684280077
1.684280077
1.684280077
1.684280077
1.684280078
1.684280077
1.684280076
1.684280077
1.684280078
1.684280078
1.684280078
1.684280077
1.684280078
1.684280076
1.684280077
1.684280077
1.684280077
1.684280082
1.684280082
1.684280083
1.684280081
1.684280078
1.68428008
1.684280079
1.684280077
1.684280076
1.684280077
1.684280077
1.724529571
1.742111094
1.736806814
1.708171858
1.699776354
1.68431613
1.684280077
1.684280077
1.73836992
1.743191103
1.745175405
1.706038816
1.710083942
1.730749663
1.72817868
1.73265401
1.723714698
1.714295676
1.719116083
1.691537119
1.684396662
1.687963687
1.685102287
1.695404728
1.696930974
1.70014277
1.694846234
1.692354473
1.695657546
1.696868065
1.695053779
1.703701017
1.706992285
1.702355879
1.705499852
1.703847186
1.713108087
1.702608578
1.702999994
1.704141524
1.703753284
1.701494902
1.702283202
1.717449101
1.720300561
1.722255709
1.722591904
1.722221539
1.704037555
1.723473359
1.710428079
1.715502114
1.720693348
1.688866994
1.684280077
1.689961756
1.694921507
1.684280077
1.684280077
1.684280078
1.684280078
1.684280078
1.684280078
1.684280078
1.684280078
1.696741574
1.684280078
1.684280078
1.684280078
1.684280078
1.684280078
1.684280078
1.684280078
1.684280078
1.684280078
1.684280078
1.684280078
1.684280078
1.684280078
1.684280078
1.684280078
1.684280078
1.684280078
1.685601325
1.684280081
1.68428008
1.684280077
1.684280079
1.684280077
1.684280079
1.684280076
1.684280077
1.684280076
1.684280078
1.684280078
1.684280077
1.726526271
1.741125144
1.709991463
1.717456147
1.70494166
1.698183708
1.685177848
1.735680331
1.742247186
1.748746129
1.74769845
1.710114741
1.713649706
1.729681741
1.726801887
1.721859931
1.717383898
1.695338476
1.691721123
1.688044282
1.68787297
1.698521881
1.699136897
1.700992705
1.699312674
1.698409429
1.701623485
1.700590905
1.704147528
1.707841615
1.710860657
1.704760696
1.708175951
1.709699252
1.719443377
1.706432339
1.709789606
1.70763937
1.7047771
1.704602053
1.724377743
1.72876936
1.727702423
1.725315949
1.726313043
1.702841198
1.724913252
1.709616068
1.71579261
1.72100639
1.688920699
1.691174042
1.691195374
1.685416818
1.684280078
1.684280078
1.690673529
1.684280078
1.684280078
1.684280078
1.684280078
1.684280078
1.684280078
1.684280078
1.696054071
1.684280078
1.687462551
1.684280078
1.684280079
1.684280079
1.684280078
1.684280078
1.684280078
1.684280078
1.684280078
1.684280079
1.684280078
1.684280078
1.684280078
1.687115871
1.685022941
1.684280079
1.684280078
1.684280077
1.684280077
1.684280077
1.684280077
1.684280077
1.684280077
1.684280077
1.684280078
1.684280078
1.684280078
1.684280078
1.684280078
1.727739793
1.739822958
1.72143338
1.713443144
1.7051745
1.732425788
1.74936741
1.740061574
1.748029986
1.752970418
1.714673419
1.717832911
1.72532559
1.721020783
1.729338661
1.695237566
1.690822067
1.699563191
1.689287726
1.703988628
1.702012649
1.704208579
1.705878278
1.706555993
1.71127499
1.706643998
1.707160696
1.714096944
1.714332884
1.72563907
1.7120084
1.715876844
1.710958201
1.709532518
1.733616118
1.735507389
1.734027355
1.729594138
1.726936074
1.702483984
1.724624037
1.709252804
1.719579943
1.714962625
1.702788995
1.722372565
1.685512024
1.684280078
1.684280078
1.715642832
1.688126784
1.691280752
1.684280078
1.699537402
1.691124039
1.697078755
1.684280078
1.68564307
1.684280078
1.684280078
1.695414686
1.684280078
1.709875611
1.698525722
1.684280078
1.684280078
1.684280078
1.684280078
1.684280078
1.684280078
1.684280078
1.684280078
1.684280078
1.684280078
1.684280078
1.684280078
1.685146397
1.686708203
1.684280077
1.684280077
1.684280077
1.684280077
1.684280077
1.684280077
1.684280077
1.684280078
1.684280078
1.684280078
1.684280078
1.684280078
1.734018521
1.744436848
1.730223609
1.722801094
1.737088153
1.754581744
1.746802526
1.75554277
1.718980405
1.723351136
1.725952991
1.733671467
1.703414785
1.692937497
1.697147717
1.688773614
1.707133437
1.706216097
1.710240875
1.708145501
1.711917606
1.708656593
1.715717125
1.708234195
1.710885611
1.720233861
1.733826832
1.719888215
1.717184955
1.716590774
1.743648143
1.748693471
1.734744386
1.727698958
1.723908863
1.699912037
1.718545638
1.707995169
1.712955824
1.684280078
1.684280078
1.729517324
1.725918544
1.686392149
1.689335685
1.684280078
1.710367452
1.709942274
1.709489748
1.684280078
1.703611566
1.686671871
1.69592378
1.690394607
1.692018862
1.684454668
1.723381957
1.684280078
1.712783435
1.684280078
1.684280078
1.684280078
1.684280078
1.684280078
1.684280078
1.684280078
1.684280078
1.68640622
1.684280078
1.684280078
1.684280078
1.684280078
1.684957758
1.684280077
1.684280077
1.684280078
1.684280078
1.684445314
1.684338844
1.684280078
1.685679839
1.757101463
1.75036917
1.740831644
1.748660409
1.736057073
1.743992588
1.760851399
1.761605363
1.753579986
1.724716583
1.731921616
1.742094899
1.700768316
1.704934813
1.690920188
1.69402048
1.687757542
1.711330298
1.711572033
1.712718575
1.709756926
1.716609595
1.71300018
1.721233021
1.710459208
1.716255369
1.736558605
1.724135318
1.725809925
1.723950715
1.722997585
1.742658723
1.755392067
1.730746362
1.717925019
1.726309289
1.692707307
1.699831897
1.711573522
1.703897405
1.684280078
1.714431469
1.738845398
1.737980826
1.689035083
1.687501031
1.686941847
1.685608076
1.722278491
1.722251745
1.690830957
1.706977927
1.700065823
1.697349661
1.690887712
1.691335838
1.736171578
1.684280078
1.724881013
1.684280078
1.684280078
1.684280078
1.684280078
1.684280078
1.684280078
1.684280078
1.684280078
1.686246733
1.684280078
1.684280078
1.684280078
1.685864502
1.685335267
1.685243986
1.685423652
1.687129075
1.686760878
1.761650354
1.755914163
1.746437216
1.753465253
1.767024291
1.763822381
1.732542962
1.753466696
1.743349936
1.687688504
1.698184791
1.701691759
1.692210116
1.689441351
1.704876127
1.715160625
1.717231513
1.71046702
1.726821218
1.728147933
1.719149088
1.687288472
1.713921341
1.738397396
1.72959499
1.73032243
1.729157199
1.7433024
1.75738765
1.725240188
1.71446306
1.693278601
1.694216775
1.702556786
1.71638768
1.751289678
1.750211979
1.691011339
1.690421033
1.735372173
1.734814643
1.698274919
1.71928462
1.70939871
1.703793382
1.694746208
1.696170937
1.751523264
1.684280078
1.699708109
1.73698373
1.728783347
1.684280078
1.684280078
1.684280078
1.684280078
1.684280078
1.684280078
1.684280078
1.684280078
1.686734802
1.684280078
1.685600257
1.68506907
1.687647417
1.687197102
1.687339522
1.689054847
1.766782422
1.774564743
1.762657492
1.782194834
1.762512086
1.770511117
1.745644461
1.76205415
1.688574165
1.697844865
1.694455518
1.690430528
1.70298882
1.7154464
1.721652731
1.708549649
1.74193428
1.7330198
1.723442581
1.726572096
1.688360974
1.688108995
1.72176022
1.733420398
1.733722225
1.731878855
1.738719857
1.744817157
1.746128949
1.710618006
1.718560145
1.701269309
1.696000315
1.695453842
1.764021907
1.695753145
1.748757427
1.747356775
1.722567664
1.704320038
1.711802051
1.701654068
1.703088834
1.766103511
1.778506841
1.684280078
1.706889887
1.712176892
1.749705536
1.736443858
1.684280078
1.684280078
1.684280078
1.684280078
1.684280078
1.684280078
1.684625471
1.685633253
1.689063271
1.685533214
1.687116932
1.686836867
1.689597629
1.691050392
1.690306074
1.794580714
1.785902054
1.797967574
1.786043321
1.771051868
1.770972997
1.75821451
1.689380422
1.696543608
1.691867788
1.702521514
1.712387632
1.696861329
1.743471205
1.71363335
1.733204198
1.726613285
1.689480476
1.689635625
1.691618654
1.733707952
1.748086769
1.727286
1.73272177
1.743310959
1.726914054
1.729487775
1.708127176
1.700279645
1.702994062
1.696162772
1.72235824
1.761037148
1.712133033
1.711272248
1.782878126
1.800165675
1.684280078
1.721717994
1.731059865
1.773110624
1.762851799
1.749530983
1.684280078
1.684280078
1.684280078
1.684409083
1.684280078
1.686796211
1.686175207
1.68718545
1.692554023
1.687125643
1.69283529
1.688500492
1.691340149
1.821395602
1.81799015
1.799261685
1.782573272
1.767718592
1.690273633
1.692172545
1.690712394
1.692876251
1.703064955
1.706346489
1.697959483
1.757356355
1.712158811
1.733666213
1.722452462
1.691368867
1.694540619
1.694276748
1.77168103
1.752152536
1.725029744
1.752003815
1.718402147
1.719663733
1.70818215
1.701174795
1.700490722
1.708719639
1.808067915
1.684280078
1.73192437
1.744792233
1.784728931
1.769385507
1.830169243
1.684280078
1.684774975
1.684803426
1.688460937
1.685639929
1.688069866
1.687792716
1.69466516
1.688515833
1.692050827
1.690086172
1.689468904
1.849389231
1.837530572
1.823277247
1.806039608
1.782024655
1.692264273
1.691078725
1.694240147
1.693090952
1.693884734
1.772069772
1.707050314
1.702461159
1.698484519
1.710754135
1.739423479
1.719553077
1.697159384
1.696577386
1.700429467
1.795042316
1.771003324
1.768340065
1.806910934
1.725306344
1.712234573
1.72323314
1.705941803
1.708837605
1.720771287
1.826777826
1.837462329
1.806512999
1.684280078
1.750301273
1.764602065
1.786491852
1.838250779
1.686392634
1.687396749
1.688146325
1.689844889
1.688693275
1.689185988
1.691891266
1.690097393
1.690544656
1.690996031
1.870000226
1.862799303
1.842801884
1.844923765
1.809855183
1.694121542
1.696844375
1.694981984
1.695396314
1.760750847
1.703983938
1.698619663
1.714289517
1.698547401
1.695660668
1.693012376
1.699708075
1.704130589
1.813149
1.762788047
1.846003552
1.724844587
1.718853808
1.738290279
1.719891248
1.740842061
1.837589158
1.822602814
1.859821735
1.82085065
1.833861151
1.808318517
1.772376332
1.687215185
1.774822073
1.796821859
1.83455812
1.68921008
1.690109109
1.690986816
1.691560261
1.69221635
1.690895885
1.692827
1.691919378
1.876259474
1.874666082
1.8666761
1.851080456
1.79538651
1.697854873
1.702141991
1.701678411
1.699216326
1.702210446
1.715253105
1.703688611
1.695017772
1.693754805
1.696921167
1.700924471
1.70597445
1.704835524
1.781270052
1.735797354
1.815580257
1.770496256
1.792409481
1.758861433
1.76784625
1.794676091
1.804879246
1.81793059
1.816486905
1.793158842
1.82227092
1.883014204
1.869264845
1.823227333
1.853250756
1.689436641
1.818324384
1.877298483
1.691812621
1.693097142
1.694702572
1.692803339
1.694186481
1.912876495
1.870724861
1.797327159
1.728626583
1.705819882
1.705471166
1.707523145
1.710563072
1.694459525
1.695241482
1.69611236
1.698535428
1.702494528
1.707950204
1.771313358
1.824622833
1.773791264
1.827921885
1.780316987
1.843970468
1.817169527
1.83251843
1.795454053
1.824260381
1.821114201
1.841973184
1.861325646
1.914384073
1.960897067
1.929638739
1.899832159
1.9372625
1.853251711
1.807220878
1.691383372
1.891028881
1.909892871
1.693011734
1.696000661
1.697422159
1.696465863
1.88821983
1.802346951
1.760096786
1.732488233
1.706404423
1.706771958
1.710487074
1.696778111
1.697817021
1.698890175
1.701882808
1.705973946
1.70549378
1.709256506
1.835272216
1.86335082
1.841159656
1.82974899
1.894285185
1.905415956
1.893609402
1.84627351
1.796442177
1.802946375
1.846086721
1.908268183
1.872777789
1.861076832
1.897407253
1.898011706
1.871521392
1.833130829
1.94050439
1.941418868
1.695058937
1.698196395
1.700872104
1.700631091
1.81516288
1.750981841
1.731329861
1.714628371
1.710357542
1.700355118
1.701195759
1.702183913
1.706720776
1.711291627
1.714267205
1.897656659
1.902760629
1.930920457
1.883160091
1.893853451
1.926482935
1.965658023
1.919835955
1.823702198
1.817391285
1.923714576
1.813996675
1.913492299
1.933501181
1.89441082
1.898914014
1.900997321
1.897282789
1.80401367
1.940739542
1.806964839
1.697669602
1.701274324
1.705785788
1.746411023
1.72985584
1.727564562
1.723067604
1.706672633
1.705455165
1.711408771
1.720622603
1.972355847
1.945710982
1.928095784
1.897165242
1.892340197
1.931971954
1.956096628
1.943269366
1.88155937
1.854368627
1.947239823
1.841481409
1.939181231
1.902561566
1.826950002
1.874527597
1.920739668
1.831513387
1.756061957
1.82664222
1.700980328
1.704599589
1.705864044
1.71006508
1.75474298
1.760001136
1.749194308
1.732638415
1.712968521
1.712783078
1.715856167
1.7183891
1.949832792
1.979297863
1.897648935
1.889642095
1.913155506
1.914866362
2
1.899989194
1.977239265
1.983351354
1.884283266
1.883424206
1.901486015
1.827199728
1.836938863
1.897806799
1.774389191
1.789157572
1.805815144
1.705638016
1.708511281
1.715386183
1.776904057
1.746611936
1.725589901
1.723336202
1.719937956
1.90827383
1.938074296
1.916115978
1.901657798
1.912051834
1.833993642
1.979797463
1.946723683
1.981645361
1.892961223
1.880196846
1.890236226
1.883517741
1.857052373
1.893081675
1.773743436
1.780477769
1.766697328
1.712139107
1.716330636
1.726674418
1.736490203
1.73755643
1.741716389
1.729946932
1.926428486
1.947208969
1.947124565
1.912887959
1.848083257
1.778855479
1.955002607
1.981200777
1.934089145
1.946073435
1.9199837
1.876169943
1.889607812
1.910633774
1.91243112
1.92609496
1.751261311
1.753496207
1.718091245
1.724642435
1.735750077
1.735614319
1.756164423
1.770059573
1.759022939
1.941097132
1.934365047
1.952461582
1.923296844
1.815611192
1.783767557
1.962360338
1.956165116
1.922349835
1.925604946
1.921413861
1.931900337
1.943338801
1.924899534
1.930732257
1.937125721
1.743308631
1.731293786
1.753937482
1.763910067
1.762758788
1.777117961
1.784987342
1.758998211
1.969036055
1.95856174
1.966013409
1.879780321
1.809018366
1.952176347
1.93372678
1.928442572
1.939491841
1.939033818
1.920625624
1.95863422
1.961281213
1.786542213
1.767870043
1.737526704
1.764018466
1.785408499
1.77300309
1.77241104
1.953207602
1.970757474
1.837163738
1.896628129
1.955613526
1.954009684
1.96544118
1.966072431
1.975180653
1.968215202
1.937939454
1.785095322
1.785590321
1.740571427
1.75842372
1.765703312
1.814319799
1.966504162
1.966359525
1.813440337
1.900938426
1.97630003
1.964197064
1.950852341
1.963120377
1.962256928
1.945603687
1.929884351
1.771340777
1.755188145
1.759148474
1.84626735
1.768572049
1.980718242
1.938097962
1.862905
1.96868639
1.937631023
1.93117113
1.93780611
1.930493766
1.923971728
1.756258655
1.788742654
1.847563538
1.757035342
1.77175042
1.957616347
1.930827665
1.938073961
1.908913461
1.92890254
1.916754664
1.918217172
1.774214264
1.88482048
1.779994291
1.750388813
1.948006751
1.924684133
1.898149892
1.90871055
1.907530776
1.905224226
1.743625878
1.811811298
1.756885448
1.972105808
1.904685664
1.891546134
1.893480802
1.873327092
1.761273753
1.752945792
1.809543506
1.863872806
1.928102313
1.895837743
1.898052772
1.812216407
1.793824746
1.837394276
1.847877798
1.884189221
1.890647421
1.884250874
1.848224005
1.844608384
1.840034104
1.848964792
1.947499025
1.908119717
1.857648656
1.843012054
1.905415253
