1.685825163
1.685825163
1.685825163
1.687447886
1.685825163
1.688787486
1.685825163
1.688613722
1.68771696
1.686494232
1.688630537
1.689295848
1.685825163
1.688453951
1.685294314
1.684442746
1.683465532
1.685825163
1.685825163
1.685825163
1.687664406
1.683945688
1.688300962
1.688873974
1.68166221
1.681062623
1.68172303
1.681629963
1.682210547
1.688876604
1.688732744
1.685825163
1.685067806
1.681511536
1.686286923
1.687563134
1.681166901
1.680321121
1.67983945
1.682842941
1.68362071
1.688731476
1.685825163
1.689158814
1.685825163
1.685825163
1.682223486
1.680090741
1.683358893
1.685150841
1.682030771
1.683492955
1.681015627
1.680152822
1.685457313
1.685574787
1.687021141
1.689105001
1.686474215
1.688720354
1.688455735
1.685825163
1.685825163
1.685825163
1.685825163
1.679983728
1.681147588
1.682299217
1.685819032
1.684284041
1.685091087
1.682943427
1.681009266
1.685975225
1.68619769
1.685825163
1.682936334
1.687418157
1.68404507
1.688091175
1.689273631
1.689194742
1.688792302
1.68039246
1.680274871
1.68025306
1.686681065
1.68590725
1.687202296
1.686653512
1.687401846
1.684382481
1.687462781
1.6827608
1.683963021
1.684413861
1.684831957
1.688437327
1.685825163
1.680891656
1.683879814
1.686094579
1.687530772
1.687853289
1.688149203
1.681599329
1.680605251
1.67987575
1.685171227
1.687033132
1.687978044
1.688600264
1.688217483
1.687923522
1.6860688
1.684752045
1.683228449
1.682862685
1.683103124
1.682875622
1.685825163
1.688944843
1.688405061
1.685825163
1.685825163
1.680469694
1.681908899
1.683136435
1.683948432
1.68490817
1.687059898
1.683543766
1.682003639
1.680436801
1.683089366
1.685332746
1.686602642
1.686966952
1.687182166
1.687567771
1.687369226
1.686878991
1.682090945
1.682436922
1.682630763
1.683623363
1.683943472
1.685825163
1.689535988
1.688743834
1.687895925
1.686515029
1.680344442
1.680543672
1.680615984
1.681056198
1.682918037
1.685919814
1.686137119
1.681885663
1.684992951
1.683197313
1.683732291
1.684404549
1.685719827
1.687730853
1.688029008
1.681448007
1.68111064
1.684510367
1.682568991
1.684525322
1.685107186
1.685290587
1.687754396
1.687893609
1.687652234
1.682435266
1.684541617
1.68112543
1.680251987
1.679511852
1.679906321
1.687935363
1.687545071
1.684106436
1.686671851
1.681052635
1.681385558
1.682638282
1.685155501
1.686759214
1.687409356
1.68152853
1.680829803
1.685942993
1.686101631
1.68589785
1.683832584
1.685436646
1.685523255
1.685624917
1.684301662
1.684887972
1.680294975
1.681652294
1.68262566
1.683165382
1.681610712
1.680300901
1.681081262
1.687666438
1.687822907
1.687108954
1.680384299
1.680635917
1.682248967
1.681028748
1.68387606
1.684798714
1.685342786
1.683247202
1.682293895
1.686453492
1.68705704
1.686548064
1.684642499
1.684414265
1.683845127
1.684387494
1.685211155
1.681713461
1.68120473
1.681714625
1.685900453
1.684340015
1.68337138
1.682843056
1.686331809
1.687836403
1.688273578
1.681444
1.682066337
1.681725913
1.681652889
1.682170021
1.682250039
1.683093159
1.685744248
1.684780005
1.686338885
1.687430125
1.687621004
1.683578603
1.683485628
1.683249734
1.683368326
1.684151323
1.683096466
1.682959728
1.687779283
1.686628297
1.685416036
1.684660842
1.685572598
1.682390941
1.68742579
1.688256769
1.684187597
1.683511439
1.681388912
1.682567934
1.680864249
1.680479426
1.680666432
1.687272896
1.68662312
1.683344462
1.685842272
1.686821589
1.687193831
1.683962431
1.684116296
1.684794847
1.683149263
1.684034941
1.682497535
1.682111608
1.685559469
1.688019648
1.687047022
1.686091386
1.684481921
1.681656438
1.68608218
1.686792063
1.685775289
1.684667325
1.68255363
1.681440501
1.680894982
1.680734247
1.686816891
1.687135804
1.681808495
1.682023467
1.684305196
1.684969938
1.685376738
1.685024472
1.685162631
1.685357128
1.68357577
1.682536837
1.681905159
1.685790483
1.686602753
1.6860013
1.682943131
1.681171617
1.683839913
1.684567155
1.686388542
1.685419792
1.684459506
1.683526431
1.682404561
1.681400664
1.686187517
1.685673127
1.681455043
1.681329402
1.682325294
1.68259817
1.683146163
1.685666859
1.685197496
1.685307373
1.685339988
1.684407492
1.683663029
1.682874839
1.684005789
1.684408967
1.681299039
1.682231289
1.682905148
1.681942528
1.686791406
1.685977811
1.686915799
1.6865425
1.68542205
1.683663807
1.683898787
1.683918518
1.681978649
1.681140208
1.681339796
1.681603809
1.685461042
1.685963168
1.685648164
1.685970926
1.684674711
1.68482639
1.684417492
1.685745332
1.685253433
1.684260698
1.682985306
1.682955488
1.681772357
1.682323735
1.682930545
1.684220163
1.683241003
1.687191495
1.685353483
1.687808912
1.687571864
1.686324579
1.686254214
1.681921657
1.68265642
1.682684947
1.681976209
1.681636776
1.681333527
1.684725052
1.684923909
1.686238595
1.685470377
1.686630393
1.684234547
1.684239845
1.686806518
1.686465993
1.685197562
1.686833494
1.683691479
1.683257886
1.683807896
1.685223799
1.684803156
1.68652078
1.684038227
1.687142505
1.68731906
1.686322583
1.686671799
1.681232407
1.681811185
1.684282441
1.683631572
1.682866177
1.681933478
1.684354199
1.684565865
1.686019962
1.685008328
1.686514718
1.684208693
1.684232857
1.684222917
1.687005092
1.686875244
1.686393371
1.687062441
1.685187719
1.68506774
1.685878397
1.685664645
1.684044831
1.685348178
1.685820507
1.685925404
1.685996157
1.681208176
1.681555835
1.68599051
1.685390179
1.684342473
1.682852592
1.684206612
1.684308532
1.685032792
1.68569251
1.684271128
1.684214593
1.684250614
1.684287475
1.68603368
1.686344569
1.687151211
1.686780581
1.685567793
1.685419617
1.682625317
1.68365592
1.684504045
1.685030944
1.681477651
1.683325858
1.681490392
1.687146339
1.68669016
1.685692973
1.684138654
1.684224423
1.684510569
1.684834698
1.684286674
1.684285477
1.684243022
1.684284615
1.684286289
1.68519029
1.685721187
1.686818559
1.684474091
1.684349014
1.682121124
1.682957255
1.683735661
1.685490341
1.682394927
1.684459538
1.682268285
1.687189277
1.68721824
1.686932578
1.684144484
1.684257034
1.684125186
1.684363235
1.68420773
1.684282294
1.684284766
1.684292789
1.684302001
1.684278686
1.684279004
1.684638839
1.685358801
1.685990109
1.683576222
1.683533648
1.682584728
1.683052662
1.683523361
1.686390557
1.683860803
1.68553069
1.683652141
1.686471967
1.686774438
1.68684181
1.684295681
1.684190879
1.684283922
1.684150994
1.684162053
1.68414328
1.684278893
1.684279885
1.684284735
1.684288435
1.684279786
1.684279805
1.68427922
1.68439653
1.684136186
1.68471518
1.685087561
1.683963611
1.684207512
1.683614585
1.686531192
1.685508765
1.684870659
1.685482843
1.685898288
1.686255073
1.68429371
1.684297017
1.68426143
1.684238704
1.68419028
1.684202851
1.684278007
1.684277216
1.684277465
1.684279729
1.684280273
1.684280292
1.684280141
1.684280317
1.684279979
1.68416425
1.684150778
1.684259693
1.68440557
1.684998069
1.684897974
1.686232233
1.685812128
1.685436714
1.684654104
1.685137367
1.68572032
1.684287256
1.684299759
1.684290241
1.684281956
1.684262267
1.684279274
1.684278591
1.684277936
1.684277302
1.684280034
1.684280035
1.684280269
1.684280034
1.684280435
1.684280515
1.684123619
1.684219546
1.684103485
1.684111681
1.68542295
1.685712198
1.685473524
1.684234963
1.684826875
1.684312082
1.685050868
1.684284056
1.684291118
1.684296621
1.6842941
1.684298686
1.684280507
1.684280433
1.684279283
1.684277878
1.684280073
1.684280084
1.684280076
1.684280055
1.684280079
1.684280021
1.684280161
1.684280261
1.684236749
1.684185801
1.684145201
1.684867642
1.684953653
1.684157604
1.684422574
1.684197812
1.684454521
1.684301166
1.684278675
1.684280982
1.684284909
1.68429354
1.684280395
1.684280477
1.684279513
1.684280426
1.684278706
1.684280078
1.684280076
1.684280077
1.684280087
1.68428008
1.684280079
1.68428001
1.684279996
1.684279954
1.684296226
1.684279819
1.684257116
1.684257531
1.684220231
1.684180672
1.684216679
1.684287679
1.684297833
1.684277699
1.684277065
1.684278267
1.684277599
1.684280014
1.684280102
1.68428031
1.684280218
1.684280292
1.684280078
1.684280078
1.684280076
1.684280077
1.684280089
1.684280054
1.684280089
1.684280078
1.684280036
1.68428007
1.684301792
1.684301399
1.684291172
1.684204293
1.684247636
1.684228357
1.684291437
1.684279772
1.684281416
1.68427944
1.684280451
1.68427765
1.684278869
1.684278527
1.684280332
1.68428002
1.684280006
1.684280061
1.684280293
1.684280267
1.684280013
1.684280103
1.684280078
1.684280078
1.684280077
1.684280076
1.684280076
1.684280084
1.6842801
1.684280078
1.684280078
1.684280084
1.684280099
1.684280092
1.68428294
1.684289796
1.684294458
1.684289755
1.684289173
1.684283694
1.684275629
1.684276471
1.68427937
1.684280687
1.684280334
1.684280402
1.684280101
1.684280005
1.684280077
1.684280023
1.684280059
1.684280073
1.684280048
1.684280016
1.684280078
1.684280078
1.684280077
1.684280076
1.684280086
1.684280075
1.684280077
1.684280085
1.684280078
1.684280078
1.684280078
1.684280078
1.684280095
1.684280084
1.684280079
1.684280078
1.684276773
1.684286108
1.684278906
1.684278187
1.684279506
1.684280278
1.684280675
1.68428026
1.684280292
1.684280018
1.684280032
1.684280035
1.684280063
1.68428003
1.684280004
1.684280092
1.684280036
1.684280057
1.684280083
1.684280039
1.684280044
1.684280048
1.684280068
1.684280077
1.684280078
1.684280078
1.684280078
1.684280078
1.684280077
1.684280076
1.684280078
1.684280075
1.684280075
1.684280078
1.684280078
1.684280078
1.684280078
1.684280078
1.684280073
1.684280074
1.684280075
1.684279376
1.684276914
1.684278841
1.684280705
1.684280851
1.684280619
1.684280095
1.684280067
1.684280004
1.684280067
1.684280085
1.684280061
1.684280078
1.684280068
1.684280085
1.684280085
1.684280058
1.684280082
1.684280083
1.68428008
1.684280059
1.684280062
1.684280073
1.684280085
1.684280078
1.684280083
1.684280078
1.684280078
1.684280078
1.684280078
1.684280078
1.684280078
1.684280077
1.684280076
1.684280075
1.684280075
1.684280078
1.684280078
1.684280078
1.684280078
1.684280078
1.684280075
1.684280074
1.684280077
1.684280076
1.684280077
1.684280093
1.684280559
1.684280701
1.68428026
1.684280108
1.684280056
1.684280004
1.684280085
1.684280015
1.68428
1.684280087
1.684280088
1.684280088
1.684280085
1.684280079
1.684280077
1.684280073
1.684280079
1.684280083
1.684280082
1.684280072
1.684280076
1.684280079
1.684280086
1.684280086
1.684280082
1.684280083
1.684280084
1.684280078
1.684280078
1.684280078
1.684280078
1.684280078
1.684280078
1.684280078
1.684280078
1.684280077
1.684280076
1.684280076
1.684280078
1.684280078
1.684280078
1.684280078
1.684280075
1.684280077
1.684280078
1.684280079
1.684280078
1.684280078
1.684280077
1.684280087
1.684280086
1.684280132
1.684279941
1.684279936
1.684279956
1.684280093
1.684280084
1.684280095
1.684280081
1.684280083
1.684280086
1.684280076
1.684280076
1.684280079
1.684280077
1.68428008
1.684280082
1.684280083
1.684280079
1.68428008
1.684280081
1.684280081
1.684280083
1.684280082
1.684280082
1.684280081
1.684280083
1.684280084
1.684280084
1.684280083
1.684280081
1.684280078
1.684280078
1.684280078
1.684280078
1.684280078
1.684280078
1.684280078
1.684280078
1.684280078
1.684280078
1.684280078
1.684280077
1.684280077
1.684280078
1.684280078
1.684280078
1.684280078
1.684280078
1.684280078
1.684280078
1.684280079
1.684280078
1.684280078
1.684280078
1.684280078
1.684280078
1.684280078
1.684280078
1.684280081
1.684280079
1.684280078
1.684280012
1.684280096
1.684280106
1.684280093
1.684280077
1.684280084
1.684280091
1.684280073
1.684280077
1.684280078
1.684280076
1.684280077
1.684280077
1.684280078
1.684280077
1.684280077
1.684280082
1.684280082
1.684280078
1.684280079
1.68428008
1.684280082
1.684280081
1.684280081
1.684280081
1.684280081
1.684280082
1.684280082
1.684280076
1.684280078
1.684280078
1.684280081
1.684280082
1.684280081
1.684280079
1.684280078
1.684280078
1.684280078
1.684280078
1.684280078
1.684280078
1.684280078
1.684280078
1.684280078
1.684280078
1.684280078
1.684280078
1.684280078
1.684280078
1.684280078
1.684280078
1.684280078
1.684280078
1.684280078
1.684280078
1.684280078
1.684280079
1.684280078
1.684280078
1.684280078
1.684280078
1.684280078
1.684280078
1.684280078
1.684280076
1.684280076
1.684280076
1.684280105
1.684280093
1.684280071
1.684280097
1.684280075
1.684280073
1.684280073
1.684280076
1.684280075
1.684280076
1.684280076
1.684280078
1.684280077
1.684280078
1.684280078
1.68428008
1.684280077
1.684280077
1.684280081
1.684280081
1.684280078
1.684280079
1.68428008
1.684280081
1.684280081
1.684280081
1.684280081
1.684280081
1.684280081
1.684280077
1.684280076
1.684280077
1.684280076
1.684280079
1.684280079
1.684280077
1.684280079
1.684280078
1.684280078
1.684280078
1.684280078
1.684280078
1.684280078
1.684280078
1.684280078
1.684280078
1.684280078
1.684280078
1.68588744
1.68498188
1.684280078
1.684280078
1.684280078
1.684280078
1.684280078
1.684280078
1.684838565
1.684280078
1.684280078
1.684280078
1.684280078
1.684280078
1.684280078
1.684280078
1.684280078
1.684280078
1.684280078
1.684280078
1.684280076
1.684280076
1.684280076
1.68428007
1.68428007
1.684280077
1.684280077
1.684280077
1.684280076
1.684280078
1.684280079
1.684280079
1.684280077
1.684280077
1.684280077
1.684280078
1.684280078
1.684280078
1.684280078
1.684280078
1.684280078
1.684280078
1.684280078
1.68428008
1.684280077
1.684280077
1.684280078
1.68428008
1.684280081
1.68428008
1.684280078
1.684280079
1.68428008
1.68428008
1.68428008
1.684280081
1.684280081
1.68428008
1.68428008
1.68428008
1.684280076
1.684280076
1.684280077
1.684280077
1.684280078
1.684280077
1.684280077
1.684280078
1.684280078
1.685487766
1.684280078
1.684280078
1.684280078
1.684280078
1.684280078
1.684280078
1.684280078
1.684280078
1.688208924
1.688473737
1.685112494
1.686963774
1.687403188
1.68627956
1.69023803
1.684280078
1.684280078
1.684280078
1.684280078
1.684280078
1.686092211
1.684812903
1.687260928
1.685206112
1.684280078
1.684280078
1.684280078
1.684280078
1.684280078
1.684280078
1.684280078
1.684280078
1.684280078
1.684280078
1.684280078
1.684280078
1.684280077
1.684280077
1.684280078
1.684280078
1.684280078
1.684280079
1.684280078
1.684280079
1.684280079
1.684280079
1.684280078
1.684280078
1.684280078
1.684280078
1.684280078
1.684280078
1.684280078
1.684280078
1.684280078
1.684280078
1.684280078
1.684280078
1.684280078
1.684280078
1.684280079
1.684280077
1.684280077
1.684505816
1.684280078
1.684280079
1.684280079
1.684280079
1.684280078
1.684280078
1.684280079
1.684280079
1.684280079
1.684280079
1.68428008
1.684280079
1.684280079
1.684280079
1.684280077
1.684280077
1.684280078
1.684280077
1.684280077
1.684280077
1.684280077
1.684280077
1.684280078
1.684280077
1.684280078
1.685864716
1.688304299
1.684280078
1.685581896
1.684280078
1.684280078
1.684280078
1.684280078
1.684280078
1.684280078
1.691587302
1.691560486
1.69162425
1.687934477
1.68913367
1.692495861
1.694349525
1.684280078
1.684280078
1.684280078
1.684844024
1.689455344
1.691437598
1.689873264
1.687723221
1.687891412
1.684280078
1.684280078
1.684280078
1.684280078
1.684280078
1.684280078
1.684280078
1.684280078
1.684280078
1.684280078
1.684280078
1.684280078
1.684280078
1.684280078
1.684280078
1.684280078
1.684280078
1.684280078
1.684280079
1.684280078
1.684280078
1.684280078
1.684280078
1.684280078
1.684280078
1.684280078
1.684280078
1.684280078
1.684280078
1.684280078
1.684280078
1.684280078
1.684280078
1.694878513
1.684280078
1.684280078
1.684280078
1.684280078
1.684280078
1.684280078
1.684280078
1.68613129
1.684280077
1.69478144
1.709440475
1.687677327
1.688644735
1.684280078
1.684280078
1.684280078
1.684280078
1.684297901
1.697286919
1.694523925
1.690970269
1.684280078
1.684280078
1.684280078
1.684280077
1.684280077
1.684280077
1.684280077
1.684280078
1.684280077
1.684280077
1.684280077
1.684280077
1.685286893
1.687967851
1.68782097
1.691442143
1.684280078
1.688318599
1.686010473
1.688209019
1.684503168
1.684512688
1.684535503
1.685127817
1.686711673
1.695731786
1.696063224
1.6922062
1.697647862
1.699510298
1.684280078
1.685537099
1.686134951
1.688680685
1.694615577
1.695124466
1.697814315
1.693750047
1.692861384
1.684280078
1.684280078
1.684280078
1.684280078
1.684280078
1.684280078
1.684280078
1.684280078
1.684280078
1.684280078
1.684280078
1.684280078
1.684280078
1.684280078
1.684280078
1.684280078
1.684280078
1.684280078
1.684280078
1.684280078
1.684280078
1.684280078
1.684280078
1.684280078
1.684280078
1.684280078
1.684280078
1.684280078
1.684280078
1.684280078
1.684280078
1.684280078
1.703811169
1.716708859
1.684280078
1.684280078
1.684280078
1.684280078
1.684280078
1.684280078
1.688790644
1.692955881
1.706568
1.72642464
1.721633589
1.716221933
1.69683971
1.71266018
1.69400446
1.701404727
1.703485834
1.706228782
1.701974162
1.684280078
1.684280078
1.684280078
1.684280078
1.685505406
1.684280077
1.684280077
1.684280077
1.686265473
1.684280078
1.684280078
1.684280078
1.684280078
1.684280078
1.684280078
1.684280078
1.684280078
1.688811069
1.687933466
1.69100246
1.690939568
1.697603975
1.694460077
1.686120247
1.690953656
1.688311683
1.690799405
1.690027987
1.687402824
1.68687915
1.687454454
1.690158712
1.700335361
1.700804998
1.700386958
1.704044723
1.704886615
1.686083036
1.690161696
1.690143135
1.695760695
1.704118097
1.703823733
1.703480308
1.704910665
1.685554793
1.684280078
1.684280078
1.684280078
1.684280078
1.684280078
1.684280078
1.684318573
1.684280078
1.684280078
1.684280078
1.684280078
1.684280078
1.684280078
1.684280078
1.684280078
1.684280078
1.684280078
1.684280078
1.684280078
1.684280078
1.684280078
1.684280078
1.684280078
1.684280078
1.684280078
1.684280078
1.684280078
1.684280078
1.684280078
1.707054858
1.688239151
1.688651703
1.684280078
1.720749309
1.72657086
1.684280078
1.684280078
1.684280078
1.684280078
1.684280078
1.684280078
1.684280078
1.684280078
1.694249942
1.69891852
1.721229152
1.731996655
1.731452155
1.72798057
1.725914401
1.704135385
1.722493731
1.715912678
1.715586708
1.713470324
1.709089536
1.684280078
1.684280078
1.684280078
1.690195952
1.691206052
1.684280078
1.688135297
1.685675635
1.684280078
1.684280078
1.684280078
1.684280078
1.684685629
1.684280078
1.684280078
1.684280078
1.694182092
1.691888417
1.69360697
1.694635022
1.694499816
1.698558652
1.692753432
1.690547253
1.693410773
1.692577972
1.69350379
1.691546851
1.690731465
1.693856398
1.705274256
1.703568526
1.708501401
1.709435223
1.709789981
1.704785357
1.691655481
1.696598882
1.711252444
1.711711166
1.712005878
1.710722847
1.684280078
1.684280078
1.684280078
1.684280078
1.684280078
1.684280078
1.684280078
1.686787704
1.693986405
1.684280078
1.684280078
1.684280078
1.684280078
1.684280078
1.684280078
1.684280078
1.684280078
1.684280078
1.684280078
1.684280078
1.684280078
1.684280078
1.684280078
1.684280078
1.684280078
1.684280078
1.684280078
1.684280078
1.684280078
1.684280078
1.713075185
1.696747952
1.735194872
1.728329232
1.684280078
1.699060234
1.685336096
1.684280078
1.684280078
1.684280078
1.684280078
1.684280078
1.684280078
1.698663111
1.703160752
1.726451755
1.72910238
1.734072841
1.731162653
1.736644186
1.707999992
1.724849855
1.721665188
1.718508795
1.713315437
1.684280078
1.684280078
1.684280078
1.684280078
1.684280078
1.689234151
1.69421763
1.692713644
1.689535519
1.684280078
1.684280078
1.684280078
1.689522893
1.686905441
1.684280078
1.697894089
1.695932551
1.696652656
1.697993151
1.697388791
1.702288294
1.696443801
1.696660729
1.696077562
1.696831171
1.696391802
1.696186232
1.695540782
1.696923727
1.698425651
1.709127924
1.707280675
1.713925727
1.714291299
1.714246982
1.704927905
1.71717921
1.717370559
1.715490474
1.710933988
1.684280078
1.688357937
1.684280078
1.684280078
1.684280078
1.684280078
1.684280078
1.684280078
1.684280078
1.696868635
1.701869529
1.684280078
1.684280078
1.684280078
1.684280078
1.684280078
1.684280078
1.684280078
1.684280078
1.684280078
1.684280078
1.684280078
1.684280078
1.684280078
1.684280078
1.684280078
1.684280078
1.684280078
1.684280078
1.684280078
1.684280078
1.684280078
1.684280078
1.684280078
1.684280078
1.713278924
1.717404872
1.738257129
1.731604429
1.689770289
1.703624608
1.684280078
1.69409473
1.684280078
1.684280078
1.684280078
1.739696728
1.702444474
1.706880842
1.727953414
1.733203132
1.731120437
1.73551067
1.725025724
1.711205933
1.721938126
1.716592933
1.684280078
1.684280078
1.687279599
1.684280078
1.684280078
1.684280078
1.692127913
1.69621039
1.693738282
1.699339818
1.687049309
1.685929837
1.689863294
1.693286758
1.691282544
1.689703479
1.702205788
1.699443619
1.70162912
1.700601984
1.707285811
1.699570875
1.700088065
1.699946207
1.698580273
1.699720684
1.700718838
1.70039518
1.712437007
1.712875949
1.718198434
1.718594688
1.71779029
1.704653783
1.720556677
1.710106386
1.71972155
1.715934253
1.684280078
1.688960519
1.684280078
1.684280078
1.684280078
1.690016952
1.695467223
1.684280078
1.684280078
1.684280078
1.684280078
1.684280078
1.684280078
1.699557643
1.684280078
1.684280078
1.684280078
1.684280078
1.684280078
1.684280078
1.684280078
1.684280078
1.684280078
1.684280078
1.684280078
1.684280078
1.684280078
1.684280078
1.684280078
1.684280078
1.684280078
1.684280078
1.684280078
1.684280078
1.684280078
1.684280078
1.684280078
1.684280078
1.684280078
1.684280078
1.684280078
1.684280078
1.724529569
1.742111093
1.736806812
1.708171858
1.699776353
1.68431613
1.684280078
1.684280078
1.73836992
1.743191102
1.745175404
1.706038801
1.710083928
1.730749657
1.728178669
1.732654008
1.723714685
1.714295662
1.719116069
1.691537115
1.684396657
1.687963683
1.685102282
1.695404721
1.696930964
1.70014276
1.694846231
1.692354472
1.695657543
1.696868062
1.695053777
1.703701007
1.706992275
1.702355879
1.705499852
1.703847186
1.713108087
1.702608578
1.702999994
1.704141524
1.703753284
1.701494902
1.702283202
1.717449101
1.720300561
1.722255708
1.722591904
1.722221539
1.704037555
1.723473358
1.710428078
1.715502114
1.720693347
1.688866993
1.684280078
1.689961755
1.694921507
1.684280078
1.684280078
1.684280078
1.684280078
1.684280078
1.684280078
1.684280078
1.684280078
1.696741574
1.684280078
1.684280078
1.684280078
1.684280078
1.684280078
1.684280078
1.684280078
1.684280078
1.684280078
1.684280078
1.684280078
1.684280078
1.684280078
1.684280078
1.684280078
1.684280078
1.684280078
1.685601322
1.684280078
1.684280078
1.684280078
1.684280078
1.684280078
1.684280078
1.684280078
1.684280078
1.684280078
1.684280078
1.684280078
1.684280078
1.726526271
1.741125144
1.709991463
1.717456146
1.70494166
1.698183708
1.685177848
1.735680331
1.742247185
1.748746128
1.747698449
1.710114732
1.713649697
1.729681739
1.726801881
1.721859923
1.717383889
1.695338472
1.691721118
1.688044278
1.687872967
1.698521877
1.699136896
1.700992701
1.69931267
1.698409427
1.701623484
1.700590903
1.704147524
1.70784161
1.710860653
1.704760696
1.708175951
1.709699252
1.719443377
1.706432339
1.709789606
1.70763937
1.7047771
1.704602052
1.724377743
1.72876936
1.727702423
1.725315949
1.726313043
1.702841198
1.724913251
1.709616068
1.71579261
1.72100639
1.688920699
1.691174042
1.691195374
1.685416818
1.684280078
1.684280078
1.690673529
1.684280078
1.684280078
1.684280078
1.684280078
1.684280078
1.684280078
1.684280078
1.696054071
1.684280078
1.687462551
1.684280078
1.684280078
1.684280078
1.684280078
1.684280078
1.684280078
1.684280078
1.684280078
1.684280078
1.684280078
1.684280078
1.684280078
1.68711587
1.68502294
1.684280078
1.684280078
1.684280078
1.684280078
1.684280078
1.684280078
1.684280078
1.684280078
1.684280078
1.684280078
1.684280078
1.684280078
1.684280078
1.684280078
1.727739793
1.739822958
1.72143338
1.713443144
1.7051745
1.732425788
1.74936741
1.740061573
1.748029985
1.752970417
1.714673415
1.717832907
1.725325587
1.72102078
1.729338661
1.695237563
1.690822064
1.699563188
1.689287724
1.703988628
1.702012648
1.704208576
1.705878276
1.706555993
1.71127499
1.706643998
1.707160696
1.714096944
1.714332884
1.72563907
1.7120084
1.715876844
1.710958201
1.709532518
1.733616118
1.735507389
1.734027355
1.729594138
1.726936074
1.702483984
1.724624037
1.709252804
1.719579943
1.714962625
1.702788995
1.722372565
1.685512023
1.684280078
1.684280078
1.715642832
1.688126784
1.691280752
1.684280078
1.699537402
1.691124039
1.697078755
1.684280078
1.68564307
1.684280078
1.684280078
1.695414686
1.684280078
1.709875611
1.698525722
1.684280078
1.684280078
1.684280078
1.684280078
1.684280078
1.684280078
1.684280078
1.684280078
1.684280078
1.684280078
1.684280078
1.684280078
1.685146397
1.686708203
1.684280078
1.684280078
1.684280078
1.684280078
1.684280078
1.684280078
1.684280078
1.684280078
1.684280078
1.684280078
1.684280078
1.684280078
1.734018521
1.744436847
1.730223609
1.722801094
1.737088152
1.754581744
1.746802525
1.75554277
1.718980404
1.723351136
1.725952991
1.733671466
1.703414782
1.692937496
1.697147716
1.688773614
1.707133434
1.706216095
1.710240873
1.708145498
1.711917605
1.708656592
1.715717124
1.708234195
1.710885611
1.720233861
1.733826832
1.719888214
1.717184955
1.716590774
1.743648143
1.748693471
1.734744386
1.727698958
1.723908863
1.699912037
1.718545638
1.707995169
1.712955823
1.684280078
1.684280078
1.729517324
1.725918544
1.686392149
1.689335685
1.684280078
1.710367452
1.709942274
1.709489748
1.684280078
1.703611566
1.686671871
1.69592378
1.690394607
1.692018862
1.684454668
1.723381957
1.684280078
1.712783435
1.684280078
1.684280078
1.684280078
1.684280078
1.684280078
1.684280078
1.684280078
1.684280078
1.68640622
1.684280078
1.684280078
1.684280078
1.684280078
1.684957757
1.684280078
1.684280078
1.684280078
1.684280078
1.684445314
1.684338843
1.684280078
1.685679838
1.757101462
1.75036917
1.740831644
1.748660409
1.736057073
1.743992587
1.760851399
1.761605363
1.753579985
1.724716581
1.731921615
1.742094897
1.700768314
1.704934811
1.690920188
1.69402048
1.687757541
1.711330296
1.711572031
1.712718573
1.709756924
1.716609594
1.713000179
1.721233019
1.710459208
1.716255369
1.736558605
1.724135318
1.725809925
1.723950715
1.722997585
1.742658723
1.755392067
1.730746362
1.717925019
1.726309289
1.692707307
1.699831897
1.711573522
1.703897405
1.684280078
1.714431469
1.738845398
1.737980826
1.689035082
1.687501031
1.686941847
1.685608076
1.722278491
1.722251745
1.690830957
1.706977927
1.700065823
1.697349661
1.690887712
1.691335838
1.736171578
1.684280078
1.724881013
1.684280078
1.684280078
1.684280078
1.684280078
1.684280078
1.684280078
1.684280078
1.684280078
1.686246732
1.684280078
1.684280078
1.684280078
1.685864502
1.685335267
1.685243986
1.685423652
1.687129075
1.686760878
1.761650354
1.755914163
1.746437216
1.753465252
1.767024291
1.763822381
1.732542961
1.753466695
1.743349935
1.687688504
1.698184791
1.701691759
1.692210116
1.68944135
1.704876126
1.715160623
1.717231512
1.71046702
1.726821217
1.728147932
1.719149087
1.687288472
1.713921341
1.738397396
1.72959499
1.73032243
1.729157199
1.7433024
1.75738765
1.725240188
1.71446306
1.693278601
1.694216775
1.702556786
1.71638768
1.751289678
1.750211979
1.691011339
1.690421033
1.735372173
1.734814643
1.698274919
1.71928462
1.70939871
1.703793382
1.694746208
1.696170937
1.751523264
1.684280078
1.699708109
1.73698373
1.728783347
1.684280078
1.684280078
1.684280078
1.684280078
1.684280078
1.684280078
1.684280078
1.684280078
1.686734802
1.684280078
1.685600257
1.68506907
1.687647416
1.687197102
1.687339522
1.689054847
1.766782421
1.774564743
1.762657492
1.782194834
1.762512086
1.770511117
1.74564446
1.762054149
1.688574165
1.697844865
1.694455518
1.690430527
1.702988819
1.715446399
1.72165273
1.708549649
1.741934279
1.733019799
1.723442581
1.726572095
1.688360974
1.688108995
1.72176022
1.733420398
1.733722225
1.731878855
1.738719857
1.744817157
1.746128949
1.710618006
1.718560145
1.701269309
1.696000315
1.695453842
1.764021907
1.695753145
1.748757427
1.747356775
1.722567664
1.704320038
1.711802051
1.701654068
1.703088834
1.766103511
1.778506841
1.684280078
1.706889887
1.712176892
1.749705536
1.736443858
1.684280078
1.684280078
1.684280078
1.684280078
1.684280078
1.684280078
1.684625471
1.685633253
1.689063271
1.685533214
1.687116932
1.686836867
1.689597629
1.691050392
1.690306074
1.794580714
1.785902054
1.797967574
1.786043321
1.771051868
1.770972997
1.75821451
1.689380421
1.696543607
1.691867787
1.702521513
1.712387632
1.696861328
1.743471205
1.713633349
1.733204198
1.726613285
1.689480476
1.689635625
1.691618653
1.733707952
1.748086769
1.727286
1.73272177
1.743310959
1.726914054
1.729487775
1.708127176
1.700279645
1.702994062
1.696162772
1.72235824
1.761037148
1.712133033
1.711272248
1.782878126
1.800165675
1.684280078
1.721717994
1.731059865
1.773110624
1.762851799
1.749530983
1.684280078
1.684280078
1.684280078
1.684409083
1.684280078
1.686796211
1.686175207
1.68718545
1.692554022
1.687125643
1.69283529
1.688500492
1.691340149
1.821395602
1.81799015
1.799261685
1.782573272
1.767718592
1.690273633
1.692172545
1.690712394
1.692876251
1.703064955
1.706346489
1.697959483
1.757356355
1.71215881
1.733666212
1.722452462
1.691368867
1.694540619
1.694276748
1.77168103
1.752152536
1.725029744
1.752003815
1.718402147
1.719663733
1.70818215
1.701174795
1.700490722
1.708719639
1.808067915
1.684280078
1.73192437
1.744792233
1.784728931
1.769385507
1.830169243
1.684280078
1.684774975
1.684803426
1.688460937
1.685639929
1.688069866
1.687792716
1.69466516
1.688515833
1.692050827
1.690086172
1.689468904
1.849389231
1.837530572
1.823277247
1.806039608
1.782024655
1.692264273
1.691078724
1.694240147
1.693090952
1.693884734
1.772069771
1.707050314
1.702461159
1.698484519
1.710754135
1.739423479
1.719553077
1.697159384
1.696577386
1.700429467
1.795042316
1.771003324
1.768340065
1.806910934
1.725306344
1.712234573
1.72323314
1.705941803
1.708837605
1.720771287
1.826777826
1.837462329
1.806512999
1.684280078
1.750301273
1.764602065
1.786491852
1.838250779
1.686392634
1.687396749
1.688146325
1.689844889
1.688693275
1.689185988
1.691891266
1.690097393
1.690544656
1.690996031
1.870000226
1.862799303
1.842801884
1.844923765
1.809855183
1.694121542
1.696844375
1.694981984
1.695396314
1.760750847
1.703983938
1.698619663
1.714289517
1.698547401
1.695660668
1.693012376
1.699708074
1.704130589
1.813149
1.762788047
1.846003552
1.724844587
1.718853808
1.738290279
1.719891248
1.740842061
1.837589158
1.822602814
1.859821735
1.82085065
1.833861151
1.808318517
1.772376332
1.687215185
1.774822073
1.796821859
1.83455812
1.68921008
1.690109109
1.690986816
1.691560261
1.69221635
1.690895885
1.692827
1.691919378
1.876259474
1.874666082
1.8666761
1.851080456
1.79538651
1.697854873
1.702141991
1.701678411
1.699216326
1.702210446
1.715253105
1.703688611
1.695017772
1.693754805
1.696921167
1.700924471
1.705974449
1.704835524
1.781270052
1.735797354
1.815580257
1.770496256
1.792409481
1.758861433
1.76784625
1.794676091
1.804879246
1.81793059
1.816486905
1.793158842
1.82227092
1.883014204
1.869264845
1.823227333
1.853250756
1.689436641
1.818324384
1.877298483
1.691812621
1.693097142
1.694702572
1.692803339
1.694186481
1.912876495
1.870724861
1.797327159
1.728626583
1.705819882
1.705471166
1.707523145
1.710563072
1.694459525
1.695241482
1.69611236
1.698535428
1.702494528
1.707950204
1.771313358
1.824622833
1.773791264
1.827921885
1.780316987
1.843970468
1.817169527
1.83251843
1.795454053
1.824260381
1.821114201
1.841973184
1.861325646
1.914384073
1.960897067
1.929638739
1.899832159
1.9372625
1.853251711
1.807220878
1.691383372
1.891028881
1.909892871
1.693011734
1.696000661
1.697422159
1.696465863
1.88821983
1.802346951
1.760096786
1.732488233
1.706404423
1.706771958
1.710487074
1.696778111
1.697817021
1.698890175
1.701882808
1.705973946
1.70549378
1.709256506
1.835272216
1.86335082
1.841159656
1.82974899
1.894285185
1.905415956
1.893609402
1.84627351
1.796442177
1.802946375
1.846086721
1.908268183
1.872777789
1.861076832
1.897407253
1.898011706
1.871521392
1.833130829
1.94050439
1.941418868
1.695058937
1.698196395
1.700872104
1.700631091
1.81516288
1.750981841
1.731329861
1.714628371
1.710357542
1.700355118
1.701195759
1.702183913
1.706720776
1.711291627
1.714267205
1.897656659
1.902760629
1.930920457
1.883160091
1.893853451
1.926482935
1.965658023
1.919835955
1.823702198
1.817391285
1.923714576
1.813996675
1.913492299
1.933501181
1.89441082
1.898914014
1.900997321
1.897282789
1.80401367
1.940739542
1.806964839
1.697669602
1.701274324
1.705785788
1.746411023
1.72985584
1.727564562
1.723067604
1.706672633
1.705455165
1.711408771
1.720622603
1.972355847
1.945710982
1.928095784
1.897165242
1.892340197
1.931971954
1.956096628
1.943269366
1.88155937
1.854368627
1.947239823
1.841481409
1.939181231
1.902561566
1.826950002
1.874527597
1.920739668
1.831513387
1.756061957
1.82664222
1.700980328
1.704599589
1.705864044
1.71006508
1.75474298
1.760001136
1.749194308
1.732638415
1.712968521
1.712783078
1.715856167
1.7183891
1.949832792
1.979297863
1.897648935
1.889642095
1.913155506
1.914866362
2
1.899989194
1.977239265
1.983351354
1.884283266
1.883424206
1.901486015
1.827199728
1.836938863
1.897806799
1.774389191
1.789157572
1.805815144
1.705638016
1.708511281
1.715386183
1.776904057
1.746611936
1.725589901
1.723336202
1.719937956
1.90827383
1.938074296
1.916115978
1.901657798
1.912051834
1.833993642
1.979797463
1.946723683
1.981645361
1.892961223
1.880196846
1.890236226
1.883517741
1.857052373
1.893081675
1.773743436
1.780477769
1.766697328
1.712139107
1.716330636
1.726674418
1.736490203
1.73755643
1.741716389
1.729946932
1.926428486
1.947208969
1.947124565
1.912887959
1.848083257
1.778855479
1.955002607
1.981200777
1.934089145
1.946073435
1.9199837
1.876169943
1.889607812
1.910633774
1.91243112
1.92609496
1.751261311
1.753496207
1.718091245
1.724642435
1.735750077
1.735614319
1.756164423
1.770059573
1.759022939
1.941097132
1.934365047
1.952461582
1.923296844
1.815611192
1.783767557
1.962360338
1.956165116
1.922349835
1.925604946
1.921413861
1.931900337
1.943338801
1.924899534
1.930732257
1.937125721
1.743308631
1.731293786
1.753937482
1.763910067
1.762758788
1.777117961
1.784987342
1.758998211
1.969036055
1.95856174
1.966013409
1.879780321
1.809018366
1.952176347
1.93372678
1.928442572
1.939491841
1.939033818
1.920625624
1.95863422
1.961281213
1.786542213
1.767870043
1.737526704
1.764018466
1.785408499
1.77300309
1.77241104
1.953207602
1.970757474
1.837163738
1.896628129
1.955613526
1.954009684
1.96544118
1.966072431
1.975180653
1.968215202
1.937939454
1.785095322
1.785590321
1.740571427
1.75842372
1.765703312
1.814319799
1.966504162
1.966359525
1.813440337
1.900938426
1.97630003
1.964197064
1.950852341
1.963120377
1.962256928
1.945603687
1.929884351
1.771340777
1.755188145
1.759148474
1.84626735
1.768572049
1.980718242
1.938097962
1.862905
1.96868639
1.937631023
1.93117113
1.93780611
1.930493766
1.923971728
1.756258655
1.788742654
1.847563538
1.757035342
1.77175042
1.957616347
1.930827665
1.938073961
1.908913461
1.92890254
1.916754664
1.918217172
1.774214264
1.88482048
1.779994291
1.750388813
1.948006751
1.924684133
1.898149892
1.90871055
1.907530776
1.905224226
1.743625878
1.811811298
1.756885448
1.972105808
1.904685664
1.891546134
1.893480802
1.873327092
1.761273753
1.752945792
1.809543506
1.863872806
1.928102313
1.895837743
1.898052772
1.812216407
1.793824746
1.837394276
1.847877798
1.884189221
1.890647421
1.884250874
1.848224005
1.844608384
1.840034104
1.848964792
1.947499025
1.908119717
1.857648656
1.843012054
1.905415253
