1.884686515
1.878906682
1.90893324
1.894322116
1.87110292
1.868345161
1.911496092
1.89878987
1.878936089
1.914943257
1.872003698
1.924356378
1.872850432
1.868882333
1.891904093
1.912983436
1.867947869
1.914126245
1.908813574
1.891815751
1.878489667
1.916904188
1.9160308
1.925017584
1.932772413
1.918038256
1.875543215
1.874321082
1.869702981
1.872376762
1.885845806
1.910511507
1.876891008
1.920755322
1.917840478
1.906104961
1.913969418
1.892169165
1.917364308
1.917501404
1.919951812
1.923538745
1.928006623
1.848956702
1.857266974
1.873000568
1.880114683
1.85155829
1.887448802
1.888902713
1.902111634
1.919539925
1.922867931
1.924042861
1.91941111
1.932109855
1.921713969
1.925397416
1.93059662
1.934383023
1.939405834
1.947989216
1.943309342
1.819855526
1.822964872
1.855191928
1.862218419
1.880352855
1.896267568
1.83246778
1.913318805
1.933011597
1.92440001
1.926702576
1.930923801
1.935818204
1.943698145
1.93171987
1.935700468
1.935863587
1.936846624
1.94193841
1.950712991
1.945308028
1.954834052
1.958884836
1.801617275
1.795921137
1.813744046
1.843231386
1.873016577
1.899208671
1.922597294
1.817397715
1.947726154
1.934089762
1.929957445
1.935123596
1.937308672
1.94305575
1.946231547
1.954165858
1.940856543
1.941476567
1.943966288
1.948758455
1.953113827
1.958591102
1.959496554
1.957955534
1.961845385
1.963679018
1.968768493
1.790220134
1.781525909
1.786315152
1.855198592
1.829944603
1.887325652
1.914671073
1.950749744
1.808812676
1.938898797
1.944890356
1.940787252
1.944125994
1.948093381
1.954340942
1.959471952
1.954819495
1.95034317
1.954464663
1.962327116
1.965280951
1.972501878
1.969228843
1.966854355
1.967294327
1.968081852
1.970362689
1.968897387
1.964927675
1.914930962
1.953523352
1.946622887
1.785521456
1.775677544
1.77415211
1.836619973
1.868097975
1.812169852
1.900329042
1.939169319
1.79532758
1.949868358
1.950599964
1.956698374
1.953113155
1.959183496
1.958732806
1.9642767
1.966508184
1.958142299
1.946840061
1.962381089
1.969308533
1.977723697
1.979307782
1.978660075
1.978679969
1.973552716
1.972506824
1.970106257
1.959335693
1.951255337
1.898312479
1.917788444
1.932686007
1.946757887
1.941381955
1.894485097
1.780078151
1.777666614
1.773027196
1.858006721
1.82584213
1.883023245
1.801627162
1.918109361
1.787417422
1.963468472
1.962353907
1.961181324
1.967159691
1.965655166
1.96676761
1.96912936
1.967606883
1.960573012
1.938032137
1.919618081
1.97322563
1.977700411
1.979640924
1.980480788
1.977848485
1.975418239
1.971083725
1.96666947
1.95833234
1.949289677
1.943179771
1.891772708
1.903458217
1.937604134
1.925471297
1.940458863
1.896520617
1.905032057
1.911385748
1.77963524
1.779724366
1.782948326
1.861443297
1.839887286
1.812305583
1.89199603
1.791415521
1.78224048
1.97374493
1.971444471
1.971700927
1.967371485
1.974783672
1.974671072
1.977234428
1.948413259
1.928895375
1.901160172
1.885036871
1.976160255
1.973593709
1.973402091
1.966752018
1.963486189
1.960198682
1.954897582
1.953762369
1.946473451
1.940622557
1.937973569
1.894661757
1.889598114
1.912007235
1.935609656
1.927863986
1.898128381
1.908050868
1.908999124
1.910794493
1.780375736
1.783742921
1.912592089
1.783899733
1.866636037
1.847456539
1.825475582
1.801686266
1.787023113
1.78060818
1.981095085
1.981542552
1.98039493
1.974669212
1.948424481
1.980043535
1.977376994
1.972014492
1.913907915
1.894385744
1.869214002
1.857747653
1.965968924
1.965630404
1.959051204
1.954345607
1.951039447
1.946805568
1.943858501
1.937760451
1.935627618
1.932801666
1.887766343
1.900231621
1.886966961
1.917156751
1.925292318
1.899133561
1.905382529
1.920157387
1.779912833
1.789468807
1.787433439
1.919146065
1.789600318
1.848571063
1.832047714
1.813557235
1.793845113
1.782868674
1.778927347
1.983209658
1.984581872
1.975166828
1.980468737
1.958479089
1.912087811
1.975360478
1.969503856
1.960810595
1.869830952
1.844410227
1.835625124
1.957631135
1.953481192
1.949222149
1.946303774
1.942255318
1.939896316
1.935178802
1.934532825
1.932476807
1.891957314
1.880247647
1.906477172
1.884702069
1.918778065
1.922848131
1.894166598
1.912008106
1.933910343
1.935251451
1.77773566
1.788100352
1.934437343
1.937659997
1.928636331
1.786394753
1.828446701
1.81413091
1.800674203
1.787626573
1.782755789
1.777848252
1.973968268
1.981094885
1.978182152
1.953759055
1.974800682
1.925473609
1.878090749
1.969107166
1.961051236
1.955546524
1.843573208
1.820387692
1.814621665
1.953564777
1.947798594
1.945523644
1.940686972
1.934682957
1.932248293
1.928777895
1.909557132
1.887627191
1.874323655
1.879469927
1.918410783
1.920323647
1.909125441
1.928394797
1.940399272
1.777341156
1.7826274
1.937444849
1.930692363
1.91980247
1.919595289
1.926098075
1.919788481
1.776327173
1.810339901
1.799819366
1.793149705
1.786282028
1.781681317
1.776617302
1.977611843
1.94765947
1.980246939
1.974531521
1.916530901
1.968551424
1.889796018
1.843104152
1.96702737
1.962319478
1.963505572
1.820092644
1.80344673
1.79940223
1.959559339
1.960392316
1.953229101
1.942042134
1.937883831
1.929751613
1.916813109
1.897386242
1.8735319
1.868373383
1.887049878
1.919673098
1.92528445
1.912496034
1.93032746
1.927869809
1.773974794
1.774471524
1.921871223
1.916476809
1.920245369
1.930322872
1.928848981
1.915876127
1.766978357
1.796308918
1.791851244
1.784724996
1.78200686
1.778633194
1.981369715
1.964046188
1.912647129
1.977057333
1.971392724
1.874075636
1.973414389
1.849325612
1.81674818
1.971926929
1.975259333
1.975499965
1.802244289
1.79502486
1.791075215
1.981362071
1.971455183
1.959171686
1.949232151
1.943239922
1.89983551
1.919459813
1.8781446
1.861312829
1.866479486
1.887076551
1.92123776
1.942563772
1.907970411
1.913875335
1.908825493
1.775290566
1.773582893
1.902056969
1.918016356
1.940093175
1.93501622
1.896241254
1.760783006
1.791022336
1.790891115
1.788399063
1.786328606
1.782675503
1.970230942
1.975353073
1.929942256
1.878912243
1.97340199
1.976058685
1.841208644
1.977994644
1.819709565
1.795451914
1.979941239
1.98175625
1.993510395
1.785958731
1.783591836
1.786183928
1.991434949
1.983886501
1.967740016
1.968941798
1.880280671
1.913916754
1.85950972
1.853491634
1.864685382
1.890902509
1.943913224
1.964808357
1.902034742
1.897167884
1.908480276
1.770036689
1.779730028
1.898042642
1.935194518
1.948533536
1.880965079
1.895542972
1.762874754
1.777048695
1.757950356
1.788121438
1.78967428
1.789900459
1.785479091
1.787281484
1.943793362
1.961485116
1.968466015
1.897493095
1.849353939
1.969001838
1.968726721
1.820831816
1.811045146
1.967768012
1.793546135
1.975689462
1.986810949
1.996781741
1.772299281
1.771022742
1.776678324
2
1.987993186
1.98604977
1.860262513
1.932708934
1.84445037
1.848525723
1.87160708
1.894269544
1.965685023
1.985572331
1.891032415
1.890214726
1.917295439
1.771767453
1.900880522
1.93826149
1.872668594
1.907098961
1.759897763
1.774518919
1.765569643
1.839542575
1.753667781
1.783201439
1.785649065
1.7849595
1.784244015
1.776046818
1.903845357
1.937936747
1.958281256
1.962568484
1.860654342
1.824430749
1.959212375
1.955784169
1.79868046
1.788778025
1.960369286
1.967119488
1.989848208
1.975132692
1.996355202
1.762767087
1.76351598
1.773843718
1.993425112
1.99109316
1.853855269
1.841327494
1.956021329
1.859298235
1.886918645
1.893123754
1.981266037
1.992155386
1.885763161
1.894781923
1.917263373
1.762458569
1.902193586
1.87995593
1.928243087
1.75511436
1.764863317
1.774384978
1.759259743
1.838212938
1.852513576
1.74686756
1.779964963
1.780721187
1.777382203
1.773320721
1.764052551
1.904804086
1.870563108
1.936790934
1.954275434
1.953638445
1.832212571
1.801723708
1.951045884
1.951604185
1.78365007
1.95617714
1.964858956
1.984478772
1.976990882
1.990131881
1.756628645
1.768049228
1.757149535
1.997144542
1.860497172
1.841036581
1.963013813
1.879840675
1.884848821
1.881132601
1.981208523
1.997076531
1.898737582
1.905605475
1.751301971
1.755896734
1.894136436
1.93093763
1.761640708
1.768533059
1.777229765
1.756565095
1.835611984
1.84593224
1.867033844
1.742644974
1.737461709
1.777696151
1.775508886
1.76701943
1.759374059
1.752398792
1.914618516
1.877290093
1.844561058
1.932648348
1.949904961
1.949051389
1.813266847
1.790179439
1.945366691
1.947194573
1.951744673
1.960648878
1.968520497
1.986072797
1.753330945
1.762061239
1.751882064
1.995466805
1.866990076
1.845328631
1.956507678
1.876521393
1.871576838
1.886986812
1.978007382
1.991526091
1.90267641
1.743999462
1.901619278
1.927436618
1.76436598
1.770518477
1.779019153
1.790183169
1.757917657
1.835473252
1.833525578
1.849214686
1.863540586
1.731400613
1.727082921
1.771804851
1.761299182
1.753049212
1.745700408
1.742398299
1.898287307
1.917752863
1.862758217
1.829713434
1.922658076
1.93024104
1.931496076
1.937986586
1.801603094
1.938479275
1.938505164
1.945199102
1.952632071
1.978635275
1.753130531
1.752870039
1.749874602
1.980037921
1.848168753
1.879467043
1.952225258
1.860373678
1.866133769
1.882224549
1.974027132
1.978803356
1.735318234
1.915378046
1.932514821
1.781034146
1.770765367
1.787403919
1.791369637
1.796717324
1.762309287
1.828626622
1.837215792
1.838225244
1.850146725
1.854759502
1.773964712
1.844801814
1.726763945
1.722263078
1.719120854
1.755018987
1.747181317
1.738098972
1.735748668
1.734545371
1.911883033
1.884286636
1.92026803
1.847881272
1.818928797
1.920282872
1.920394593
1.92357628
1.931460834
1.932905116
1.933301827
1.937575302
1.95811921
1.755422914
1.746277626
1.752186991
1.963857151
1.857117662
1.886652582
1.955322672
1.849080055
1.858887236
1.96743935
1.970192307
1.916956268
1.935309038
1.790620262
1.783824747
1.794249781
1.796088737
1.801652138
1.81435897
1.763929216
1.828498188
1.827495109
1.836690099
1.845201722
1.841646912
1.771895741
1.763286775
1.834391295
1.840309116
1.719551325
1.725039452
1.715721568
1.713422826
1.741708962
1.735227995
1.730041078
1.729476624
1.729241263
1.903231017
1.917311957
1.867786594
1.92096251
1.833633697
1.922039803
1.919575072
1.920697849
1.922321142
1.928829312
1.928363073
1.940335427
1.756550756
1.744746739
1.753253295
1.94855681
1.866503323
1.891710919
1.951635183
1.843939194
1.967927156
1.961289011
1.905626223
1.929039718
1.788814455
1.776415303
1.794886596
1.795660307
1.806937657
1.823969636
1.757953185
1.826030956
1.835919791
1.826918792
1.830247418
1.852023838
1.759055905
1.756581381
1.748882622
1.836094981
1.82999612
1.839449049
1.71790121
1.714951885
1.721205826
1.711306633
1.709611526
1.736057329
1.730488941
1.724682484
1.722517905
1.887382325
1.916086247
1.928300703
1.852603428
1.93287582
1.927880582
1.921148731
1.917606947
1.917781063
1.924632432
1.928713749
1.921481211
1.752640737
1.741105892
1.74507068
1.937823444
1.864353234
1.872535911
1.877384586
1.95561852
1.840543071
1.960633998
1.939426489
1.896087642
1.926428827
1.7682521
1.777041567
1.782898413
1.800590607
1.820811182
1.845890167
1.746494935
1.831353776
1.822064335
1.843555072
1.823074262
1.747138979
1.754451436
1.743997036
1.737602245
1.837724162
1.829314215
1.713573627
1.714197821
1.711680749
1.716205391
1.708139507
1.706581373
1.733738066
1.725695475
1.719152566
1.91212087
1.877802071
1.937084931
1.940904416
1.932636982
1.92541137
1.916818568
1.915056372
1.915327232
1.919037982
1.74273287
1.7368812
1.734562023
1.920620405
1.851052131
1.861876637
1.856712768
1.865209368
1.933142129
1.845690898
1.93630202
1.920625803
1.885453188
1.904777747
1.763766978
1.773017707
1.791033183
1.812097961
1.834789598
1.865235551
1.738123449
1.839450933
1.82451814
1.824185087
1.742016583
1.749481664
1.75915257
1.73713442
1.730218416
1.843660044
1.83656273
1.829744667
1.711075466
1.708285478
1.709112334
1.70926013
1.713859181
1.703836877
1.705404718
1.727283919
1.720052723
1.900246881
1.938127648
1.954755045
1.947860204
1.937335929
1.924785624
1.917153257
1.912488805
1.911679781
1.731634642
1.727261994
1.725307748
1.908110748
1.842058841
1.850117856
1.83982539
1.838379098
1.852342223
1.888709708
1.907777983
1.852672411
1.912476111
1.901774812
1.869536956
1.771181109
1.791411903
1.821138788
1.855799785
1.899469717
1.728053594
1.830576295
1.825449038
1.750230594
1.741093373
1.76110283
1.772208479
1.731806777
1.724688364
1.848492714
1.83806295
1.830546212
1.707651855
1.708687577
1.706075798
1.704967509
1.704665125
1.714425653
1.702534399
1.69977818
1.701869899
1.705282017
1.709504776
1.70318348
1.701755054
1.702902054
1.718989298
1.938445212
1.955585076
1.95596638
1.946401643
1.934768879
1.924820667
1.917259444
1.907712005
1.723759085
1.719827667
1.71913195
1.896477646
1.82913766
1.830777431
1.819228364
1.823196951
1.840112126
1.86739776
1.856227541
1.884772428
1.851695204
1.883906355
1.880386771
1.789571238
1.816856755
1.854710732
1.898240251
1.933733344
1.72154161
1.831577909
1.74788342
1.760478004
1.7330227
1.774932021
1.786412211
1.725018414
1.720297286
1.844677782
1.837132616
1.833411248
1.705083918
1.705651225
1.703239588
1.712858252
1.701655188
1.700650839
1.698800898
1.699259128
1.698081855
1.700784718
1.702622166
1.709199584
1.70546369
1.701272995
1.701344576
1.699901599
1.699808345
1.714070935
1.949886217
1.949572501
1.937944388
1.929528129
1.92304498
1.917965661
1.910404434
1.718839017
1.716231195
1.71499948
1.901624745
1.88189197
1.823121484
1.834766237
1.812578332
1.80570148
1.813240967
1.836216023
1.838376138
1.84994049
1.862003263
1.843229616
1.855201811
1.853947686
1.809560491
1.846516304
1.883905633
1.913741179
1.932298619
1.71747945
1.735215691
1.752124933
1.767145023
1.725402948
1.782742414
1.806651802
1.719098051
1.716677965
1.8402466
1.836660443
1.837930936
1.70312946
1.70014875
1.697054516
1.697586007
1.698145533
1.696700459
1.838183447
1.82314372
1.707060592
1.781389086
1.700931481
1.711817632
1.702587678
1.704694148
1.698884544
1.699743664
1.697951114
1.697663841
1.71423477
1.940541421
1.930585979
1.915870792
1.908699721
1.902362296
1.907166591
1.712939848
1.711118697
1.888644665
1.864564036
1.82386988
1.83556327
1.803373807
1.795850967
1.803022849
1.819453766
1.829376204
1.839764095
1.838310111
1.834487534
1.836638806
1.836706712
1.86640477
1.901606431
1.921155956
1.920438322
1.712931525
1.725720369
1.741307284
1.761599022
1.71909074
1.803491594
1.833103033
1.713390456
1.709256199
1.838833
1.839913536
1.699005285
1.695471602
1.695829697
1.695896649
1.696389982
1.697239724
1.69569251
1.83604163
1.80380405
1.804267712
1.709759923
1.70747873
1.801160394
1.77899381
1.706765068
1.694230502
1.695052075
1.700588279
1.709678219
1.702895688
1.705821194
1.696757516
1.697676318
1.695848275
1.695143788
1.919673662
1.911105711
1.897187248
1.88446218
1.884484489
1.706334632
1.705549923
1.861763322
1.839740573
1.815532737
1.831568632
1.79397401
1.778144494
1.789950062
1.789798692
1.80791654
1.81717071
1.833954475
1.810564357
1.812094573
1.866026442
1.894253434
1.90874049
1.911765293
1.90061919
1.719606179
1.732401924
1.750394617
1.713926601
1.825019006
1.850365761
1.708593015
1.704900435
1.839630351
1.836784918
1.698604039
1.694168796
1.69409484
1.694339281
1.694732052
1.696746259
1.830620147
1.782409033
1.782697492
1.706682443
1.819812354
1.795273871
1.768980139
1.703057522
1.692744404
1.69343024
1.696695863
1.694786041
1.693264954
1.703469559
1.762896328
1.72497383
1.700913622
1.702786216
1.703415436
1.701477366
1.694668669
1.693336108
1.692288841
1.69271329
1.896342759
1.890124786
1.872091073
1.861091373
1.701736504
1.837927151
1.816879016
1.797805131
1.820839529
1.777535959
1.764782582
1.77169741
1.769212823
1.785012809
1.791355409
1.823896392
1.784863805
1.786047218
1.869682593
1.884239213
1.885104277
1.892268145
1.888368827
1.878492913
1.71563824
1.73951006
1.710498193
1.846564114
1.706180202
1.702602481
1.832844857
1.824000011
1.698820427
1.692333287
1.691976318
1.692251383
1.82359223
1.761334205
1.833684792
1.804221885
1.780556505
1.756585162
1.700989495
1.691798816
1.691397909
1.692962953
1.699016886
1.69703297
1.694893777
1.691398078
1.699907985
1.751850488
1.745540073
1.719923444
1.72777147
1.691398009
1.708946074
1.69139749
1.701370964
1.699255347
1.699336128
1.69782612
1.691398098
1.692301112
1.691398106
1.69139807
1.691398077
1.870842674
1.854265049
1.845177809
1.699453582
1.818661748
1.794853765
1.802211149
1.785052868
1.765267309
1.752089456
1.758560212
1.760030318
1.767390932
1.811533135
1.760222861
1.766720212
1.867104109
1.855384877
1.863982686
1.868102877
1.873240998
1.871084109
1.853777558
1.714968384
1.734984595
1.704140467
1.700946764
1.816587163
1.803984893
1.691397958
1.691398001
1.691398029
1.691398058
1.810536825
1.742103742
1.836742169
1.811263989
1.786078709
1.765791956
1.747924614
1.691397759
1.69139785
1.692852558
1.699226081
1.697186466
1.694940927
1.69743353
1.737728931
1.74794979
1.731968779
1.722441523
1.707001198
1.710941536
1.691397331
1.691397549
1.691396955
1.691397952
1.696996959
1.69722767
1.698030608
1.695908186
1.695884037
1.69139809
1.691398062
1.691398082
1.691398023
1.691398038
1.83372834
1.826652351
1.699641917
1.80218678
1.782366861
1.769353296
1.788696537
1.770994629
1.752159713
1.741229954
1.73916902
1.746637886
1.790569953
1.740821326
1.74770884
1.844539454
1.849313454
1.845843091
1.854156917
1.860949738
1.843399698
1.716137304
1.731589437
1.702874102
1.800463562
1.790047316
1.691397886
1.691397954
1.790583845
1.727706283
1.833239303
1.81198309
1.791636407
1.774051743
1.755662851
1.742736439
1.691397668
1.691397746
1.692606873
1.69588065
1.694306296
1.696734033
1.727752855
1.733166992
1.736680134
1.722469184
1.722705698
1.706753662
1.711226254
1.691397166
1.691397355
1.691396622
1.691396272
1.694485093
1.692784378
1.695372836
1.694051086
1.698602121
1.694343075
1.69139804
1.691398004
1.691398052
1.691397974
1.809282243
1.817520727
1.70149853
1.787216184
1.770690767
1.75385336
1.773241285
1.754982382
1.742193895
1.735760605
1.729008084
1.724235885
1.766389113
1.726550382
1.720996579
1.734099446
1.827197587
1.827042862
1.830594345
1.84010256
1.836153432
1.71600065
1.722179002
1.730398244
1.738462523
1.705395393
1.779755376
1.772651651
1.691397814
1.691397874
1.768498387
1.718087917
1.811013079
1.794198743
1.780278809
1.761949408
1.747483282
1.691397498
1.691397606
1.691541832
1.691395336
1.693303229
1.692155363
1.697315045
1.729661558
1.724527213
1.732717517
1.718471867
1.710415255
1.69139686
1.691397076
1.691396118
1.691395723
1.692461531
1.692363972
1.69139313
1.693861513
1.695481251
1.696437211
1.691387693
1.691397997
1.698478185
1.736878662
1.692580511
1.700888466
1.691398004
1.691397915
1.691397939
1.691398022
1.795499474
1.81278388
1.70501561
1.773289408
1.759910927
1.742140495
1.756279561
1.745798947
1.737842497
1.737152929
1.71532244
1.747834459
1.745911315
1.718351375
1.713670775
1.724285476
1.806279254
1.809233147
1.80676773
1.812649979
1.821638403
1.715235907
1.721779375
1.730048225
1.735224953
1.74066345
1.709310753
1.75617156
1.756223485
1.691397706
1.691397777
1.713559152
1.795796203
1.790061043
1.781921169
1.766026438
1.749151171
1.691397242
1.691397432
1.691393805
1.69139448
1.691389612
1.691390652
1.740900745
1.726064865
1.717843128
1.691396409
1.691396693
1.691395437
1.691394992
1.691383035
1.691376538
1.691391523
1.692509
1.694065751
1.700488513
1.697238476
1.691385042
1.691397953
1.7036867
1.737234973
1.751354179
1.691397986
1.73434432
1.794071843
1.691393582
1.711614423
1.748539066
1.6913751
1.801573852
1.702505415
1.732234015
1.69136309
1.707198494
1.691397948
1.691397834
1.691397877
1.782593551
1.801411458
1.711673531
1.760181101
1.748500814
1.747152818
1.741342018
1.738617402
1.746412009
1.709968121
1.7429456
1.734178597
1.712550571
1.709924074
1.717191312
1.793823299
1.788288204
1.783406375
1.715492924
1.721034077
1.727004816
1.732107281
1.737742326
1.747206174
1.691397521
1.691397659
1.713336422
1.781946826
1.776386451
1.76712884
1.752230602
1.691396968
1.691392464
1.691386796
1.691388115
1.722876278
1.691395904
1.691394201
1.691379
1.691389386
1.692160224
1.694751645
1.706356097
1.69869089
1.691381089
1.709351786
1.737511371
1.725994142
1.754499376
1.691397946
1.727064663
1.691392394
1.707409732
1.708211384
1.707134512
1.746809728
1.691365007
1.691369908
1.785543889
1.788980051
1.703783796
1.707509306
1.724659102
1.736725581
1.722775583
1.691397876
1.692706746
1.772141545
1.782628158
1.691350027
1.691334688
1.713629368
1.691397856
1.691397735
1.691397777
1.774109677
1.718689875
1.744417821
1.761177421
1.751964201
1.741722609
1.739534365
1.74134016
1.710828838
1.707217695
1.738371347
1.733607803
1.726414774
1.706723997
1.717902927
1.710373279
1.776126269
1.775032969
1.771593158
1.772879846
1.722095522
1.726874328
1.723821514
1.731026391
1.741373327
1.691397085
1.691397295
1.691397455
1.717992268
1.770672005
1.764211777
1.753820297
1.691396174
1.691390287
1.691383153
1.691385043
1.691394517
1.691391902
1.69137291
1.691386822
1.695457796
1.711613799
1.699308298
1.691375826
1.738035504
1.727446728
1.742091922
1.749757758
1.691397893
1.704164885
1.704080466
1.703459996
1.702863058
1.743029716
1.69135665
1.691360887
1.773938223
1.773708262
1.706823131
1.701934497
1.703792788
1.709493742
1.727226351
1.734186901
1.721638192
1.719849552
1.692649848
1.761083985
1.763700956
1.769978725
1.743497794
1.756119819
1.704592521
1.75976215
1.691338857
1.691328993
1.691297384
1.715619006
1.691397756
1.691397677
1.691397569
1.760514205
1.718090929
1.733204214
1.750100864
1.736075076
1.737316645
1.717791576
1.710040855
1.705467367
1.732234241
1.72697147
1.712832107
1.723074367
1.705362376
1.767162912
1.764642926
1.758244227
1.762092581
1.719348691
1.725875883
1.721802588
1.733468488
1.742640953
1.691396459
1.691396752
1.691397013
1.7504397
1.691394945
1.691388322
1.691378624
1.691382136
1.691392185
1.691364993
1.69592017
1.711655785
1.699544638
1.691369154
1.73052313
1.735469059
1.723978574
1.737903553
1.744049277
1.691397824
1.703756089
1.70018556
1.70040246
1.699862631
1.701825296
1.737363565
1.691344205
1.691349402
1.760855864
1.761199621
1.706878076
1.701621963
1.701237016
1.721735959
1.717993364
1.717559738
1.692645062
1.751383201
1.75079787
1.762744682
1.738658718
1.749527811
1.702419453
1.75739849
1.748571553
1.705532253
1.742324783
1.691397178
1.744986967
1.697922271
1.691396479
1.691314648
1.691322684
1.691302738
1.691254573
1.691268939
1.713806605
1.691397515
1.691397627
1.691397356
1.747962339
1.715092962
1.730710021
1.724191079
1.727954803
1.732252642
1.718302972
1.7144446
1.708346244
1.717739316
1.706137959
1.711396205
1.700889461
1.757823423
1.756707659
1.749794153
1.74953299
1.717461026
1.721263184
1.727701693
1.734764066
1.739712302
1.691395489
1.691395963
1.69139621
1.691392997
1.69138894
1.691382511
1.691374579
1.69135478
1.695823688
1.711015928
1.708466284
1.698599639
1.691362765
1.728236046
1.730996139
1.732431016
1.723683923
1.736513381
1.732063761
1.736711989
1.691397729
1.704961693
1.697108621
1.696812027
1.699395012
1.701933652
1.731314676
1.691328235
1.691333872
1.747959918
1.702720448
1.698814824
1.722297425
1.717527013
1.715322321
1.715376244
1.691207001
1.692411609
1.742509839
1.740638536
1.755513857
1.733711903
1.74297654
1.698472812
1.700321675
1.75003333
1.741491508
1.706983326
1.704624704
1.736237627
1.738072649
1.738767613
1.696802862
1.695727617
1.69139554
1.691395014
1.691396753
1.691394638
1.731608408
1.718890144
1.7338545
1.691278551
1.69129223
1.691302456
1.691220794
1.69123403
1.711623681
1.709469825
1.691397029
1.69139731
1.691397609
1.734867207
1.71396659
1.726643287
1.722281453
1.715880741
1.727752893
1.722732078
1.725060837
1.719879383
1.714846716
1.709563511
1.70271245
1.698079506
1.709195153
1.75059905
1.750377873
1.743202668
1.735955401
1.717454495
1.723175984
1.728655417
1.731974379
1.734791626
1.691393786
1.691394554
1.691390049
1.691383793
1.69137401
1.691344141
1.694972751
1.692073976
1.695615774
1.691358839
1.724297779
1.728336853
1.729689763
1.729229944
1.732112479
1.728128175
1.729570714
1.704142901
1.692743073
1.693858629
1.693485019
1.700067416
1.726457241
1.691305762
1.691315333
1.698478432
1.702239136
1.700492438
1.695252971
1.714101909
1.715906176
1.712971707
1.713102044
1.691157903
1.691142315
1.732593282
1.749384103
1.7267167
1.736779302
1.696747297
1.694792081
1.74341046
1.737325592
1.706917975
1.704361693
1.728099012
1.731489359
1.73130358
1.693570578
1.695266002
1.69709379
1.691394056
1.691396007
1.691392526
1.691392441
1.691394893
1.691392525
1.723505225
1.724744668
1.719224979
1.715959884
1.725804696
1.691389382
1.724155054
1.725648829
1.728420777
1.718708669
1.726222388
1.736229917
1.692491131
1.697756982
1.710829695
1.725011946
1.71644392
1.691246979
1.69126785
1.691176628
1.691192315
1.709148258
1.711868211
1.691396352
1.691397038
1.691397398
1.72334104
1.723605722
1.715346614
1.71594646
1.713045197
1.704283589
1.722992164
1.720338873
1.720053782
1.715143969
1.709471602
1.693406144
1.698680066
1.691390395
1.743765737
1.74620112
1.740176959
1.719727396
1.723743553
1.726830809
1.730238112
1.733502899
1.691390546
1.691383862
1.691374221
1.691329313
1.691038114
1.691053726
1.691355349
1.723393243
1.727689282
1.727732228
1.725851694
1.72402094
1.724507998
1.722969373
1.703870382
1.691387712
1.691388804
1.691390051
1.69138847
1.699184282
1.72245256
1.691269437
1.691282619
1.694496797
1.699803474
1.701550248
1.690894931
1.711606435
1.713214855
1.710589613
1.691109111
1.69107544
1.72267225
1.743146924
1.713068235
1.728477661
1.692771893
1.690836615
1.738623115
1.707616929
1.704713598
1.715072913
1.691387806
1.693562986
1.694883103
1.691390513
1.69138896
1.691387288
1.691394257
1.691391228
1.691386584
1.714899315
1.710002554
1.71319324
1.717031754
1.713293376
1.719258139
1.718777267
1.723126444
1.705244541
1.725403757
1.73335064
1.69093813
1.694574735
1.696510939
1.708829816
1.709574956
1.717212828
1.713727499
1.716938248
1.690986623
1.729372326
1.713199166
1.691286271
1.691383721
1.690704846
1.691390302
1.691209123
1.691130794
1.710712591
1.713966743
1.691396407
1.691395289
1.691397044
1.709633625
1.717046766
1.699196072
1.691390047
1.718109967
1.719375322
1.714171891
1.709932832
1.691388523
1.691386044
1.739344457
1.74042978
1.73612437
1.719775436
1.722730958
1.726083247
1.730147794
1.734902867
1.691381599
1.691368684
1.691338926
1.691301237
1.690935764
1.722059193
1.725944015
1.7249497
1.72223053
1.718365659
1.719137543
1.719453037
1.718097928
1.706124954
1.702215066
1.691384315
1.691385124
1.691385385
1.6913824
1.696174798
1.697968823
1.7190658
1.691217602
1.691229955
1.690657572
1.698276321
1.702809778
1.699743356
1.690836111
1.690748721
1.710569555
1.707900129
1.691054098
1.690990043
1.708176714
1.738567125
1.691386323
1.700462435
1.724468478
1.690714325
1.706159886
1.709079672
1.691384884
1.691815228
1.691381314
1.691376645
1.69139343
1.691382886
1.691374407
1.698501784
1.698986758
1.69137618
1.703289049
1.693312448
1.709383479
1.710864761
1.709741479
1.71535441
1.712119208
1.710342027
1.691994188
1.723601858
1.730484248
1.690622614
1.694139586
1.707588188
1.706880022
1.707927739
1.705970537
1.714376853
1.711321935
1.690896639
1.726303037
1.698735191
1.691243272
1.69137218
1.690604814
1.690571604
1.691389804
1.691383452
1.697100756
1.691382887
1.691376962
1.708975111
1.723895207
1.717269394
1.70032086
1.697870133
1.697537762
1.696433384
1.69113598
1.691069024
1.71180637
1.7154364
1.691395167
1.691396307
1.691380623
1.691387572
1.691385423
1.691385906
1.713731235
1.719582109
1.714353921
1.711693001
1.708924421
1.69138227
1.691378404
1.735703785
1.735388358
1.73158765
1.718799109
1.722570401
1.728565955
1.732002779
1.691361325
1.69133907
1.691305127
1.69125675
1.690802714
1.721450976
1.723593305
1.721235115
1.718404228
1.714029538
1.714938828
1.715169915
1.713881797
1.705553508
1.702033055
1.691379741
1.691380751
1.691378373
1.691374735
1.691701898
1.714990935
1.691137667
1.691160536
1.690486994
1.695775115
1.704386041
1.700981504
1.690692219
1.690592655
1.707553001
1.70476624
1.705998508
1.690994569
1.690930108
1.693491326
1.691351043
1.734638518
1.691376329
1.691378858
1.724349359
1.718513346
1.70762822
1.691380012
1.691374673
1.691365608
1.691359345
1.69135267
1.691391848
1.6913714
1.6913649
1.691346952
1.691366816
1.691368718
1.691363888
1.701996276
1.69621142
1.704866525
1.708057392
1.726196933
1.690458588
1.690528756
1.692509848
1.705226094
1.704871196
1.704721538
1.693929368
1.712144614
1.707998274
1.709745883
1.690841212
1.690783713
1.725477765
1.691338126
1.691182307
1.69050446
1.691385601
1.691373409
1.693849098
1.706279182
1.722257399
1.717044083
1.693910509
1.691199771
1.692682013
1.699018751
1.694939192
1.69566354
1.699908708
1.691368252
1.691326396
1.71014274
1.691375729
1.722502046
1.691024374
1.711372462
1.714800368
1.691394929
1.691392181
1.691369272
1.691379944
1.709985248
1.710214128
1.718854961
1.714322342
1.711183606
1.708231616
1.691374252
1.691370412
1.732337228
1.731030816
1.731387419
1.727721471
1.718827521
1.72738744
1.729712885
1.691323073
1.691281869
1.691206315
1.690626804
1.719649908
1.721464975
1.719350686
1.717153783
1.7141374
1.71045065
1.710301045
1.711335103
1.710862569
1.704479118
1.700999989
1.691372624
1.69137399
1.691371294
1.691366837
1.69136701
1.710680643
1.691041632
1.691071055
1.690386499
1.69034233
1.690390725
1.702952808
1.690474089
1.702655894
1.70308891
1.701384352
1.690885985
1.691352152
1.691328753
1.691340342
1.730849668
1.691364711
1.691369357
1.691372854
1.719302691
1.713126221
1.706834928
1.691368642
1.691335854
1.691317097
1.691305805
1.691348791
1.691332454
1.691296875
1.691356827
1.691355136
1.691361515
1.691309007
1.691251206
1.691281839
1.694329006
1.702705705
1.722530027
1.690343033
1.6903933
1.701214624
1.702918787
1.704138188
1.706051934
1.707170761
1.690728164
1.690771385
1.724862587
1.691316402
1.691098551
1.691375728
1.691386802
1.69135419
1.690210115
1.720251783
1.716220367
1.691078101
1.691159131
1.690042871
1.690065425
1.693771698
1.69797981
1.695447116
1.691358132
1.691360846
1.706861778
1.707408247
1.691368677
1.721963658
1.724189363
1.691366707
1.690979617
1.691314223
1.712806892
1.690888544
1.710596879
1.714413249
1.691391852
1.691357843
1.691369804
1.705929498
1.717367293
1.712468389
1.707920283
1.704803231
1.691365805
1.691361688
1.728142543
1.729382707
1.727053844
1.727346775
1.718254307
1.726017319
1.691264181
1.691203253
1.691121009
1.690434214
1.69058863
1.718293182
1.716958901
1.714918426
1.70955257
1.706426056
1.706786944
1.707041262
1.707542179
1.700298028
1.691363481
1.691364396
1.691362606
1.691357117
1.691355434
1.691360203
1.705999668
1.690920658
1.690956739
1.690236575
1.690299607
1.690210974
1.690184549
1.702035462
1.698290511
1.699405296
1.700028056
1.700198023
1.698201965
1.690708306
1.691330417
1.691340848
1.691318557
1.691298467
1.726765968
1.691352942
1.691359381
1.69136464
1.710239076
1.714770005
1.706040059
1.691277134
1.691240523
1.691229096
1.691291447
1.691244233
1.691350827
1.691345128
1.691342554
1.691289633
1.69120913
1.691247359
1.690862424
1.697999122
1.718356216
1.690188313
1.697759484
1.700756812
1.703129453
1.690616674
1.723248543
1.690982439
1.691379754
1.69135877
1.691322174
1.689961354
1.714751963
1.691081777
1.68984478
1.689955488
1.689778515
1.690807743
1.696007579
1.694325647
1.691344608
1.691347644
1.704463992
1.703335558
1.691359045
1.720335246
1.720880443
1.691357892
1.690909256
1.691232701
1.691256836
1.70773339
1.710004836
1.703392298
1.691332717
1.707674717
1.691171279
1.71167644
1.69101032
1.690726207
1.709598306
1.713999698
1.691385148
1.691345258
1.691360584
1.700945921
1.71339737
1.706475244
1.700997461
1.691355679
1.691350095
1.723957344
1.72546592
1.722454001
1.72276425
1.71695709
1.72192884
1.691159065
1.691073767
1.690394143
1.69020193
1.714350313
1.710806271
1.704129117
1.703160922
1.703317236
1.703577426
1.702624857
1.69485574
1.691352651
1.691353807
1.691351531
1.691344687
1.691338573
1.691346849
1.701227024
1.690767391
1.690801213
1.690063356
1.690102531
1.690056698
1.689906488
1.699714551
1.696070631
1.695412978
1.696755072
1.697093997
1.695874929
1.690516307
1.690438825
1.691320634
1.691302387
1.691330326
1.69125139
1.691265586
1.721873476
1.691338787
1.691347261
1.691354447
1.701887067
1.709440646
1.702245978
1.691175494
1.691100318
1.691104283
1.691174602
1.691336238
1.691325148
1.691182809
1.690709566
1.690763219
1.713464861
1.69555787
1.698815343
1.696719743
1.719263864
1.690837139
1.691365398
1.691330462
1.691270555
1.689659676
1.710450367
1.690896149
1.69105623
1.689548769
1.689664628
1.689463298
1.689906906
1.691234209
1.691327974
1.70083578
1.700690044
1.691347334
1.716166261
1.715346484
1.69134571
1.691121937
1.691127801
1.691166542
1.702173017
1.704152571
1.705852396
1.700095065
1.691314588
1.703471226
1.701592635
1.691053749
1.69087984
1.690923131
1.689467429
1.699414871
1.690508455
1.705418609
1.711646265
1.691372778
1.691328557
1.69134882
1.69813799
1.697235046
1.70606668
1.705904394
1.708249625
1.698165996
1.69821494
1.691616418
1.69279125
1.691342051
1.691333193
1.718971914
1.720435651
1.716877678
1.716941055
1.717085548
1.690990318
1.690120725
1.689951679
1.703170172
1.698558839
1.699408925
1.699704693
1.699880697
1.698621812
1.691336851
1.691338222
1.691335086
1.691324681
1.697567048
1.690561483
1.690599777
1.68985069
1.689838913
1.68956677
1.693195056
1.69408467
1.6945854
1.693735354
1.694351574
1.694287801
1.694065851
1.690228582
1.691295991
1.6913091
1.691269848
1.691187476
1.691221966
1.714255339
1.691320282
1.691331213
1.691340809
1.694908269
1.690575125
1.703369704
1.697400934
1.689042368
1.691015141
1.690898335
1.690979953
1.691316123
1.691301074
1.691080496
1.69058776
1.690661351
1.703645152
1.695460313
1.713183508
1.690648607
1.691340795
1.69128274
1.691187655
1.689267887
1.690913265
1.690742124
1.688994968
1.689087381
1.689002804
1.691305045
1.697877592
1.709025434
1.690956512
1.690955819
1.691025405
1.697903207
1.699175809
1.700457629
1.696981723
1.691290351
1.698858201
1.697475479
1.69087701
1.690690134
1.690770815
1.688615969
1.697252048
1.696440875
1.690441981
1.689830675
1.69275445
1.691049306
1.690260302
1.688678399
1.70077936
1.704873916
1.691350202
1.691306568
1.691333314
1.695433809
1.699558963
1.699754723
1.693836843
1.69292362
1.691276046
1.691261952
1.691324834
1.691317472
1.691312455
1.711948442
1.713343215
1.70770914
1.690817685
1.68988681
1.689571754
1.697532945
1.695993863
1.695349664
1.696681093
1.695400275
1.691319546
1.691320733
1.69129988
1.690279418
1.690346708
1.689547776
1.689193826
1.688494281
1.692883305
1.692920514
1.692369517
1.692294146
1.693598262
1.692521407
1.690001698
1.691265755
1.691276596
1.691225639
1.691071264
1.69115699
1.703152693
1.699501819
1.69129535
1.691309372
1.691322756
1.690316415
1.690354804
1.688362226
1.68802013
1.69062747
1.690582193
1.690638979
1.690705756
1.691288819
1.691270919
1.690920557
1.690376228
1.690550571
1.690098619
1.695140091
1.702454748
1.690415434
1.691298844
1.691194267
1.68876506
1.69069732
1.688362683
1.68815803
1.691274029
1.690692487
1.690693341
1.690798613
1.696300421
1.695429161
1.696619124
1.694870537
1.694330929
1.693757567
1.690499052
1.690602674
1.694911747
1.695572301
1.694268083
1.68956979
1.691747439
1.690797235
1.690950275
1.691089402
1.690323382
1.691396973
1.691292989
1.689862218
1.687848693
1.687851606
1.688633724
1.688656089
1.691309641
1.691273583
1.691311785
1.693057699
1.695008164
1.694705969
1.691243392
1.691246875
1.691243663
1.691220841
1.691301691
1.691296752
1.691286472
1.696871626
1.689743515
1.690419784
1.689656846
1.689477731
1.689171102
1.689151728
1.69438039
1.693558569
1.693967176
1.69381448
1.693937376
1.692762212
1.691298615
1.691267501
1.689965678
1.690062152
1.688679974
1.687613752
1.691396239
1.691397225
1.691727253
1.691395276
1.691226192
1.691154349
1.691008848
1.689148658
1.68934671
1.691276986
1.691297587
1.690118755
1.68753789
1.69026075
1.690151435
1.690170982
1.690160212
1.690304498
1.691232437
1.69080498
1.6900908
1.690418401
1.689911096
1.689754781
1.688577996
1.690192562
1.691235945
1.688099227
1.690581379
1.687682381
1.687637233
1.691236022
1.690293882
1.690287198
1.690421768
1.693627975
1.693464638
1.691223492
1.691226062
1.690222565
1.693191081
1.689161132
1.691396579
1.69049688
1.690891332
1.690637284
1.691141955
1.690097632
1.691396841
1.69126536
1.691262359
1.688021316
1.689907579
1.689357366
1.689506819
1.687050472
1.68807037
1.687428219
1.68733152
1.68707206
1.687708092
1.691242936
1.69123925
1.69127844
1.692091043
1.691392239
1.691711118
1.692221026
1.691208192
1.691200294
1.691172424
1.691259057
1.691254447
1.688557786
1.689385178
1.689792264
1.689164422
1.688645507
1.68863365
1.691999977
1.69225321
1.691647647
1.692211117
1.691762112
1.691500792
1.691354579
1.691204926
1.689629983
1.68976569
1.687967299
1.687078005
1.687152918
1.691395508
1.69139615
1.691397007
1.691393684
1.691394311
1.691109296
1.690834518
1.688910283
1.691242535
1.689757932
1.689579207
1.689584244
1.689513247
1.689714055
1.691173909
1.691097689
1.689810859
1.690209542
1.687715357
1.68809375
1.687290465
1.690407349
1.689686964
1.689665219
1.689897487
1.6915959
1.691195642
1.691182825
1.691191241
1.689542974
1.688666758
1.691396487
1.689995514
1.690606975
1.691016925
1.690201639
1.689752119
1.689813766
1.691229132
1.691224931
1.69121854
1.687336983
1.689366239
1.690603918
1.688474187
1.688947259
1.688805399
1.689089068
1.68662075
1.686568062
1.687018563
1.686609762
1.691117332
1.691175108
1.691236769
1.69138597
1.691390096
1.691204539
1.691152071
1.691143285
1.691106735
1.691186991
1.691203214
1.687918887
1.689406373
1.688992247
1.688870738
1.688778787
1.688657848
1.687959778
1.68790696
1.691220482
1.691282251
1.691306115
1.691335633
1.69125551
1.691373148
1.69135694
1.691129659
1.68921827
1.687193037
1.686688116
1.691395796
1.691394759
1.691396714
1.691392132
1.691392798
1.690892249
1.691178158
1.688628372
1.68876146
1.688587473
1.688852164
1.6910373
1.689935909
1.687402418
1.686665638
1.690187407
1.688759355
1.688737605
1.689160031
1.691158799
1.691128292
1.691171101
1.691140511
1.68876277
1.687987749
1.691396151
1.689203235
1.690168139
1.690783861
1.689562987
1.689415184
1.689344706
1.689502625
1.691164653
1.691169903
1.691153759
1.686927963
1.688633976
1.690453823
1.688635354
1.688158398
1.691389609
1.69109504
1.691308732
1.688221967
1.688441416
1.68807696
1.688502867
1.68610064
1.686497837
1.686103343
1.686129486
1.690903309
1.691068242
1.691157367
1.691381651
1.691387826
1.691191108
1.691081181
1.691062702
1.691024871
1.691074331
1.691100668
1.687714157
1.688954606
1.687511244
1.687656005
1.687709446
1.687088421
1.687027602
1.687190728
1.691233287
1.691270347
1.691340271
1.691363646
1.68630331
1.686167978
1.691395187
1.691393705
1.691396335
1.691391213
1.69069869
1.691057093
1.687313243
1.687477321
1.687280259
1.687603816
1.690825341
1.689481016
1.689928118
1.687057506
1.687353536
1.687855884
1.691099913
1.691049596
1.691146299
1.691094979
1.687259344
1.691395534
1.688122184
1.689518361
1.690415502
1.68863943
1.688989005
1.691083346
1.691029524
1.686534715
1.687712073
1.690203304
1.688313617
1.691385051
1.690996983
1.69127056
1.691315146
1.691285592
1.68739196
1.687697336
1.685590788
1.685583084
1.686040949
1.685546176
1.690541874
1.690868104
1.691000829
1.691376784
1.69121592
1.69113888
1.690968825
1.690972065
1.69096285
1.69091094
1.687730684
1.68730378
1.688434214
1.685637102
1.686028858
1.685921044
1.68642173
1.68606428
1.686223504
1.686308798
1.691332744
1.691354181
1.685671047
1.691394152
1.691391911
1.691395817
1.691387443
1.690300704
1.690841942
1.68550464
1.685740649
1.685489208
1.685960482
1.690517929
1.688965898
1.689543193
1.686597519
1.685632696
1.686230078
1.691018601
1.690950912
1.691029718
1.686447295
1.691394692
1.686646776
1.688585342
1.689860723
1.687353124
1.688477294
1.690933871
1.690875401
1.686082572
1.686427977
1.686961087
1.68980695
1.691379597
1.690830572
1.691235999
1.69128903
1.687254059
1.686422133
1.684938049
1.685021824
1.68556553
1.685038965
1.685051801
1.689959014
1.690503155
1.690715195
1.691366798
1.691163986
1.691063805
1.690870442
1.690856103
1.690818643
1.69062332
1.687011411
1.686850994
1.687823125
1.68311075
1.683701583
1.684393461
1.683752153
1.684780365
1.685203429
1.685256673
1.691317372
1.691339411
1.691393047
1.691388952
1.691395079
1.691383121
1.689525539
1.689983774
1.690482782
1.68308664
1.683256334
1.683096666
1.683743038
1.688167816
1.689019941
1.68595351
1.683239783
1.684058538
1.69091215
1.690931651
1.685352656
1.684628374
1.689066495
1.685575487
1.690796829
1.690642337
1.685697822
1.691373554
1.690652553
1.691189
1.691256823
1.685464742
1.687952552
1.684519815
1.68440352
1.683860351
1.68439445
1.68505834
1.684069115
1.689071747
1.689950373
1.690138833
1.69135667
1.691096625
1.690975512
1.690729204
1.69078564
1.690663228
1.690254386
1.687109838
1.686164554
1.686059565
1.680569078
1.680742292
1.67975488
1.681513421
1.682297699
1.682463673
1.684137531
1.683973312
1.683896911
1.691286305
1.691322932
1.691393865
1.691391154
1.691386086
1.691379464
1.689138665
1.688594791
1.679967944
1.68018831
1.679966222
1.680766247
1.687471361
1.685115096
1.680198228
1.681225332
1.690811101
1.681965865
1.683215
1.690394687
1.69136441
1.690492466
1.691125448
1.691216466
1.683177264
1.686682655
1.683028926
1.69020575
1.68155444
1.683666909
1.682671252
1.682698542
1.683955254
1.687653079
1.689311174
1.689459465
1.691340895
1.691002222
1.690864316
1.690590617
1.690551359
1.69039453
1.689845082
1.686126951
1.685038416
1.676632316
1.67606948
1.677909216
1.676758319
1.678843523
1.679345979
1.682585968
1.681379365
1.691297204
1.69123987
1.691391887
1.691386377
1.691376381
1.691371484
1.688041082
1.688234417
1.687885727
1.676069332
1.676339216
1.675939667
1.677110194
1.686490457
1.676382357
1.677630656
1.690670737
1.678556576
1.680142068
1.691348891
1.691021781
1.691147528
1.680094319
1.684620688
1.690001761
1.683902743
1.691019792
1.677683131
1.678294871
1.681184975
1.681040142
1.682516583
1.68108393
1.685628639
1.688293351
1.689048149
1.688321705
1.691310492
1.690825313
1.690233883
1.690287349
1.689318232
1.684804446
1.671386843
1.671980626
1.672192099
1.673477204
1.674658965
1.675148987
1.679202158
1.691255041
1.691172617
1.691387966
1.691378515
1.691353708
1.691360815
1.686649698
1.686776594
1.671665325
1.671309114
1.670365314
1.672081998
1.67201525
1.684905687
1.67161599
1.673247513
1.690549391
1.674302896
1.676222828
1.691319734
1.676257369
1.681834781
1.689755142
1.682873425
1.691056649
1.690798643
1.673688749
1.672138239
1.673621896
1.675748319
1.679010235
1.679170403
1.680894569
1.678653002
1.682764576
1.686682385
1.68789719
1.688291744
1.686972365
1.691263766
1.690527157
1.689615657
1.689671513
1.690135619
1.688931615
1.682866877
1.666004597
1.666900877
1.666654784
1.668356832
1.669723581
1.669961962
1.677050248
1.691182528
1.691378683
1.691362828
1.691318234
1.691335264
1.684704555
1.684756635
1.666169345
1.665357589
1.664955679
1.666369699
1.6662158
1.68267046
1.666110395
1.668093388
1.669152272
1.671693281
1.671588272
1.678234871
1.691052351
1.690886209
1.690602996
1.690407722
1.668479792
1.668139425
1.666226129
1.670612396
1.673158399
1.675893125
1.680027021
1.677836282
1.67529986
1.678814055
1.683979621
1.68508422
1.68644484
1.686892031
1.687773019
1.685310461
1.691255892
1.691174486
1.690024742
1.688608367
1.689475952
1.68882021
1.661126976
1.660354743
1.662650704
1.660798063
1.664167971
1.664309058
1.691359994
1.691330306
1.69128742
1.681716247
1.68205548
1.660118509
1.65935408
1.658860087
1.660315105
1.66009272
1.660007118
1.662124155
1.664973865
1.662056995
1.665725322
1.665952367
1.67382635
1.691034307
1.690835888
1.690520627
1.690149726
1.689854698
1.668760321
1.664991193
1.662658416
1.662298415
1.660268721
1.667733208
1.670656003
1.678072325
1.676022632
1.673505754
1.671043529
1.673574662
1.680780567
1.682418616
1.683065624
1.685026859
1.684391721
1.686201288
1.687230922
1.691173604
1.689289771
1.687685253
1.688528302
1.656660774
1.655803609
1.654413115
1.658319415
1.654823523
1.658400959
1.691326481
1.691247848
1.678840429
1.65409533
1.653289971
1.652771568
1.654181889
1.653803218
1.653587496
1.655269895
1.656009876
1.658443572
1.659185186
1.659913946
1.69080414
1.691021877
1.690005447
1.690397624
1.689498777
1.689094698
1.663694006
1.659032399
1.661786639
1.656715497
1.656396268
1.65440391
1.664472512
1.665581436
1.673663369
1.674842481
1.670916757
1.668398003
1.666971827
1.679160735
1.677067882
1.680042064
1.681760523
1.682545919
1.684115443
1.685467885
1.686144184
1.691130032
1.688291144
1.68726438
1.651028461
1.651536298
1.652758509
1.650095235
1.648946982
1.652645163
1.649297062
1.691265819
1.648528489
1.647755171
1.647421
1.648337894
1.647882333
1.647539827
1.649206698
1.649889021
1.652200128
1.652973947
1.654136133
1.690579271
1.690854106
1.689305869
1.689862828
1.690141905
1.688605468
1.688049983
1.657444679
1.649040739
1.65580811
1.653247323
1.658458803
1.651288823
1.650849812
1.649133457
1.659582366
1.662408601
1.670044489
1.668947931
1.672684685
1.665291426
1.666047474
1.659670771
1.675160957
1.67626776
1.67845239
1.679409139
1.681433636
1.683184859
1.683997639
1.685604585
1.690986612
1.691154733
1.686902703
1.647551332
1.646535948
1.646646192
1.647660388
1.645606929
1.644785975
1.644922646
1.644112363
1.643831075
1.643027492
1.643561629
1.643148833
1.642951852
1.644275259
1.645045954
1.646842598
1.647839235
1.690519328
1.690747524
1.688355353
1.689118156
1.689514895
1.69006809
1.687408593
1.686775306
1.651639007
1.645910994
1.644785847
1.685496141
1.652759798
1.650263543
1.648559578
1.653777402
1.646711052
1.646428512
1.64523266
1.656433627
1.659298505
1.667637658
1.664634756
1.663265628
1.670495958
1.66040221
1.652639451
1.671701833
1.67448822
1.675455123
1.678044383
1.680287262
1.681272265
1.683176233
1.684817841
1.69097431
1.64431463
1.644275642
1.643732716
1.643602881
1.643098228
1.642667683
1.642490936
1.64176185
1.642048582
1.6412256
1.640840533
1.640852451
1.640742858
1.640946781
1.641880304
1.642353954
1.643646718
1.690321803
1.690693947
1.687077131
1.688111931
1.688677016
1.689493756
1.685818707
1.684961296
1.647463949
1.64584625
1.64496348
1.643884467
1.683334132
1.648179384
1.648781138
1.646153445
1.646431471
1.644944871
1.65097697
1.644132934
1.643976881
1.643635145
1.653493276
1.654648552
1.665270706
1.662090967
1.658772823
1.657494658
1.667060143
1.647403169
1.670572074
1.673654923
1.676660532
1.677963163
1.680297951
1.682326728
1.690692352
1.6436525
1.643555813
1.6436935
1.643288394
1.643386831
1.643540246
1.642981352
1.642774606
1.641900855
1.641872291
1.642117182
1.641533747
1.642161728
1.642471581
1.643613056
1.689898872
1.68676366
1.685376841
1.687614377
1.688787004
1.683684061
1.682621987
1.646062778
1.649600321
1.649149379
1.648346555
1.649461777
1.680557037
1.645365894
1.644951163
1.646761454
1.644116805
1.644310576
1.644032748
1.648627577
1.644452405
1.644438592
1.645382926
1.64946971
1.65215717
1.659697407
1.661641197
1.656367624
1.653036316
1.665354883
1.6456847
1.669088593
1.672330861
1.673994387
1.676792109
1.679258233
1.690204781
1.645960582
1.647033009
1.646437411
1.647283693
1.648364885
1.64714933
1.647447077
1.646073343
1.646766602
1.647859691
1.646677157
1.647155388
1.648404177
1.689110375
1.684976356
1.686114822
1.683132376
1.687654631
1.680921984
1.679731121
1.647973973
1.657187212
1.654770467
1.65705469
1.659624042
1.658938914
1.677154108
1.644635103
1.644518992
1.644531782
1.645427642
1.645250166
1.645131991
1.646511229
1.646102663
1.648319162
1.648526188
1.650125195
1.648145751
1.654136082
1.656166601
1.65995114
1.65078024
1.663986781
1.648487225
1.66761753
1.669422366
1.672678516
1.675632054
1.689477378
1.652271644
1.65417796
1.653416154
1.655251335
1.657340791
1.655104236
1.657128797
1.6548595
1.656360025
1.658326277
1.65616155
1.657370162
1.687949308
1.684166276
1.68265065
1.686140644
1.680087952
1.677069136
1.66576123
1.668368367
1.661623869
1.672328853
1.672576588
1.671030274
1.673591996
1.676656948
1.645534619
1.644777766
1.647215156
1.647467113
1.644758646
1.650086131
1.649823744
1.652763159
1.645273699
1.655930564
1.65602244
1.658839581
1.646908036
1.651085008
1.649231228
1.654593771
1.65862844
1.662486695
1.656572734
1.664381724
1.667970388
1.671406058
1.688398878
1.662053758
1.664662764
1.66397483
1.666669139
1.667468591
1.669512827
1.667657176
1.669982903
1.672385327
1.669827127
1.686448575
1.68170864
1.684213684
1.67971783
1.6729771
1.676000363
1.679560306
1.684734881
1.671943893
1.68606687
1.686138868
1.683685528
1.669100569
1.672734753
1.676336313
1.647559613
1.650484641
1.646573898
1.653499228
1.645131684
1.657494704
1.658595887
1.662654772
1.644916801
1.666587557
1.66669753
1.670117992
1.645924073
1.647060526
1.649832577
1.653362266
1.657262906
1.658837835
1.667584678
1.662447129
1.666532448
1.68686996
1.673963367
1.676769729
1.676325187
1.678110922
1.68088893
1.683300927
1.682223735
1.685534084
1.687571526
1.684531745
1.681812723
1.678717552
1.668480129
1.689238675
1.685335856
1.69402634
1.695885333
1.681623395
1.696697985
1.696852774
1.664154546
1.672475052
1.668294984
1.675195244
1.654150424
1.652041111
1.658258468
1.648418881
1.66336138
1.645801288
1.668244898
1.669868657
1.674967823
1.644842581
1.678841567
1.677950791
1.682225726
1.644896862
1.646266745
1.649075395
1.652770165
1.65588013
1.678885153
1.660942333
1.684786615
1.685220539
1.687716245
1.687492628
1.689692451
1.692422647
1.694594621
1.694667574
1.697604684
1.682136784
1.678916896
1.663638487
1.698049923
1.694332824
1.692425429
1.69960495
1.700690559
1.689339985
1.701140699
1.700914825
1.659080827
1.670934964
1.668116399
1.663556743
1.675510202
1.687855132
1.663604354
1.660915758
1.655307154
1.668929978
1.650381351
1.674748209
1.646861314
1.679603418
1.681707544
1.686831071
1.645600613
1.688165682
1.690549678
1.644688822
1.645764903
1.648260436
1.65079377
1.655807807
1.688090784
1.682060742
1.692620626
1.694302679
1.694811141
1.696439549
1.69819608
1.699483418
1.700247901
1.679299581
1.658736152
1.695754224
1.694666502
1.696446484
1.693798857
1.697137169
1.697192698
1.691908558
1.695652571
1.697553013
1.654161796
1.664400857
1.667619279
1.672014998
1.659104907
1.676171005
1.674685157
1.671964536
1.665175999
1.65797586
1.67998157
1.65162219
1.684951962
1.688326386
1.689642808
1.691964383
1.645924139
1.649360404
1.692582077
1.693136512
1.644611852
1.645313097
1.646922918
1.651074418
1.691254115
1.691480898
1.67864764
1.69338452
1.69350439
1.695013784
1.695140235
1.695461628
1.695819989
1.654038695
1.686803323
1.689662092
1.686034151
1.686687033
1.690080685
1.686236684
1.683542281
1.686769007
1.684241908
1.649778639
1.663114921
1.659424391
1.667993956
1.673011212
1.654444902
1.683523435
1.683268834
1.684431285
1.6765007
1.668730481
1.661107623
1.688503194
1.656746103
1.690726635
1.691467133
1.691588089
1.689634013
1.650757937
1.646409893
1.68935998
1.687974761
1.644636382
1.64477921
1.647222635
1.68677248
1.689800059
1.674497396
1.686180647
1.686555573
1.683085224
1.685428067
1.684611691
1.649870872
1.672883818
1.675081847
1.680160294
1.672109085
1.671161111
1.667806764
1.671474528
1.667659988
1.668796343
1.646436143
1.663512755
1.658583268
1.654919332
1.668808889
1.650500613
1.669314762
1.674336036
1.651010241
1.689772193
1.690616211
1.685982256
1.67999517
1.672567942
1.667403392
1.691143492
1.659453723
1.689853898
1.687287958
1.685923235
1.679898804
1.652014719
1.647160453
1.678737791
1.675579855
1.645268569
1.644954047
1.679234562
1.683576884
1.669784621
1.671500875
1.66914069
1.671313123
1.670129436
1.647132056
1.657411312
1.659175251
1.662582585
1.655768962
1.651854716
1.653299836
1.653846225
1.652206925
1.649505644
1.65348225
1.645495849
1.645077433
1.664245271
1.659045093
1.654338169
1.64759813
1.652193796
1.658706984
1.66464223
1.65066791
1.648137738
1.691911508
1.691488125
1.690240652
1.689201987
1.683902926
1.679376486
1.671016956
1.68687625
1.661509692
1.681835771
1.675868762
1.673547739
1.665087832
1.653655664
1.649844159
1.663422925
1.659334956
1.646041666
1.670407854
1.674514507
1.664666235
1.655209159
1.652810165
1.654571741
1.645849392
1.643301297
1.645227638
1.647646178
1.639933534
1.639926565
1.640130107
1.637767496
1.638346251
1.639707877
1.640652979
1.646365312
1.647591944
1.659599707
1.654854647
1.646433085
1.641329214
1.644317201
1.649914221
1.655528999
1.650994739
1.648181712
1.647128068
1.691024869
1.693367749
1.686330413
1.682788893
1.692194565
1.689771493
1.683294603
1.673774532
1.676260076
1.663939553
1.668936591
1.660365044
1.661024419
1.655068028
1.648723634
1.658482605
1.651680612
1.647843187
1.644302357
1.660388613
1.662534531
1.664369568
1.659420787
1.641081185
1.639362764
1.647289232
1.633898326
1.635909644
1.637590849
1.633368572
1.633115128
1.632118878
1.632036086
1.632240592
1.632594903
1.632237075
1.650884191
1.654100071
1.655044119
1.648092794
1.637660146
1.635989148
1.639858259
1.64390297
1.648431027
1.648584802
1.651176685
1.648046851
1.648987273
1.635005013
1.683123524
1.690412401
1.694477737
1.675003066
1.669950728
1.695511438
1.692965404
1.686691339
1.676712965
1.661596807
1.670496756
1.652987173
1.646327074
1.644848749
1.640272606
1.636721189
1.661400245
1.636308412
1.634226074
1.651567965
1.649743436
1.655591025
1.654451014
1.632734524
1.652468202
1.633816425
1.6333578
1.633913571
1.632886995
1.633418509
1.632908064
1.632297071
1.631898225
1.632171351
1.631591057
1.659510142
1.66457298
1.651301157
1.653543615
1.637859558
1.636980217
1.63765973
1.639062264
1.641041622
1.643884176
1.6486671
1.648920585
1.651054605
1.654538631
1.637723273
1.662738564
1.680511904
1.669808796
1.689396677
1.693728577
1.660254117
1.654665121
1.69701016
1.696202137
1.688282265
1.694752563
1.683702749
1.646571744
1.67415218
1.639769099
1.635425473
1.634594823
1.632488668
1.631563956
1.631503529
1.63134369
1.643733789
1.644747142
1.648349258
1.650093603
1.661723882
1.639112997
1.638821927
1.638385074
1.640091979
1.639912417
1.638974299
1.638066474
1.639089178
1.6372404
1.63516777
1.671596757
1.677870984
1.663331938
1.641393881
1.641623991
1.643939866
1.644987224
1.641323286
1.6410027
1.642078011
1.651434996
1.648534599
1.657462259
1.648230159
1.666929785
1.672400142
1.674006482
1.636272016
1.677741473
1.665424177
1.654618323
1.684534352
1.692861957
1.645162069
1.641048543
1.697904146
1.699436757
1.697902492
1.695230077
1.687536794
1.635587931
1.632308621
1.631363062
1.63145264
1.632244316
1.633833326
1.633884127
1.642851302
1.643109471
1.643276005
1.644493924
1.647997183
1.674236327
1.648144888
1.647878308
1.650689229
1.649521087
1.650312386
1.649167317
1.650950373
1.648571513
1.64559728
1.646286436
1.685803297
1.691143192
1.678358074
1.648668
1.647278058
1.652980018
1.653725209
1.658789352
1.646109306
1.644064575
1.657564379
1.650790983
1.659323865
1.678412449
1.66670131
1.684963889
1.685846785
1.643303248
1.663619208
1.670185023
1.652667825
1.648292716
1.640119702
1.681596462
1.691375524
1.634590484
1.632771421
1.696283746
1.700733384
1.701579341
1.698342618
1.631269844
1.63217619
1.634508911
1.635583474
1.638959818
1.642750746
1.64428988
1.646402564
1.648674717
1.643938107
1.643592965
1.649205257
1.688858695
1.659363953
1.662940616
1.662202266
1.661058418
1.66515763
1.662746239
1.665299787
1.662829008
1.659748059
1.660323884
1.656679643
1.697577311
1.700657757
1.69138079
1.656867378
1.662235711
1.654509428
1.66552012
1.669824476
1.652560972
1.656268313
1.6708821
1.689085414
1.6777545
1.665125323
1.695526655
1.694952585
1.656554262
1.647870839
1.653988435
1.665945428
1.63945461
1.636181593
1.632186754
1.678264922
1.685341298
1.631142765
1.631685237
1.695176569
1.699366738
1.702722227
1.634522358
1.63854329
1.644263762
1.645781511
1.651106433
1.651743153
1.647727389
1.654182583
1.659664719
1.646736472
1.645577714
1.6547326
1.699288215
1.674684825
1.674785127
1.674523849
1.677985606
1.677764584
1.679810079
1.677597085
1.674848202
1.676259037
1.671355713
1.672375614
1.703167546
1.70298911
1.700117469
1.665202839
1.670931655
1.674577492
1.662388954
1.677551423
1.680704232
1.684602124
1.688426396
1.697526528
1.676196663
1.665009051
1.700408316
1.666343757
1.636125351
1.639862372
1.649708143
1.661742453
1.631945601
1.631115011
1.631862365
1.671072212
1.686257683
1.63508994
1.637199104
1.697599811
1.64459274
1.643003235
1.651276419
1.658267427
1.659880296
1.663181777
1.658104781
1.652643279
1.669568956
1.651170027
1.649935663
1.66420944
1.703026677
1.685470251
1.6861084
1.689260311
1.689782874
1.692400317
1.690761207
1.688725728
1.689734794
1.68604157
1.68216666
1.700602209
1.696299916
1.701912199
1.679018054
1.673253536
1.682681251
1.685602255
1.688288446
1.692183582
1.693525354
1.694014896
1.682930182
1.696627228
1.699022398
1.675542007
1.631319687
1.632039983
1.637122126
1.645977368
1.654016363
1.632159128
1.633725775
1.638644296
1.669139595
1.684739996
1.645269429
1.648853498
1.656154933
1.659008655
1.666444836
1.673686683
1.675148715
1.670076057
1.664593793
1.658406426
1.680482825
1.656553606
1.655920451
1.675833698
1.698751616
1.694789594
1.69822807
1.698282267
1.701474415
1.700911043
1.699768923
1.700888151
1.698506141
1.694526881
1.69013673
1.690182213
1.682851338
1.696322757
1.686192928
1.689700219
1.692069733
1.694515323
1.697665033
1.699053254
1.700490374
1.694249213
1.689870359
1.689878092
1.691376837
1.688383768
1.632716879
1.631459691
1.635134872
1.640410011
1.652366914
1.638485439
1.642854463
1.65097815
1.668101193
1.659908236
1.663669213
1.671591414
1.674736404
1.681820628
1.682148397
1.686900388
1.677074453
1.671367128
1.664715501
1.692523966
1.662515072
1.66764863
1.662892446
1.685631553
1.687326424
1.703400901
1.705211348
1.707020632
1.707175466
1.708414643
1.707394313
1.704884121
1.701536295
1.700550419
1.674827704
1.666415526
1.68436066
1.695639377
1.697920157
1.698820664
1.701636823
1.702605066
1.703680485
1.705808119
1.692102961
1.689450506
1.679141028
1.679335899
1.695359759
1.641159095
1.634256503
1.631855866
1.633218908
1.639736894
1.651793699
1.650541654
1.6566945
1.667292634
1.676196423
1.678701471
1.68684116
1.689267842
1.688359853
1.693094089
1.698157705
1.683646697
1.677826286
1.671111404
1.700645241
1.676852824
1.673562829
1.669699627
1.690817481
1.670806152
1.707641759
1.709328176
1.71080154
1.712212311
1.712479968
1.711503801
1.709681997
1.709178532
1.705820165
1.658012396
1.651123954
1.668261053
1.702298857
1.703469548
1.704728979
1.705180851
1.706509068
1.708020708
1.68954088
1.681189244
1.665705202
1.667725618
1.701127427
1.671712643
1.653919224
1.643218846
1.636002813
1.633378295
1.633704384
1.640051985
1.665276792
1.673092299
1.685504443
1.691745813
1.698517584
1.694241732
1.697407969
1.703091797
1.704796789
1.689240038
1.683459493
1.70582046
1.687844239
1.681821173
1.678460936
1.675605643
1.690059014
1.651991678
1.709790951
1.711488669
1.712934022
1.71412744
1.714591148
1.713916843
1.714100121
1.712517765
1.709434705
1.641930649
1.65451928
1.706211271
1.70646897
1.706090037
1.70653269
1.707353704
1.708738528
1.684149927
1.653863009
1.657117648
1.707403012
1.675773742
1.661812503
1.668281505
1.655980578
1.645453135
1.639847704
1.634382498
1.634748483
1.679686068
1.687006647
1.697948522
1.702679054
1.702448543
1.698447893
1.707973652
1.707122551
1.708643508
1.693332829
1.708538285
1.690758056
1.695656914
1.685026032
1.682150196
1.680138774
1.684274919
1.641270085
1.710402788
1.711595365
1.713314058
1.714653781
1.715327589
1.715200986
1.713920629
1.712477703
1.635998953
1.644519024
1.708141614
1.70697948
1.706567683
1.706536985
1.707248904
1.708555831
1.645320551
1.648853556
1.709483658
1.668303683
1.654118756
1.669745941
1.68156984
1.657850599
1.651139827
1.640741769
1.63521635
1.691824479
1.697994792
1.706135013
1.704621184
1.700505055
1.709738369
1.710448363
1.707908185
1.710255382
1.709531461
1.693645847
1.696846392
1.690039033
1.700909143
1.687110063
1.684666864
1.683295177
1.674879604
1.63700981
1.709115058
1.71112275
1.712861061
1.714092703
1.714501828
1.714795694
1.714124732
1.712613087
1.636261077
1.639244898
1.707976498
1.706913481
1.706091082
1.706062462
1.706931951
1.640684005
1.644515613
1.710497882
1.659539093
1.648137502
1.668600925
1.681260867
1.692287919
1.649828082
1.660788445
1.640774202
1.700718207
1.70536264
1.704811178
1.7108154
1.70947446
1.710968896
1.706617703
1.710295828
1.708932305
1.693583557
1.696464745
1.699813064
1.691013965
1.703322976
1.688673661
1.686505622
1.685326993
1.687633577
1.664747004
1.637895397
1.708661537
1.70671549
1.710359833
1.711731363
1.712316994
1.713522385
1.713346342
1.712879362
1.711747075
1.641168597
1.638600448
1.707466462
1.706111321
1.705416829
1.705570402
1.640412393
1.640855173
1.642311821
1.709270628
1.652155836
1.644383974
1.672360897
1.680720783
1.691184319
1.699892221
1.649460874
1.660783214
1.706129897
1.709505757
1.710304095
1.707431056
1.709934548
1.703842863
1.709383235
1.708388619
1.693091616
1.69510285
1.697678393
1.700645877
1.691319325
1.689557758
1.688871433
1.687035576
1.690307411
1.655539481
1.642844137
1.708018738
1.706620747
1.705279037
1.709224411
1.709805437
1.711188587
1.711267526
1.711401054
1.71088721
1.710399062
1.649047091
1.643580466
1.707140622
1.706147687
1.705206336
1.704864566
1.642151609
1.644502403
1.642556177
1.708955694
1.646896301
1.643084579
1.682288614
1.671597103
1.689719352
1.697951186
1.704081742
1.659607887
1.70756474
1.706600433
1.708136198
1.708085984
1.703794404
1.708182661
1.700202834
1.707734378
1.706665734
1.692677341
1.693805005
1.695392977
1.697537267
1.691527443
1.690301177
1.691358609
1.688915984
1.692102421
1.648487247
1.651023628
1.706265867
1.70718258
1.705318436
1.704525318
1.70764211
1.708801027
1.70887852
1.709286273
1.70904453
1.709181733
1.708845904
1.65830426
1.650809275
1.705759086
1.704949964
1.704457292
1.645859983
1.650356601
1.645060995
1.644095891
1.644090562
1.64361312
1.680858542
1.689996998
1.669598372
1.696060111
1.7019867
1.70584293
1.707530265
1.702413851
1.7047163
1.704996148
1.705695805
1.699219776
1.705889745
1.696616329
1.705052287
1.70464225
1.693136118
1.692758161
1.693702339
1.694826032
1.691999576
1.692778418
1.693208915
1.691147832
1.693617653
1.644248942
1.659610481
1.70577801
1.705125396
1.706037801
1.704465547
1.70385627
1.706638248
1.707074275
1.706932037
1.707386731
1.707272833
1.707611746
1.70782234
1.66742752
1.658572968
1.704128446
1.703788399
1.651143998
1.65719535
1.649305542
1.647379632
1.64460532
1.688317869
1.678469309
1.695836252
1.700327518
1.70426575
1.706455123
1.707016908
1.700629346
1.697765695
1.701168946
1.70227101
1.703013822
1.695406946
1.702412237
1.693918952
1.702489648
1.702429882
1.693094819
1.693346813
1.693178878
1.694396423
1.693716479
1.694708039
1.695051321
1.69342393
1.694517345
1.643647533
1.668040494
1.704780614
1.704988758
1.704188072
1.705400769
1.703478815
1.702651909
1.70572901
1.705724303
1.705997833
1.706066472
1.706443582
1.706831975
1.675897797
1.666333573
1.702402985
1.657623292
1.664597478
1.655494569
1.654208467
1.650944003
1.64749567
1.686346865
1.694692911
1.700279929
1.703199966
1.705622677
1.706665923
1.706720316
1.697341794
1.696676997
1.69435289
1.698543194
1.699527402
1.699276223
1.693113219
1.699543456
1.692662987
1.69982431
1.700139965
1.693816583
1.693495446
1.692868976
1.695816721
1.696184578
1.695082443
1.696530481
1.6960675
1.695740717
1.694837923
1.695288284
1.645699282
1.675743363
1.703686014
1.703949322
1.704451909
1.702816616
1.704843023
1.701582459
1.700628772
1.704930264
1.705249363
1.70545323
1.70587606
1.706326636
1.682327315
1.673946623
1.665198289
1.672096363
1.663134098
1.660509755
1.656813986
1.652210284
1.689968147
1.694589314
1.699939024
1.703611599
1.705375536
1.706736912
1.707096761
1.706909381
1.695247071
1.694340407
1.693872853
1.692713816
1.69617981
1.696028874
1.696713613
1.692487875
1.69670786
1.6928874
1.69721413
1.69783004
1.694822572
1.693781631
1.697084236
1.696537783
1.697444541
1.697329565
1.696808179
1.696124455
1.695331811
1.694813834
1.696421726
1.650222294
1.682847405
1.702400876
1.701986304
1.703198532
1.703857195
1.700357102
1.704106868
1.698822093
1.704670442
1.705052706
1.705675107
1.706290742
1.688786129
1.681241199
1.672618068
1.679330887
1.670183223
1.667191454
1.663271877
1.657793205
1.663090371
1.695818261
1.69970952
1.703777041
1.706388414
1.70732705
1.708017709
1.708039089
1.707299909
1.693721727
1.693179638
1.692887094
1.692699916
1.692748049
1.693588666
1.693929335
1.694275951
1.693320018
1.694164393
1.693574704
1.694266283
1.69466287
1.695577084
1.695416302
1.697256348
1.6969109
1.697664968
1.69767705
1.697502864
1.694350249
1.695444697
1.693437174
1.692943457
1.696920719
1.656418649
1.689619429
1.700026795
1.701224212
1.699371831
1.702296467
1.702705873
1.697111131
1.703727314
1.704278441
1.705318373
1.706302098
1.694869127
1.68807599
1.679576956
1.68624375
1.676955956
1.673686249
1.669745915
1.668139159
1.700897815
1.703982184
1.707033746
1.708794948
1.709140113
1.709431799
1.70867647
1.707317935
1.69256117
1.69277189
1.692982413
1.69307517
1.693336621
1.69410882
1.692364931
1.692209611
1.691594238
1.695003732
1.691706996
1.691440244
1.696013325
1.692350932
1.693701053
1.695715032
1.696628711
1.69730838
1.697415977
1.697536727
1.691012236
1.692930105
1.692951988
1.69072675
1.689678396
1.697261731
1.663483476
1.695786731
1.696817003
1.698375382
1.699891194
1.696079725
1.700696637
1.702414905
1.704109755
1.705783517
1.700138273
1.694960955
1.685910419
1.692360812
1.683030708
1.679598415
1.676009004
1.673851236
1.704935837
1.707405121
1.709601063
1.710619741
1.71056118
1.709995018
1.708445149
1.706470431
1.692975435
1.692280353
1.693333139
1.694299257
1.694508332
1.69509834
1.695897215
1.691600746
1.690880985
1.690147851
1.696622558
1.689793796
1.689698487
1.690652837
1.692627053
1.694125842
1.695491437
1.695831639
1.69673296
1.6972505
1.687996545
1.689836058
1.690472558
1.688158393
1.686398137
1.697228326
1.697361754
1.670252791
1.702622902
1.693282138
1.694758513
1.696703391
1.697750174
1.699840331
1.702075397
1.704290218
1.700071897
1.691106241
1.696813603
1.687978378
1.68455193
1.680958106
1.678765178
1.707606066
1.709820221
1.711161891
1.711405808
1.710915986
1.709295628
1.707068298
1.70452765
1.693478394
1.694480042
1.692401692
1.694893055
1.696113461
1.696277753
1.696768543
1.697180754
1.691614386
1.690338896
1.689187929
1.688504284
1.688518521
1.689321822
1.690204463
1.692480763
1.693063551
1.694464204
1.695619612
1.695908469
1.687524242
1.686398137
1.686398137
1.687546954
1.689578815
1.696736202
1.697307462
1.676015205
1.705823415
1.690963603
1.693137593
1.694442873
1.696695053
1.69926889
1.701877355
1.70289017
1.694720913
1.699381041
1.691534693
1.688235199
1.684716805
1.682470991
1.709302299
1.71084379
1.711205746
1.710658299
1.709796823
1.707264947
1.704514597
1.701631012
1.694185061
1.695394941
1.696346644
1.693449471
1.696695134
1.697470292
1.69748203
1.697524261
1.691830838
1.690213932
1.688772042
1.68797646
1.687844234
1.688225358
1.688669078
1.689786099
1.691413634
1.692851161
1.693305142
1.694639603
1.686398137
1.686398137
1.687361314
1.695903147
1.696869613
1.680360769
1.70707623
1.690345888
1.691491656
1.693548343
1.696075296
1.698779089
1.703939547
1.696733467
1.700432043
1.694067983
1.690596432
1.687200152
1.684967341
1.70922848
1.71008684
1.709059308
1.708232477
1.706596234
1.703883548
1.701101436
1.698230836
1.695556219
1.696187689
1.697201529
1.697672853
1.694123956
1.697789499
1.697672272
1.697446897
1.692558209
1.691820423
1.690216137
1.688936904
1.688088766
1.687800192
1.687959292
1.688677845
1.687236979
1.688577273
1.689694767
1.690190481
1.691581831
1.693209348
1.686398137
1.694725692
1.695933723
1.683365516
1.706444251
1.689539962
1.69107216
1.693168167
1.695565389
1.702890518
1.698701664
1.695027583
1.691618871
1.688679567
1.686752373
1.707396424
1.707671005
1.705545972
1.70464418
1.702599323
1.700083421
1.69756282
1.694990053
1.697040684
1.696086362
1.697505312
1.697752892
1.697672478
1.694821773
1.697280022
1.696293697
1.694053756
1.692547334
1.690985362
1.689700722
1.688868122
1.688759267
1.688475046
1.689000467
1.687278296
1.686398137
1.68741925
1.688402275
1.689922266
1.691374374
1.693180597
1.693655472
1.685374382
1.687766723
1.704246984
1.689849919
1.691129985
1.692930765
1.700800606
1.697414966
1.694378484
1.691738733
1.689481461
1.704245091
1.704089963
1.701415905
1.700586971
1.698666159
1.696620809
1.694807454
1.692490266
1.693251079
1.696982676
1.697235729
1.696322306
1.697346511
1.696461173
1.696088192
1.695735857
1.695042618
1.694669358
1.693374692
1.692037996
1.690967417
1.690675881
1.689661859
1.689920008
1.690082289
1.686398137
1.686398137
1.687461409
1.687803571
1.689927002
1.690469234
1.691960469
1.687124956
1.689625023
1.690344762
1.701132
1.690552
1.69135081
1.698201328
1.695577162
1.693474129
1.691737969
1.70044456
1.700018129
1.697545978
1.696868726
1.695412538
1.694055847
1.69298819
1.691799824
1.692290073
1.696483532
1.696386985
1.695894443
1.696185179
1.695693973
1.693829814
1.693307081
1.695763766
1.69511298
1.694256469
1.693303942
1.693110781
1.692154275
1.691652792
1.691537914
1.692047829
1.691390922
1.686398137
1.686398137
1.687721924
1.687605623
1.688952512
1.690065673
1.689133602
1.690985879
1.691668176
1.692208091
1.697815958
1.691442261
1.695675615
1.694064017
1.692985088
1.696777389
1.696385333
1.694636521
1.694215836
1.693435546
1.692908661
1.69272488
1.692534755
1.692763364
1.695079428
1.695100956
1.694274658
1.693257982
1.695481298
1.69288061
1.690619516
1.695487806
1.695407809
1.694999319
1.694909539
1.694424587
1.693949224
1.694126429
1.693742574
1.693191819
1.692759303
1.686398137
1.687482386
1.687661807
1.692730527
1.691456255
1.692976806
1.693117371
1.693182546
1.695122737
1.693937666
1.693378294
1.694574564
1.694290952
1.694227184
1.693619637
1.69313942
1.693073424
1.693034406
1.693304148
1.693776513
1.694208932
1.694218688
1.693656451
1.692671849
1.692484956
1.691112045
1.689978421
1.694397727
1.689807483
1.694676285
1.695282175
1.695429528
1.69556349
1.695526164
1.69575052
1.695614434
1.695242314
1.694698035
1.686398137
1.686398137
1.687325594
1.694431404
1.6936784
1.694502716
1.694182692
1.693744553
1.693526922
1.693425785
1.696049439
1.696041373
1.693221781
1.693131244
1.693095137
1.693360675
1.693487938
1.694124913
1.6948164
1.695394845
1.696064156
1.696067373
1.6908338
1.692010224
1.68976176
1.689418775
1.687870379
1.692444008
1.69404036
1.694453839
1.695229749
1.695806059
1.69616263
1.696542245
1.696646048
1.696445182
1.686398137
1.686398137
1.695916805
1.695411141
1.695106673
1.695670182
1.69496887
1.69412459
1.693442394
1.697211584
1.69694728
1.697067892
1.69360018
1.693604667
1.694056496
1.69470601
1.69503246
1.696117498
1.696476922
1.697021766
1.69735572
1.697274924
1.68921684
1.687988121
1.689648604
1.68730404
1.687338429
1.691690111
1.69223543
1.693452966
1.694587318
1.695102998
1.696035437
1.696786418
1.697203483
1.686398137
1.696305439
1.695445726
1.694868817
1.696510504
1.695594868
1.694525843
1.697483288
1.697797462
1.696766305
1.697649309
1.694984056
1.695045785
1.695695442
1.696378119
1.696663256
1.697462408
1.697584258
1.697651302
1.697403999
1.6971698
1.687228471
1.687113481
1.686398137
1.688995863
1.689475261
1.69073354
1.692176499
1.692703907
1.694160712
1.69531815
1.69636772
1.695414144
1.693598202
1.692858476
1.697140275
1.696138958
1.696473091
1.697355466
1.697864366
1.697897794
1.689597031
1.696575629
1.696680212
1.697170626
1.697526441
1.697629774
1.697553111
1.69741495
1.696849257
1.695964962
1.695422057
1.686398137
1.686398137
1.687118886
1.687163709
1.687936654
1.68934033
1.689771642
1.691215802
1.692726183
1.693599482
1.694112996
1.69271048
1.690714857
1.697396003
1.697898666
1.695604294
1.696741343
1.69756853
1.687925096
1.686398137
1.697664772
1.697666905
1.697692688
1.697468557
1.697298586
1.696193861
1.69579568
1.69467448
1.693312119
1.692718276
1.686398137
1.686398137
1.687176521
1.687312968
1.688166364
1.689686334
1.690374458
1.692768568
1.690612821
1.690002647
1.688043414
1.697826095
1.697446295
1.694411198
1.695891728
1.686398137
1.687809795
1.697517463
1.697364591
1.696667556
1.695875216
1.69545421
1.693610265
1.693043023
1.691559075
1.690057601
1.68980836
1.686398137
1.686398137
1.687313125
1.687559771
1.689778738
1.691483053
1.687704052
1.686398137
1.696812478
1.695632504
1.693231613
1.695925189
1.695476039
1.693774161
1.693114948
1.69188171
1.690283678
1.689904777
1.688413445
1.687516075
1.68745006
1.686398137
1.686398137
1.687396995
1.688237929
1.690028372
1.686398137
1.694521601
1.69280472
1.693199241
1.692702404
1.690481514
1.689900679
1.688434176
1.687530627
1.687461901
1.686398137
1.686398137
1.686398137
1.687382832
1.689693108
1.69148586
1.689942318
1.689773234
1.687595535
1.687427211
1.686398137
1.686398137
1.686398137
1.687321598
1.68866752
1.687320203
1.687464104
1.686398137
1.686398137
1.686398137
1.686398137
