1.685825163
1.685825163
1.685825163
1.688329084
1.685825163
1.689825395
1.685825163
1.690402467
1.689406956
1.68937807
1.690800458
1.690509756
1.685825163
1.689352661
1.688545323
1.68770901
1.687344748
1.685825163
1.685825163
1.685825163
1.690000893
1.68725515
1.690103489
1.690081991
1.685961039
1.68522327
1.686298161
1.686399311
1.687634634
1.689940527
1.689596906
1.685825163
1.68781433
1.685182023
1.688615801
1.689646788
1.686502097
1.685300825
1.684452025
1.688405723
1.689559754
1.690597626
1.685825163
1.690420485
1.685825163
1.685825163
1.685545973
1.6842567
1.686473908
1.688025291
1.687711871
1.689467623
1.686392706
1.685115388
1.691677802
1.691943626
1.689534995
1.6905243
1.689006098
1.689854259
1.6893542
1.685825163
1.685825163
1.685825163
1.685825163
1.684191798
1.685028944
1.685915924
1.692173336
1.69024593
1.691253393
1.688602502
1.686136569
1.692622339
1.692849403
1.685825163
1.686358093
1.68961231
1.687126531
1.689976081
1.690435149
1.689986787
1.689452854
1.685162727
1.684796275
1.684537922
1.693248598
1.692626515
1.693651503
1.69281328
1.693743541
1.690162295
1.693680161
1.688245197
1.69082128
1.691315398
1.691669827
1.688926369
1.685825163
1.684784159
1.686913169
1.688508245
1.689389008
1.689308901
1.68926898
1.686853137
1.685645642
1.684581041
1.691904455
1.693653454
1.694545019
1.695089093
1.694707598
1.694312582
1.69208463
1.690596031
1.690038263
1.689809061
1.690145593
1.689874873
1.685825163
1.689687415
1.688802805
1.685825163
1.685825163
1.684498893
1.685375349
1.686072104
1.686361389
1.686834996
1.688466362
1.689244164
1.687457422
1.685321106
1.688724028
1.692048105
1.693293485
1.693651196
1.693849504
1.694167879
1.693674841
1.693133034
1.688978996
1.689264346
1.689610863
1.690754207
1.691025708
1.685825163
1.69025572
1.689402559
1.688556992
1.688141417
1.684751613
1.684485322
1.684054979
1.683978142
1.685264945
1.692063318
1.692371587
1.687159895
1.691021284
1.690034885
1.690599372
1.691286321
1.692580305
1.694428752
1.694686549
1.688381192
1.6880903
1.691598946
1.689609171
1.69167898
1.692315095
1.692463824
1.688968081
1.689307595
1.689093696
1.685080022
1.68684825
1.686045112
1.684766355
1.683553993
1.68336519
1.694613625
1.694199644
1.689932824
1.693145865
1.688098826
1.688473852
1.689725355
1.692167347
1.693762747
1.69446146
1.688643513
1.688049792
1.693175665
1.693350706
1.693218945
1.691077201
1.692711889
1.692802872
1.693020051
1.686721639
1.687209353
1.68402345
1.684972798
1.685761681
1.688763073
1.686807004
1.685004551
1.685779985
1.694754272
1.694840382
1.693695098
1.687673714
1.687928441
1.689479039
1.688427937
1.691115422
1.692102651
1.692726513
1.690623865
1.68975874
1.693872295
1.69451997
1.69404344
1.692033694
1.691758658
1.69134651
1.691957963
1.692831138
1.685296141
1.685543464
1.685752915
1.692167269
1.690233502
1.688954112
1.688079405
1.693733379
1.695055479
1.695279777
1.688930764
1.68959909
1.689130806
1.689179999
1.689634221
1.689811629
1.690724219
1.693346419
1.692416731
1.693970619
1.695072483
1.695337963
1.691011484
1.69107635
1.690983445
1.691197552
1.691957568
1.687680851
1.687876816
1.694513414
1.693017263
1.691410637
1.690231332
1.693149235
1.690153698
1.694895476
1.695527391
1.691818493
1.691133733
1.688959079
1.690191374
1.688516843
1.688233046
1.688516206
1.695025183
1.69434922
1.691175315
1.693597242
1.694618825
1.695021912
1.691634809
1.691661136
1.692560556
1.691003087
1.691915083
1.690509567
1.690093992
1.69095122
1.694986533
1.693621775
1.692192043
1.692215045
1.689519235
1.693681846
1.694148223
1.693468013
1.692346452
1.690241548
1.68920987
1.688758898
1.688651051
1.694561263
1.694932932
1.68969043
1.689818116
1.692125754
1.692821341
1.693216086
1.69298194
1.692834947
1.693201969
1.691691137
1.690710459
1.689911249
1.691834665
1.693610378
1.692602108
1.690724132
1.689043794
1.6914435
1.691887279
1.694097537
1.693129181
1.69222952
1.691391228
1.690330046
1.68928676
1.693914708
1.693456951
1.689234651
1.689053175
1.690132283
1.690432015
1.690959135
1.693615067
1.693340106
1.693126096
1.693241861
1.692681078
1.691787643
1.6906779
1.690610063
1.691399618
1.689049797
1.689764583
1.690231836
1.689679822
1.694495829
1.693681611
1.694664774
1.694382399
1.693323504
1.691527092
1.69165063
1.691641764
1.689611143
1.688877801
1.689143943
1.689392519
1.693300094
1.693976618
1.693348252
1.694181385
1.692648356
1.692747547
1.692426572
1.693900877
1.693079173
1.691815574
1.690029271
1.690158486
1.689350238
1.689778547
1.690317924
1.691918782
1.690810587
1.69491398
1.693071498
1.695602962
1.695418259
1.694136634
1.69392251
1.689680101
1.690403152
1.690281726
1.689697705
1.689409897
1.689115273
1.692381721
1.692248833
1.694122063
1.692773393
1.694582917
1.692500031
1.692293776
1.694527702
1.693898229
1.692611537
1.693954525
1.691080044
1.690767252
1.691313377
1.692795121
1.692359981
1.694273216
1.69178221
1.694919116
1.695064027
1.693931136
1.694327898
1.689019995
1.689578645
1.691833252
1.691303186
1.690615363
1.689739788
1.691659541
1.6913377
1.693401983
1.691754648
1.693817528
1.691862175
1.692787151
1.693010518
1.694090779
1.693534024
1.693617944
1.693762514
1.692775459
1.692664891
1.693503848
1.693339913
1.691776675
1.693054203
1.693502237
1.69362647
1.693680684
1.689014436
1.689299883
1.693395223
1.69297657
1.69209287
1.690685753
1.690945392
1.690533065
1.691519411
1.692199809
1.693217828
1.691590481
1.692552454
1.693558066
1.692265878
1.692381077
1.694022214
1.692988836
1.693278489
1.693180962
1.690334974
1.69139138
1.692295423
1.692846396
1.689276497
1.691200434
1.689273953
1.694287697
1.694194752
1.693485991
1.690566693
1.690179379
1.690414688
1.690544369
1.693520335
1.693289792
1.691783987
1.692731362
1.693524455
1.690662459
1.691223303
1.693027214
1.692261477
1.692209559
1.689976761
1.690905362
1.691691322
1.693412104
1.690307472
1.692506038
1.690297519
1.694020291
1.694618006
1.694711758
1.690586583
1.692012411
1.690130334
1.689712974
1.689902532
1.693406816
1.69357077
1.693549754
1.693274001
1.693026437
1.692914319
1.689753558
1.690713099
1.691949949
1.691417207
1.69148288
1.690724967
1.691154777
1.691553043
1.694463175
1.692070609
1.693791241
1.69196952
1.693142902
1.694112407
1.694708717
1.693262325
1.691250435
1.692785099
1.690749762
1.689755674
1.690293553
1.693233976
1.693533635
1.693752137
1.693825043
1.692545878
1.692480729
1.692631743
1.689547734
1.690078022
1.690082364
1.690989239
1.691851823
1.692252513
1.69185073
1.694770671
1.693933765
1.693214801
1.692072053
1.693174052
1.694123429
1.693777908
1.69350883
1.692404689
1.692087853
1.691430923
1.691661898
1.692909003
1.693219109
1.693471728
1.693674794
1.692532671
1.69227978
1.692358001
1.692128155
1.692173131
1.68976427
1.69095238
1.689905967
1.690366549
1.692951609
1.693024594
1.694516004
1.694117984
1.693604178
1.691118089
1.692263094
1.693570494
1.693851224
1.693746661
1.693453887
1.693277066
1.692849657
1.692334428
1.692531415
1.692723051
1.693088674
1.69289739
1.692712338
1.691955138
1.692187624
1.691702137
1.69160105
1.690532475
1.692013745
1.690325114
1.690283843
1.693440824
1.69381604
1.69358729
1.690672947
1.692082292
1.691279267
1.692842551
1.693729354
1.694045462
1.694216186
1.69354545
1.694124698
1.69160537
1.6916124
1.691697549
1.692588226
1.693187036
1.693062641
1.692557363
1.692730311
1.691735417
1.692235817
1.691430604
1.69123051
1.692057838
1.691348837
1.690984348
1.692980503
1.693001575
1.691168928
1.691946433
1.691642669
1.692454159
1.693698321
1.693157697
1.693677801
1.69409058
1.694213495
1.691056173
1.690880993
1.691361154
1.69071541
1.691641736
1.692104834
1.692334249
1.692598335
1.692971006
1.692875884
1.692668009
1.692007426
1.691580045
1.691546814
1.693043915
1.692594884
1.692355492
1.692594056
1.692299042
1.692213078
1.69261202
1.694033111
1.693972487
1.692100908
1.692790554
1.693482245
1.693168272
1.691273026
1.691035942
1.690617803
1.690704676
1.690514124
1.692036351
1.691934877
1.692376277
1.692799906
1.692911929
1.692246395
1.692682842
1.692044424
1.692242277
1.692512533
1.693820396
1.693652639
1.693427308
1.693106491
1.693062346
1.693125812
1.693816033
1.693712933
1.693969088
1.691160694
1.690401074
1.692570213
1.691893847
1.691728021
1.690351384
1.692031556
1.691825286
1.691225445
1.690566724
1.690509843
1.691212029
1.69088802
1.691863787
1.691923147
1.692232231
1.692522933
1.692810248
1.69296539
1.692877586
1.691940029
1.69180514
1.692863578
1.693140852
1.693086
1.694069255
1.694041282
1.6938151
1.69375168
1.69385443
1.69390283
1.693383195
1.693125346
1.692033283
1.690295521
1.691165766
1.690847036
1.690800847
1.69170814
1.692939445
1.691912317
1.692766879
1.691200763
1.691375532
1.691783264
1.691824448
1.691978457
1.692254703
1.692569915
1.693043243
1.69280768
1.692979019
1.693167062
1.691796036
1.691969124
1.691751046
1.692086057
1.693455896
1.693374698
1.693510044
1.69325887
1.693606668
1.693788894
1.693497109
1.693344464
1.692503414
1.692078443
1.691322034
1.691037421
1.690638393
1.691359962
1.692245805
1.692376429
1.692869112
1.692349317
1.692055812
1.693494773
1.69204394
1.692743491
1.693372029
1.691988257
1.692180545
1.692498206
1.692942307
1.693191904
1.691830664
1.691724609
1.691945392
1.692057167
1.692357428
1.692660569
1.693061385
1.692912175
1.693090145
1.692192404
1.69178746
1.691968289
1.691722376
1.69361811
1.693232178
1.693272134
1.693061807
1.692683242
1.693144616
1.692897982
1.692082189
1.691700722
1.691412519
1.691392708
1.692636106
1.691614903
1.692851099
1.693078149
1.692826247
1.693180315
1.692944896
1.693705436
1.693692182
1.692692916
1.693740122
1.693614502
1.693332606
1.692666341
1.692716039
1.693058572
1.693428124
1.693258439
1.693427709
1.691695192
1.691831442
1.69172606
1.692134667
1.691988114
1.691945267
1.692494546
1.692737896
1.692911763
1.692896407
1.692336277
1.692030653
1.691849414
1.691762277
1.691717154
1.69352366
1.693140723
1.692707134
1.692904168
1.692754038
1.693274193
1.692510614
1.692865139
1.69248582
1.691994061
1.69167033
1.691662075
1.693173144
1.692360135
1.692293607
1.69351637
1.693489433
1.693400307
1.693361291
1.693662949
1.69360502
1.693125221
1.693697337
1.693744759
1.693511351
1.693072549
1.693220638
1.693318806
1.693584219
1.693567905
1.693472913
1.693469892
1.693577424
1.691701036
1.691758619
1.691849159
1.692207791
1.692073067
1.692275629
1.692010867
1.691693926
1.692577564
1.692730008
1.692713475
1.692398503
1.692172224
1.691912887
1.691790839
1.693057424
1.69254398
1.692480593
1.692136223
1.692527589
1.692428143
1.692531194
1.693496892
1.693570258
1.693161996
1.692897691
1.692443171
1.692215116
1.693423959
1.692875756
1.693102808
1.6936118
1.693630075
1.693602156
1.693443129
1.692980404
1.693388288
1.693524148
1.693738945
1.693746836
1.693639898
1.693409577
1.693420105
1.693559205
1.693527818
1.693626284
1.693579281
1.693516067
1.693621287
1.6936228
1.693615072
1.693601299
1.69361892
1.693570795
1.6918082
1.691738815
1.691717423
1.691929221
1.69215182
1.69225246
1.692334107
1.692098003
1.691750679
1.69170415
1.691712191
1.692532708
1.692535002
1.692365543
1.692228783
1.692053187
1.691910361
1.691831953
1.692200545
1.692392969
1.692021267
1.691752758
1.691704001
1.692264016
1.691991315
1.692203201
1.692287857
1.692360431
1.693448528
1.693488159
1.69353106
1.693646983
1.693395461
1.693306318
1.69300493
1.693371204
1.693405748
1.693361212
1.693332205
1.69357029
1.693613907
1.693149789
1.692805265
1.693076032
1.692199207
1.693307975
1.693003616
1.693644182
1.69360683
1.693526724
1.693665578
1.693755994
1.69374024
1.693623939
1.693575705
1.693649761
1.693620578
1.693648851
1.693637961
1.693478496
1.693447739
1.693520622
1.69356528
1.693625429
1.693576066
1.693449682
1.691944083
1.691878702
1.691799063
1.691770023
1.692066853
1.692220673
1.692322989
1.692386855
1.692192253
1.691759499
1.691714958
1.691714883
1.692380421
1.692319912
1.692208523
1.691845182
1.69206306
1.691934353
1.692058366
1.691583348
1.691782986
1.69181738
1.691749772
1.691536269
1.691460901
1.691502098
1.69197797
1.692110809
1.692161816
1.69334018
1.69328264
1.693260864
1.693692001
1.693528207
1.693216364
1.693487348
1.693069202
1.693197011
1.692970764
1.692749917
1.693416218
1.693244173
1.693115073
1.692513959
1.69267583
1.69262814
1.691713781
1.693593759
1.693299695
1.69299419
1.693654156
1.693732063
1.69352363
1.693681985
1.693757853
1.693713091
1.693706063
1.693685123
1.693668785
1.693673657
1.693686361
1.693304274
1.693284227
1.693258879
1.69299598
1.69347455
1.693453212
1.693269127
1.693442097
1.6917621
1.692031568
1.691973016
1.691886205
1.691866249
1.692163327
1.692433621
1.692305793
1.692401131
1.692282479
1.691770502
1.693369136
1.69242859
1.691729042
1.692189025
1.692118668
1.692047533
1.691835698
1.691934903
1.692420043
1.691957184
1.691192547
1.691333582
1.691428108
1.691614505
1.691286086
1.691332217
1.691981455
1.691403797
1.691836447
1.691934303
1.692938437
1.692965177
1.692943712
1.693158613
1.693155208
1.692648453
1.692630963
1.692737315
1.692815092
1.692553835
1.692427794
1.692302542
1.692692333
1.692669828
1.692904583
1.692645537
1.692062088
1.69228682
1.692269204
1.692225635
1.692033224
1.691337209
1.691099885
1.693568958
1.693286571
1.692988816
1.692636029
1.693594951
1.693662212
1.693754528
1.693517725
1.693687117
1.693737625
1.693735701
1.693727456
1.693721169
1.693705522
1.693685992
1.693700844
1.693655014
1.692981419
1.693067937
1.693016209
1.69271382
1.69322859
1.692996423
1.692927883
1.693220583
1.693409925
1.693043252
1.692131863
1.692077173
1.69199839
1.692260907
1.692477202
1.692384244
1.692464382
1.692368871
1.69575287
1.695970049
1.69260681
1.69444823
1.694866165
1.693739894
1.697721612
1.691990659
1.692018235
1.691932269
1.69192024
1.69194865
1.693621558
1.692419296
1.69481108
1.692795612
1.6911193
1.691196066
1.691466671
1.691591768
1.691904985
1.691792466
1.691231191
1.69131427
1.69181241
1.691392945
1.691640312
1.691073706
1.692550346
1.69258526
1.692327681
1.692328821
1.692546929
1.692292972
1.692308674
1.69239228
1.692173853
1.692087499
1.692094587
1.692444742
1.692424705
1.692136034
1.692142377
1.692388023
1.692249795
1.692234088
1.691584333
1.691835369
1.69167217
1.69103311
1.691007897
1.6913225
1.693456549
1.693261811
1.692919663
1.692406648
1.692513989
1.693463502
1.693587257
1.693677695
1.693318884
1.693528498
1.69367855
1.69371211
1.693688143
1.693681709
1.693715152
1.693613946
1.693652572
1.693554594
1.692739486
1.692712526
1.692423104
1.692963029
1.692940664
1.692707305
1.692690046
1.692675471
1.693169786
1.692893809
1.69324293
1.693561583
1.69595644
1.692239966
1.693457113
1.692201399
1.692360592
1.692515769
1.692451717
1.692502057
1.692452333
1.699109495
1.699192287
1.699191724
1.69543196
1.696610426
1.699991621
1.701881179
1.691852419
1.691876546
1.691815675
1.692405213
1.696962798
1.698945993
1.697395073
1.695268015
1.695416108
1.691159302
1.69146806
1.691790211
1.691611922
1.691678227
1.691286362
1.691380362
1.69171243
1.691445232
1.691514154
1.691227691
1.691162903
1.69217131
1.691940851
1.692113901
1.692260208
1.692162197
1.691942134
1.692019133
1.691901591
1.692045876
1.691850369
1.691949727
1.69210341
1.692109894
1.692128849
1.691737761
1.691862107
1.691880837
1.691587209
1.691861484
1.691205557
1.69184711
1.702443202
1.691225177
1.690952155
1.691261059
1.690961536
1.691101545
1.690963108
1.693256649
1.69510481
1.692996852
1.703022806
1.717126501
1.696777109
1.697475248
1.693575537
1.693480115
1.693531902
1.693577717
1.693628365
1.706362979
1.703645271
1.700121206
1.692397816
1.692438011
1.692131971
1.692656766
1.692649186
1.692616773
1.692524645
1.692370482
1.692435961
1.692376159
1.692904856
1.693002108
1.693557064
1.695788322
1.695799802
1.699219984
1.692351875
1.696425432
1.69407659
1.696397241
1.692684062
1.692771433
1.692787446
1.693376999
1.695016863
1.703333641
1.703774165
1.699694327
1.705192703
1.707141521
1.69176327
1.693047833
1.693606201
1.696173511
1.702113472
1.702626474
1.7053262
1.701241506
1.700346779
1.69150534
1.691717914
1.691573337
1.69163944
1.691412769
1.691512651
1.691675602
1.691578752
1.69161056
1.691638484
1.691379844
1.691324435
1.691572256
1.691711974
1.691853436
1.692311841
1.69220077
1.691706976
1.691773094
1.69178206
1.692114896
1.691946188
1.691844233
1.691843608
1.691778525
1.691562752
1.691636587
1.691535565
1.69149298
1.691241054
1.69090362
1.69102112
1.711039457
1.723957929
1.690810723
1.691284759
1.690876422
1.691032687
1.690848457
1.690872874
1.697443429
1.701641785
1.714894478
1.733642175
1.729192665
1.724120218
1.705589369
1.721010338
1.702935255
1.710306836
1.712397827
1.714897496
1.710679228
1.692101329
1.692129316
1.691630642
1.691834366
1.693800034
1.692321777
1.692374666
1.692264483
1.69428325
1.692036357
1.692336306
1.691962099
1.692150032
1.692047005
1.692216477
1.692203347
1.691981366
1.697170041
1.69623682
1.698972377
1.699044521
1.705482486
1.70238459
1.694322757
1.699173695
1.696567576
1.699105929
1.698380675
1.695712894
1.695197661
1.695786308
1.698539233
1.708059845
1.708664956
1.707943794
1.711711171
1.712651494
1.693521954
1.697629938
1.697597876
1.703244057
1.711705405
1.711375699
1.711013764
1.712472966
1.692978332
1.691626958
1.691663209
1.691719372
1.691534624
1.691613753
1.691715359
1.69174698
1.691768969
1.691805505
1.691833549
1.691661585
1.691580097
1.691512659
1.691573923
1.69159729
1.692421405
1.692296043
1.69165421
1.691692978
1.691831465
1.691987136
1.692233273
1.692093227
1.691605956
1.691470315
1.691495861
1.691475107
1.6914545
1.691571208
1.714016678
1.695182027
1.695366589
1.690858525
1.727651234
1.733546279
1.690844184
1.690785345
1.690981126
1.690916729
1.691254891
1.691510934
1.691030467
1.691047979
1.702537385
1.707207439
1.72914586
1.738848348
1.738490713
1.735315372
1.733499901
1.712427189
1.730422744
1.724263486
1.723941652
1.721765907
1.717348635
1.691829004
1.691805044
1.691575213
1.698189742
1.698887982
1.691991939
1.695793965
1.69315476
1.692034826
1.691796944
1.692067799
1.6916824
1.692134045
1.692025746
1.691890787
1.691710628
1.702136557
1.700224052
1.701991783
1.702754566
1.702743182
1.706627521
1.701200929
1.698924296
1.701749997
1.700974504
1.701923278
1.699976327
1.699138916
1.702311128
1.71315237
1.711598559
1.716202169
1.717239652
1.717705016
1.712383406
1.699118354
1.704085102
1.718969479
1.719431527
1.719747649
1.718493984
1.691734827
1.691752744
1.691888316
1.691889414
1.691796976
1.691924976
1.691967648
1.694313464
1.701533901
1.692025799
1.692049208
1.692079474
1.692060172
1.691887306
1.691968051
1.691687567
1.691680836
1.692506702
1.692396245
1.691834886
1.692107669
1.692270881
1.691956906
1.691796739
1.69140724
1.691394285
1.691348331
1.691375477
1.691454748
1.691641402
1.71976951
1.70329853
1.741841067
1.734995031
1.691134242
1.705543996
1.691944243
1.691398218
1.691175673
1.691542062
1.691352742
1.691676153
1.691450199
1.706580447
1.711086556
1.734055351
1.736473197
1.740944219
1.738333563
1.743296322
1.715906224
1.732456411
1.729574708
1.726407835
1.72121519
1.691576092
1.691593612
1.691508798
1.691575243
1.691409063
1.696499095
1.701865136
1.700108329
1.69689499
1.691783559
1.691792176
1.691518387
1.696725694
1.69420049
1.691727356
1.705493648
1.704291655
1.705071571
1.706251067
1.705763462
1.710511501
1.704962031
1.705185056
1.704576965
1.705324957
1.704840065
1.704652908
1.704040772
1.705430577
1.706886375
1.717164949
1.715472869
1.721768663
1.722249121
1.72232441
1.712578915
1.725057117
1.725287579
1.723447949
1.718892934
1.691916226
1.696017146
1.692157968
1.692080011
1.692251129
1.692123497
1.692174712
1.692322314
1.692302907
1.7047161
1.709628334
1.692324143
1.692349237
1.69241355
1.692355733
1.692127069
1.692350343
1.691966919
1.692029679
1.692554634
1.692450115
1.69218291
1.692357582
1.691946363
1.692193896
1.692092368
1.691311941
1.69130249
1.691319846
1.691296905
1.691339986
1.69145219
1.691531934
1.691766095
1.692024189
1.719761404
1.723903552
1.744739512
1.738081084
1.696788146
1.710286255
1.691725534
1.701554025
1.691681621
1.691870952
1.691986736
1.746193922
1.710033496
1.714441809
1.735304297
1.740072772
1.738241918
1.742164868
1.732384667
1.71876259
1.729477491
1.724135953
1.691377734
1.691418375
1.69434079
1.691371456
1.691276383
1.691268447
1.69926793
1.703547303
1.700891766
1.706645708
1.694295538
1.693172131
1.696911333
1.700328171
1.698402409
1.696876765
1.70950557
1.707822035
1.7100199
1.709103579
1.715657667
1.708137057
1.708665913
1.708505564
1.707092838
1.708274979
1.70917487
1.708903945
1.72063995
1.721230663
1.726203583
1.726724493
1.726043096
1.712679297
1.728611555
1.718295935
1.727832962
1.724105638
1.692108376
1.69677266
1.692153689
1.692363394
1.692327576
1.698049902
1.70365395
1.692616184
1.692624968
1.692878684
1.692580143
1.692617287
1.692652312
1.707841845
1.692665932
1.692689109
1.692714106
1.69254794
1.692799689
1.692865908
1.692278506
1.692357939
1.692562428
1.692537006
1.692497828
1.692396063
1.692469043
1.692200115
1.69224849
1.692320082
1.692452473
1.691214748
1.69126362
1.691235394
1.691362155
1.691468484
1.6913185
1.691494178
1.69165677
1.691900065
1.692408026
1.692184676
1.731021571
1.748539766
1.743257455
1.71522018
1.707567615
1.692134695
1.69251827
1.692565684
1.744875614
1.749627341
1.75166182
1.713288279
1.717324339
1.73760168
1.735275093
1.739312882
1.730873494
1.721525287
1.726334197
1.698472863
1.691372292
1.694910481
1.692019066
1.70239728
1.703985533
1.707173346
1.701761297
1.699391915
1.70262531
1.703775154
1.702048672
1.710731425
1.713992451
1.710751975
1.714020236
1.712455116
1.721624393
1.711209286
1.71161547
1.71277896
1.712354576
1.710049471
1.710786298
1.725825134
1.728812296
1.730442409
1.730908253
1.730656331
1.7124411
1.731722863
1.718848456
1.723904394
1.729031501
1.69710773
1.692596891
1.698270811
1.703444047
1.692857256
1.692918548
1.692994772
1.693212432
1.693486437
1.693029855
1.693120519
1.693096333
1.705489364
1.693102513
1.693084695
1.693165942
1.693116255
1.693486119
1.693394656
1.693484941
1.692484729
1.692519157
1.692558905
1.692560084
1.69254751
1.692524855
1.692543581
1.692476636
1.692569104
1.692596668
1.692532839
1.691237905
1.69127675
1.691628112
1.691418931
1.691578524
1.691386447
1.691771891
1.691808196
1.69203179
1.692576367
1.692419853
1.692257675
1.733351527
1.747759657
1.717836232
1.72500792
1.713214524
1.706841982
1.693965338
1.742191572
1.748686264
1.755382967
1.754172881
1.717085578
1.720613674
1.736334284
1.733665839
1.728769104
1.724323446
1.702203939
1.698598205
1.694940847
1.694780705
1.705403496
1.705974149
1.707828031
1.706153298
1.705299097
1.708436141
1.707446212
1.710963673
1.714664422
1.717628609
1.71317589
1.716864168
1.718336769
1.72809654
1.715083899
1.718489274
1.716280912
1.713363568
1.713130275
1.732926655
1.737432072
1.736318114
1.733698055
1.734821515
1.711563442
1.733370521
1.71826868
1.724376993
1.729566082
1.697505909
1.699996733
1.700396784
1.694282479
1.693234034
1.693297091
1.699748596
1.69351713
1.693961437
1.693969453
1.694052232
1.693825221
1.693672378
1.693753797
1.705105166
1.693677452
1.696976627
1.694190848
1.692599764
1.692590424
1.692541232
1.692565235
1.692576939
1.692586222
1.692676756
1.692674576
1.692658617
1.692706339
1.692770224
1.694116069
1.692054707
1.691327393
1.691381943
1.691765389
1.691537234
1.691727606
1.691514402
1.69199707
1.691976222
1.692204986
1.69271639
1.692455817
1.692696104
1.692593743
1.692411898
1.735104806
1.746969903
1.729653206
1.722139539
1.714300825
1.738943877
1.756390926
1.746507745
1.754521704
1.759640038
1.721417479
1.724559699
1.731993521
1.72772025
1.735862783
1.702103347
1.697713628
1.706413478
1.696270589
1.710723064
1.708772931
1.711017447
1.712656245
1.713248018
1.717916152
1.715079727
1.715701754
1.722852502
1.723069077
1.734414377
1.720704902
1.724622172
1.719615651
1.718147231
1.742334836
1.74430876
1.742817312
1.738297241
1.735523982
1.711454612
1.733306653
1.718120008
1.728340605
1.723764252
1.712337602
1.731071784
1.694677974
1.69354991
1.693628478
1.725194065
1.697469428
1.700605832
1.69391274
1.709486464
1.701300638
1.707213882
1.694141979
1.695882045
1.694327256
1.694285822
1.704704273
1.694189272
1.719751538
1.708890068
1.692638959
1.692619056
1.692542518
1.692507
1.692566714
1.692593732
1.692738338
1.692707021
1.692672712
1.692784129
1.692801023
1.692829395
1.692331141
1.693872083
1.691479632
1.691945468
1.69191343
1.691710204
1.691670127
1.692194608
1.692171824
1.692396382
1.692822371
1.692596931
1.692724115
1.692592834
1.742097034
1.75223226
1.738924334
1.731939764
1.743544776
1.761934476
1.753314306
1.762376057
1.725580591
1.72991168
1.732492977
1.740142761
1.710254336
1.699883056
1.704090322
1.695898465
1.713876773
1.712913965
1.717021973
1.71494994
1.718538868
1.715312611
1.722296311
1.716693677
1.719457964
1.729030394
1.742714816
1.728705542
1.725900411
1.725248142
1.752531762
1.757664744
1.74365809
1.736498056
1.73278581
1.709175447
1.727488931
1.717083314
1.721988939
1.693782273
1.693888495
1.739054243
1.735810847
1.696058858
1.698947884
1.694176841
1.720565007
1.720376266
1.719854292
1.694431363
1.714069853
1.696946346
1.706326543
1.700719145
1.701631371
1.694582664
1.733563387
1.692468745
1.72328154
1.692636782
1.692595783
1.692514733
1.69255447
1.692740246
1.692693114
1.692640397
1.692759445
1.69376492
1.69281642
1.692877857
1.692872768
1.692912379
1.69238711
1.69214471
1.69194891
1.692395338
1.692365548
1.692759116
1.692913723
1.692743488
1.6941515
1.765357415
1.758893599
1.749566738
1.75780026
1.745271071
1.750518214
1.768648893
1.768969926
1.760388556
1.73125076
1.738414051
1.748633216
1.707712348
1.711838748
1.69804359
1.701130601
1.695120894
1.718079231
1.718286984
1.719572419
1.716643759
1.723254749
1.719674599
1.727841825
1.718947003
1.724854016
1.745524265
1.732940537
1.734686768
1.732695008
1.731658663
1.751688722
1.764469405
1.739881442
1.727045481
1.735339768
1.702454728
1.709263553
1.720803633
1.713266935
1.694095632
1.724949253
1.748683972
1.748152993
1.698946906
1.697648821
1.696917059
1.695645389
1.732679999
1.732770939
1.70112818
1.717462718
1.710501966
1.707734245
1.700880689
1.701597285
1.746571754
1.692428666
1.735433169
1.692589623
1.692534169
1.692482769
1.692695293
1.692699497
1.692636462
1.692573939
1.692765992
1.693923861
1.692836239
1.692935059
1.692900248
1.694534323
1.693179634
1.693325303
1.693715064
1.695618026
1.695361992
1.77069994
1.765473934
1.756065999
1.760275754
1.775545183
1.771272719
1.739135351
1.760263627
1.749983958
1.695289196
1.705274848
1.708770362
1.699517242
1.696822097
1.711967656
1.721989388
1.724043029
1.717492264
1.73359664
1.735106271
1.725931809
1.69524518
1.722443744
1.747415929
1.738492018
1.739093378
1.737816003
1.752489551
1.76654958
1.734574559
1.72380182
1.703345463
1.704033375
1.712095153
1.726905162
1.761432393
1.760596971
1.701139238
1.70060421
1.745901455
1.745387551
1.708638495
1.72979004
1.719881336
1.714227396
1.704922669
1.70647637
1.762051815
1.692384356
1.709898483
1.747519425
1.739288675
1.692509311
1.692446234
1.692485476
1.692681973
1.692612152
1.692623975
1.692549036
1.692767786
1.694836565
1.692858522
1.69429964
1.693747098
1.696351942
1.695536673
1.695772488
1.69769724
1.776711286
1.784319264
1.772849633
1.791690743
1.769784689
1.778798448
1.752501047
1.769161912
1.696340955
1.705197232
1.701803365
1.698015152
1.710304498
1.722459876
1.728658372
1.715813356
1.749057104
1.740256904
1.730690032
1.733620656
1.69657824
1.696472306
1.730324368
1.742062858
1.742752722
1.740757244
1.747458516
1.754128222
1.755332385
1.720152314
1.728041563
1.710942911
1.706091251
1.705333117
1.774471699
1.706003231
1.759343806
1.757918058
1.733019579
1.714714561
1.722261616
1.711916933
1.713419926
1.776698413
1.789048443
1.692336231
1.717055738
1.722437914
1.760163758
1.746857162
1.692407623
1.692444653
1.692661956
1.69258431
1.69253582
1.692469689
1.693113995
1.694016627
1.697578904
1.694166074
1.695859433
1.695564917
1.698362698
1.699739737
1.698976243
1.804885601
1.796315616
1.808128291
1.795258281
1.779076223
1.77879796
1.765654634
1.697414537
1.704183101
1.699612463
1.710102061
1.719745359
1.704807048
1.751208807
1.721322498
1.740751203
1.734094634
1.697953983
1.698253987
1.700349077
1.742341675
1.756754277
1.736284089
1.74154889
1.752027325
1.736022212
1.738857848
1.717708219
1.710018705
1.713064712
1.706112531
1.732713022
1.771604683
1.722538849
1.721608795
1.793482866
1.810766535
1.692281008
1.731840456
1.741298772
1.783583898
1.773156611
1.759789375
1.692339997
1.692371151
1.692419985
1.692700912
1.692502555
1.695101104
1.694714733
1.695608456
1.701349843
1.695818979
1.70167888
1.697296557
1.700180237
1.832000292
1.828494939
1.809095386
1.791404863
1.775938535
1.698579355
1.700278768
1.699428461
1.701298321
1.710956426
1.714507358
1.706286902
1.765880163
1.720391561
1.741872439
1.730383583
1.70022059
1.703464492
1.703204706
1.780351893
1.760868198
1.73387746
1.760675975
1.727645433
1.728638848
1.717651463
1.710867024
1.710350439
1.718688055
1.818617965
1.692240879
1.741860805
1.754823572
1.795025726
1.779470802
1.840662365
1.692302486
1.692903479
1.692882088
1.696831092
1.693841078
1.696338506
1.696349313
1.703619505
1.69726548
1.700957369
1.698923692
1.697902739
1.859924921
1.848064331
1.833632638
1.815853999
1.791175992
1.701179466
1.699808685
1.70337383
1.70212832
1.702653957
1.781438503
1.715694567
1.710961115
1.707341549
1.719648583
1.748461906
1.72815022
1.706234261
1.705609871
1.709610393
1.803697667
1.779838305
1.776929182
1.815850595
1.734014113
1.721436265
1.732084339
1.715383805
1.718444262
1.73048628
1.835750013
1.846442328
1.816736127
1.692245065
1.759954125
1.77438918
1.796370283
1.84838476
1.694430325
1.695535726
1.696243467
1.698121562
1.696886979
1.697805992
1.700788036
1.698879083
1.699046565
1.699334531
1.880123985
1.872957945
1.853295845
1.855332217
1.819927013
1.703284462
1.706172651
1.704185777
1.70460286
1.770516019
1.7130954
1.707977364
1.723711399
1.707641956
1.704651134
1.701913375
1.708807178
1.713380522
1.821732404
1.771242736
1.854560063
1.733333391
1.727833335
1.746829269
1.72910193
1.750063252
1.846086901
1.831152142
1.868932167
1.829522162
1.84338538
1.818083647
1.781831952
1.69520849
1.783913763
1.8061806
1.844000898
1.697284627
1.698260233
1.699118841
1.699772012
1.700954927
1.699540913
1.701105934
1.700339679
1.885758205
1.884597823
1.877028614
1.861482446
1.805621763
1.707282541
1.711604486
1.711032165
1.708761551
1.711913561
1.725235668
1.713353534
1.703941605
1.702470805
1.705846458
1.71000568
1.715284192
1.714015661
1.789594287
1.744021102
1.823815584
1.778677732
1.800609677
1.767495765
1.776381108
1.802903299
1.813189862
1.826910752
1.825947245
1.801679359
1.832509946
1.895300649
1.880332811
1.833216916
1.863332669
1.697468974
1.827040413
1.886146182
1.699936043
1.701273009
1.702939802
1.701315864
1.70251657
1.921982687
1.880196397
1.807485466
1.73871913
1.715387494
1.714876948
1.717226059
1.720486839
1.702960951
1.703855983
1.704848056
1.707387271
1.711505511
1.717137882
1.779415637
1.832648937
1.781881038
1.835852996
1.788283411
1.851987321
1.825317694
1.840789629
1.804272069
1.833522573
1.82954372
1.852621919
1.872575831
1.926833896
1.97325544
1.942070749
1.911623891
1.949479027
1.863111165
1.816848775
1.699461861
1.899157124
1.91818579
1.701142662
1.704231715
1.705708104
1.704825158
1.896759573
1.811241144
1.769625161
1.742141404
1.715896155
1.716038562
1.720065878
1.705251265
1.706399495
1.707573617
1.710663049
1.71474502
1.714443399
1.718283499
1.843311465
1.871295175
1.849299729
1.837510847
1.902190828
1.913056051
1.901214069
1.854517329
1.805173237
1.81215341
1.854492694
1.920896062
1.883316461
1.872771662
1.909960029
1.910429862
1.883652014
1.843040715
1.948166882
1.949238409
1.703259389
1.706489388
1.709189543
1.709009212
1.823284065
1.759644425
1.740306524
1.723738319
1.71950085
1.708815176
1.709731907
1.710808679
1.71536413
1.720050158
1.723100407
1.905786248
1.911053607
1.939059364
1.890851653
1.901827473
1.934018315
1.9731238
1.928231457
1.832358882
1.826458991
1.932226183
1.823611773
1.926166325
1.946317245
1.905385001
1.910626453
1.913516144
1.909503416
1.814405749
1.948230162
1.814608477
1.705975728
1.709652935
1.714177235
1.754437926
1.738201681
1.736128572
1.731766237
1.715133608
1.713983356
1.719971884
1.729226525
1.980696823
1.954180891
1.936396155
1.904963679
1.900475676
1.939638611
1.963669581
1.951802146
1.890293627
1.863521952
1.955868859
1.851338023
1.951948468
1.915575592
1.838148969
1.886437751
1.933181341
1.842167296
1.763792909
1.83421594
1.709407695
1.713091065
1.714301951
1.718525486
1.762716309
1.768182865
1.757543661
1.741095345
1.721451573
1.721278236
1.724357878
1.726852455
1.958330243
1.987869342
1.906057601
1.897748894
1.921070764
1.922686807
2.008599776
1.909381503
1.986136422
1.99210415
1.894333414
1.896248575
1.914690799
1.838691361
1.849200628
1.908719363
1.78213753
1.797030159
1.813666059
1.714214148
1.717087276
1.723958297
1.784940806
1.75479979
1.733937741
1.731899684
1.728449708
1.916821853
1.946638096
1.92451173
1.909880508
1.920147396
1.84204185
1.988404101
1.956003843
1.990612755
1.903090798
1.893255804
1.903637266
1.895322704
1.869648
1.904162415
1.781679596
1.788496694
1.774760525
1.720903927
1.725092591
1.735405747
1.744652474
1.745869408
1.750224058
1.738639892
1.934904334
1.955678365
1.955466831
1.92110015
1.856215977
1.78697025
1.963525503
1.989979206
1.943741762
1.9554081
1.930563064
1.889342664
1.903199222
1.922637474
1.925160578
1.937698708
1.759369099
1.761640569
1.727118206
1.733579879
1.744679
1.743828099
1.764499553
1.778592603
1.767820153
1.949452466
1.942700477
1.960655173
1.931383032
1.823653262
1.791839497
1.970931726
1.965201292
1.932545372
1.935436666
1.932665446
1.945676208
1.956641397
1.937500278
1.943080882
1.951037634
1.751482988
1.74060475
1.763027853
1.772964514
1.771068126
1.785631354
1.793767181
1.767074136
1.977388026
1.966743869
1.974054448
1.887742856
1.816976554
1.960871643
1.943127066
1.939332533
1.94992979
1.951021761
1.9340106
1.971531223
1.975355605
1.794582597
1.776093383
1.746923743
1.773033333
1.793844961
1.781715051
1.780582248
1.96144487
1.978842673
1.845250866
1.904656563
1.964428717
1.963717392
1.976259928
1.97780832
1.988066008
1.981846401
1.952115545
1.793303982
1.793965908
1.749836666
1.767360862
1.774349315
1.822776059
1.975041842
1.97479981
1.821939798
1.909389866
1.9856416
1.974597696
1.962456645
1.975102037
1.975167094
1.9592752
1.944122098
1.780040012
1.764425354
1.76814895
1.855232012
1.777630931
1.989905546
1.947252936
1.872025493
1.978871463
1.948915456
1.943425938
1.950720476
1.94420427
1.938218965
1.765492248
1.798321988
1.857295705
1.766809784
1.781469963
1.96776979
1.940885764
1.949345555
1.921223414
1.942009742
1.930484339
1.932417623
1.784583854
1.895480894
1.7905495
1.760951249
1.959288067
1.937036306
1.911291704
1.922435895
1.921628185
1.91679491
1.754956938
1.823212828
1.768286938
1.984561502
1.917803406
1.905221384
1.907417554
1.885407701
1.773323839
1.76503184
1.821718001
1.876523556
1.941177953
1.909340406
1.911808208
1.824687093
1.806328844
1.850063442
1.860881598
1.897513966
1.904157372
1.89674931
1.860915523
1.857478654
1.853147729
1.862195656
1.959781356
1.920780183
1.870523153
1.85593161
1.91801374
