1.908286068
1.902176774
1.932542761
1.917793464
1.894396466
1.891889823
1.934565837
1.922010772
1.902282468
1.937852299
1.895464263
1.947972409
1.895773697
1.891742337
1.9151834
1.936500863
1.891017229
1.936526596
1.931325699
1.914690063
1.901419202
1.939176944
1.938781193
1.94860021
1.956386049
1.94061902
1.898471555
1.89667272
1.892177105
1.894821971
1.909075279
1.933962558
1.899367872
1.942371846
1.939597337
1.928450927
1.935727554
1.914443441
1.93921245
1.941055557
1.941805529
1.945957922
1.95026222
1.871445251
1.8802007
1.894779716
1.901915751
1.873494687
1.909272044
1.912259921
1.923777109
1.940494804
1.943778161
1.945078218
1.941081632
1.953135906
1.942795453
1.946774161
1.951905445
1.956488366
1.961370981
1.969735913
1.965153917
1.841784136
1.845430166
1.87818135
1.883374337
1.901514621
1.917440154
1.853787605
1.934308129
1.954008013
1.944650085
1.946951659
1.951085857
1.95612765
1.96401866
1.95212974
1.956081833
1.956387914
1.957848203
1.962865554
1.971711806
1.966294546
1.976508029
1.980512279
1.822848004
1.817749209
1.836206275
1.863725784
1.893521527
1.919729641
1.942917841
1.838031519
1.96803875
1.953592479
1.94955297
1.954549708
1.956903404
1.962501827
1.965846083
1.973809179
1.960360825
1.961154229
1.96387117
1.968709951
1.973207197
1.979002163
1.980342227
1.978059014
1.982756019
1.9852879
1.990384026
1.810614319
1.802550165
1.808087301
1.875047425
1.84975647
1.907197207
1.934376802
1.970408281
1.828709489
1.95778326
1.963721338
1.959543152
1.96294224
1.966844284
1.973160115
1.978465948
1.973850421
1.969242225
1.973533022
1.981359363
1.984571995
1.991746234
1.988787803
1.986766538
1.98731912
1.988562462
1.991176635
1.989798761
1.986575757
1.936814484
1.975220186
1.968375884
1.805124936
1.795873594
1.795095894
1.855826212
1.887348388
1.831306329
1.919432853
1.958307953
1.814527431
1.968166906
1.968790111
1.97498702
1.971328754
1.977312003
1.976981036
1.98257399
1.984967931
1.976580722
1.965462774
1.980760223
1.987669512
1.996287907
1.99807499
1.997754742
1.997869138
1.993124668
1.992423647
1.990167321
1.979863568
1.972046522
1.920277213
1.939098959
1.954505104
1.967863017
1.96263078
1.916509518
1.798964244
1.797057618
1.793055178
1.876677584
1.8444397
1.90157466
1.82013225
1.936706334
1.805953036
1.981218065
1.980220992
1.97897374
1.98504057
1.983337801
1.984520708
1.986975657
1.985502488
1.978577095
1.956066264
1.937772272
1.991055361
1.995673918
1.997822697
1.998881924
1.996338872
1.994221307
1.990207679
1.985931923
1.97796897
1.96911003
1.963427412
1.913187614
1.924539871
1.95847221
1.945993901
1.961028623
1.918100081
1.927118415
1.933521536
1.79784774
1.798358035
1.802035949
1.879507666
1.858026473
1.830343733
1.910118881
1.809378721
1.800045734
1.991245143
1.98891848
1.989286913
1.984974392
1.992237223
1.992166099
1.994717559
1.966025087
1.946587447
1.918860895
1.902803245
1.993730005
1.991307402
1.991288005
1.984699605
1.981673502
1.978659064
1.973464925
1.97268001
1.965496382
1.960062483
1.957808855
1.915378687
1.910517409
1.932292392
1.955676644
1.947650164
1.919488975
1.929737762
1.930730906
1.932984626
1.797907811
1.801714665
1.934475159
1.802085513
1.88435073
1.865083205
1.843128558
1.819238105
1.804399943
1.7977753
1.998452098
1.998926611
1.99773403
1.992099857
1.965853708
1.997376311
1.994703424
1.989376188
1.931322296
1.911853966
1.886620603
1.875185502
1.983407477
1.983175143
1.976643136
1.9720961
1.968994027
1.964883472
1.962241939
1.956481306
1.954748291
1.952148127
1.907998641
1.920255683
1.907649223
1.93673491
1.944412337
1.920219391
1.926680335
1.942401625
1.796840747
1.806746077
1.80511029
1.940807774
1.806973768
1.865916202
1.849261757
1.830765267
1.810892329
1.799707341
1.795542086
2.000557593
2.001915018
1.9925194
1.997790447
1.975832172
1.92938661
1.99269098
1.986839336
1.978168466
1.887088927
1.861573707
1.852752695
1.975035587
1.970917369
1.966729556
1.963939835
1.95998889
1.957835887
1.953395497
1.953049754
1.951204278
1.911508468
1.900244809
1.925859204
1.905128129
1.93773356
1.941421664
1.914857846
1.933125798
1.955868996
1.957528669
1.794152506
1.804882945
1.9559639
1.959977992
1.95098551
1.803095377
1.84542793
1.830930064
1.817430225
1.804182474
1.799083317
1.793968691
1.99135128
1.998493963
1.995586941
1.971098619
1.992238608
1.942761198
1.895241564
1.98654538
1.978488116
1.972990171
1.860618735
1.83726884
1.831411327
1.97105146
1.965318913
1.963110821
1.958386386
1.952558188
1.95033984
1.947030065
1.928464665
1.906955708
1.894112563
1.899550743
1.936908625
1.938500634
1.929677672
1.949416324
1.96231935
1.793286576
1.798892567
1.958870089
1.952741982
1.941984741
1.94197195
1.948511897
1.942247146
1.792499798
1.826923694
1.816163724
1.809452796
1.802333821
1.79752951
1.792283332
1.995078323
1.965048122
1.997747812
1.992106751
1.933806555
1.986145491
1.906962157
1.860028486
1.984626991
1.979919052
1.981128058
1.836852715
1.819972046
1.815788045
1.977144187
1.978008538
1.970876787
1.959761998
1.955727186
1.947697838
1.935258904
1.916194821
1.892733436
1.887875902
1.907032675
1.937823704
1.943225834
1.932983739
1.951264624
1.949525261
1.789513966
1.790299431
1.943085469
1.93839547
1.942436184
1.952629
1.951222661
1.938408359
1.782768038
1.812415391
1.807712829
1.800324175
1.797408079
1.793898285
1.998946977
1.981499586
1.929938848
1.99471978
1.98911415
1.891170151
1.991178097
1.866254182
1.833324026
1.989712599
1.993073905
1.993250176
1.818609714
1.811100632
1.806981958
1.999122431
1.989193997
1.976906318
1.966997374
1.961053903
1.918246534
1.937604489
1.89687569
1.880307392
1.885932164
1.907029127
1.939200858
1.960430683
1.928405693
1.934594706
1.930412749
1.790494501
1.789066979
1.923253815
1.939942588
1.962269676
1.957427037
1.914386287
1.776317967
1.80665952
1.806256046
1.803540777
1.801324721
1.797599105
1.987706241
1.992942591
1.947222137
1.895943777
1.991134171
1.993898681
1.857947091
1.995905028
1.836234178
1.811539918
1.99790056
1.999690565
2.011450015
1.801816964
1.799135694
1.801578323
2.009332606
2.001735312
1.985555393
1.986807669
1.898660727
1.931901797
1.878090767
1.872479997
1.884172896
1.910924484
1.961819873
1.982709028
1.922376706
1.917965007
1.930089376
1.785231414
1.794662242
1.919289903
1.957129871
1.970747992
1.899111217
1.913542543
1.77811027
1.792503099
1.773356417
1.803253029
1.804566779
1.804632532
1.800141817
1.801960973
1.960975497
1.978807685
1.986005115
1.914411793
1.865963141
1.986742326
1.986613985
1.837085887
1.827196939
1.985738778
1.809392377
1.993724533
2.004875799
2.014822667
1.787569589
1.785986933
1.791543052
2.017990506
2.005921927
2.004017166
1.878515308
1.950638562
1.863048145
1.867559478
1.891120426
1.914135794
1.983609334
2.003537828
1.911372224
1.91103586
1.938927772
1.786642143
1.922150089
1.960196373
1.89068593
1.925028624
1.774988905
1.789661884
1.780381062
1.858192881
1.769025561
1.797852032
1.800129272
1.799371224
1.798688196
1.790639504
1.920524228
1.954772613
1.975401123
1.979982113
1.877007839
1.840395295
1.976861942
1.973541815
1.814283578
1.80424932
1.978301632
1.985140337
2.007931001
1.993168544
2.014431597
1.777435946
1.777890079
1.788253792
2.011458399
2.009115843
1.871889131
1.859627166
1.97393925
1.878367613
1.906322753
1.912989468
1.999213003
2.010138063
1.906122696
1.915584037
1.938824465
1.777259913
1.923332511
1.897857687
1.946115122
1.770193767
1.779346977
1.789156053
1.7734959
1.856538927
1.871182184
1.762241379
1.794205671
1.794904097
1.791607253
1.787688585
1.778630523
1.92096521
1.886546386
1.953273919
1.97112627
1.970811046
1.847830674
1.816945935
1.96834703
1.969162946
1.79852619
1.973934517
1.982669508
2.002504336
1.994933067
2.00817704
1.7707761
1.782096155
1.771055177
2.015101781
1.878348419
1.859092414
1.980898376
1.898802266
1.904241825
1.901044393
1.99910629
2.014935984
1.91922951
1.926684987
1.766379347
1.77074674
1.911917281
1.948707155
1.775593804
1.782683388
1.791437784
1.770383175
1.853636753
1.864224827
1.885562821
1.757837362
1.752911954
1.791684489
1.789556855
1.78122188
1.77380382
1.767098929
1.930347789
1.892618176
1.859736852
1.948723959
1.966384108
1.965672453
1.828094044
1.804658922
1.962319228
1.964447369
1.96908271
1.978225906
1.986291739
2.003964124
1.767119431
1.775905775
1.765639036
2.013168231
1.88464537
1.863154029
1.974269363
1.895434733
1.890961853
1.906913829
1.995695545
2.009015451
1.923181288
1.759012839
1.919217105
1.945001508
1.778012035
1.78422951
1.792743995
1.804047994
1.771568652
1.85339642
1.851246051
1.86729826
1.881972256
1.746760962
1.742644316
1.78573619
1.775410533
1.767411178
1.760349192
1.757344131
1.913109483
1.932960987
1.877243184
1.844093711
1.937916916
1.945915011
1.947275398
1.954147848
1.815703157
1.955016173
1.95515199
1.96218012
1.969925786
1.996167615
1.76683635
1.766758029
1.763786778
1.997284
1.865731352
1.896854749
1.96971559
1.879181837
1.885467317
1.90207325
1.991263573
1.995731059
1.750550764
1.932683157
1.949735781
1.794588076
1.784409719
1.800910373
1.804887983
1.81028311
1.776110642
1.84616429
1.854848544
1.855603633
1.868053174
1.873028934
1.787970495
1.862988077
1.742261012
1.737835275
1.73478113
1.769123679
1.761565677
1.752813371
1.750755581
1.749858816
1.926213748
1.898312023
1.934678644
1.861662967
1.832660023
1.93502197
1.935259472
1.938836407
1.947128175
1.948723552
1.949501579
1.95418069
1.975084238
1.769349249
1.760466207
1.766523538
1.980463266
1.874319296
1.903648131
1.972359989
1.867816237
1.878014541
1.984055335
1.98642546
1.933845812
1.952037931
1.804256177
1.797561331
1.80772276
1.809474664
1.814990497
1.827711696
1.778205689
1.845612873
1.844654597
1.854076778
1.862169473
1.859354608
1.786188453
1.77808604
1.851928911
1.858444725
1.735297366
1.740729436
1.731455845
1.72914452
1.756206063
1.750040472
1.745186125
1.744708068
1.744738495
1.916858117
1.930998357
1.881232108
1.934893467
1.846966414
1.93604548
1.933933548
1.935453691
1.937217455
1.944197655
1.944119173
1.956560939
1.770996093
1.759466066
1.76823449
1.964401676
1.883147972
1.908223301
1.968072418
1.862304815
1.983826819
1.976755195
1.92198852
1.945163783
1.802614991
1.790525633
1.808438609
1.809114485
1.820236538
1.837200772
1.77296032
1.842680703
1.852567255
1.843772065
1.84738611
1.868524312
1.773916802
1.771642053
1.764582721
1.853556873
1.846918422
1.857342944
1.733898318
1.730888853
1.737159584
1.727153432
1.725376314
1.751136517
1.745917938
1.740400941
1.738315045
1.900602171
1.929311907
1.941678837
1.86578865
1.946250762
1.941467765
1.935082437
1.931667507
1.932234363
1.939496112
1.944144576
1.93644446
1.767964489
1.756517329
1.760861993
1.952865359
1.880380273
1.888608237
1.893337716
1.971313016
1.858131671
1.975779457
1.954155235
1.911851452
1.941891448
1.782703025
1.791126679
1.796844198
1.814240828
1.834355424
1.859210669
1.762364889
1.847456256
1.838363027
1.859654783
1.839640132
1.762919324
1.769791132
1.759961922
1.754199974
1.854608501
1.845668347
1.729773352
1.730493718
1.727757703
1.732502759
1.724068214
1.722380711
1.74952007
1.741768922
1.73546361
1.925263403
1.890984105
1.950201767
1.954056915
1.945980507
1.938870358
1.93054912
1.929113767
1.929523045
1.93362786
1.758939186
1.75304886
1.751133588
1.934926596
1.866613304
1.877358386
1.872208158
1.880577732
1.948012313
1.862536492
1.950792691
1.934745109
1.900619896
1.919665498
1.778670239
1.787792082
1.805367556
1.82635869
1.848684826
1.878787382
1.754832052
1.854990299
1.840253893
1.840180104
1.758741791
1.765807655
1.77503684
1.754005831
1.747562576
1.860065686
1.852666312
1.84547273
1.727706717
1.7244471
1.725465383
1.725760167
1.73061346
1.719663234
1.721414309
1.743769552
1.736696178
1.913691166
1.951400027
1.967962167
1.961003893
1.950519878
1.938088044
1.930655018
1.926108473
1.925598994
1.748610127
1.744115532
1.742510058
1.921879773
1.857065448
1.865177716
1.854758918
1.853330822
1.86715922
1.903117147
1.922060344
1.868842337
1.926487389
1.91551653
1.884145707
1.786888599
1.806649717
1.836085771
1.870127231
1.913579152
1.745442801
1.845771705
1.840885203
1.767515524
1.758630216
1.777977053
1.788915758
1.74940614
1.742518364
1.864302028
1.853563639
1.84574483
1.724406893
1.725645645
1.722522042
1.721337543
1.72090298
1.73141345
1.719051605
1.716328972
1.718277226
1.721949082
1.726639172
1.71917431
1.717594936
1.719071037
1.736082964
1.952249351
1.969239945
1.969290133
1.959687388
1.948001116
1.938089866
1.930605622
1.921224279
1.741284351
1.737172094
1.736719764
1.910008846
1.843849948
1.845381213
1.833738068
1.837696694
1.854490929
1.881478731
1.870453048
1.898740086
1.867289336
1.897708448
1.894075776
1.805864147
1.832858851
1.869991978
1.913264849
1.94836192
1.739340919
1.846515995
1.765881408
1.778182697
1.751037836
1.792490915
1.803647686
1.743055376
1.738266721
1.859991628
1.852165776
1.848178256
1.721968253
1.722703552
1.719880033
1.730113348
1.718418223
1.717315808
1.71524084
1.716007928
1.714737328
1.717106036
1.719510613
1.726506636
1.722650087
1.71735306
1.71729851
1.715746306
1.716025487
1.731517482
1.964299547
1.963450455
1.951703518
1.943068935
1.936453656
1.931394908
1.923825888
1.736611896
1.733779726
1.732643424
1.915216167
1.895677963
1.837504798
1.849306262
1.826851673
1.819915743
1.827444304
1.850349705
1.852443792
1.863947411
1.87594126
1.858380007
1.869110998
1.867950957
1.826554538
1.862822859
1.899954389
1.929362509
1.947675122
1.735330838
1.753427009
1.770289633
1.785258481
1.743534439
1.800669554
1.824410865
1.737076583
1.734399273
1.855184604
1.851342144
1.852384703
1.720175557
1.717023973
1.71360883
1.713931664
1.714947478
1.713403509
1.852880282
1.837294083
1.724270393
1.79965164
1.717912371
1.729178212
1.719639181
1.72176007
1.714963347
1.715729559
1.713799406
1.713826608
1.73170165
1.955279156
1.945133055
1.930067921
1.922611808
1.916251219
1.920862795
1.730550669
1.728473601
1.902689046
1.878969041
1.838038373
1.849844604
1.817488571
1.809961787
1.817141269
1.833594964
1.843597352
1.85397875
1.853166839
1.848834142
1.85127362
1.853952361
1.883434053
1.918228881
1.937586638
1.936357248
1.730433685
1.743733574
1.7595526
1.779887967
1.736946235
1.821680842
1.851008673
1.730931397
1.726416005
1.853289324
1.854196826
1.715883021
1.71207815
1.712297204
1.712237861
1.71260343
1.714017606
1.712383538
1.850607043
1.818324147
1.818608609
1.726916117
1.724475277
1.819374147
1.797190336
1.723729088
1.71083337
1.711662951
1.717484648
1.72682839
1.719750649
1.722582753
1.712798687
1.713623532
1.711693475
1.711240298
1.935160655
1.926225774
1.911906851
1.899110936
1.898808408
1.723381028
1.722452562
1.876559697
1.855002955
1.829660769
1.845741564
1.808126403
1.792368421
1.804221878
1.804300413
1.822635471
1.83194349
1.848708231
1.82563039
1.827650697
1.883830792
1.911709706
1.926047906
1.928702193
1.917133658
1.737083492
1.750338425
1.768453191
1.731169746
1.843245679
1.86849101
1.725408703
1.721387413
1.854008929
1.85105677
1.715366691
1.710686048
1.71050937
1.710673581
1.710938151
1.713426044
1.845179846
1.797531011
1.797522571
1.723539255
1.837819137
1.813103324
1.78673257
1.719504811
1.709256167
1.709968026
1.71321753
1.711254639
1.709469606
1.720017674
1.778374306
1.742283208
1.717582177
1.71936016
1.719912163
1.71777721
1.71063602
1.709171942
1.708318229
1.708815099
1.912410949
1.905828051
1.887692733
1.876287978
1.718116396
1.853663835
1.833148866
1.81206911
1.835075026
1.791923588
1.779333001
1.786363314
1.784295958
1.800432556
1.806889329
1.838709732
1.800867828
1.802711225
1.887829748
1.902211482
1.902987812
1.909936971
1.905732606
1.895474162
1.732331166
1.756939447
1.726919629
1.864681248
1.722262061
1.718481523
1.847299769
1.838424289
1.715403966
1.708748559
1.708290746
1.708508311
1.838279592
1.777192218
1.851390654
1.821656933
1.797706928
1.773607394
1.716938244
1.70825564
1.707817216
1.709377178
1.715379949
1.713342873
1.711159279
1.707531583
1.716042162
1.767598855
1.761736605
1.73625802
1.74446757
1.707716986
1.724680707
1.707747992
1.717683179
1.715190578
1.715364372
1.713634376
1.707347841
1.708204846
1.707208427
1.707459516
1.707374449
1.887494328
1.870878623
1.861355962
1.715096362
1.835369653
1.812035978
1.81664737
1.799631819
1.780064611
1.767155938
1.773788317
1.776255347
1.783769218
1.826544963
1.777223413
1.784161449
1.885195749
1.873327213
1.882058471
1.886131619
1.891144281
1.888771536
1.871162913
1.730761063
1.751340488
1.719591525
1.716342646
1.831287059
1.81866508
1.707719045
1.707624593
1.7075932
1.70755935
1.825468693
1.758714712
1.85411911
1.828268816
1.802721165
1.782098846
1.764059597
1.707763024
1.707696074
1.709072019
1.715335789
1.713254746
1.710957365
1.7129994
1.754146773
1.763811222
1.748834146
1.738185955
1.72215903
1.726270407
1.707634238
1.707653202
1.707539482
1.707610691
1.71281086
1.713010892
1.713338363
1.711425414
1.71116228
1.707251769
1.707280252
1.707142791
1.707480295
1.70738352
1.851193919
1.843774951
1.714730501
1.819666223
1.800079263
1.787107258
1.803498779
1.786021798
1.767481996
1.756935822
1.756197439
1.763789211
1.8058655
1.75855385
1.765635867
1.862369893
1.867108108
1.863809495
1.872195848
1.878972425
1.861284812
1.731260034
1.747002013
1.717859642
1.815511223
1.805108686
1.707594101
1.707511109
1.805822332
1.744960122
1.850435057
1.828569998
1.807794397
1.78982746
1.771106144
1.75808573
1.707607875
1.707534469
1.7085541
1.711653146
1.710067442
1.711771092
1.744790418
1.7497935
1.752945904
1.739859052
1.737833132
1.721599631
1.726133268
1.707501194
1.707468352
1.707321845
1.707316439
1.709957817
1.708404178
1.71023637
1.709304964
1.713421439
1.709390221
1.707184873
1.707292923
1.70706308
1.707392507
1.827027952
1.835471651
1.716225887
1.805147473
1.78867774
1.771885533
1.788491768
1.770522999
1.758070686
1.752122811
1.746684776
1.741838553
1.781982737
1.744581902
1.738943946
1.752187898
1.844702261
1.844226686
1.848374258
1.858069811
1.854208517
1.730692904
1.736896164
1.745195053
1.753263049
1.720070961
1.795200649
1.788114586
1.707451906
1.707371942
1.784038437
1.735783576
1.827371334
1.809933822
1.795594122
1.776932911
1.762257976
1.707418143
1.70735757
1.707232021
1.707103641
1.708756608
1.707590538
1.71199632
1.746778922
1.7419389
1.749507661
1.736124817
1.725073948
1.707288562
1.707254096
1.707079381
1.707084689
1.707690516
1.707422708
1.706851784
1.708591898
1.710107774
1.710937071
1.706538018
1.707190708
1.712995531
1.754205584
1.707397626
1.715437261
1.707089492
1.707285796
1.707196381
1.706993813
1.813549138
1.830857383
1.71954211
1.791382695
1.778018698
1.760260205
1.77199717
1.761815955
1.754196783
1.753922858
1.733227317
1.763610038
1.761704699
1.73642927
1.731679902
1.742397795
1.82300168
1.826455663
1.823135853
1.830225797
1.839583961
1.729746086
1.736267528
1.744530589
1.749716348
1.755079121
1.723838621
1.771953997
1.772025159
1.7073007
1.707231673
1.73137758
1.811434248
1.805348436
1.796804347
1.780647154
1.763607214
1.707209474
1.707194124
1.706847373
1.706855855
1.70660652
1.706610676
1.757981714
1.743578853
1.73548085
1.707049573
1.707047549
1.706847825
1.706847076
1.706342971
1.706204709
1.706600722
1.707120195
1.708583056
1.71493551
1.711683601
1.706355072
1.707102737
1.718138563
1.754566699
1.768510044
1.706924338
1.750221873
1.811053718
1.706652736
1.72961668
1.76563631
1.706130537
1.819224869
1.71694535
1.75035517
1.706005015
1.721647286
1.706992677
1.707156985
1.707070985
1.800689042
1.81940142
1.726111228
1.778296417
1.766626543
1.763233558
1.757686106
1.755258767
1.763349747
1.727848419
1.758918601
1.750096095
1.730583673
1.72790219
1.735252108
1.809538812
1.804609955
1.800307357
1.729925104
1.735440477
1.741370745
1.74642533
1.751998799
1.763259379
1.707128209
1.707085772
1.730989693
1.796878224
1.790940398
1.781468239
1.766490115
1.70702244
1.706596991
1.706372625
1.706362887
1.740341398
1.706843142
1.706638087
1.706168226
1.706368177
1.706648399
1.709197079
1.720791465
1.713132382
1.706166319
1.723779671
1.754639511
1.743286419
1.771450413
1.706855402
1.742971819
1.706495092
1.725309904
1.726128941
1.725032608
1.763740932
1.705994663
1.706013359
1.802883285
1.806768694
1.718254252
1.721971218
1.742741307
1.754833048
1.738683056
1.70697766
1.707147046
1.788590962
1.798126333
1.705922606
1.705897497
1.728044221
1.706879719
1.707018842
1.706941981
1.792128653
1.733081777
1.762499207
1.779196876
1.770010152
1.758019174
1.756046506
1.758093808
1.728390944
1.724979743
1.754555384
1.749667405
1.742394857
1.72459702
1.735916993
1.728302376
1.790954646
1.790563291
1.787451052
1.789798225
1.736450756
1.741149526
1.738136516
1.745245898
1.75554029
1.706965596
1.706948075
1.706920072
1.735394568
1.785047414
1.77838445
1.767964694
1.70680431
1.706362746
1.706171433
1.70617549
1.706601995
1.706398767
1.706014884
1.706197556
1.709900268
1.726055467
1.713780663
1.706017505
1.754922667
1.744519898
1.758838443
1.766561073
1.706780551
1.721875773
1.721854627
1.721218772
1.720556497
1.759785613
1.705922527
1.705920041
1.791370997
1.791517657
1.721332524
1.716435901
1.718320159
1.723981075
1.745291094
1.75224397
1.737622588
1.735738867
1.707091225
1.777462528
1.779590148
1.784759572
1.761478793
1.771742066
1.719148118
1.773873902
1.705893601
1.705895854
1.705940596
1.730034754
1.706762483
1.706817978
1.706863733
1.778356732
1.732466761
1.751197176
1.767992415
1.752444839
1.753896126
1.735017733
1.727399511
1.723053314
1.748443522
1.743065516
1.730749784
1.741075175
1.723141149
1.781443237
1.779573346
1.773354149
1.778961808
1.733684008
1.740119859
1.736094911
1.747665855
1.756791274
1.706774947
1.706761221
1.706753566
1.764542783
1.706581111
1.70620073
1.706024171
1.706056212
1.706362636
1.70592067
1.710405257
1.726122944
1.71407858
1.705925835
1.747321958
1.752132559
1.740894769
1.754558019
1.760710695
1.706700645
1.721194075
1.717793024
1.718018314
1.717358998
1.719248124
1.753927955
1.705888931
1.705886494
1.778076951
1.778772393
1.721412978
1.716204635
1.715798594
1.73780636
1.733950435
1.733418305
1.707139223
1.767305842
1.767237556
1.7770684
1.756550775
1.764715937
1.717010392
1.771488286
1.762673657
1.720062112
1.760082793
1.706728044
1.760471009
1.715349649
1.706553046
1.70591874
1.70591222
1.705936797
1.706036743
1.706014756
1.728227961
1.706682232
1.706640227
1.70670401
1.765574505
1.729473149
1.748610357
1.742124513
1.744203315
1.74871286
1.735301685
1.731447194
1.725503791
1.735664798
1.723885077
1.729232428
1.718494182
1.771917504
1.771113477
1.764361572
1.766394378
1.731803257
1.735567204
1.741968665
1.748997525
1.753899807
1.706582288
1.706584837
1.706563129
1.706365905
1.706173289
1.706028605
1.705948001
1.705886401
1.710381893
1.725474976
1.722962897
1.713197003
1.705892098
1.744874937
1.747514439
1.748872064
1.740397646
1.75305816
1.748592683
1.753176573
1.70661347
1.722093801
1.714564069
1.714270922
1.716548559
1.719108573
1.747661278
1.705910767
1.70590979
1.765221871
1.717283105
1.713437655
1.738441697
1.733552599
1.731248622
1.731195812
1.706151853
1.706981952
1.758521076
1.757110045
1.769618495
1.751480729
1.757763826
1.713105732
1.714924595
1.764131906
1.755685333
1.721472215
1.719138506
1.753832495
1.753154443
1.754319296
1.713943954
1.713045512
1.706390871
1.706374175
1.706551368
1.706251331
1.748030902
1.735000941
1.749907769
1.7060066
1.705985902
1.705974235
1.706138009
1.706125037
1.726046482
1.723926524
1.706540557
1.706540024
1.706518338
1.752160625
1.728363597
1.744418723
1.740113239
1.733710757
1.744150914
1.7389437
1.741356736
1.736595378
1.731617386
1.726400459
1.720312624
1.715561206
1.726926628
1.764695093
1.76451047
1.75742578
1.752826359
1.731826574
1.737525722
1.742983893
1.746281715
1.749085859
1.706374624
1.706388584
1.70617217
1.706019739
1.705926188
1.70590099
1.709599551
1.706709884
1.710264682
1.705889294
1.740801088
1.744759444
1.746009792
1.745464761
1.748508053
1.74456475
1.745832982
1.721022051
1.709945279
1.711167406
1.710808619
1.716935817
1.742602824
1.705981604
1.705973996
1.713076342
1.716770696
1.715053322
1.709917344
1.730067548
1.731940704
1.728849625
1.728875473
1.706286206
1.706295508
1.748207284
1.763482861
1.744330605
1.751330272
1.711380095
1.709454174
1.757601661
1.751609166
1.721404267
1.718869399
1.745556929
1.746260629
1.746518887
1.710682138
1.71227315
1.71392763
1.706238043
1.70639059
1.706226146
1.706174421
1.706226939
1.706109639
1.74000096
1.740809473
1.735386203
1.732033201
1.741485083
1.708436124
1.741463226
1.740221544
1.744688629
1.736270368
1.742540544
1.750419082
1.707180112
1.712327027
1.726663759
1.739959535
1.732563104
1.706115449
1.706079193
1.706271207
1.706256774
1.723613851
1.726319139
1.706349884
1.706421644
1.706404746
1.740466242
1.740491596
1.729785416
1.733582935
1.730729025
1.721820308
1.73931977
1.736570106
1.736555695
1.731675538
1.726058621
1.710697431
1.716104615
1.708579314
1.757961125
1.760300016
1.754295517
1.73415367
1.738160417
1.741237323
1.744619539
1.747870385
1.706147285
1.705992206
1.705916661
1.705953447
1.706451738
1.706455241
1.705902496
1.739689397
1.743896331
1.743860202
1.74189815
1.740319553
1.740630577
1.739014299
1.720490366
1.708258002
1.708374297
1.708523761
1.708339494
1.71579221
1.738409645
1.706098967
1.706087909
1.709108868
1.714343952
1.716068252
1.706602903
1.727528069
1.729206052
1.726309327
1.706408617
1.706449403
1.737953563
1.757341893
1.730372477
1.742716545
1.707418603
1.706631809
1.752913663
1.722114067
1.719218757
1.732237154
1.708251123
1.710405199
1.711511222
1.706059404
1.706072014
1.706003154
1.706146441
1.706042483
1.705976367
1.731228703
1.726523288
1.729232969
1.732683246
1.729318453
1.733528274
1.733418974
1.739293038
1.722547282
1.741547236
1.747486557
1.706583926
1.709148011
1.711059535
1.724612183
1.725448836
1.732134971
1.729790627
1.733097896
1.706572394
1.743797774
1.728287464
1.706099746
1.705969596
1.706704355
1.70601123
1.706242551
1.706399718
1.725206481
1.728461073
1.706273022
1.706182831
1.706279449
1.726482298
1.731532098
1.71650489
1.708545014
1.734319535
1.735675847
1.730517717
1.726248697
1.708353846
1.708092723
1.753637755
1.75462622
1.750327407
1.734262143
1.737206983
1.740540886
1.744584633
1.749278394
1.70594805
1.705894147
1.705948934
1.706073394
1.706614449
1.738206323
1.741977723
1.740910217
1.738105846
1.734498079
1.735156471
1.735412949
1.733962567
1.722473665
1.71860132
1.707950402
1.708014858
1.708032526
1.707795021
1.712622283
1.714270583
1.734862246
1.706250814
1.706248613
1.706709344
1.71280116
1.717302907
1.714231331
1.706683259
1.706724452
1.726506589
1.723556811
1.706517385
1.706595146
1.723417148
1.752866173
1.708097107
1.717344822
1.738628658
1.706724817
1.720662901
1.723592199
1.707982777
1.708158169
1.705934521
1.705923705
1.706076066
1.705957245
1.705953591
1.714538405
1.715471154
1.707321625
1.718955219
1.709046337
1.724884687
1.726835355
1.723964246
1.729535094
1.726513448
1.724986222
1.708988509
1.739642464
1.744699261
1.7067118
1.708659496
1.723400193
1.722622954
1.72378084
1.720743676
1.730478067
1.727324188
1.706683749
1.740771978
1.713650898
1.706243395
1.705921144
1.706780301
1.706773893
1.706000916
1.705981336
1.711550769
1.707802629
1.707375907
1.724894617
1.739802474
1.733449068
1.714546136
1.712240101
1.71195085
1.712502172
1.706416996
1.706517526
1.726328292
1.729957552
1.706103704
1.706154135
1.707597864
1.708250669
1.708028941
1.708093131
1.729794469
1.735658264
1.730470576
1.727713094
1.725032937
1.707768274
1.70752367
1.750079766
1.749710779
1.745903467
1.733307163
1.737059467
1.743022021
1.746432796
1.705909834
1.705971226
1.706087554
1.706236145
1.706731302
1.737421107
1.739534684
1.737037356
1.734137912
1.729982576
1.73079132
1.730876795
1.729630132
1.721667489
1.718157386
1.707640464
1.707711382
1.707550417
1.70735154
1.707795533
1.730648772
1.706437677
1.706420362
1.706796889
1.710263526
1.718868978
1.715425903
1.706779885
1.706808418
1.723415321
1.720342277
1.72166167
1.706613467
1.706674114
1.708770496
1.706404446
1.749024726
1.707337801
1.707505035
1.738594783
1.73276705
1.722135983
1.707681668
1.707449067
1.705948196
1.705990182
1.705963534
1.706018961
1.70602849
1.706025339
1.706083643
1.706863319
1.706954811
1.706757515
1.716423258
1.71050741
1.719086699
1.722353655
1.740534054
1.706787227
1.706750316
1.70698302
1.720973465
1.720565741
1.720470991
1.708568039
1.728176483
1.723893017
1.725700477
1.706742987
1.7067594
1.739942207
1.706204484
1.706405618
1.706819306
1.706011962
1.706076992
1.708226849
1.722105509
1.738093157
1.73304098
1.70818218
1.705842482
1.706932808
1.713396083
1.709199302
1.711527024
1.715924982
1.707281188
1.706075735
1.725975465
1.70745673
1.736963465
1.706600641
1.725882921
1.729295115
1.706043376
1.706016562
1.706995814
1.707583226
1.725935399
1.726127011
1.734762289
1.730240499
1.727033278
1.724138528
1.707297557
1.707158421
1.746770582
1.745420952
1.745806423
1.742120371
1.73329437
1.741834606
1.744160335
1.706060627
1.706193408
1.706387102
1.70682013
1.735485214
1.73732682
1.735075091
1.732830084
1.729756142
1.726218332
1.7259801
1.726907683
1.726474318
1.720382758
1.716866433
1.707310068
1.707400016
1.707234955
1.707066657
1.707223641
1.726226673
1.706600131
1.706583753
1.7068378
1.706821853
1.70677847
1.71740237
1.706844919
1.718333442
1.718679638
1.716851463
1.706729897
1.706441128
1.706106621
1.706256696
1.745287719
1.706857684
1.707041786
1.707211937
1.73367436
1.727485799
1.721294124
1.70724799
1.706070377
1.706194424
1.706168569
1.706204609
1.706212519
1.706328873
1.706591003
1.706530498
1.706738873
1.705927829
1.705826693
1.705846902
1.708693754
1.717117288
1.736945419
1.706807684
1.706788376
1.716806774
1.718563411
1.719883096
1.721871012
1.723021593
1.706797781
1.706794648
1.739295371
1.706003664
1.70656884
1.706147589
1.706057529
1.706290091
1.706796738
1.736024499
1.732056762
1.706057237
1.705934611
1.706774178
1.706758582
1.707978534
1.712343478
1.711158397
1.70710515
1.707120777
1.722606247
1.723101336
1.707211781
1.736373527
1.738631726
1.707115589
1.706242348
1.706474758
1.728393978
1.706741367
1.72502035
1.728799257
1.706034304
1.706661427
1.707092928
1.721702476
1.733126502
1.728218028
1.723633186
1.720532214
1.706985063
1.706906306
1.742578026
1.743823211
1.741498565
1.741792888
1.732626131
1.740430623
1.706287332
1.706427217
1.7065635
1.706858826
1.706839555
1.734025983
1.732631712
1.730545343
1.725083277
1.722021557
1.722312788
1.722501555
1.723023022
1.715971361
1.707057524
1.707122405
1.706984258
1.70684405
1.707016222
1.70706573
1.721460721
1.706733579
1.706720309
1.706835507
1.706852205
1.706821981
1.70680432
1.716400781
1.713735254
1.714917717
1.715486591
1.715706847
1.713537052
1.706833008
1.706156181
1.706289087
1.706056448
1.705944639
1.741197787
1.706586125
1.706743846
1.70690663
1.724677145
1.729223633
1.720339266
1.706317261
1.706476326
1.706423901
1.706461379
1.706528476
1.706501151
1.706370013
1.70635413
1.705896455
1.705881723
1.705873908
1.706413592
1.712478279
1.732817433
1.706812465
1.713153832
1.716333251
1.718804179
1.706843448
1.737615803
1.706713694
1.706198249
1.706389612
1.706580297
1.70677415
1.730458333
1.706108067
1.706725359
1.706653215
1.706667423
1.706662938
1.710239384
1.709897394
1.7069728
1.706963776
1.720047954
1.718950623
1.706996312
1.734650458
1.735334661
1.706920965
1.706385789
1.706704457
1.706755973
1.7232556
1.725564884
1.718886297
1.706925576
1.7232404
1.706652291
1.727334876
1.706704105
1.706833426
1.723751962
1.728231701
1.706191686
1.706441094
1.706825155
1.716483451
1.729022368
1.722047066
1.71653612
1.706755016
1.706700833
1.738312427
1.739864778
1.736892242
1.737168353
1.731198598
1.736220741
1.706551109
1.706668617
1.706864984
1.706850088
1.729983153
1.726382519
1.719595407
1.718594888
1.718697986
1.718945632
1.718000769
1.710347736
1.706871666
1.706946239
1.70679053
1.706679988
1.706879954
1.706899967
1.716630988
1.70682872
1.706823968
1.7068135
1.706828178
1.706803896
1.706772872
1.713855723
1.711374017
1.710663313
1.712097595
1.712415581
1.711085251
1.706869523
1.706870834
1.706108613
1.705994291
1.706204527
1.705905959
1.70593191
1.736219199
1.706397665
1.706527883
1.70667145
1.716377186
1.723915437
1.71606569
1.706581861
1.706730707
1.706662692
1.706732841
1.70630973
1.706193054
1.705969209
1.706603457
1.706576768
1.727914936
1.710800331
1.714258478
1.712043633
1.733470292
1.706817829
1.706447764
1.706675618
1.70684745
1.706675971
1.726040668
1.706450942
1.706196091
1.706584266
1.70648108
1.706487577
1.706498038
1.706511941
1.706868452
1.716275631
1.716178633
1.706847103
1.730271161
1.729753542
1.706764039
1.706842375
1.706904842
1.706947155
1.717661337
1.719669906
1.721389758
1.715439415
1.706887128
1.718987658
1.717096532
1.706808813
1.7068079
1.706797635
1.706348628
1.714700553
1.706872885
1.719026479
1.725577576
1.706470302
1.706279375
1.706615451
1.713477965
1.71254513
1.721602859
1.721440188
1.723804373
1.713642092
1.713698884
1.707044775
1.708223448
1.706575873
1.706557238
1.733148014
1.734699954
1.73123
1.731212908
1.731158312
1.706783451
1.706839453
1.70680158
1.718695742
1.714010646
1.714838861
1.714986125
1.715150696
1.713950328
1.706732054
1.706807055
1.706645016
1.706802362
1.712946592
1.706871816
1.706871345
1.706771335
1.706763215
1.706661401
1.706458958
1.709239547
1.709774997
1.708851713
1.709505441
1.709426498
1.709157206
1.706854783
1.706019341
1.706083854
1.705965932
1.706009197
1.705990591
1.728380543
1.706270556
1.706369217
1.706486137
1.709376797
1.706719287
1.717798755
1.710386621
1.706332595
1.706788357
1.706858984
1.706887755
1.706176951
1.706095596
1.706192039
1.706735459
1.706705414
1.717995911
1.710668212
1.727047766
1.706868546
1.706744838
1.706944907
1.707025748
1.706481923
1.706463606
1.706648459
1.706285016
1.706267319
1.706232266
1.706834025
1.713148661
1.723306059
1.706906282
1.706931012
1.706989738
1.71337823
1.714678272
1.715974938
1.712165405
1.706879625
1.714354489
1.712957657
1.706863302
1.706864731
1.706856503
1.706107368
1.712460285
1.711690834
1.706813952
1.706768457
1.707796436
1.707059489
1.706852557
1.706302872
1.713806337
1.718170987
1.706816751
1.706183426
1.706460333
1.710577012
1.715064564
1.715266284
1.70929721
1.70836485
1.706908522
1.706949799
1.706458159
1.706560653
1.706477043
1.725766467
1.727325286
1.721836553
1.706862607
1.706781057
1.706683643
1.713046469
1.711406941
1.710804818
1.711837106
1.710713886
1.706649206
1.70673099
1.706776322
1.706848568
1.706850645
1.706668054
1.706489366
1.706100307
1.707938377
1.707969897
1.707364304
1.707276518
1.708657831
1.707497301
1.706799787
1.706006091
1.706037476
1.706021287
1.706250352
1.706117307
1.716830681
1.71327983
1.706209804
1.706274689
1.706361215
1.706837749
1.706839459
1.706119567
1.705949393
1.706814683
1.706825723
1.706788103
1.706800744
1.706113145
1.706078659
1.706486535
1.706855548
1.706787956
1.706875725
1.709264208
1.715690751
1.706851486
1.707027001
1.707140936
1.706235656
1.706717689
1.706021772
1.705955788
1.70685399
1.706774809
1.70677108
1.706861605
1.711785463
1.710927477
1.712130293
1.709942559
1.709819898
1.709234139
1.706850893
1.706851239
1.710075317
1.710710889
1.709488112
1.706680957
1.706702141
1.706897407
1.70707782
1.707212866
1.706876196
1.706301465
1.706531696
1.706746185
1.70597132
1.705935753
1.706334551
1.70638361
1.707153809
1.70615877
1.706365799
1.7080399
1.710508236
1.710213149
1.707012321
1.706989206
1.706937403
1.706996133
1.706396902
1.70661614
1.706442989
1.710084186
1.706839651
1.706799138
1.706694297
1.706638233
1.706503793
1.706504736
1.709891903
1.708912374
1.709394727
1.709287262
1.708986223
1.707985828
1.706699516
1.706797548
1.706755476
1.706761616
1.706237033
1.705768801
1.706314285
1.706262206
1.706640155
1.706242349
1.706068136
1.70617191
1.706402612
1.706647773
1.706727752
1.706240382
1.706301979
1.706892484
1.705774144
1.706593654
1.706587263
1.706653643
1.706461209
1.706506326
1.706125531
1.706652987
1.706903738
1.706858924
1.706877833
1.706852009
1.706379691
1.70677799
1.707224498
1.705941971
1.706805584
1.705773587
1.705747466
1.706902283
1.706462954
1.706449375
1.706565473
1.709130121
1.70846561
1.707044106
1.707057603
1.706753563
1.708305308
1.706508493
1.706260026
1.706680992
1.70714807
1.706867754
1.707330054
1.706911507
1.706214409
1.706634627
1.706543053
1.706107024
1.706639462
1.706558942
1.706589439
1.70561412
1.706099092
1.705801061
1.705723226
1.705593991
1.705947227
1.70741624
1.706207191
1.706339305
1.707020829
1.70625661
1.70720855
1.707726327
1.707034164
1.706985862
1.707043884
1.706742864
1.706459796
1.706391398
1.706753737
1.706494723
1.706499461
1.706247871
1.706256461
1.707506517
1.70766907
1.706945694
1.707682216
1.706744941
1.706577098
1.706583845
1.70692075
1.706602535
1.706621496
1.705906491
1.705565548
1.705569955
1.706164281
1.706204048
1.706152355
1.706184231
1.706105943
1.706307816
1.706675442
1.706558234
1.706290441
1.706863455
1.706154481
1.706282475
1.706013321
1.706073764
1.706273064
1.706381753
1.706876164
1.70691236
1.705972664
1.706161039
1.705608388
1.706887831
1.70603328
1.706041138
1.706218453
1.707088659
1.707074102
1.707069491
1.707088553
1.706427031
1.706273722
1.706141677
1.706374908
1.7069935
1.707352011
1.706608277
1.706865765
1.706884328
1.706753765
1.706686376
1.706609058
1.705783921
1.706398464
1.706829831
1.70635648
1.706348605
1.7063125
1.706370281
1.70543168
1.705388512
1.705623852
1.705384182
1.707523855
1.706339695
1.706393621
1.706259926
1.706152808
1.707090071
1.707075843
1.707040191
1.707086095
1.706891868
1.70654776
1.706081735
1.706763221
1.7065969
1.705936341
1.705981991
1.706259224
1.705922173
1.705906317
1.707074463
1.706950457
1.70685353
1.706687229
1.707015013
1.7063737
1.706500217
1.707013227
1.706378552
1.705573571
1.70538836
1.70608868
1.706031567
1.706041156
1.706075818
1.705986606
1.706664944
1.706421257
1.705597059
1.705763215
1.705517172
1.705605565
1.706543441
1.706910716
1.705826431
1.705362374
1.706916126
1.705595592
1.705667945
1.705917623
1.707096332
1.707101519
1.707105903
1.707113275
1.706048838
1.705942178
1.70602686
1.706068505
1.706786156
1.707255262
1.706364961
1.706763512
1.706734747
1.706788582
1.706871655
1.706775942
1.706719161
1.705595275
1.70604862
1.706910094
1.70643092
1.706201265
1.705978504
1.70686962
1.70679785
1.706008069
1.706077639
1.705967141
1.706055368
1.705207299
1.705391355
1.705190964
1.705184149
1.707487153
1.706563704
1.706550997
1.706204867
1.706064433
1.707094029
1.707109145
1.707085532
1.707110139
1.70704152
1.706733243
1.705981108
1.70657693
1.705362821
1.705331297
1.705546174
1.705534387
1.705510851
1.70557634
1.7070371
1.70695352
1.706602457
1.706376094
1.705215362
1.705180766
1.705968915
1.705915067
1.705930426
1.705896091
1.706842456
1.706652201
1.705107479
1.705193143
1.705118245
1.70524662
1.706806848
1.706774766
1.706903661
1.705662516
1.705347936
1.705602998
1.707119564
1.70712146
1.707115268
1.7071257
1.705592194
1.705909379
1.705899627
1.706608815
1.707089908
1.706224793
1.706580195
1.706970082
1.706895101
1.70541729
1.705646255
1.706950078
1.706273188
1.706002481
1.707001163
1.706918751
1.706719171
1.70681951
1.705625812
1.70571811
1.704991298
1.705005767
1.705196982
1.704956992
1.707336395
1.706823433
1.706799079
1.706161274
1.707039566
1.707109617
1.707115971
1.707108252
1.707090373
1.706942479
1.705980161
1.705778946
1.706322295
1.704745584
1.704885372
1.704796773
1.705070286
1.705117703
1.70517918
1.705200154
1.706590244
1.706380327
1.704989624
1.705850468
1.70580978
1.705822011
1.705878463
1.706967822
1.706888939
1.704812662
1.704777611
1.704941953
1.705123178
1.706946474
1.706550914
1.706783376
1.70544886
1.705378869
1.705634354
1.707123829
1.707112018
1.707120689
1.705232569
1.705802552
1.705950705
1.706534617
1.70692836
1.706249507
1.706325535
1.707069127
1.707017535
1.705220529
1.705127064
1.705376596
1.706856389
1.706018917
1.707055264
1.70695707
1.706765236
1.706596871
1.705189342
1.704744095
1.704789106
1.705007243
1.704804825
1.704765695
1.70716377
1.706970834
1.70699502
1.706192525
1.707058101
1.707102046
1.707094518
1.707083595
1.707079539
1.707016992
1.705623436
1.705559574
1.706009793
1.704384674
1.704380575
1.704478683
1.704533589
1.704581815
1.704799273
1.70480387
1.706606738
1.706421648
1.705732658
1.705754845
1.705715595
1.705874173
1.706747833
1.706894828
1.706981472
1.704815652
1.704623442
1.705064848
1.70527886
1.706151011
1.706552732
1.705164291
1.705662087
1.705900218
1.707093809
1.707083889
1.704818795
1.706204364
1.706841911
1.706450136
1.707064463
1.707027362
1.704896148
1.706017893
1.707027793
1.706978385
1.7068371
1.706808342
1.706848512
1.704535689
1.704573024
1.704391344
1.704578637
1.704811306
1.704449169
1.707069708
1.706860106
1.70690013
1.706217986
1.707048099
1.707057603
1.707032166
1.707029905
1.707024076
1.70690206
1.705649891
1.705233764
1.705202208
1.704512467
1.704194125
1.704372689
1.704095253
1.704094398
1.704091775
1.704432551
1.704406504
1.704374728
1.706673422
1.706455534
1.705620091
1.705663036
1.705687017
1.705846915
1.706526404
1.706319462
1.70514569
1.704807866
1.705489614
1.705712404
1.705785333
1.704828765
1.706158177
1.706352563
1.707003955
1.70661175
1.706787111
1.706933221
1.706043799
1.70695752
1.70697135
1.706865378
1.707103007
1.706979538
1.704156452
1.706798023
1.703887379
1.70435442
1.704075962
1.704088891
1.704433464
1.707140345
1.706527601
1.706499108
1.706265611
1.706989104
1.706959772
1.706886515
1.706926118
1.706865198
1.706617813
1.705193741
1.704789959
1.704943772
1.704729636
1.704101291
1.704395836
1.703904572
1.70378985
1.704056114
1.703836559
1.706525352
1.706732665
1.705543512
1.705607806
1.705743386
1.705871608
1.705965362
1.705999267
1.7059363
1.70574223
1.705327065
1.706141242
1.706332661
1.705303362
1.706743168
1.706877814
1.706850641
1.707068342
1.707174673
1.706109207
1.706914617
1.706875403
1.707419674
1.70721468
1.70660515
1.704416115
1.706820305
1.703663376
1.703562623
1.703778604
1.703763728
1.704044095
1.703761611
1.707353579
1.705930233
1.706110692
1.70582316
1.706361099
1.706823448
1.706650972
1.706566803
1.706157004
1.704672645
1.705383009
1.705620979
1.704963867
1.704515752
1.70414412
1.703909702
1.703562386
1.706577929
1.706753471
1.705525247
1.705652592
1.705980388
1.705858564
1.705307888
1.705278024
1.706026143
1.706416
1.706772835
1.706833888
1.707050815
1.704670926
1.707267833
1.707326157
1.706668249
1.707443299
1.707503703
1.706222213
1.707662764
1.70749975
1.706341297
1.704126965
1.706707696
1.706619595
1.70376218
1.70404124
1.703659039
1.703474638
1.703503979
1.703520195
1.703725484
1.70346444
1.707649935
1.705136778
1.705462681
1.705549418
1.705165001
1.706419911
1.706504742
1.706121727
1.706044014
1.706293306
1.705784349
1.704104892
1.706151881
1.705739772
1.706365008
1.705238237
1.704761937
1.704499351
1.703423158
1.706608506
1.705611865
1.705789819
1.70614858
1.706004253
1.704563464
1.704543233
1.706718231
1.707037836
1.707252778
1.707320342
1.707438422
1.704058162
1.707511942
1.70755101
1.707614798
1.707669149
1.707757918
1.707743538
1.706551575
1.706542332
1.706280707
1.706230953
1.704202105
1.70440191
1.704855096
1.703810168
1.703501395
1.703362161
1.703637803
1.703444926
1.703384661
1.707917011
1.704328539
1.704578865
1.704891818
1.704976567
1.705212657
1.704632976
1.706312641
1.706464625
1.706041675
1.70548491
1.705773733
1.705505864
1.706498734
1.706796696
1.706072975
1.706953946
1.705599108
1.705349366
1.705818377
1.706017154
1.706185957
1.703892415
1.704005955
1.707171166
1.707316144
1.707376051
1.707428419
1.707426468
1.707399087
1.707465319
1.707566613
1.707438927
1.707616996
1.707675967
1.707866633
1.70640663
1.706360146
1.706092548
1.705887856
1.705771626
1.707829195
1.70456098
1.705075513
1.705298267
1.70578594
1.704052465
1.703650078
1.703624046
1.703511299
1.703519327
1.703656786
1.708037842
1.70395934
1.704155165
1.704285477
1.704581457
1.704476558
1.704767109
1.70496911
1.706351244
1.705533543
1.705050161
1.705271034
1.706778299
1.706986665
1.707118065
1.706419139
1.707173309
1.706227868
1.706075518
1.706261547
1.703784234
1.707196834
1.707145053
1.707054873
1.707112459
1.70701165
1.706924436
1.707024639
1.707061678
1.7072405
1.707327393
1.707445893
1.706232192
1.706325123
1.705723025
1.705944054
1.705488356
1.705351604
1.70770319
1.705508811
1.704944862
1.706009955
1.706202496
1.706591587
1.704461998
1.704308673
1.703832416
1.703956636
1.703877737
1.704009598
1.707924028
1.704109922
1.704018931
1.704253009
1.704363994
1.704472184
1.70456292
1.704678592
1.704760578
1.706341974
1.705119958
1.704913996
1.707061376
1.707088446
1.706945014
1.707061283
1.706944516
1.706872864
1.706914288
1.70630439
1.706746381
1.706535189
1.706372292
1.706427792
1.706289871
1.706204266
1.706411712
1.706529695
1.706804499
1.70697389
1.707186745
1.706052373
1.706226379
1.705396975
1.705634921
1.705794403
1.705181316
1.705049354
1.707465382
1.706997413
1.705891383
1.706367567
1.705409997
1.706718695
1.706853317
1.707030664
1.705228507
1.704854331
1.704529477
1.704416482
1.704470375
1.704545623
1.704625628
1.707669105
1.704452262
1.704582784
1.704598245
1.704698581
1.704668303
1.70466848
1.704720728
1.704766644
1.706329129
1.706428607
1.704875551
1.707052042
1.706922038
1.706859745
1.707072078
1.706599672
1.706298476
1.706218325
1.705903868
1.705717966
1.705453103
1.705560293
1.705477679
1.705506258
1.705815921
1.706084054
1.70642777
1.706714646
1.706033037
1.706209447
1.705186049
1.705387699
1.70556219
1.705828113
1.70503591
1.704947003
1.707263759
1.70698616
1.706664659
1.704907137
1.706247721
1.706618148
1.706862893
1.706092651
1.706990318
1.707020744
1.706929836
1.705768527
1.705459107
1.705211499
1.705352356
1.705293648
1.705111615
1.705467525
1.707415206
1.705257557
1.705114064
1.705239108
1.705083237
1.704958827
1.704978299
1.704884009
1.704847142
1.706437188
1.706695665
1.706603494
1.706267856
1.706136396
1.705739041
1.70534664
1.705294328
1.704999266
1.704927395
1.704752696
1.704611427
1.704784942
1.704862724
1.70509768
1.705518288
1.705869471
1.706282276
1.706017641
1.706253878
1.705138948
1.705265531
1.705432671
1.705675794
1.705090329
1.70505651
1.70720235
1.707167387
1.706861522
1.706449956
1.705113593
1.706699381
1.706629773
1.706880535
1.706799241
1.706846373
1.706456945
1.706663845
1.706612842
1.706257799
1.706260659
1.706253495
1.705912955
1.7060415
1.706199806
1.70611949
1.706005047
1.707312751
1.705855446
1.70573744
1.705503169
1.705476707
1.705273357
1.705117845
1.706338531
1.70580114
1.705728902
1.70523408
1.7051255
1.704710393
1.704347881
1.704289032
1.704089508
1.704141958
1.704079176
1.70416388
1.704406195
1.70477849
1.705376073
1.706013801
1.705930949
1.705297773
1.705274164
1.705427956
1.705627237
1.705347854
1.705363789
1.707307687
1.707467503
1.707231958
1.706875196
1.706532924
1.705528563
1.706647787
1.70664156
1.706691806
1.706503777
1.706516798
1.706219371
1.706679486
1.705819262
1.705695902
1.705155677
1.706715546
1.706664835
1.706635518
1.706703659
1.706720634
1.706787657
1.706572736
1.707412735
1.706371059
1.706169937
1.70610371
1.705837037
1.705596371
1.706175178
1.704711724
1.704237903
1.704120456
1.703825051
1.703626718
1.703655672
1.703658137
1.703762654
1.703959112
1.70431449
1.704632013
1.705223159
1.705906401
1.705840998
1.705484832
1.705542387
1.705575627
1.705635777
1.705757245
1.705799539
1.707511485
1.707625274
1.707713788
1.707381837
1.707159422
1.706662455
1.706065203
1.706368654
1.70608019
1.70602316
1.706571142
1.705607695
1.705702204
1.705172062
1.706661447
1.704682282
1.704534762
1.704111555
1.706854178
1.707060337
1.707134774
1.70709515
1.706998481
1.706957593
1.707632775
1.706770421
1.70670468
1.706437883
1.70616154
1.706042261
1.70370381
1.703457243
1.703447366
1.703399891
1.703498599
1.703611311
1.703875912
1.704045313
1.704494123
1.705062349
1.705367823
1.706013075
1.705836312
1.705775801
1.705794934
1.705759016
1.705984621
1.706222876
1.707812427
1.70774178
1.707806513
1.70764117
1.707367265
1.706918123
1.706520915
1.706363918
1.705546975
1.705938817
1.705072257
1.705040518
1.706086334
1.704462318
1.704548151
1.704010954
1.706456905
1.703591751
1.703526199
1.703267123
1.706788425
1.707137551
1.707020062
1.707253431
1.7072598
1.707173757
1.707761669
1.707115666
1.706924672
1.706677109
1.706007894
1.703148668
1.703231462
1.703372053
1.703685584
1.704096527
1.70467115
1.704951946
1.705559085
1.706161182
1.706381832
1.705947574
1.706077477
1.705977324
1.70615665
1.706624673
1.707755146
1.707791572
1.707772025
1.707692694
1.707734203
1.707585736
1.707269687
1.706863541
1.706654928
1.706470312
1.704946224
1.704429895
1.705144835
1.703998429
1.705625236
1.703535609
1.703400244
1.7030715
1.706117225
1.702889671
1.702923479
1.702977464
1.706503864
1.7066561
1.70695041
1.707140621
1.707224914
1.707190917
1.707643504
1.707151211
1.707007709
1.706104341
1.703241891
1.703680999
1.703990921
1.7045455
1.705243078
1.705919912
1.706215614
1.706835503
1.707237529
1.706148379
1.706241727
1.706377239
1.706833753
1.707500502
1.707415145
1.707482135
1.70761399
1.707328805
1.707723838
1.707752109
1.706950489
1.706668958
1.706763669
1.706603583
1.703913129
1.704125608
1.70351472
1.704590753
1.703109934
1.705128811
1.702826656
1.702751126
1.702694072
1.705599043
1.702833879
1.702970934
1.703375424
1.70576556
1.706212501
1.706604873
1.706875948
1.706922213
1.707215628
1.707024914
1.706315878
1.703982493
1.704706339
1.705103977
1.705816084
1.70656247
1.707131415
1.707367263
1.707715031
1.706390321
1.706491097
1.70678822
1.706820944
1.706958839
1.706833794
1.707032749
1.707286118
1.706803391
1.707531947
1.70766698
1.706732361
1.706701812
1.70669986
1.706638608
1.706667374
1.706689975
1.703198075
1.70336144
1.703694293
1.702936173
1.704090514
1.702752544
1.704579404
1.702723781
1.702784653
1.703203846
1.704636453
1.703555661
1.704290297
1.705184287
1.7056997
1.706117181
1.706306973
1.706686697
1.706565393
1.706582056
1.705161389
1.706008358
1.70639862
1.707048819
1.707568182
1.707806688
1.707829256
1.706611274
1.706486923
1.706208114
1.705995466
1.706193248
1.706198954
1.706416309
1.70670258
1.706204358
1.706875463
1.707477552
1.706236754
1.706576253
1.706658304
1.706736236
1.706344751
1.706751647
1.703000529
1.703108669
1.703232854
1.703425347
1.702950467
1.703691591
1.703044592
1.703270946
1.703469514
1.704260517
1.704179838
1.703768553
1.704738814
1.70555223
1.704654206
1.705138404
1.705430453
1.706047948
1.705848123
1.705917225
1.706820769
1.706415919
1.707176717
1.707374941
1.707745062
1.707818796
1.707643765
1.705995528
1.705383907
1.705607655
1.705299671
1.705396256
1.705727623
1.705563338
1.705647801
1.706391933
1.706646488
1.705558441
1.706490977
1.706284083
1.706702814
1.706829964
1.705910247
1.705539374
1.703496103
1.703388992
1.703370225
1.703298026
1.703288747
1.7036089
1.703306483
1.703892605
1.704297528
1.704587833
1.705511331
1.703431898
1.703751273
1.705977288
1.706652334
1.704176819
1.704516737
1.705229478
1.705600489
1.705503718
1.706950132
1.707204535
1.707668184
1.707476599
1.707548627
1.707161909
1.705415541
1.704805768
1.70508517
1.705348221
1.704604714
1.704520433
1.704416489
1.70496418
1.705106976
1.705780323
1.704840379
1.706555118
1.706240317
1.70593497
1.706804361
1.705469247
1.705481919
1.705653763
1.705617875
1.704420281
1.704298261
1.704069591
1.70379635
1.703560891
1.703467747
1.704611754
1.703310385
1.705010031
1.705475435
1.705782618
1.706503457
1.703309999
1.703525342
1.706830325
1.707163347
1.703806913
1.704424872
1.705644097
1.70544808
1.706944853
1.707239916
1.707070528
1.706977605
1.706466129
1.704947941
1.704364552
1.704830853
1.705247784
1.703965165
1.703634043
1.703602602
1.703741291
1.704189304
1.703609807
1.704854526
1.704485255
1.704159324
1.706680644
1.706356033
1.705982706
1.705138966
1.705801163
1.705937904
1.706014416
1.705784762
1.705425988
1.70517494
1.705428996
1.705415783
1.704778381
1.704409164
1.704253702
1.703868682
1.705680076
1.70353814
1.706024294
1.706397539
1.706598811
1.706854128
1.703438188
1.703556987
1.706935976
1.706807239
1.703797636
1.705907082
1.705695054
1.706819224
1.706378978
1.705820621
1.705538931
1.704677718
1.70410727
1.704755842
1.705372974
1.703647391
1.703171891
1.702910195
1.702688203
1.702782097
1.703236915
1.703844069
1.704307496
1.704031013
1.706511164
1.706171722
1.705029728
1.706192649
1.706538477
1.706518701
1.706450147
1.706009583
1.705733064
1.705450088
1.706185597
1.705909128
1.706318818
1.706286386
1.705560084
1.705389646
1.704943983
1.704400796
1.706412749
1.704006292
1.706543692
1.706669892
1.706586855
1.706627769
1.706331607
1.70397607
1.703897126
1.706193808
1.705652104
1.706279414
1.706147729
1.706042706
1.706639281
1.704884592
1.704162355
1.704723888
1.704431035
1.704909418
1.705672805
1.703678748
1.703034477
1.702661469
1.702274585
1.702206266
1.702469482
1.702704181
1.704583328
1.704426752
1.706355206
1.705221311
1.707038219
1.706726002
1.707130497
1.706967039
1.706739684
1.706034556
1.706193893
1.705903788
1.705730056
1.706633534
1.706767907
1.706739618
1.706592006
1.706688343
1.706601527
1.706528183
1.70609453
1.705640986
1.705065173
1.706514445
1.704918124
1.706342973
1.706096527
1.706056566
1.705659568
1.705102882
1.70458182
1.704838776
1.704088701
1.706467062
1.706245919
1.706159331
1.706494492
1.703288288
1.70515573
1.705697665
1.704891145
1.706009192
1.704031324
1.703586537
1.702797566
1.702190113
1.701939975
1.701930088
1.702205609
1.705263694
1.705243829
1.70634314
1.705711581
1.707481931
1.707489227
1.707506909
1.707290212
1.707042976
1.706684494
1.706249456
1.70628628
1.706257091
1.706200006
1.707219739
1.706685024
1.706933158
1.706642294
1.707090924
1.707170346
1.706334589
1.706182276
1.707062958
1.706756076
1.706207192
1.706691046
1.706071017
1.705850177
1.705617309
1.705416744
1.704947551
1.70483514
1.704260278
1.703647332
1.703362654
1.702667304
1.706231858
1.70580836
1.705946468
1.706447058
1.70586392
1.707035592
1.70638661
1.705571731
1.705133496
1.704186005
1.703207604
1.702475224
1.702227021
1.701953844
1.701955333
1.706116785
1.706230719
1.706356929
1.707302378
1.707633343
1.707799943
1.707898846
1.706883245
1.706668895
1.706259762
1.70655958
1.706465575
1.706673338
1.707944508
1.706981544
1.706857298
1.707016064
1.702060562
1.706804584
1.706300927
1.705812479
1.707013942
1.707276837
1.705252804
1.705082604
1.707348286
1.707344238
1.707151024
1.707025672
1.706642458
1.70460774
1.704068751
1.703572921
1.70346011
1.702945162
1.702500062
1.702352776
1.70545986
1.705486688
1.705183108
1.705309335
1.706569841
1.706558885
1.707659937
1.707122812
1.706862421
1.705903981
1.704964999
1.703907435
1.703492793
1.702791984
1.70229915
1.702218063
1.706896216
1.707017347
1.706901329
1.707037107
1.706479074
1.707287419
1.707767237
1.707980193
1.70593368
1.705772623
1.706866593
1.706720747
1.708205842
1.707013707
1.707028084
1.707074312
1.706987882
1.702076514
1.705804032
1.706042479
1.705082115
1.70499048
1.704339554
1.706632514
1.707083329
1.703764518
1.703650255
1.70722253
1.707387489
1.707382214
1.707271915
1.703208435
1.7027962
1.702501021
1.702421049
1.702184768
1.70208786
1.704619491
1.7045217
1.704678146
1.704448586
1.704513549
1.706795997
1.7070925
1.708136349
1.708082634
1.707591303
1.706845521
1.706602571
1.705650297
1.70528038
1.704371361
1.703562868
1.703288772
1.702749465
1.707214236
1.707267755
1.7071053
1.705825762
1.706168728
1.705201036
1.707014393
1.707693545
1.704669951
1.706944328
1.708207965
1.70667589
1.70691104
1.70701498
1.706853153
1.706579772
1.702618223
1.704176053
1.704487303
1.705279383
1.703507336
1.703350988
1.702806714
1.706004573
1.706239661
1.702425208
1.702407505
1.706811388
1.706903489
1.707194287
1.702178925
1.702121725
1.702097418
1.702128976
1.702282274
1.703684825
1.703913748
1.703737798
1.703525325
1.703887216
1.703881198
1.706984089
1.707068946
1.708355124
1.708404715
1.708148613
1.707960381
1.70735756
1.706995531
1.706146697
1.705263297
1.704932606
1.704086189
1.703926906
1.706892756
1.706815296
1.706780749
1.704348574
1.704602563
1.705450165
1.703840787
1.706423773
1.707240061
1.707569508
1.706448339
1.706009542
1.706797121
1.706974125
1.706206042
1.703242829
1.702623535
1.702847031
1.703634984
1.704448577
1.702138703
1.702033753
1.701799687
1.704869791
1.705731944
1.70173799
1.701828454
1.706334396
1.701999907
1.701942252
1.702230509
1.702590114
1.702711221
1.703058532
1.703310022
1.703564875
1.702912571
1.703694693
1.703692326
1.706966431
1.706479718
1.70813171
1.708410043
1.708398466
1.708238569
1.708032554
1.707504537
1.706806828
1.70636423
1.705488671
1.704747927
1.706028756
1.705790964
1.706038287
1.703184383
1.703091793
1.703779661
1.704677318
1.705609352
1.705952335
1.706845731
1.705864868
1.706452247
1.705300024
1.705475024
1.703980646
1.701729694
1.701811815
1.702302527
1.702962436
1.703401485
1.701565232
1.701566545
1.70171336
1.704261227
1.705127493
1.70201631
1.702171886
1.702565706
1.702689732
1.703192549
1.703782804
1.702769095
1.703136159
1.703502302
1.703676466
1.702533213
1.703913318
1.704027007
1.706576013
1.705545848
1.707547504
1.70766455
1.708033734
1.70795967
1.707943068
1.707653626
1.70731629
1.706738848
1.706054324
1.70544077
1.704952992
1.704635026
1.705163222
1.702415325
1.702555309
1.703058253
1.703770637
1.70401833
1.70491748
1.7058332
1.705264818
1.705859021
1.704814978
1.704809695
1.705228587
1.701775871
1.701863775
1.702149123
1.702519332
1.703143944
1.702049446
1.702165701
1.702668513
1.703911854
1.703280037
1.703392291
1.703919254
1.704050182
1.70462624
1.703329544
1.702849423
1.703845499
1.704185107
1.70419412
1.702587854
1.704414342
1.704981296
1.704710447
1.705929537
1.704627314
1.706148259
1.706898487
1.707244064
1.707466348
1.707307962
1.707163008
1.706862756
1.706494572
1.706376278
1.704112917
1.703786884
1.70450042
1.702225593
1.7021269
1.70241405
1.702372638
1.702904385
1.703785168
1.704133814
1.705281737
1.704884846
1.704541921
1.704733032
1.705992477
1.702906265
1.702472353
1.70238592
1.702605761
1.702837755
1.703249865
1.703502783
1.703703021
1.704492116
1.705104018
1.704988749
1.705557856
1.705556866
1.704493406
1.703943366
1.70369668
1.7049651
1.70512887
1.704954496
1.702921673
1.705639609
1.705504942
1.705312954
1.705255748
1.70412425
1.704997994
1.705805193
1.706285295
1.706327901
1.706607171
1.706783681
1.706802812
1.706784402
1.706776025
1.703898713
1.703621078
1.704366149
1.702244539
1.701836216
1.70171483
1.702098492
1.702354451
1.703035816
1.70492344
1.704861323
1.704791293
1.705066749
1.706657076
1.705142046
1.704761466
1.704041013
1.70358413
1.703670587
1.703498458
1.70350982
1.705449978
1.705704313
1.706517998
1.706574249
1.706736997
1.705917307
1.705376525
1.705543448
1.704468964
1.70609436
1.705981182
1.70341015
1.706368496
1.705951352
1.705591224
1.705410166
1.704831382
1.704420315
1.703877736
1.704562429
1.704705311
1.705277251
1.705764136
1.706229454
1.706229606
1.706602264
1.706920618
1.704326257
1.704850448
1.702503898
1.701982278
1.701500865
1.701426099
1.701656234
1.702214558
1.704870379
1.705455692
1.705663307
1.707141192
1.705087992
1.70562075
1.706703315
1.705989162
1.705389968
1.705363089
1.704884955
1.704519074
1.70719032
1.707261904
1.707561808
1.707377234
1.706803815
1.70700377
1.706326797
1.707420702
1.70522386
1.706786174
1.704095163
1.706015728
1.706690816
1.705624357
1.705095962
1.704742614
1.704797405
1.705351749
1.70280445
1.702968952
1.703650381
1.704325646
1.704959562
1.705294953
1.706151579
1.706558643
1.705523923
1.70574375
1.70333393
1.702075566
1.701652949
1.701327158
1.701358202
1.701713186
1.706268305
1.706268801
1.707139744
1.705389477
1.706021097
1.707687703
1.708027732
1.707083311
1.707155669
1.706515567
1.705958912
1.708117341
1.70795447
1.707556115
1.707702372
1.707336819
1.707833093
1.707050838
1.708082817
1.706055591
1.705268865
1.704922621
1.705774306
1.704883476
1.706674401
1.70451189
1.704044738
1.703361873
1.705130526
1.706502177
1.701694798
1.702281139
1.702866573
1.703426089
1.703763017
1.704775364
1.705215479
1.705971536
1.706807832
1.706694889
1.703647078
1.702957478
1.702130627
1.701625784
1.701474675
1.706890101
1.706547016
1.706512246
1.705739761
1.706184196
1.708246111
1.708385575
1.708275984
1.707754845
1.708118766
1.70729247
1.707887134
1.707518003
1.707533
1.708202985
1.708241142
1.707673543
1.707378862
1.707101786
1.705677594
1.703256937
1.703962623
1.705037147
1.703302765
1.706208413
1.702998481
1.702742061
1.701641534
1.701461678
1.705539317
1.707375524
1.7017247
1.701791309
1.70197341
1.702282855
1.702477135
1.703254501
1.703591082
1.704282943
1.704792628
1.70768474
1.707301722
1.70492347
1.703777555
1.702882281
1.702277623
1.707105999
1.706818964
1.706393377
1.706089087
1.705876228
1.705966296
1.708181034
1.708214176
1.707932591
1.70734537
1.708004162
1.708169265
1.706446085
1.708102154
1.708282387
1.707286111
1.708121289
1.705479602
1.707598208
1.706890186
1.701427844
1.701894488
1.702768157
1.703976665
1.701643438
1.701488141
1.700303647
1.700173451
1.700331691
1.705744763
1.70760582
1.702002942
1.702254247
1.703081157
1.70194171
1.701926456
1.702134072
1.70225805
1.702669443
1.702914875
1.70380499
1.70777468
1.707179049
1.706548855
1.705585691
1.704672285
1.703865356
1.706368976
1.706436337
1.705781353
1.704713308
1.705673439
1.705368376
1.707167695
1.707511093
1.707059297
1.706451313
1.705532538
1.70775646
1.703988388
1.706575988
1.707508546
1.707686663
1.704937709
1.707914714
1.702773331
1.707772415
1.707520438
1.699970726
1.700074482
1.700532687
1.701424145
1.700309644
1.699685382
1.699715205
1.699395845
1.699579274
1.705545515
1.706969485
1.702989452
1.702558371
1.703627466
1.704821727
1.702329004
1.701886473
1.701713217
1.701704001
1.70170505
1.702082322
1.702740337
1.706963838
1.706116314
1.707032055
1.706340637
1.705625538
1.705386267
1.705244274
1.70482313
1.705158538
1.704531293
1.704491945
1.705974599
1.705389583
1.7065755
1.705191199
1.704426917
1.703381662
1.702060206
1.70378403
1.705431653
1.705886441
1.706723572
1.701624969
1.707246235
1.700061949
1.707213418
1.707323433
1.69896136
1.699255912
1.698884132
1.699218598
1.699640412
1.699698126
1.69954226
1.699378691
1.699314131
1.704940758
1.705611399
1.703929951
1.704569291
1.703641188
1.705348761
1.706359022
1.702852989
1.702315586
1.702140373
1.701677618
1.701492536
1.701350473
1.701501486
1.705457917
1.704640165
1.707182977
1.706858675
1.704178066
1.703887505
1.703795794
1.703655087
1.703925554
1.704057724
1.70480649
1.703468988
1.70319784
1.702508011
1.701793412
1.701249011
1.702523072
1.700366344
1.703142535
1.704352502
1.705405827
1.698785731
1.705567845
1.698040448
1.706253171
1.706741558
1.698228636
1.69883081
1.69791139
1.700055897
1.699891416
1.700004869
1.699936745
1.699713481
1.699444725
1.704177737
1.703980084
1.705541886
1.70527354
1.706152635
1.704494991
1.706740875
1.707030431
1.703718202
1.703384701
1.702648148
1.70231708
1.701742157
1.701346355
1.703730275
1.703205908
1.706982282
1.703118729
1.702759143
1.703011085
1.703046996
1.703242684
1.703483631
1.702999104
1.702482335
1.701933993
1.701752876
1.701395276
1.701230352
1.701630277
1.700137706
1.699492632
1.697763151
1.701402528
1.702668392
1.703037397
1.697102454
1.704024842
1.697158838
1.704998633
1.705795496
1.698800982
1.698372551
1.697674574
1.700356083
1.700528365
1.700017597
1.70062421
1.700351213
1.699636662
1.699521391
1.699797085
1.703597149
1.70258842
1.706741275
1.706572431
1.706051354
1.707012005
1.705357368
1.706875096
1.706392503
1.705027262
1.70423533
1.703898333
1.703065494
1.70228604
1.702387087
1.702239318
1.702494056
1.702240866
1.702691015
1.702994357
1.703270743
1.703411037
1.701923629
1.701800441
1.70151199
1.70139716
1.701348489
1.701462466
1.701973
1.703051181
1.69859245
1.697644134
1.697256677
1.696540173
1.699765011
1.700107652
1.701407737
1.696740104
1.702321481
1.697457498
1.703509463
1.704498662
1.699380566
1.698443404
1.700547687
1.700076497
1.700768422
1.700932447
1.700742678
1.698781651
1.698184503
1.698079109
1.700490553
1.703472362
1.701886362
1.706953652
1.706926065
1.706887627
1.706583253
1.706360267
1.706360443
1.705425908
1.705796283
1.705559747
1.704796306
1.703923497
1.70173995
1.702070148
1.702602167
1.702512222
1.703065222
1.703482129
1.703755177
1.703729331
1.704219571
1.701645742
1.70158608
1.701738012
1.702030179
1.70211282
1.70278261
1.703911944
1.704875914
1.697458473
1.696696413
1.696368142
1.696324866
1.696659834
1.69771507
1.698612819
1.699611194
1.697518705
1.700775718
1.699593518
1.698625664
1.701808315
1.702927526
1.699717348
1.699846421
1.699570813
1.700570887
1.700960774
1.700975119
1.696205933
1.697388258
1.695299911
1.694995655
1.700687915
1.703858391
1.702139937
1.706061434
1.706550086
1.705751273
1.706790677
1.706746992
1.704240054
1.706649061
1.706615438
1.706242845
1.70562196
1.702113701
1.702772557
1.703371605
1.703490206
1.70392876
1.704306158
1.704497963
1.704736996
1.702410181
1.70248561
1.702994679
1.703577955
1.703778317
1.70494908
1.705848722
1.706373401
1.696476294
1.696356968
1.696336478
1.696490646
1.69690087
1.697826413
1.696838861
1.697358365
1.697389384
1.698883431
1.698954538
1.698021525
1.699937367
1.700011482
1.701412431
1.697627279
1.69884392
1.699913964
1.700201444
1.700706392
1.692048515
1.694279633
1.694248956
1.691859141
1.69066645
1.700596299
1.704542454
1.703286355
1.703885093
1.704896058
1.705709722
1.703398223
1.70593829
1.706474159
1.706685975
1.706670778
1.703312384
1.70415859
1.704512867
1.7048172
1.704948075
1.705135074
1.705169379
1.705172644
1.704014563
1.704135496
1.704819028
1.705483951
1.705741208
1.706665088
1.706950245
1.706879287
1.696502484
1.696344001
1.696600391
1.697290627
1.697594058
1.69828971
1.699184399
1.696336061
1.696236501
1.696340137
1.700001133
1.697394054
1.696703935
1.698535951
1.700437596
1.695680433
1.697433013
1.697936838
1.699188607
1.699975337
1.688467827
1.690611621
1.691379246
1.688700426
1.686398137
1.699854873
1.700123798
1.705091504
1.704837789
1.700927534
1.702056556
1.703422585
1.703898114
1.704969577
1.70587981
1.706501546
1.705534769
1.705587168
1.705935966
1.705710845
1.705615319
1.705406523
1.705154189
1.705649735
1.705927268
1.706544736
1.707000443
1.707100342
1.707215222
1.706789636
1.706050224
1.696996625
1.697492353
1.696565148
1.697700525
1.698610408
1.698889605
1.69944474
1.699910873
1.696347895
1.695947979
1.695681305
1.695730998
1.696204787
1.697212719
1.69805734
1.693791512
1.694540827
1.696252524
1.697657819
1.697906696
1.687889098
1.686398137
1.686398137
1.687957634
1.69039526
1.698802909
1.699423082
1.705107843
1.706314716
1.698612019
1.700366366
1.701094009
1.70244867
1.703851189
1.705056619
1.706536806
1.706130199
1.706404499
1.705837698
1.705446026
1.705038989
1.704537033
1.706924996
1.707166371
1.707430368
1.707370423
1.707234752
1.706378134
1.705264571
1.703983078
1.697691873
1.698289363
1.698778489
1.697447617
1.698954229
1.699433323
1.699554797
1.699630352
1.696690327
1.695999313
1.695405348
1.695190582
1.695409181
1.695892278
1.696202866
1.690687357
1.692609112
1.694269923
1.694699506
1.696111446
1.686398137
1.686398137
1.687763521
1.697421591
1.698414901
1.704373589
1.706989417
1.697652949
1.69827281
1.699566235
1.701076278
1.702563479
1.706609041
1.705790859
1.705929342
1.705082261
1.704523369
1.704059682
1.703425471
1.707160112
1.707194737
1.706616719
1.70627933
1.70555902
1.704122807
1.702653513
1.701119051
1.698825907
1.699010154
1.699427719
1.699512575
1.698140325
1.69948982
1.699115086
1.698982525
1.697350627
1.697079747
1.696190333
1.695505304
1.695086372
1.695010658
1.695073357
1.695752409
1.687626168
1.689260852
1.690557747
1.69106222
1.692528067
1.694215189
1.686398137
1.695767235
1.696991127
1.702987386
1.706481539
1.696139819
1.69704102
1.698326626
1.699650913
1.705466507
1.70456853
1.70365622
1.703052319
1.702673506
1.70210658
1.7060968
1.705852342
1.704371221
1.703879046
1.702670277
1.701132185
1.699651589
1.698175773
1.699623249
1.699357073
1.699628011
1.699277324
1.698960233
1.698821607
1.69839391
1.697260868
1.698530069
1.697724865
1.696790149
1.695981453
1.695431386
1.695268615
1.695063658
1.695169722
1.687664189
1.686398137
1.687791029
1.688902159
1.690497367
1.691984254
1.693843706
1.694252589
1.701382779
1.700918873
1.704795352
1.695510117
1.696174864
1.697212884
1.703548821
1.702483503
1.701735924
1.701356015
1.701189383
1.70389627
1.703403594
1.701360155
1.700826999
1.699543375
1.698198416
1.697093658
1.696053381
1.696134551
1.699577458
1.699212691
1.699587194
1.698920916
1.697489956
1.696938451
1.699452841
1.695732853
1.699040642
1.698354211
1.697517372
1.696767041
1.696456984
1.695625158
1.695475867
1.695246878
1.686398137
1.686398137
1.687731104
1.68805153
1.690292493
1.69079846
1.69235624
1.70016856
1.699872205
1.699986536
1.702325798
1.695237507
1.695517024
1.701099013
1.700282346
1.699915421
1.699890895
1.701057553
1.700393372
1.698392819
1.697890561
1.696852387
1.695941227
1.695311028
1.695124882
1.695079579
1.699068645
1.698375832
1.697347807
1.699185792
1.696808774
1.694489514
1.693826447
1.699368645
1.699279412
1.698892711
1.698293364
1.698067406
1.697280755
1.696729507
1.696032386
1.696682308
1.695545741
1.686398137
1.686398137
1.687896832
1.687731516
1.689151093
1.690344542
1.699684058
1.699626001
1.69926597
1.69894294
1.699660395
1.69521693
1.698855411
1.698537487
1.69865082
1.698251559
1.69761935
1.696145009
1.695774691
1.69520387
1.694897712
1.69495023
1.695483225
1.695274152
1.697388613
1.697069527
1.695719082
1.694262283
1.698360203
1.693619312
1.690999123
1.69885669
1.699194497
1.699171276
1.699067706
1.698712724
1.698231899
1.698073024
1.697469835
1.696721937
1.696026833
1.686398137
1.687588312
1.687820337
1.699901242
1.699918572
1.699423004
1.698837654
1.698224158
1.697600009
1.697365936
1.697665257
1.70002155
1.696579322
1.69618673
1.695538765
1.695064584
1.694923882
1.69490832
1.69520892
1.695752959
1.696695392
1.696381927
1.695824076
1.694357492
1.693886908
1.692049723
1.690583023
1.697023381
1.690237561
1.697567689
1.698650415
1.698837309
1.699093485
1.699066872
1.698992174
1.698680673
1.698127058
1.697406464
1.686398137
1.686398137
1.687544455
1.700379131
1.70035108
1.69945798
1.698708818
1.697824337
1.696479824
1.696981483
1.700603249
1.700306664
1.695900439
1.695533657
1.6953369
1.695432398
1.695402057
1.695901961
1.696492586
1.697091123
1.698064355
1.697814738
1.692332095
1.693942549
1.690853219
1.690264328
1.68827564
1.69458808
1.696694064
1.697153035
1.69806174
1.6986706
1.698759595
1.698991086
1.69894455
1.698599871
1.686398137
1.686398137
1.700610852
1.70038133
1.700174357
1.699702371
1.698784356
1.697657718
1.696598751
1.700828949
1.700678498
1.700614903
1.696465583
1.696180478
1.696360991
1.696717312
1.696805923
1.697613436
1.697872672
1.698353463
1.698691887
1.69881328
1.690465841
1.688801407
1.691082835
1.687806919
1.687735413
1.693655473
1.694257237
1.695626453
1.69682623
1.697151805
1.697933613
1.698556684
1.698858319
1.686398137
1.699929904
1.698581015
1.698552548
1.699985548
1.698968097
1.697697513
1.700478531
1.700835628
1.699782223
1.70076285
1.697828044
1.697583783
1.697881141
1.698200142
1.698208376
1.698650824
1.698662467
1.698642874
1.698386821
1.698311237
1.687927542
1.687665862
1.686398137
1.690271312
1.690819626
1.69226205
1.693829075
1.694222963
1.695653023
1.696636967
1.697583052
1.697762157
1.695807404
1.695251589
1.700221817
1.699159872
1.698859966
1.699863354
1.700517494
1.700688025
1.690791412
1.699227169
1.699026156
1.699122143
1.699085618
1.698903372
1.698462538
1.698211767
1.697561035
1.696671018
1.696251876
1.686398137
1.686398137
1.687752771
1.687788947
1.688787168
1.690412601
1.690771384
1.692260009
1.693742256
1.694457101
1.695883939
1.694334236
1.692102513
1.700124068
1.700551544
1.69758643
1.698916239
1.699938707
1.688551069
1.686398137
1.700004912
1.699724234
1.69934668
1.698741453
1.69829999
1.696864796
1.696364329
1.695170735
1.693798478
1.693302418
1.686398137
1.686398137
1.687678958
1.687772266
1.68874067
1.690339433
1.690937652
1.694216061
1.691719633
1.691055628
1.688691804
1.700159332
1.69968237
1.696103185
1.697811799
1.686398137
1.688345093
1.699494709
1.699079774
1.697982048
1.696864578
1.696193946
1.694083334
1.693432052
1.691883092
1.690360214
1.690192517
1.686398137
1.686398137
1.687623134
1.687830048
1.690718756
1.692697255
1.688228882
1.686398137
1.698742851
1.69743432
1.694693286
1.697514785
1.696800039
1.694687593
1.693785206
1.692339902
1.690574324
1.690145785
1.688586058
1.687699476
1.68757661
1.686398137
1.686398137
1.687824764
1.688890876
1.690992169
1.686398137
1.696034501
1.694153994
1.694395254
1.693684078
1.691076946
1.690330209
1.688674522
1.687665384
1.687570343
1.686398137
1.686398137
1.686398137
1.687823622
1.690575472
1.6925685
1.690722389
1.690417777
1.687887461
1.687615292
1.686398137
1.686398137
1.686398137
1.6877267
1.689323272
1.687682831
1.687801604
1.686398137
1.686398137
1.686398137
1.686398137
