1.684280078
1.684280078
1.684280078
1.682997419
1.684280078
1.682150438
1.684280078
1.682266873
1.682442852
1.684653094
1.68251593
1.681744543
1.684280078
1.682479906
1.686228423
1.686264468
1.688374073
1.684280078
1.684280078
1.684280078
1.683555619
1.687859206
1.682917216
1.682302238
1.691019847
1.691923036
1.690747829
1.691512151
1.692101285
1.682235171
1.682246146
1.684280078
1.686569746
1.691163541
1.685280186
1.683894174
1.693327884
1.694000234
1.69440262
1.691506921
1.691583153
1.68255398
1.684280078
1.6818707
1.684280078
1.684280078
1.690306609
1.693746089
1.688933947
1.686703712
1.693671286
1.692175354
1.694716769
1.695274155
1.689649123
1.689973762
1.684348918
1.681863666
1.684858593
1.68210738
1.682246754
1.684280078
1.684280078
1.684280078
1.684280078
1.694140037
1.69223387
1.690391115
1.690102607
1.69233649
1.691231169
1.693701411
1.694974994
1.689042217
1.689164528
1.684280078
1.689323359
1.683632906
1.687723006
1.682763456
1.681461072
1.681516047
1.681831298
1.694868751
1.694336822
1.69372051
1.688978253
1.689369658
1.688892431
1.690232871
1.689116547
1.692540567
1.689331436
1.693873487
1.691300167
1.690626972
1.690336888
1.682146168
1.684280078
1.692167161
1.687710054
1.684912521
1.683207864
1.68276212
1.682397955
1.694672358
1.695223174
1.695103563
1.689953842
1.688419052
1.687698094
1.687490505
1.687793167
1.68851486
1.690931841
1.692327964
1.691956978
1.692810036
1.692519713
1.693256238
1.684280078
1.681701274
1.682203993
1.684280078
1.684280078
1.692904118
1.69037944
1.688454949
1.687158142
1.685836467
1.683522237
1.693533355
1.694674405
1.694921973
1.693668133
1.689600879
1.688440005
1.688209236
1.68827196
1.688427872
1.689455366
1.690291109
1.693593054
1.692659773
1.69371435
1.692707619
1.692560525
1.684280078
1.681262792
1.682048378
1.682702925
1.684201112
1.693835912
1.692720868
1.691884542
1.690722818
1.688183864
1.691455862
1.69095229
1.693998225
1.691753883
1.691620779
1.691020302
1.690454641
1.68951956
1.688428832
1.688687738
1.694355224
1.694291109
1.692184789
1.693938057
1.692237705
1.691409229
1.691217044
1.682430778
1.682922257
1.683112221
1.688937615
1.686568665
1.693969103
1.694126486
1.694035316
1.692583598
1.688868145
1.68913297
1.692196988
1.689876537
1.694113933
1.693656951
1.692405574
1.690189429
1.689015761
1.688567688
1.694747917
1.695268246
1.690454628
1.69048013
1.690860038
1.693002315
1.690827577
1.690673179
1.690335433
1.686456801
1.686182801
1.692399038
1.690392597
1.689194497
1.692781958
1.693727335
1.694080762
1.692922304
1.688336665
1.688256324
1.689271201
1.695532487
1.69501121
1.693117717
1.694997495
1.691545759
1.690674583
1.690076325
1.693634624
1.694536322
1.689606366
1.689267645
1.690298803
1.691399973
1.69178693
1.692322847
1.691401122
1.690417628
1.690518275
1.692107414
1.691166751
1.690336879
1.691460641
1.691757038
1.691534976
1.689077723
1.687851005
1.687615981
1.695232633
1.694688108
1.694077429
1.694871323
1.693525192
1.693287665
1.692178786
1.691301107
1.69237676
1.6893736
1.688687227
1.688842029
1.693016665
1.693070065
1.692779238
1.692292607
1.691326254
1.690480205
1.690908787
1.688066215
1.68885513
1.68948391
1.6896669
1.689534146
1.692844174
1.687733159
1.686946559
1.692957
1.693558541
1.695037397
1.694394995
1.695513792
1.695566498
1.695340003
1.689454999
1.690289076
1.692193158
1.689677689
1.688877202
1.688724592
1.69306593
1.693052049
1.692521646
1.693418379
1.693030759
1.693743259
1.69385116
1.688359006
1.687068452
1.687714459
1.688204108
1.690393362
1.693720789
1.688623087
1.687793331
1.691254077
1.692519388
1.694702702
1.695781592
1.696136306
1.695769222
1.689597902
1.689025519
1.694354425
1.693849053
1.691108627
1.690426407
1.690105672
1.692313782
1.692296975
1.692068688
1.693425353
1.694305923
1.695008887
1.68784168
1.687800205
1.688089423
1.69196525
1.694591409
1.690779621
1.689839875
1.690392949
1.691908987
1.693223152
1.694235738
1.695047051
1.695357924
1.689820807
1.689987556
1.695393926
1.695076716
1.693294608
1.692854477
1.692239062
1.691756355
1.692136375
1.692191873
1.692138573
1.692930487
1.693866194
1.694774307
1.689737677
1.689774728
1.694301365
1.692868527
1.69189178
1.694860397
1.689907107
1.689940863
1.690358621
1.691104058
1.692308832
1.693826274
1.691542247
1.691627623
1.695336467
1.695203017
1.694564898
1.69409789
1.692067055
1.691409303
1.691881389
1.691378289
1.692987564
1.692830482
1.69347595
1.691802437
1.692590671
1.693589022
1.69167279
1.691828476
1.694418905
1.693432651
1.692637268
1.693208838
1.693809753
1.689220245
1.690362637
1.689041274
1.689624785
1.691149467
1.691097668
1.693728405
1.692935142
1.694613434
1.694785289
1.694834626
1.694967715
1.693170202
1.693049796
1.691052165
1.69217704
1.690609394
1.693643511
1.693853662
1.690640807
1.691224464
1.692419525
1.690603347
1.692023752
1.693331223
1.692479085
1.692100884
1.692190278
1.689446684
1.691583529
1.68913547
1.689458798
1.690737144
1.690198639
1.694864588
1.694054188
1.692994465
1.693438044
1.694127384
1.694951327
1.694060347
1.69384982
1.691266983
1.69293935
1.690634244
1.694268552
1.693669642
1.693540607
1.69023208
1.690396508
1.690918967
1.690165554
1.691108463
1.691585042
1.691037678
1.69098066
1.691673837
1.690708771
1.690549398
1.690741877
1.690583561
1.695435106
1.694689699
1.691231039
1.691896006
1.69306958
1.694582128
1.694686312
1.694406957
1.692723606
1.691694019
1.69329079
1.69441865
1.693783437
1.693100748
1.691374668
1.69110007
1.690006437
1.690557977
1.690822475
1.691085665
1.693559934
1.692599991
1.691811689
1.691368675
1.695664781
1.694465931
1.695431521
1.690052002
1.690705017
1.692014395
1.694871627
1.694461221
1.69366366
1.69318123
1.692949736
1.693030765
1.694004002
1.693387989
1.69304307
1.692834235
1.692159562
1.690542249
1.692015782
1.692121879
1.694591824
1.693544389
1.692683251
1.692394642
1.695285614
1.693539112
1.695119916
1.690088975
1.690169726
1.690659759
1.694599777
1.693483092
1.694495433
1.694270299
1.694335425
1.692931049
1.692582579
1.692409199
1.692475082
1.693474506
1.693344472
1.694008054
1.692857015
1.691803679
1.693400643
1.693222062
1.694450848
1.693736962
1.693595721
1.691398639
1.693976612
1.692333571
1.693896078
1.69104435
1.690628972
1.690613624
1.692154405
1.693863658
1.692477731
1.694079271
1.694732017
1.694373275
1.692744723
1.692164542
1.691705516
1.691404358
1.694000724
1.693742343
1.693229705
1.694601053
1.694783012
1.69399734
1.693217245
1.693609988
1.69331086
1.693708684
1.691068505
1.692209893
1.692756095
1.692409785
1.691704611
1.691246453
1.691306478
1.691562581
1.692724831
1.693017535
1.693705856
1.693638975
1.692572661
1.691927065
1.691422537
1.691085836
1.69408732
1.694003563
1.693956182
1.693724163
1.693228795
1.694996149
1.694374777
1.694834861
1.694426185
1.692829194
1.69277938
1.691315887
1.691831679
1.692285495
1.693813843
1.692919092
1.691969908
1.690929316
1.691272773
1.69171558
1.692048628
1.692650215
1.692669821
1.692180859
1.691813359
1.691409168
1.693676685
1.693566111
1.69396017
1.69379621
1.693769046
1.69346541
1.694834398
1.693597047
1.695091698
1.695148893
1.692387429
1.691979081
1.692281754
1.694847294
1.693476853
1.694617618
1.692948197
1.690911907
1.690767664
1.690787754
1.6920293
1.69113448
1.693163065
1.692978913
1.69278687
1.691850521
1.693149501
1.692908477
1.693071932
1.693263421
1.693872013
1.693492559
1.693850153
1.693784269
1.693760048
1.694568257
1.695052253
1.692961847
1.69294514
1.69504752
1.694099561
1.694699998
1.693722745
1.691966066
1.69132268
1.690903943
1.690709093
1.690960845
1.693845131
1.693964489
1.693194335
1.694151179
1.692822847
1.693317083
1.692960727
1.69265452
1.692835357
1.692617036
1.692938323
1.69347112
1.69368382
1.693695072
1.692931766
1.693644082
1.694140526
1.693729401
1.694370666
1.694355838
1.693927192
1.691190869
1.691682566
1.692304197
1.691675466
1.691235441
1.691674623
1.693981746
1.694284231
1.694200307
1.694552388
1.69417329
1.693111263
1.693383483
1.692645929
1.692279265
1.692444029
1.693072271
1.692663569
1.692929421
1.693159659
1.692780198
1.692202567
1.692734047
1.693285315
1.693645621
1.693794546
1.693714866
1.692992077
1.691515332
1.69163732
1.69336203
1.694486753
1.692400039
1.692896951
1.692830835
1.694857709
1.693489343
1.693771604
1.694282908
1.694694868
1.694729466
1.694372646
1.694585794
1.693202233
1.69333255
1.692610971
1.692326939
1.692084519
1.692142437
1.692295771
1.692890113
1.693124343
1.692583555
1.692137212
1.692041783
1.6919295
1.692389291
1.693092991
1.693156334
1.692936345
1.692655114
1.692207752
1.692133654
1.693098503
1.694706537
1.693890576
1.694060199
1.694694799
1.693948605
1.692585766
1.693719011
1.692835628
1.694338191
1.694213379
1.693867734
1.693211631
1.69322992
1.692447478
1.692140648
1.691952442
1.691942511
1.691920335
1.691788668
1.692990934
1.692729816
1.693106438
1.692514684
1.691794337
1.691632737
1.691448785
1.691584611
1.692437984
1.693041637
1.69317696
1.693040231
1.693253133
1.693300343
1.694014034
1.694401908
1.694721016
1.694282985
1.693510115
1.693292074
1.692741276
1.693333976
1.693659554
1.69185224
1.693602471
1.692878149
1.692087821
1.693664892
1.693477872
1.693150716
1.692644579
1.692333767
1.6931433
1.693053706
1.693099409
1.693113006
1.692236201
1.691963272
1.69175102
1.691799011
1.691626721
1.692326864
1.692860781
1.692582836
1.692890301
1.691346087
1.691437564
1.691462019
1.691567158
1.693511422
1.693665848
1.69370783
1.694121702
1.694131948
1.694204626
1.694272709
1.693158378
1.694114515
1.692841067
1.692607196
1.69281231
1.692361415
1.692702963
1.691526171
1.691442743
1.692941585
1.69137264
1.69171388
1.692171639
1.692968921
1.692909432
1.69250303
1.692007272
1.692240421
1.691990408
1.692912286
1.69306754
1.693018702
1.693003341
1.693021774
1.692989294
1.692042187
1.691833171
1.691714311
1.691667549
1.692134786
1.692443665
1.692677216
1.692742358
1.692786728
1.691289618
1.69146526
1.691771431
1.691635949
1.691741647
1.692382659
1.69410966
1.69403178
1.694151198
1.694348493
1.694379531
1.694215175
1.692582313
1.693629165
1.693586157
1.691973195
1.692023862
1.692136914
1.692146126
1.691291174
1.691227958
1.692434387
1.691242835
1.691453599
1.69191896
1.692495531
1.692302317
1.692159458
1.691741157
1.69174267
1.691924247
1.691921332
1.691706922
1.692911071
1.692975082
1.692991083
1.692903147
1.692934762
1.692814659
1.692910385
1.692809607
1.691911886
1.691781386
1.691775031
1.69203219
1.692256917
1.6925313
1.692646336
1.691505213
1.691898519
1.69195022
1.692262025
1.691913152
1.69199762
1.691901991
1.692035806
1.691907866
1.693763952
1.693770936
1.693979727
1.693961794
1.692233242
1.693218471
1.692783051
1.691728376
1.691706386
1.69175078
1.691275482
1.691548475
1.692087791
1.69124094
1.691271515
1.691450139
1.691699896
1.692050359
1.692022799
1.691803592
1.691845912
1.691615226
1.691734529
1.691860699
1.691542071
1.691555763
1.691562142
1.691671146
1.691532678
1.691478146
1.692924273
1.692896599
1.69284104
1.692909208
1.692840591
1.692763013
1.692739859
1.692818595
1.692682486
1.692760194
1.692803426
1.691910379
1.691898745
1.692036116
1.692166645
1.692346349
1.692499702
1.692565764
1.692175646
1.692021116
1.692372689
1.692658382
1.692716553
1.692134163
1.692405636
1.692196404
1.692106692
1.692037296
1.691966304
1.691812196
1.691702685
1.693045938
1.69307541
1.692747974
1.69330784
1.692033603
1.692222267
1.692463432
1.692367286
1.691600762
1.691549773
1.691436349
1.691671875
1.69147741
1.692188614
1.691343898
1.691524837
1.691492702
1.691749564
1.691246868
1.691233964
1.691305112
1.691475267
1.691711161
1.691788895
1.691639277
1.691679495
1.691564631
1.691623625
1.691523916
1.691484182
1.69148639
1.691459961
1.691487627
1.691427605
1.691461321
1.692856745
1.692850706
1.692843051
1.692804682
1.692794551
1.692742461
1.692684636
1.692677336
1.692721668
1.692650548
1.69272525
1.6927659
1.69201926
1.692069496
1.692163913
1.692533089
1.692309063
1.692446703
1.692301922
1.692817126
1.692605918
1.69257627
1.692669405
1.692897217
1.693015058
1.69297948
1.692410718
1.692269486
1.692213776
1.6917124
1.691922435
1.691831717
1.692569259
1.692555513
1.692454676
1.692568991
1.692126925
1.692200471
1.692433021
1.692653344
1.691593973
1.691658817
1.691814363
1.691897778
1.691766918
1.691800361
1.692661462
1.69140558
1.691343955
1.691530856
1.691431591
1.691481409
1.691246025
1.691232715
1.691311685
1.6915198
1.691512063
1.691545838
1.691562129
1.691487863
1.691485005
1.691547086
1.691584448
1.691549099
1.691812353
1.691429138
1.691419583
1.691519087
1.691408587
1.692774013
1.692773439
1.692766465
1.692770459
1.692744311
1.692700793
1.692627231
1.692656414
1.69261352
1.692635197
1.692625181
1.694346094
1.69343699
1.692694578
1.692181728
1.692249464
1.69231181
1.692536561
1.692426442
1.693062084
1.692400061
1.693293856
1.693121038
1.69301654
1.692835487
1.693253583
1.693236551
1.692391904
1.693153044
1.692566348
1.69244796
1.692127658
1.691973599
1.69205794
1.692664612
1.69254676
1.69279823
1.692382476
1.692382813
1.692422449
1.692647884
1.692784742
1.69292394
1.692061115
1.692163318
1.691925346
1.691788081
1.692306596
1.692098044
1.692108803
1.692149014
1.692334828
1.693089605
1.69340303
1.691377513
1.69135038
1.691535182
1.691796839
1.691362486
1.691403024
1.691322451
1.691249352
1.691235716
1.691394993
1.691306587
1.691353806
1.691431685
1.691453293
1.691405474
1.691378568
1.691361061
1.691789092
1.691696334
1.691703361
1.692002554
1.691517707
1.691690017
1.691716727
1.691505102
1.691404403
1.69393506
1.692682295
1.692676543
1.692681481
1.692611986
1.692586574
1.692584662
1.692555996
1.69255742
1.696632314
1.696902827
1.693447507
1.695317029
1.695828943
1.694676536
1.698640929
1.692379135
1.692344522
1.692436861
1.692442935
1.692414853
1.694378413
1.693007451
1.695521584
1.693424077
1.693472402
1.69337088
1.69307877
1.692877986
1.692474474
1.692614833
1.693431976
1.693357928
1.692586197
1.693259272
1.692813634
1.693629128
1.692380256
1.692295693
1.692490165
1.692590402
1.692973044
1.692987435
1.692667465
1.692681723
1.692905061
1.69301361
1.693035481
1.692292224
1.692265462
1.692580764
1.692624625
1.692372567
1.692122613
1.692135261
1.692793067
1.692514704
1.69268992
1.693479264
1.693679893
1.693068177
1.691379018
1.691365278
1.691585162
1.692411588
1.691896345
1.691363002
1.691340289
1.691240846
1.691342771
1.691250662
1.691262316
1.69128479
1.691295587
1.691327156
1.691353793
1.691297308
1.691324134
1.691327624
1.691943426
1.691935205
1.692225414
1.691673622
1.691675315
1.691911208
1.691897562
1.691888713
1.691518372
1.691694933
1.6914674
1.694243211
1.696679058
1.692589694
1.693872771
1.69257765
1.692527982
1.69255906
1.692524398
1.692516592
1.692491133
1.699988242
1.6999233
1.700014556
1.696266311
1.697509459
1.700874853
1.702731429
1.692531536
1.69249706
1.692575007
1.693100408
1.697774606
1.699762308
1.698176609
1.69599451
1.696194791
1.693544539
1.693122747
1.692613424
1.692880746
1.692779207
1.693495131
1.69339788
1.692730329
1.693298943
1.693100766
1.693594595
1.693681168
1.692672789
1.692853667
1.692768968
1.693071986
1.692993579
1.692962169
1.692960969
1.693106
1.693008517
1.693145817
1.693097229
1.692528865
1.692575665
1.692527763
1.693025614
1.692837015
1.69284857
1.692773751
1.69248492
1.693203514
1.692497449
1.703095595
1.693213191
1.693629392
1.693145409
1.69375642
1.69375811
1.693562584
1.691452227
1.693297648
1.691534793
1.702392462
1.717536561
1.694770766
1.695828403
1.691250238
1.691272688
1.691269747
1.691268042
1.691292991
1.704366151
1.701589582
1.698029765
1.692215449
1.692158247
1.692477583
1.691889689
1.691884353
1.691893832
1.692049473
1.692198609
1.692094362
1.692121803
1.691673415
1.691602352
1.693553582
1.69625653
1.696028219
1.699724269
1.692499162
1.696456615
1.69419784
1.696312337
1.692674855
1.692742102
1.692725108
1.693284578
1.69492764
1.704087554
1.704362764
1.700572778
1.706014745
1.707838262
1.692651765
1.693864722
1.69452984
1.697036483
1.702977738
1.703481299
1.706182015
1.702111321
1.70123849
1.693209661
1.692728903
1.693004537
1.692880608
1.693482351
1.693375547
1.692827029
1.69327912
1.693188949
1.693106336
1.693564915
1.69364875
1.693231967
1.693092984
1.692981339
1.692866116
1.692856413
1.693172478
1.6931659
1.693181755
1.692874428
1.69304272
1.692804594
1.692781
1.692893484
1.693192495
1.693077442
1.69281485
1.692866863
1.693153727
1.693635022
1.693440095
1.712369953
1.72524181
1.693866266
1.693719233
1.693748985
1.69383268
1.693891092
1.693852424
1.696148612
1.700282355
1.714113285
1.734987646
1.729854423
1.724127868
1.704116316
1.720189606
1.701130046
1.708555265
1.710635326
1.713546153
1.709272192
1.692485604
1.692436563
1.69300097
1.692766401
1.693139467
1.692153728
1.692100584
1.692183527
1.694129494
1.692402171
1.692206386
1.692584356
1.692398039
1.692401426
1.692297296
1.692284928
1.692476116
1.696383977
1.696203847
1.699181105
1.699050081
1.705796674
1.702639149
1.694247783
1.69901109
1.696386403
1.698825117
1.69824591
1.695493621
1.695047708
1.695576035
1.698318765
1.708611932
1.708998225
1.708745597
1.712348116
1.713130569
1.694546085
1.698574914
1.69860442
1.704178047
1.712466788
1.712198986
1.711879624
1.713324724
1.69407734
1.693008139
1.692931357
1.693008109
1.693557648
1.693401678
1.693286683
1.692902498
1.693193865
1.693111664
1.693032747
1.693515874
1.693484543
1.693318514
1.693284845
1.693256431
1.692620892
1.692665164
1.6932478
1.693230828
1.69310355
1.692949364
1.692684387
1.692847323
1.693051634
1.693185587
1.693207519
1.693326173
1.693297436
1.693285679
1.715911459
1.697123784
1.697828958
1.693687201
1.729670878
1.735403395
1.693950166
1.693867544
1.693958765
1.693935255
1.693775036
1.693621675
1.693889583
1.693909987
1.701868842
1.706528174
1.729119633
1.740972933
1.740211176
1.736423882
1.734108436
1.711736292
1.730375426
1.723444819
1.723120536
1.721054002
1.716709319
1.692748475
1.692753023
1.693036256
1.698069237
1.699364039
1.692431049
1.696324062
1.694054877
1.692470767
1.692737014
1.692457572
1.692841419
1.693106003
1.692459121
1.692572396
1.692731018
1.702079642
1.700183243
1.701848175
1.702704929
1.702513672
1.706629827
1.700768603
1.698569391
1.701393583
1.700561265
1.701685393
1.699602331
1.698837548
1.701977252
1.71344644
1.711645081
1.716786785
1.717653015
1.717933649
1.7132077
1.700169027
1.705060115
1.719537724
1.720009286
1.720312248
1.719039111
1.693420152
1.692927748
1.692942253
1.693352225
1.693333378
1.693220159
1.693137128
1.695360615
1.70250061
1.69305139
1.69297832
1.692905522
1.693268955
1.693402201
1.69326586
1.693202981
1.693220492
1.692410781
1.69246995
1.693080707
1.69278233
1.692599087
1.692911452
1.693088041
1.693237911
1.693313459
1.69334798
1.693394766
1.693356649
1.69322582
1.722265989
1.706177089
1.744435608
1.737548996
1.693924892
1.708704137
1.695044761
1.69379836
1.6938848
1.693639209
1.693759502
1.693551642
1.693734349
1.706584974
1.71106794
1.734630225
1.73750905
1.743021484
1.739774984
1.745873864
1.715917946
1.733027114
1.729566425
1.726421994
1.721233095
1.693012055
1.692971278
1.693025199
1.69297152
1.693211224
1.697829896
1.702398654
1.701152523
1.698021282
1.692699586
1.692712723
1.692996757
1.698193837
1.695500664
1.69273793
1.706109873
1.704263795
1.704904984
1.705968039
1.70532253
1.710253154
1.704410936
1.704668165
1.704025634
1.704755369
1.704315119
1.70435648
1.703603569
1.705031993
1.706661479
1.717190243
1.715244605
1.722124301
1.722407948
1.722279387
1.713352673
1.725366977
1.725551053
1.723669429
1.719145157
1.692857329
1.696867492
1.692816494
1.692819177
1.693117099
1.693134119
1.693045705
1.692979727
1.692929438
1.705236876
1.710257844
1.692862619
1.692788666
1.692685674
1.69308542
1.693268651
1.693016978
1.692919819
1.692839554
1.692259536
1.692345842
1.692674917
1.692456506
1.692927806
1.692639877
1.692757592
1.69337051
1.693355246
1.6934209
1.693436878
1.693427853
1.69336214
1.693308795
1.693104509
1.692841984
1.722957588
1.726908154
1.74776054
1.741135915
1.699359768
1.713338432
1.693611266
1.703423274
1.693625611
1.693463395
1.693412249
1.749171187
1.710661521
1.715117773
1.736379388
1.742153495
1.739785685
1.744737248
1.733445142
1.719441079
1.730180498
1.724836052
1.693222151
1.69315597
1.696205597
1.69318994
1.693365721
1.69335874
1.700851002
1.704699041
1.702434448
1.707851404
1.695724118
1.694624337
1.698786013
1.702132586
1.700060168
1.698443782
1.710712874
1.70781391
1.709519466
1.708469754
1.71515207
1.707581219
1.708024216
1.707833759
1.706736182
1.707803007
1.70901688
1.708610225
1.720384091
1.72072944
1.72629097
1.726594454
1.725701664
1.71285966
1.728629536
1.718173001
1.72777693
1.723978829
1.692753323
1.697394443
1.693317161
1.692652852
1.692620293
1.698310965
1.703623855
1.692493197
1.692863089
1.692707304
1.692835654
1.692766481
1.692691414
1.70762359
1.692627029
1.692555636
1.69248088
1.692993674
1.69279085
1.692662462
1.692544641
1.692440101
1.692168414
1.692194439
1.692242283
1.692386581
1.692276981
1.692634268
1.692584612
1.692487611
1.692320225
1.693464231
1.6934443
1.69345377
1.693423726
1.693353204
1.693447706
1.69333469
1.693201085
1.692970747
1.692395072
1.692668742
1.734286433
1.751801773
1.746550324
1.717754455
1.708894491
1.693406964
1.693037107
1.693023989
1.747830541
1.752838174
1.754915334
1.714589318
1.718637358
1.739722251
1.73687069
1.741874521
1.732341326
1.722854928
1.727682923
1.700617539
1.693466214
1.697050694
1.694285522
1.704290702
1.705729472
1.708958817
1.703934299
1.701268168
1.704612165
1.705878884
1.703996086
1.712504847
1.715821155
1.710770479
1.713318889
1.711683942
1.720886065
1.710630696
1.71095139
1.712029155
1.711831432
1.709647993
1.710565517
1.725277688
1.728052253
1.730225513
1.730463433
1.73000847
1.711992496
1.731415083
1.718333688
1.723390462
1.728597117
1.697657572
1.692446633
1.698074398
1.702851563
1.692273085
1.692276892
1.692271688
1.692439533
1.692258079
1.69250549
1.692399562
1.692366799
1.704499867
1.692309062
1.692265413
1.692537643
1.692592517
1.692278962
1.692277561
1.692185157
1.692255784
1.692210765
1.692101963
1.69210277
1.69213098
1.692182136
1.69213828
1.692299431
1.692164461
1.692102168
1.694826382
1.693489911
1.693472275
1.693221235
1.693390866
1.693265329
1.693414244
1.693095084
1.693059937
1.692836609
1.69218146
1.692393593
1.692593341
1.736207658
1.750885775
1.719076204
1.72673358
1.713719247
1.706665701
1.693547618
1.745133892
1.751890017
1.758502561
1.757445732
1.718967582
1.722502668
1.738914011
1.735758969
1.730766942
1.726259561
1.704529214
1.700917785
1.697235492
1.697108489
1.7075356
1.708230928
1.710054102
1.708523991
1.707509112
1.710785887
1.709709792
1.713220516
1.716892178
1.719974936
1.713225229
1.716004857
1.717469747
1.727148039
1.714402207
1.717693377
1.715705672
1.712955605
1.712915475
1.732091987
1.736431192
1.735369181
1.733151627
1.734053263
1.710576941
1.732712231
1.717360005
1.72355032
1.728754579
1.696852488
1.698922368
1.699238665
1.693186296
1.6920444
1.69205739
1.698248457
1.691944456
1.69185465
1.691870755
1.691831139
1.691901558
1.691926621
1.691913049
1.70360123
1.691872217
1.695242809
1.691656985
1.692071561
1.692069869
1.692064023
1.692049612
1.692045015
1.692051109
1.692021101
1.691989465
1.691978868
1.69200328
1.691885572
1.696322835
1.694207788
1.693453279
1.693417962
1.693100708
1.69330126
1.693137975
1.693321678
1.692874532
1.692900032
1.692658426
1.692009559
1.692364929
1.692058832
1.692182385
1.692429277
1.737132156
1.749338311
1.730255298
1.721903498
1.713292167
1.741871641
1.758945045
1.749694634
1.757780245
1.762715474
1.723805265
1.726976888
1.734536316
1.730194444
1.738783151
1.704492042
1.700069811
1.708832744
1.698507917
1.71320506
1.711222318
1.713447785
1.715133964
1.715812107
1.720589383
1.715166732
1.715533007
1.721935882
1.722081301
1.733293233
1.720007679
1.723822925
1.719080664
1.717775704
1.741225438
1.74310089
1.741585033
1.737204918
1.734631038
1.710043913
1.732268844
1.716844965
1.727192009
1.722569882
1.710559069
1.730832561
1.693076219
1.691822675
1.691819113
1.723421343
1.695547203
1.698678276
1.691657037
1.706963758
1.698326067
1.704336266
1.691562031
1.692752598
1.691504262
1.691493968
1.702797859
1.691490844
1.717379086
1.705571332
1.691976818
1.691974916
1.692030122
1.692058032
1.692003352
1.69198632
1.691896705
1.691901382
1.691909896
1.691827178
1.691877681
1.691807921
1.69423012
1.695810374
1.693351539
1.692935005
1.692971395
1.693157313
1.693196697
1.692678128
1.692710496
1.692459668
1.691893681
1.69220871
1.692046518
1.692237096
1.742933308
1.753535655
1.738684014
1.730916529
1.746712534
1.763964307
1.756539499
1.765214252
1.728332285
1.732750004
1.735373382
1.74327415
1.712701677
1.702181911
1.706398439
1.697908034
1.716432941
1.715546214
1.719568682
1.717450434
1.721327992
1.718033867
1.725180919
1.716827008
1.719307817
1.728133819
1.741431219
1.727639909
1.725278202
1.724881064
1.751163762
1.756192935
1.742223082
1.735253046
1.731423389
1.707277295
1.726032656
1.715433934
1.720405475
1.691642231
1.691623465
1.737313328
1.733420972
1.693629698
1.696568259
1.691458834
1.717595227
1.716957812
1.716568337
1.691357097
1.710575832
1.693714916
1.702899273
1.697381276
1.699219926
1.691511486
1.730639336
1.692067349
1.719744466
1.691926961
1.69195009
1.692020584
1.691981714
1.691846139
1.691869815
1.691900743
1.69181893
1.695356772
1.691787203
1.691788445
1.691760577
1.691786951
1.693846868
1.692747011
1.692945903
1.692475554
1.692519367
1.692419062
1.691957308
1.69205381
1.693467704
1.765858481
1.758948056
1.749263278
1.756770013
1.744114109
1.753707947
1.769932232
1.770958355
1.763238516
1.734239454
1.741520066
1.751784682
1.71002343
1.714217944
1.700059572
1.703173077
1.696710491
1.720692922
1.720974346
1.722050909
1.7190618
1.726100826
1.722453011
1.730778448
1.719137756
1.724761579
1.744169829
1.732128423
1.733593243
1.732123669
1.731429812
1.750083088
1.762854036
1.738099495
1.725296817
1.733722629
1.69982177
1.70708496
1.718893795
1.711160723
1.691471164
1.721373991
1.746398816
1.745257062
1.696118709
1.694524709
1.694019599
1.692681144
1.729346672
1.729218374
1.697809029
1.71391889
1.707009062
1.704300862
1.69792019
1.698312711
1.743256319
1.69208738
1.731821861
1.691936436
1.691981216
1.692029677
1.691867787
1.691855368
1.691897723
1.691945356
1.691820697
1.694920276
1.69177669
1.691732737
1.691742022
1.693360286
1.693842676
1.69350295
1.693440677
1.694916653
1.694387569
1.769817675
1.763691967
1.754162604
1.763104521
1.775573734
1.773105214
1.742149758
1.763086819
1.753002001
1.696438183
1.707356216
1.710877685
1.701218351
1.698387954
1.71406135
1.724525177
1.726632463
1.719709083
1.736336763
1.737561879
1.728608214
1.695707085
1.722705446
1.746035449
1.737487848
1.738567869
1.737750469
1.750658491
1.764858229
1.732502705
1.721710349
1.70028538
1.701285649
1.709724049
1.723331708
1.758596298
1.757319432
1.698010606
1.69741126
1.742350587
1.741761326
1.705230307
1.726246208
1.716342043
1.710741402
1.701736371
1.703135057
1.758518504
1.692125008
1.706741587
1.743976087
1.735777139
1.692000103
1.692059722
1.692035402
1.691911631
1.691960429
1.691918399
1.69198009
1.691847055
1.694999237
1.691779311
1.693036986
1.692500775
1.695135072
1.695201843
1.69521532
1.696664484
1.77426037
1.782170234
1.769925198
1.789979004
1.771883877
1.779204731
1.755177247
1.771494199
1.697183539
1.706835405
1.703439561
1.699213477
1.712020909
1.724713956
1.730955647
1.717636328
1.751291873
1.742264779
1.732590127
1.735893804
1.696540628
1.696123812
1.730679143
1.742213539
1.741474489
1.73998314
1.747205932
1.752162413
1.753691704
1.717794946
1.72581073
1.708382882
1.703031901
1.70251121
1.771084279
1.702729737
1.755713897
1.754347497
1.729584375
1.711289501
1.718768647
1.708671065
1.710082939
1.773064656
1.785504596
1.692182882
1.71401847
1.719292731
1.756815788
1.743547226
1.692113101
1.692114291
1.691979291
1.692036978
1.692035239
1.692129248
1.692228989
1.693388252
1.696897698
1.693004188
1.694533453
1.694247295
1.697045034
1.698662607
1.697913704
1.801744299
1.79299215
1.805216404
1.794007641
1.77990336
1.779926468
1.76739786
1.697753142
1.705307363
1.700524621
1.711355803
1.721425129
1.705373095
1.752389264
1.722432575
1.742196714
1.735613922
1.69742216
1.697404946
1.699240804
1.742795491
1.756986261
1.735246874
1.741077313
1.752034801
1.734764844
1.736933875
1.71541621
1.70743391
1.710153193
1.703253591
1.729461994
1.768047121
1.719141356
1.718324136
1.789861671
1.807137461
1.692282536
1.729011933
1.738310883
1.780248927
1.770152755
1.756829187
1.692248088
1.692277118
1.692253478
1.692249038
1.692157298
1.694688537
1.693757725
1.694936222
1.700069367
1.694566718
1.700257202
1.695876943
1.698724861
1.828355152
1.824980088
1.806714232
1.790776187
1.776333772
1.698403538
1.700514258
1.698427603
1.700936499
1.711659096
1.714735389
1.706145788
1.765668296
1.720525635
1.742158216
1.731104096
1.698912524
1.701932388
1.701702507
1.780883923
1.761486694
1.733413053
1.760957873
1.726146694
1.72785372
1.715696825
1.708528077
1.707778132
1.716036403
1.815140352
1.692446679
1.739443378
1.75231161
1.792081146
1.776928782
1.83731334
1.692437447
1.69285946
1.692961195
1.696319122
1.693640109
1.696059069
1.695399245
1.701977896
1.695928993
1.699370632
1.697444035
1.697280714
1.856469632
1.84456019
1.830314366
1.813432593
1.789902657
1.69982646
1.698808139
1.701566929
1.700461588
1.701632894
1.779695353
1.715030439
1.710531144
1.706200322
1.718551958
1.747225112
1.727660093
1.704436481
1.703831885
1.707619645
1.804525731
1.780698433
1.777583958
1.8171166
1.73404971
1.720165694
1.731687194
1.713664576
1.716503511
1.728440335
1.837483966
1.848520583
1.813968821
1.692581471
1.758193364
1.772449276
1.794301744
1.845817369
1.694681511
1.69556737
1.696425652
1.697891474
1.696825328
1.69676081
1.699223141
1.697516047
1.698313054
1.698998442
1.877567761
1.87027826
1.849804002
1.851850792
1.816938837
1.701464957
1.703999469
1.702207257
1.702745656
1.767943477
1.711531139
1.705886808
1.721658233
1.705771255
1.702963654
1.700373058
1.706960916
1.71128206
1.822956144
1.772176838
1.856223962
1.73390331
1.727216948
1.747220184
1.728046077
1.749141619
1.848034451
1.833271605
1.871063829
1.831672256
1.84508177
1.816286247
1.780583894
1.69561161
1.783420104
1.8052121
1.842902547
1.697594294
1.698392645
1.699365963
1.699790236
1.699741287
1.698495559
1.701000741
1.699851687
1.88452046
1.882356914
1.873785298
1.857941255
1.80221585
1.704966023
1.709203861
1.708788659
1.706268533
1.709184022
1.722140598
1.710750811
1.702411582
1.701365604
1.704372904
1.708244105
1.713130141
1.712101238
1.791090279
1.745283718
1.825611388
1.779860248
1.801785554
1.767793031
1.777039988
1.804799738
1.815111293
1.828841504
1.827405962
1.803564206
1.833334041
1.893024624
1.880167729
1.834125138
1.860572742
1.697907405
1.827439246
1.886296675
1.700282618
1.701510686
1.703045297
1.700650915
1.702347805
1.921527456
1.8788448
1.804365088
1.73552308
1.712843782
1.712612741
1.714497055
1.717432316
1.702401508
1.70305558
1.703787273
1.706146897
1.709979293
1.715307379
1.780942089
1.834066733
1.783371363
1.837484248
1.790059013
1.853793879
1.826693463
1.84226373
1.80593872
1.834864606
1.830899488
1.852903248
1.872348057
1.925224814
1.971571226
1.940563356
1.910687697
1.948120938
1.864026624
1.814990054
1.699917692
1.900781889
1.919434813
1.701606287
1.704512739
1.705806453
1.704689291
1.897400619
1.810997686
1.767823834
1.739836814
1.713587992
1.714160631
1.717722142
1.704874829
1.705787273
1.706739937
1.709695551
1.71391701
1.71316863
1.716947961
1.844507402
1.872638143
1.850108895
1.839478732
1.903499869
1.915465753
1.903787576
1.855249494
1.806457661
1.81332297
1.855232333
1.91981208
1.883743526
1.872278867
1.908921955
1.909402444
1.882809578
1.843964397
1.950629911
1.951339205
1.703721799
1.706820755
1.709383266
1.708990526
1.824691662
1.759793263
1.739620695
1.722572403
1.718066071
1.708620288
1.709392479
1.710232515
1.714885582
1.719376069
1.722368594
1.906377598
1.911142197
1.939513744
1.892808209
1.902759579
1.936425606
1.975730925
1.928240788
1.833272825
1.827549821
1.932493987
1.82473123
1.925481597
1.945651477
1.905659655
1.910472639
1.912949317
1.909067821
1.815285769
1.950814699
1.816916689
1.70641213
1.709983218
1.714319167
1.755967389
1.738987456
1.736337795
1.731523419
1.715153718
1.713856113
1.719892355
1.72913417
1.980474599
1.953621344
1.936221985
1.906362873
1.900750406
1.941361126
1.965669757
1.951418514
1.891013861
1.864644646
1.956061049
1.852603052
1.951661337
1.915252214
1.838669078
1.886617746
1.933102371
1.843285367
1.765833892
1.836332836
1.709805719
1.713430919
1.714587168
1.71878937
1.764309843
1.7693493
1.758312188
1.741555092
1.72169137
1.721522745
1.724898668
1.727341909
1.957516358
1.987006185
1.905380469
1.897935864
1.921763754
1.923696469
2.008281597
1.910701754
1.987025721
1.992692506
1.895846175
1.896379638
1.914657506
1.839506712
1.849668435
1.910113746
1.783851974
1.798671046
1.814725876
1.714548056
1.717423227
1.724330854
1.786392363
1.756073724
1.734949098
1.732398833
1.729241663
1.915730683
1.945858052
1.923643865
1.909395202
1.919988076
1.842123957
1.988549797
1.957449137
1.991835412
1.904843551
1.893588573
1.903852785
1.896404238
1.870366756
1.905809557
1.782785344
1.789732929
1.775097819
1.72116809
1.725427288
1.735879215
1.745815105
1.747073756
1.751264878
1.739372456
1.93383547
1.955104494
1.954495813
1.920344495
1.855698926
1.786747111
1.963797851
1.991080178
1.945582601
1.957254129
1.932544948
1.88997078
1.903624926
1.92397159
1.92618394
1.939468149
1.760072133
1.761840964
1.727311104
1.733955252
1.745238147
1.744561168
1.76555363
1.779721104
1.768751922
1.949496135
1.941985548
1.96002253
1.930923546
1.823430187
1.791940404
1.971931088
1.966996047
1.934720566
1.937699332
1.934759926
1.946261307
1.957547649
1.938880343
1.94481291
1.951742367
1.752015354
1.74089364
1.763719496
1.774047016
1.77203181
1.786835436
1.794965453
1.767747188
1.978195485
1.966801563
1.974248261
1.888066257
1.81751075
1.962519682
1.945361197
1.941643373
1.952338936
1.953069243
1.935204268
1.973169752
1.976199935
1.795649241
1.777178561
1.747805688
1.77457174
1.795258486
1.783262448
1.781967349
1.962617999
1.979997091
1.846651444
1.905875267
1.966440899
1.966086454
1.978592323
1.980007661
1.989851997
1.983136313
1.953034408
1.794882522
1.795678242
1.751619702
1.769402106
1.776274353
1.82467562
1.976942301
1.976653187
1.823774257
1.911219921
1.987914304
1.976857829
1.964453858
1.977143387
1.976950756
1.96069599
1.945046114
1.7821331
1.766839646
1.770444932
1.857112697
1.77963118
1.992048101
1.949231377
1.873871531
1.980942049
1.95070987
1.945009235
1.952339286
1.945590537
1.939063886
1.7676433
1.800610654
1.858816125
1.768521991
1.783024882
1.969550228
1.942411855
1.950742097
1.92239223
1.943225377
1.931687815
1.933093325
1.78586921
1.896414693
1.79139703
1.76180512
1.960202454
1.937661307
1.912032553
1.92330331
1.922039068
1.917123961
1.754853924
1.823319706
1.768176507
1.984532572
1.917987329
1.905614121
1.907460922
1.885105657
1.772335134
1.763754121
1.820915183
1.875788414
1.940763608
1.90919938
1.911487747
1.822657992
1.804757345
1.848784923
1.859873164
1.896816081
1.903389172
1.894221969
1.858977898
1.855922815
1.851883427
1.860906944
1.956695417
1.918508975
1.868713037
1.854065779
1.915545174
