1.907378882
1.901056197
1.931876801
1.916889294
1.893152057
1.890729994
1.932415709
1.920094858
1.90061469
1.935482509
1.894047722
1.947528777
1.894546613
1.89034482
1.914237468
1.935786533
1.889519769
1.9341795
1.929173552
1.912782598
1.899696477
1.936661454
1.936200695
1.94813366
1.956143715
1.937849934
1.897398846
1.895228214
1.890878136
1.893246279
1.908255158
1.933295808
1.897672787
1.939908427
1.937292708
1.926472212
1.933600268
1.912604439
1.936548168
1.940622694
1.938988168
1.94301921
1.947183072
1.870297579
1.879278525
1.893358187
1.900363276
1.872192
1.907590206
1.911640162
1.921982355
1.938006585
1.941485342
1.942918343
1.939132489
1.951156089
1.940109699
1.943862391
1.948876192
1.953294959
1.958098971
1.966389141
1.961831775
1.840626584
1.844422978
1.877403054
1.882060749
1.900077176
1.915873887
1.852563393
1.932659228
1.952206676
1.942444884
1.94455089
1.949088274
1.954228863
1.962295009
1.949504761
1.953347471
1.95350837
1.954756007
1.959725903
1.96848597
1.963097028
1.973159197
1.977189552
1.821767409
1.816730155
1.835327905
1.862604293
1.892287205
1.918371754
1.941511198
1.836970585
1.966488085
1.951803379
1.947556961
1.95252023
1.954649104
1.960907697
1.964312739
1.972439538
1.958040433
1.958637815
1.961158334
1.96591785
1.970305138
1.975944537
1.977146536
1.975126354
1.979570709
1.98199968
1.987169555
1.809717534
1.801612733
1.807194052
1.874089802
1.848900176
1.906128896
1.933284395
1.969195653
1.827893006
1.956292503
1.96243262
1.958012592
1.961211135
1.965047081
1.972047198
1.97737676
1.972911907
1.967221369
1.971301194
1.979085963
1.982090091
1.989258124
1.986105985
1.983910656
1.984427815
1.985520549
1.988073289
1.986737614
1.983430327
1.934178739
1.972181883
1.965456172
1.804479697
1.795116016
1.794287748
1.855200065
1.886626455
1.830766664
1.918721414
1.957461272
1.813996242
1.967246406
1.967842176
1.974244383
1.970184921
1.976135623
1.975553183
1.981985476
1.984354189
1.976116646
1.964934972
1.979101634
1.985950393
1.994321678
1.995921018
1.995364786
1.995435416
1.990488115
1.98965306
1.987386512
1.976966036
1.969137596
1.917780943
1.936499174
1.951707815
1.96496934
1.959830347
1.9141954
1.798576969
1.79652423
1.792416339
1.876326887
1.84416312
1.901263685
1.819910793
1.936294074
1.805708972
1.980898027
1.979883473
1.978431476
1.984853599
1.98281832
1.983749181
1.985956484
1.985444641
1.978492397
1.956051747
1.937699888
1.989977055
1.994342904
1.996223588
1.997064634
1.994463236
1.992108924
1.987901777
1.983591963
1.975473105
1.966589185
1.960788477
1.910842728
1.922113726
1.95583726
1.943595297
1.958362273
1.91588183
1.924978956
1.931576796
1.797697222
1.798047707
1.801610958
1.879572734
1.858033808
1.830386812
1.910122022
1.809406389
1.800081418
1.991468322
1.98896657
1.989501008
1.98531286
1.992121969
1.991804415
1.9942931
1.966459452
1.946958957
1.919262952
1.903137819
1.99305866
1.990355863
1.990086869
1.983452289
1.980168369
1.976917939
1.971695761
1.970676413
1.96349162
1.957853613
1.955467275
1.91319323
1.90839787
1.93012748
1.953332977
1.94559057
1.917400734
1.927728075
1.928855665
1.931233187
1.79795826
1.801591188
1.932755009
1.801865263
1.884715045
1.865465595
1.843434752
1.81951091
1.804650549
1.797993623
1.999032946
1.999631467
1.998139793
1.992789645
1.966643429
1.997618321
1.994885175
1.989338564
1.932157525
1.912579699
1.887376094
1.875841455
1.983100671
1.982622613
1.976046346
1.971239879
1.967879779
1.96369356
1.960788057
1.954823922
1.952869179
1.950227093
1.906125053
1.91835699
1.905726055
1.93494323
1.942804919
1.918315157
1.924896892
1.940844169
1.797004403
1.806772759
1.805017487
1.939158722
1.806888408
1.866556706
1.849874139
1.831277577
1.811343559
1.800088929
1.795839489
2.001549183
2.002777804
1.993585727
1.998515833
1.976881535
1.930495068
1.993376246
1.987342465
1.978462146
1.888126078
1.862550851
1.853623607
1.975069389
1.970955864
1.96654213
1.963466239
1.959419451
1.957001923
1.952283885
1.95172053
1.949795646
1.910000742
1.898606636
1.924338938
1.903424181
1.936421593
1.940328829
1.913199685
1.93151307
1.954382958
1.956178957
1.794333682
1.804940459
1.954462289
1.958830312
1.950036633
1.803040554
1.846240601
1.83167257
1.818065725
1.8047148
1.799503688
1.794255488
1.992612594
1.999676177
1.996672573
1.972387356
1.993291584
1.94401615
1.896487467
1.987454897
1.979221078
1.97353243
1.861786191
1.838346265
1.832382702
1.97148099
1.965444952
1.963112173
1.958140262
1.952032479
1.94957243
1.946176669
1.927375626
1.905704875
1.892708512
1.898132879
1.936073613
1.937934174
1.928212541
1.947968735
1.960980822
1.793414186
1.79892786
1.957510784
1.951596184
1.941041029
1.941206541
1.947906226
1.941768338
1.792357391
1.827802531
1.816936459
1.810108334
1.802869724
1.797908186
1.792490797
1.996437118
1.966433467
1.999038946
1.993382591
1.935181813
1.987311222
1.908294111
1.861294534
1.985665408
1.980821768
1.981937128
1.838033886
1.821044734
1.816755002
1.977711452
1.978469094
1.971132113
1.959766178
1.955503769
1.947394357
1.934651324
1.91534688
1.891704215
1.886774827
1.905802146
1.937482247
1.94315433
1.931674992
1.949965603
1.948304202
1.789525051
1.790228439
1.941870346
1.937362356
1.941631885
1.95198203
1.950693483
1.938026993
1.782441917
1.813250826
1.808377431
1.8008
1.797687881
1.793982326
2.000311921
1.982889022
1.931322748
1.996033747
1.990379123
1.892516508
1.992365192
1.867552398
1.834515843
1.990807728
1.994095106
1.994111783
1.819717109
1.812089983
1.807864927
1.999897452
1.98981625
1.97734316
1.967211132
1.961265114
1.917835097
1.937447719
1.896244753
1.8795705
1.884996152
1.905942818
1.939294502
1.960760895
1.927228907
1.933449132
1.929327565
1.790368299
1.788833718
1.92216011
1.939053787
1.961595615
1.956957914
1.914375544
1.775763909
1.807390678
1.80680978
1.803896608
1.801472871
1.79754301
1.989022933
1.994216367
1.948543203
1.897236784
1.992373226
1.995098893
1.85918179
1.997048702
1.837418548
1.812603851
1.998985654
2.000695736
2.012388946
1.80280067
1.799999822
1.802341348
2.010171447
2.002443742
1.986093104
1.987396762
1.898424549
1.9321275
1.877733829
1.871869612
1.883334956
1.909926796
1.962249662
1.983319648
1.921360793
1.916921559
1.929136129
1.784870693
1.794396115
1.918310565
1.956364263
1.970178175
1.899211125
1.913865496
1.777569533
1.793417502
1.772597121
1.803863113
1.80499406
1.80485909
1.800157039
1.801761734
1.962177369
1.979970181
1.987145065
1.915608277
1.86712406
1.987859648
1.987698688
1.838182036
1.828278414
1.986776614
1.810403404
1.994742966
2.005843691
2.015740334
1.788416643
1.786716892
1.792180121
2.018839729
2.00667545
2.004785774
1.87854013
1.951144604
1.862771889
1.867009881
1.890356174
1.913277262
1.984260322
2.004292673
1.91042878
1.910078457
1.938094699
1.786200768
1.921268552
1.959532676
1.891034305
1.925573873
1.774350758
1.790536874
1.781174819
1.857929403
1.768150676
1.798335854
1.800435945
1.799481347
1.798590036
1.790324861
1.921597227
1.955809708
1.976416467
1.980977683
1.878070676
1.841417589
1.977831944
1.974467036
1.815254734
1.805193181
1.979229121
1.986060086
2.008814924
1.994046576
2.015299055
1.778162978
1.778493707
1.788775843
2.012292915
2.009926377
1.872216144
1.859650226
1.974616902
1.877851619
1.905662556
1.912186245
1.999970342
2.010928283
1.905245717
1.914709476
1.938096084
1.776739639
1.922516172
1.898410766
1.946800455
1.769489555
1.780131177
1.790005536
1.774204153
1.856534655
1.870914059
1.76138
1.79458412
1.795113408
1.791629413
1.787517611
1.778281317
1.921914043
1.887519879
1.954191333
1.972013579
1.971666208
1.848795162
1.817877576
1.969156161
1.969962326
1.799411451
1.974733119
1.983440783
2.003305651
1.995715421
2.008989741
1.771414295
1.782553301
1.771572488
2.015871134
1.878877915
1.85935988
1.981653115
1.898357734
1.903609887
1.900277841
1.999879974
2.015685652
1.918420641
1.925943443
1.765710786
1.770242129
1.912593545
1.949454633
1.776321607
1.783480262
1.792283823
1.771031199
1.853856307
1.864191272
1.885338453
1.757246898
1.752220628
1.791987652
1.78969248
1.7811859
1.773605732
1.766764713
1.931237882
1.89353784
1.860670376
1.949562538
1.967174827
1.966416596
1.829020314
1.805553774
1.963033901
1.965146746
1.969756562
1.978905567
1.986993747
2.004697973
1.767691955
1.776283875
1.766074265
2.013862902
1.885296069
1.863609985
1.975032523
1.894994928
1.890349483
1.906208496
1.996432026
2.009702219
1.922489811
1.758577396
1.919953886
1.945761571
1.778690838
1.784992488
1.793571786
1.80494433
1.772150491
1.853570129
1.851646471
1.867294349
1.881736911
1.746369775
1.742240193
1.785965163
1.775484722
1.767338779
1.760153779
1.75705871
1.914035578
1.933841289
1.878200734
1.84504947
1.938771366
1.946711977
1.948033649
1.954854491
1.816643575
1.955682718
1.955791125
1.962801916
1.97055203
1.996820275
1.767330927
1.767051804
1.764118924
1.997925656
1.866322557
1.897576131
1.97045703
1.878754148
1.884901666
1.90148802
1.991964238
1.996396588
1.750242723
1.933446431
1.95049436
1.795298761
1.785006823
1.801699618
1.805773623
1.811254407
1.776583811
1.846509929
1.855034948
1.85614257
1.868035905
1.872810126
1.788405725
1.862741588
1.742087846
1.737665129
1.734670299
1.769272844
1.761576434
1.752707016
1.750566645
1.74965931
1.927187434
1.899328382
1.935633347
1.862699198
1.833672635
1.935914791
1.936118413
1.939623901
1.947850071
1.949414808
1.950146057
1.954796431
1.975699839
1.769725085
1.760649573
1.766705914
1.981109755
1.875006323
1.904415341
1.973091506
1.867403199
1.877570377
1.984768158
1.987135618
1.934631389
1.952811736
1.804945889
1.798157364
1.808544468
1.810404047
1.815992724
1.82877287
1.778494866
1.846096148
1.844997024
1.854233395
1.862810777
1.859316087
1.786555577
1.778210491
1.851851056
1.858174953
1.735262568
1.740626006
1.731473079
1.729231093
1.756255345
1.749983426
1.745056985
1.744557545
1.7445868
1.917954214
1.932088686
1.882347981
1.935933619
1.84807246
1.937068184
1.934877686
1.936314766
1.938049219
1.944946083
1.944813426
1.957214172
1.771181782
1.759494803
1.768207889
1.965128537
1.883907855
1.909036025
1.96883264
1.862004164
1.984613059
1.977577656
1.922812444
1.94598648
1.803287281
1.791017236
1.80926968
1.810038097
1.821278872
1.83830685
1.772970592
1.843145708
1.853146698
1.844069745
1.847500802
1.869222913
1.774103052
1.771703129
1.764348792
1.853428011
1.846965789
1.857115565
1.733868371
1.73095722
1.73704378
1.727307347
1.72560747
1.751047663
1.745748758
1.740203865
1.738145269
1.90178839
1.930513196
1.942852846
1.866952542
1.947434793
1.942601538
1.936130932
1.932690031
1.933167518
1.940346009
1.944912933
1.937289783
1.767838104
1.756343871
1.760564171
1.953740303
1.881153616
1.889436928
1.894206091
1.972160339
1.857938111
1.976695282
1.955131994
1.912737064
1.942799042
1.783108528
1.791736056
1.797558789
1.81512884
1.835322629
1.860303159
1.762045573
1.848017122
1.838771571
1.8603199
1.839876138
1.762706418
1.769811587
1.75963958
1.753581587
1.854553508
1.845806402
1.72979063
1.730395864
1.727894178
1.732307983
1.724322291
1.722732857
1.749253152
1.741469662
1.735186114
1.926477435
1.892161896
1.951451096
1.955315469
1.947198277
1.940067388
1.93167927
1.930166211
1.93055611
1.934581211
1.758485082
1.75264086
1.750556389
1.935982106
1.867349724
1.878194754
1.873099218
1.881510158
1.949004808
1.862404012
1.951847826
1.935874014
1.90158179
1.920663706
1.778927078
1.788145413
1.805951654
1.827004824
1.84951994
1.87979729
1.754166402
1.855624938
1.840745296
1.84050638
1.758081155
1.765361251
1.774831225
1.753264866
1.746595612
1.860014708
1.852732827
1.845696216
1.727486628
1.724638322
1.725505704
1.725675176
1.730269146
1.720114084
1.721736001
1.743310126
1.736271319
1.914764094
1.952568986
1.969179393
1.962281179
1.951804186
1.939355012
1.931877639
1.927314608
1.926737416
1.747847473
1.743478999
1.741690852
1.923086715
1.857750386
1.865965328
1.855638187
1.85427275
1.86814967
1.904187958
1.923162175
1.868694242
1.927647081
1.916735897
1.885176519
1.786793737
1.806811403
1.836401391
1.870761845
1.914325253
1.744472865
1.846317876
1.841274759
1.766566029
1.757544401
1.777254851
1.788285754
1.74829567
1.74130441
1.864254097
1.853655623
1.845996635
1.724199735
1.725289778
1.722573199
1.721469288
1.721137237
1.73091685
1.719129777
1.716422763
1.718450097
1.721857712
1.726145601
1.719570646
1.718113645
1.719385311
1.735444896
1.953155311
1.970231157
1.970470291
1.960907928
1.949277413
1.939383587
1.931894276
1.922486285
1.740284898
1.73636264
1.735743979
1.911266762
1.844438056
1.846147637
1.834624053
1.838660678
1.855505908
1.88256891
1.871507051
1.899873693
1.867070329
1.898879792
1.895256926
1.805459051
1.832600436
1.870119958
1.913517021
1.948822481
1.738174351
1.846934826
1.76450969
1.77697628
1.749676515
1.791351478
1.802677462
1.741700885
1.736978846
1.859907291
1.85224265
1.848426439
1.721728959
1.722321174
1.719852111
1.729478873
1.718320497
1.717308761
1.715433169
1.715927989
1.714744529
1.717360223
1.719302041
1.725877488
1.72214481
1.71775143
1.717765337
1.716317886
1.716368358
1.730740671
1.964875919
1.964335185
1.952667899
1.944174189
1.937657267
1.932613148
1.92508939
1.735504592
1.732888186
1.731659671
1.916394374
1.896755181
1.838112424
1.849728031
1.827600441
1.820769355
1.828377873
1.851322209
1.85343604
1.864960584
1.876991103
1.858054416
1.870151253
1.868905684
1.825692937
1.862347898
1.899595363
1.92923187
1.947672815
1.734146724
1.751895008
1.76877224
1.783737023
1.742082096
1.799227636
1.823023274
1.735746317
1.733262331
1.855039676
1.851385267
1.852601779
1.719812241
1.716824912
1.71370841
1.71420748
1.714789731
1.713336604
1.852682782
1.838140396
1.723689913
1.797924229
1.717589212
1.728460956
1.719210194
1.721266772
1.715408806
1.716216376
1.714412753
1.714234902
1.730873635
1.955664259
1.945637876
1.930795348
1.923526121
1.917198729
1.921948475
1.729551105
1.727665221
1.903582897
1.879650361
1.838591658
1.850238738
1.818157709
1.810712881
1.817964824
1.834417175
1.844396885
1.854795461
1.852729813
1.849564918
1.85181374
1.852858273
1.882422468
1.917438639
1.936886604
1.935985048
1.729470045
1.742295309
1.75793742
1.778194065
1.735649954
1.819937583
1.849422244
1.729875884
1.725648412
1.853274788
1.854356611
1.71560921
1.712101059
1.712472191
1.712521736
1.712986108
1.713816605
1.712261998
1.85033456
1.818871813
1.819259314
1.726310803
1.723972526
1.817534056
1.795436551
1.72311884
1.71079274
1.711524813
1.717133347
1.726177506
1.719364932
1.722204826
1.71330079
1.714175865
1.712341148
1.711717569
1.935067021
1.926375572
1.912326145
1.899589889
1.89950969
1.722735929
1.721923371
1.876974383
1.855120764
1.830107021
1.846058123
1.808652392
1.792934192
1.804834237
1.804773899
1.823074267
1.832372023
1.848183614
1.825880187
1.827575615
1.882226878
1.910300987
1.92469594
1.927598438
1.916323564
1.735994821
1.748887213
1.766857328
1.730285067
1.841352331
1.866631171
1.724862423
1.721104301
1.853921098
1.851128828
1.715095441
1.710784782
1.710717696
1.710960199
1.711332311
1.713222161
1.844846923
1.797660697
1.797812786
1.723078688
1.835998086
1.811477816
1.7852441
1.719261298
1.709294147
1.709897606
1.713054271
1.711141077
1.709860864
1.719742852
1.778229768
1.741266392
1.717301966
1.719051314
1.719690083
1.717661492
1.711211004
1.709843379
1.708849178
1.709289616
1.911915245
1.905593362
1.887539344
1.876423895
1.717928945
1.853445048
1.83256986
1.812367462
1.835273281
1.792238
1.779628076
1.786652831
1.784360089
1.800398923
1.806806948
1.838143638
1.800483834
1.801865886
1.885834558
1.900344376
1.901135526
1.908232674
1.904259903
1.894296503
1.731825706
1.75576002
1.72665303
1.862728295
1.722282825
1.71867083
1.847135922
1.838387646
1.715186054
1.70892121
1.708568584
1.708846531
1.83791738
1.77683948
1.849679048
1.820224047
1.796576142
1.772657176
1.717072626
1.708252043
1.707917492
1.709314806
1.715264239
1.713265579
1.71111778
1.707968051
1.716035146
1.767243753
1.761142632
1.736015109
1.743891276
1.707958808
1.724987084
1.707738894
1.717574461
1.71532903
1.71542761
1.713860022
1.707931032
1.708828782
1.70788471
1.707929275
1.707900612
1.886572004
1.869996028
1.860809315
1.715471039
1.834451574
1.810789499
1.816727838
1.799724807
1.780110864
1.767111885
1.77370451
1.775692025
1.783120974
1.825993146
1.776152829
1.782757958
1.883122083
1.871380199
1.879951892
1.884054553
1.88917858
1.886999147
1.869653961
1.731001549
1.750999987
1.720145388
1.716936838
1.831056069
1.818542728
1.707912267
1.707911788
1.70792941
1.7079537
1.825082398
1.757888482
1.852567538
1.827095323
1.801932395
1.781678704
1.763857702
1.707819468
1.707829743
1.709067076
1.715352551
1.71330017
1.711034339
1.713422727
1.753402812
1.763355453
1.747851768
1.738440203
1.722988022
1.726940611
1.707665264
1.707709441
1.707581467
1.7078575
1.713015263
1.713237826
1.713990525
1.711866029
1.711816348
1.707869994
1.707822207
1.707785318
1.707866733
1.70783726
1.849634826
1.842516248
1.715596972
1.818148682
1.79840518
1.785444226
1.80340118
1.785877126
1.767236347
1.75652501
1.755119303
1.762627572
1.805384969
1.75698329
1.763885307
1.860354921
1.865176836
1.86167548
1.870021105
1.876848981
1.859325948
1.732123782
1.747532452
1.718843056
1.815206977
1.804854839
1.707800428
1.707804081
1.805435533
1.743758121
1.848959072
1.827682214
1.80737709
1.789846649
1.771518301
1.758643608
1.707714139
1.707699766
1.708670267
1.711879383
1.710294733
1.712659242
1.743731947
1.74893613
1.752264081
1.738620493
1.738685165
1.722739672
1.727218616
1.707579994
1.707581959
1.707460529
1.707454182
1.710405927
1.708717427
1.711277098
1.709945818
1.71454195
1.710234177
1.707713439
1.707726624
1.707646845
1.707754548
1.825250553
1.833470236
1.717464346
1.803238589
1.786773936
1.769999951
1.788210222
1.770145876
1.757558861
1.751402772
1.745195552
1.740427713
1.781617473
1.742826698
1.737301696
1.750326541
1.842875655
1.842696067
1.846325414
1.855901429
1.852038346
1.732015051
1.738190627
1.746386996
1.754421987
1.721384772
1.794840153
1.787753854
1.707678452
1.707659168
1.783677795
1.734380476
1.826628269
1.809873905
1.796038712
1.777798683
1.763409984
1.707572825
1.707554872
1.707497316
1.707352015
1.709202735
1.70803835
1.713249993
1.745735259
1.740768764
1.748608105
1.734843994
1.726423752
1.707448745
1.707437156
1.707327403
1.707336219
1.708324193
1.708215351
1.707273027
1.709747815
1.711403225
1.712391115
1.707238581
1.707645278
1.714445751
1.753199982
1.708438582
1.716867592
1.707574865
1.707627755
1.707582742
1.707519886
1.811473561
1.828685393
1.721019416
1.789315929
1.775999498
1.758302129
1.771560085
1.76126849
1.753516874
1.753096949
1.731686112
1.763299516
1.761458637
1.734675286
1.730057415
1.740536237
1.821842996
1.824839688
1.822342821
1.828322034
1.837433704
1.731278034
1.737833049
1.746097844
1.751257145
1.756689615
1.725332441
1.771580262
1.771601368
1.707540741
1.707512505
1.730013728
1.811405444
1.805731142
1.797701898
1.781914479
1.765129607
1.707417016
1.707422095
1.707255424
1.707241008
1.707234001
1.707214138
1.757052378
1.742512075
1.734366886
1.707305514
1.707303501
1.707206325
1.707220253
1.707229833
1.707254342
1.707187421
1.708389655
1.709989826
1.716485052
1.713215818
1.707202743
1.707521574
1.719697435
1.753751563
1.76770625
1.707396703
1.750068798
1.809649216
1.707152769
1.727929159
1.765030602
1.707235663
1.817277337
1.71850895
1.748410258
1.707290603
1.723225042
1.707417019
1.707480172
1.707432232
1.798537269
1.817249184
1.727718688
1.776190662
1.764590762
1.762718143
1.75707594
1.754546432
1.762578082
1.726459622
1.758575045
1.749858617
1.728896806
1.726349485
1.733443941
1.80939799
1.80383001
1.798976234
1.731550328
1.737106751
1.743087073
1.748187743
1.753818489
1.762819757
1.707379572
1.707366771
1.72991296
1.797663225
1.792232944
1.783092482
1.76827029
1.707282235
1.707158477
1.707179022
1.707145083
1.739464586
1.707185394
1.707119503
1.70720453
1.707114975
1.708069511
1.71070863
1.722374032
1.714677881
1.707172343
1.725383175
1.754131001
1.742640966
1.770852069
1.707273599
1.742889204
1.707097959
1.723820985
1.724522163
1.723507071
1.763362242
1.707261877
1.707226703
1.801196096
1.804750031
1.719764131
1.723499212
1.740846886
1.752842881
1.738655391
1.707347525
1.708645849
1.787707117
1.798230021
1.707309454
1.707371209
1.72967678
1.707236202
1.707325704
1.707268772
1.79000335
1.734756216
1.760456628
1.777107525
1.767943336
1.757501841
1.755464729
1.757451524
1.727444882
1.723751217
1.754143324
1.74936857
1.74221144
1.723181009
1.73409688
1.726625411
1.791864458
1.790636423
1.787156705
1.788476786
1.738174086
1.742968203
1.739907045
1.747129381
1.757487477
1.707241813
1.707225789
1.707203696
1.734644892
1.786587342
1.780261239
1.769921289
1.707148259
1.707084778
1.707139207
1.707102314
1.707081439
1.707052312
1.707192841
1.707070634
1.711426123
1.727625093
1.71527521
1.707155962
1.75471416
1.74415665
1.758321064
1.76618862
1.707145213
1.720646229
1.720387037
1.719828698
1.719304299
1.759637919
1.707269058
1.707232733
1.789632079
1.789513701
1.722742171
1.71787796
1.719696147
1.725430739
1.743367403
1.750266266
1.737491094
1.735757156
1.708599653
1.776660967
1.779282987
1.785739665
1.759472646
1.771742341
1.720403419
1.775865761
1.707317819
1.707361019
1.707427446
1.731644264
1.707073238
1.70712027
1.707154288
1.776361115
1.734132192
1.749239471
1.766000437
1.751995163
1.753386694
1.734493591
1.726703047
1.722033948
1.748090084
1.742812798
1.729016877
1.739194679
1.721603602
1.783134759
1.780371179
1.773939086
1.777709372
1.735400085
1.741954996
1.737865316
1.749571455
1.758774304
1.707113268
1.70708689
1.707065338
1.76659255
1.707045654
1.707034577
1.707117304
1.707075802
1.707014805
1.707194476
1.711866994
1.727599878
1.715448651
1.707154084
1.747273324
1.752192935
1.740735373
1.754176834
1.76054741
1.707014169
1.720332755
1.716468818
1.716754941
1.716320405
1.718360385
1.754020332
1.707281569
1.707244434
1.776535615
1.776959745
1.722692031
1.717404875
1.717088219
1.73761628
1.733876434
1.733476074
1.708572427
1.766989244
1.766404247
1.778710007
1.754609088
1.765226592
1.718112191
1.773537393
1.764747801
1.721234393
1.758201198
1.707030809
1.760649092
1.714343174
1.706910873
1.707362611
1.707326278
1.707398648
1.707452326
1.707426072
1.729764105
1.706961216
1.706909267
1.706990946
1.763768343
1.731064492
1.746707771
1.740255016
1.743888757
1.748307758
1.735051056
1.731183435
1.725033015
1.733863419
1.722321729
1.727542628
1.717104829
1.773965333
1.772652444
1.765687868
1.765182253
1.733446236
1.73726196
1.743729509
1.750826086
1.755828344
1.707015748
1.70698685
1.706946682
1.706980497
1.706992759
1.707042276
1.707106428
1.707205828
1.71169757
1.726897321
1.724278313
1.714393492
1.707155478
1.745026296
1.747775239
1.749178881
1.740477359
1.752909288
1.748275271
1.753293566
1.706878133
1.721619959
1.713439912
1.713060516
1.715958273
1.718537316
1.748019566
1.707292117
1.70725948
1.763680536
1.718319541
1.714497356
1.738222562
1.733426633
1.731215528
1.731288354
1.707448071
1.708265664
1.758134917
1.756276008
1.771662617
1.749631407
1.75880209
1.714043393
1.715885212
1.766228711
1.757610245
1.722685347
1.720211158
1.75208133
1.75383143
1.754438205
1.713311539
1.712124921
1.706826945
1.706861889
1.706880495
1.706743002
1.747271427
1.734834021
1.749503759
1.707394364
1.707361808
1.707327457
1.707425747
1.707398997
1.727465997
1.725268808
1.706833392
1.706797662
1.706733549
1.750635634
1.72981979
1.742606002
1.738302609
1.731960641
1.743832616
1.738711603
1.741084822
1.73667458
1.731621947
1.72630274
1.718853927
1.714253904
1.725304654
1.766812595
1.766523982
1.759302947
1.751645268
1.73332268
1.739064525
1.744575136
1.747929051
1.750770384
1.706945046
1.706910807
1.706950615
1.707003799
1.707082197
1.707214225
1.71072263
1.707825049
1.711280974
1.707146071
1.741122833
1.74515593
1.746495416
1.746006173
1.748559811
1.74438415
1.746205216
1.720834657
1.709092256
1.710155349
1.709701082
1.716707207
1.74318956
1.707301852
1.70726846
1.713892596
1.717690756
1.715923903
1.710792011
1.730006595
1.731830245
1.728864221
1.728999266
1.707385799
1.70740743
1.74827352
1.765615263
1.742613388
1.75272562
1.712161353
1.710205523
1.759546434
1.753323086
1.722507678
1.719819376
1.743938821
1.747359825
1.74704822
1.710002223
1.711781017
1.713691311
1.706785001
1.706773904
1.706873229
1.706824304
1.706680931
1.706721627
1.739199459
1.740421654
1.735217099
1.731917637
1.741498295
1.707796014
1.739975813
1.741624384
1.744915756
1.73463757
1.743064543
1.752383258
1.708011859
1.713033996
1.726713592
1.740841233
1.732449794
1.70736821
1.707340436
1.707363311
1.707340854
1.724784495
1.727513148
1.706671497
1.706665952
1.706580561
1.739123608
1.739343647
1.731005523
1.731926007
1.729076245
1.720346226
1.739126867
1.736392644
1.736879233
1.731952296
1.72624385
1.709539952
1.71477876
1.7075822
1.759916676
1.762447654
1.756432563
1.735412149
1.739448142
1.742553678
1.746022336
1.749318835
1.706906278
1.706968883
1.707054518
1.707224638
1.707340645
1.707316323
1.707134532
1.740244833
1.744531234
1.744557634
1.742644805
1.740319652
1.741091085
1.739648456
1.720597693
1.707786022
1.707729869
1.707670932
1.707638013
1.715862205
1.739200127
1.707312409
1.70728192
1.709703644
1.715092917
1.71679208
1.707201715
1.727510204
1.72914217
1.726463052
1.707297443
1.707294402
1.738427739
1.759322939
1.728948128
1.744615795
1.707985314
1.707162216
1.754619909
1.722958832
1.720000329
1.730906255
1.707869589
1.710093405
1.711494069
1.706780807
1.70687477
1.706840931
1.706607643
1.706677985
1.706772147
1.73062
1.725757323
1.728911935
1.732754265
1.7292551
1.735411454
1.734737027
1.73955284
1.721191423
1.74226477
1.749620474
1.707208874
1.709673781
1.711621991
1.724698812
1.725471054
1.733071051
1.729738847
1.732999683
1.707189011
1.7449882
1.729025602
1.707256053
1.706902289
1.707028896
1.706631145
1.707321774
1.707276535
1.72606138
1.729316285
1.706531134
1.706536092
1.706430324
1.725433128
1.732458964
1.715208366
1.70748803
1.734261811
1.736224444
1.73099981
1.726744099
1.707548009
1.707612415
1.755355001
1.756632094
1.752347765
1.735179251
1.738158753
1.741564548
1.745675983
1.750692857
1.706950592
1.707058381
1.707174535
1.707230369
1.707159893
1.738925948
1.742801435
1.741782906
1.739032036
1.734654089
1.735603178
1.736055156
1.734774844
1.722906589
1.718961716
1.707810636
1.7078781
1.707727157
1.707700592
1.712844504
1.714688046
1.735817647
1.707289583
1.707264148
1.707006042
1.713364781
1.717743947
1.714624639
1.707065759
1.706989145
1.726494445
1.72374011
1.707206209
1.707143419
1.723985955
1.75459378
1.70735731
1.716331631
1.740750598
1.7069862
1.721116313
1.724076211
1.70796171
1.708448619
1.706859409
1.706932873
1.706524166
1.706759198
1.70687416
1.714287483
1.714802858
1.707284291
1.719064183
1.709130259
1.725151419
1.7268264
1.72598627
1.731661917
1.728222296
1.726324335
1.707976891
1.740473547
1.746721593
1.706988884
1.709016713
1.723467629
1.722732838
1.723829586
1.72191126
1.730452842
1.727335206
1.707037698
1.741597831
1.714655135
1.707239266
1.706985846
1.706825224
1.706830295
1.706572543
1.706686399
1.711739834
1.707347899
1.707323091
1.724935393
1.740749214
1.734125841
1.716614482
1.712026395
1.711940563
1.713177797
1.707241288
1.707181304
1.726784511
1.730495981
1.706391165
1.706307877
1.707321599
1.707468554
1.707446304
1.707528979
1.729893614
1.736452839
1.731207129
1.728544424
1.725753737
1.707602099
1.707690535
1.751505467
1.751402953
1.747648035
1.733857152
1.737683653
1.743847649
1.747538143
1.707064748
1.707150008
1.707199691
1.707213236
1.706966616
1.738328934
1.740464373
1.738071737
1.735201976
1.730340734
1.731450597
1.731860891
1.730493886
1.722363074
1.718816884
1.707843114
1.707920507
1.707794221
1.707772651
1.708390678
1.731736861
1.707207123
1.707193019
1.706721484
1.710557698
1.718957325
1.715458421
1.706845987
1.706742713
1.723474362
1.720556258
1.721825244
1.707095455
1.707030098
1.709351838
1.707404092
1.750427948
1.707455449
1.707494606
1.740575215
1.734752106
1.722222587
1.707997712
1.708054295
1.706980909
1.70698344
1.707065339
1.706464968
1.70681439
1.706895219
1.706991434
1.707376881
1.707429364
1.707345249
1.718108651
1.712440238
1.721180093
1.72427666
1.742247768
1.706717912
1.706856676
1.707149035
1.721088902
1.720706069
1.720598267
1.709965336
1.728221125
1.723981698
1.725781512
1.706918454
1.706895343
1.740522654
1.707497705
1.707176915
1.7066642
1.706578983
1.706752615
1.708149173
1.722209999
1.739119702
1.733915042
1.710206792
1.707922835
1.706535066
1.712992085
1.708720391
1.712434286
1.71669067
1.708151846
1.707566872
1.726381413
1.707924472
1.73732899
1.707093244
1.725964782
1.72942742
1.706233544
1.706375559
1.707495071
1.707562771
1.726076229
1.726373708
1.735733013
1.731189589
1.728041647
1.725076674
1.707680711
1.707763502
1.747846627
1.746856412
1.74706352
1.743555233
1.733486308
1.742434882
1.744961247
1.707146988
1.707191279
1.707162894
1.706711207
1.736526622
1.738340666
1.736197626
1.733973391
1.730916786
1.726819264
1.726805493
1.728016394
1.727476136
1.721305195
1.717808408
1.707898424
1.707991326
1.707845697
1.707835096
1.708101247
1.727404956
1.707073013
1.707066183
1.706505788
1.706512552
1.706669316
1.717086208
1.706549574
1.718524116
1.718875071
1.717103484
1.706929417
1.707460416
1.70760549
1.707543979
1.746316457
1.707597267
1.707592639
1.707607993
1.735314584
1.729196202
1.720977074
1.708049551
1.707072929
1.707062681
1.707128603
1.706910508
1.706976667
1.707023449
1.707540159
1.707492448
1.707545546
1.707649854
1.707844118
1.70777707
1.71049088
1.718699048
1.738347473
1.706555809
1.706657227
1.717022299
1.718737363
1.72006447
1.722041517
1.723208963
1.706782479
1.706790701
1.739655144
1.707656296
1.707058657
1.70667277
1.706481693
1.706828877
1.70637382
1.737116618
1.733093766
1.707993265
1.707976758
1.706074259
1.705971019
1.707184847
1.711607825
1.712233874
1.708187198
1.708146285
1.722999368
1.723648535
1.707978173
1.736509339
1.739779567
1.707914094
1.70791815
1.706897578
1.729594436
1.706890884
1.724717772
1.728572339
1.706305634
1.707626176
1.707683029
1.721992884
1.734238249
1.729328998
1.724764011
1.721637621
1.707760093
1.707833451
1.743168901
1.744599591
1.742563492
1.742632589
1.73251605
1.740790066
1.707149352
1.707119911
1.707043088
1.706443714
1.706612082
1.7351586
1.733803595
1.731736274
1.726295673
1.722773131
1.723289877
1.723696675
1.724144348
1.717112611
1.707974474
1.708037998
1.70790406
1.707902647
1.708134627
1.70809123
1.722684435
1.706885554
1.706886345
1.706329205
1.706334946
1.706343582
1.706347577
1.715696615
1.714041916
1.71522438
1.715738977
1.715946889
1.713827315
1.706667862
1.707659281
1.707610715
1.707702738
1.707791118
1.741803939
1.707705932
1.707691113
1.707686311
1.726072265
1.730458412
1.719646302
1.707088908
1.707013885
1.707078331
1.706955862
1.706945372
1.707644646
1.707616676
1.707675727
1.707785583
1.707955673
1.707901027
1.7077881
1.713700529
1.733850274
1.706342106
1.713455395
1.716644995
1.719099364
1.706596057
1.737720246
1.706876668
1.706595324
1.706774603
1.706843377
1.706006261
1.731610452
1.708003658
1.705786206
1.705527323
1.705586691
1.705562137
1.70916844
1.711107808
1.708204474
1.708176237
1.720614319
1.719385355
1.708032355
1.734528988
1.736146063
1.707970596
1.707838703
1.706808511
1.706784807
1.724462009
1.726768077
1.719604262
1.708214947
1.724459948
1.706860444
1.728513314
1.706870191
1.706644235
1.723061728
1.727744921
1.706509824
1.707726839
1.707762444
1.716903282
1.730225264
1.723280004
1.717788651
1.707838668
1.707910544
1.738471138
1.740232378
1.737521964
1.73757966
1.730843778
1.736161462
1.707020025
1.706922075
1.70634555
1.706174397
1.731179011
1.727585141
1.72080042
1.719510998
1.719808594
1.720149881
1.719234231
1.711622832
1.708030255
1.708085596
1.707970775
1.707972897
1.708169404
1.708133628
1.717841996
1.706645945
1.706641742
1.706130549
1.706132151
1.706151001
1.705954491
1.712791545
1.711766369
1.711039407
1.712515779
1.712723117
1.711409496
1.706394968
1.706346517
1.707750728
1.707813186
1.707724493
1.707926054
1.707922307
1.736384521
1.707806115
1.70778545
1.707770473
1.717359325
1.724748383
1.714954901
1.7069593
1.70678366
1.706886789
1.706782309
1.707754129
1.707789313
1.708004725
1.70756276
1.707629689
1.728532265
1.711150977
1.714688595
1.712511258
1.733181239
1.70664203
1.706750201
1.706829346
1.706766394
1.70557951
1.727249732
1.707812557
1.70798127
1.705339704
1.705086001
1.7051078
1.705123725
1.705152673
1.708196823
1.716877928
1.716673413
1.708079188
1.729772326
1.730152005
1.708030169
1.706598479
1.706531532
1.706561888
1.718798907
1.720809011
1.722533617
1.716237876
1.708196514
1.720168899
1.718292727
1.706609069
1.706652955
1.70666908
1.704833189
1.715939878
1.706335997
1.717928821
1.724799146
1.706748058
1.707832659
1.707847138
1.714067527
1.713108236
1.722783667
1.722601259
1.72498347
1.714835692
1.714931323
1.708317254
1.709455542
1.707922895
1.7080044
1.732877961
1.734630331
1.73142175
1.731194165
1.730704447
1.706722593
1.706030615
1.705926103
1.719789081
1.715105588
1.715983787
1.716022657
1.716345539
1.715170467
1.708091854
1.708128056
1.708048004
1.708174455
1.71410196
1.706345432
1.706341408
1.70585674
1.705866414
1.705519809
1.705029833
1.709678807
1.710250545
1.709259751
1.710059047
1.709794126
1.709511746
1.706062111
1.707869124
1.707841695
1.707932563
1.70802342
1.707999175
1.728055447
1.707903229
1.707881144
1.707861075
1.709936435
1.707350202
1.718226484
1.709005038
1.704784365
1.706685549
1.706403183
1.70635073
1.707865345
1.707900754
1.707994161
1.707351345
1.707453115
1.718137385
1.711257981
1.726305146
1.706351449
1.706860434
1.706794866
1.706585759
1.705090571
1.707819025
1.707564736
1.704721577
1.704691251
1.704630582
1.70817581
1.713873394
1.723300444
1.7062133
1.706152462
1.706250873
1.714409553
1.715698812
1.717003924
1.713087944
1.708149142
1.71544446
1.714071959
1.706263546
1.706348969
1.706394934
1.704447675
1.713697343
1.712919239
1.707118725
1.705763473
1.708258313
1.706308638
1.70601641
1.704708763
1.712495517
1.717010058
1.706937688
1.707931762
1.707931682
1.711334258
1.716129077
1.716299513
1.710378015
1.709518282
1.70810932
1.708056989
1.707996122
1.708083936
1.708060002
1.725036619
1.726781443
1.72152485
1.70637039
1.705749582
1.705530805
1.713980147
1.712475829
1.711779872
1.712976033
1.711877422
1.708117757
1.708149495
1.708161012
1.705978932
1.705995532
1.705518244
1.705101554
1.704424985
1.708448207
1.708534683
1.707791402
1.707932956
1.709353681
1.70788117
1.705785316
1.707962745
1.707957824
1.708016127
1.707980663
1.708033108
1.716010745
1.71254326
1.707986884
1.707970308
1.70794814
1.706941629
1.706991409
1.704437084
1.704221292
1.705906539
1.70593621
1.70581183
1.705826473
1.707967265
1.707988065
1.707813753
1.706998912
1.707255183
1.706605936
1.708938284
1.714525409
1.706012905
1.706881468
1.706635229
1.704646719
1.707474642
1.70433362
1.704245976
1.708116991
1.705755654
1.705744247
1.705887934
1.712737832
1.711812659
1.713031543
1.710938797
1.710765092
1.71022324
1.706035259
1.706097174
1.711312723
1.711921207
1.710691341
1.70549057
1.707206411
1.705941242
1.706197177
1.706498262
1.706895502
1.706767883
1.708107754
1.705586472
1.704237307
1.704198176
1.704760836
1.704839066
1.707016863
1.708018062
1.708009764
1.708921022
1.711418674
1.711060703
1.707958884
1.70799043
1.70801581
1.707917223
1.708051866
1.708129413
1.708087806
1.708917464
1.706104202
1.705789819
1.70547617
1.705364343
1.705121538
1.70511247
1.710692853
1.709970824
1.710361875
1.710159746
1.710178441
1.709150934
1.708146412
1.70810974
1.705611759
1.705636723
1.704654211
1.704022702
1.706914889
1.706674982
1.707429566
1.706969904
1.70803935
1.708036423
1.707909964
1.705388995
1.705619143
1.708042733
1.708022847
1.706618283
1.704020801
1.705399754
1.705342607
1.705446904
1.705245144
1.705339018
1.708056519
1.707624361
1.706552912
1.707021077
1.706324815
1.706117607
1.704820294
1.705698486
1.706816519
1.704241141
1.707255737
1.704039323
1.704018192
1.708013122
1.705338358
1.705384224
1.705539845
1.709918975
1.709511852
1.707867107
1.707845912
1.705624196
1.709537064
1.705105974
1.706797489
1.705705006
1.706266936
1.70592351
1.706690126
1.706537458
1.706697626
1.708106423
1.708100227
1.704415997
1.705364925
1.705165477
1.705217545
1.703856872
1.704410436
1.704043851
1.703967808
1.703841987
1.704203649
1.706973147
1.70806126
1.708070856
1.708119302
1.707224493
1.707948688
1.708438848
1.707845615
1.707874405
1.707748069
1.708101241
1.708090825
1.704831715
1.705653547
1.705118697
1.705064902
1.704672638
1.704685533
1.70818586
1.708578689
1.70799487
1.708474968
1.707957101
1.707790164
1.707744987
1.707934985
1.70524726
1.705299698
1.704209274
1.703823085
1.703839187
1.706852814
1.706806869
1.706592467
1.707052474
1.706910314
1.708017989
1.707641669
1.705160212
1.708072681
1.706102887
1.704855915
1.704905326
1.704848147
1.704978432
1.708045124
1.707995195
1.706156308
1.706677068
1.704232984
1.704484003
1.703882906
1.706954383
1.705055948
1.705178558
1.705358433
1.707781854
1.707746759
1.707730326
1.707696445
1.705000749
1.704708386
1.706679532
1.705564752
1.706095646
1.706547773
1.705783551
1.706065098
1.706121066
1.708041056
1.708050032
1.708052031
1.704021788
1.704930411
1.707233856
1.704774608
1.704809547
1.704752202
1.704850386
1.703699011
1.703666987
1.703863763
1.703669374
1.706816322
1.70804588
1.708080134
1.707411157
1.707196134
1.70768199
1.707649928
1.70768704
1.70752687
1.707909402
1.708043825
1.70436754
1.705659691
1.70523058
1.704529275
1.70450874
1.704684387
1.704238888
1.704228876
1.707646697
1.70773214
1.707748427
1.707734492
1.707682183
1.707587463
1.707650228
1.707686995
1.704876051
1.703864155
1.70368295
1.706723797
1.706777431
1.706512318
1.7070104
1.706870726
1.707695979
1.708040717
1.704547513
1.704505778
1.70467525
1.704837539
1.707899324
1.706254377
1.704068375
1.703676255
1.706597985
1.705013097
1.705211453
1.705384078
1.70761406
1.707536464
1.707580469
1.707510459
1.704530714
1.704283648
1.706592684
1.705592949
1.706015419
1.706371808
1.705800303
1.705653664
1.705558932
1.705717766
1.707877529
1.707933247
1.707930698
1.703838394
1.70448779
1.706959669
1.704908183
1.704539013
1.706967323
1.707748527
1.707679545
1.704370709
1.704469571
1.704318981
1.704463256
1.703532072
1.703665635
1.703527653
1.703528333
1.706631014
1.707911611
1.70799618
1.707384268
1.707141125
1.70753656
1.70740868
1.707426836
1.70726721
1.707539231
1.707852751
1.70424457
1.705172469
1.704131053
1.704230573
1.704119577
1.703843418
1.703838299
1.703910643
1.707587299
1.707645896
1.70764671
1.707537881
1.70357544
1.703539449
1.706648214
1.706713036
1.706432385
1.706818877
1.707327909
1.707852666
1.704541186
1.704346598
1.704788762
1.705000049
1.707502623
1.705665532
1.706202077
1.703904689
1.705332399
1.705545242
1.707402346
1.707272822
1.707443662
1.70731603
1.703946689
1.706522443
1.705808396
1.706075465
1.706267662
1.705987693
1.705176282
1.707647095
1.707627922
1.70368763
1.704110567
1.706529405
1.704642196
1.707083027
1.707447248
1.707578865
1.707608928
1.707528566
1.704003105
1.704110787
1.703403603
1.703409187
1.703525612
1.703396252
1.706503056
1.707525616
1.707689286
1.707325746
1.707478875
1.707321687
1.707076834
1.707155128
1.707205294
1.707411419
1.704251111
1.704027333
1.704719334
1.704093183
1.703920444
1.704261964
1.703840561
1.703521223
1.703592217
1.703633743
1.707555207
1.707455464
1.703431047
1.70658516
1.706663362
1.706356293
1.706875682
1.706605885
1.707410205
1.704838234
1.704518546
1.705169766
1.705392025
1.70691702
1.705120003
1.705694192
1.703719318
1.70580468
1.705979076
1.707123149
1.70697742
1.707073872
1.70369109
1.706458694
1.706190757
1.70627621
1.706286942
1.706307288
1.704731714
1.707193633
1.707213434
1.703544549
1.703793531
1.70388445
1.705965151
1.707121438
1.707014859
1.707417925
1.70746305
1.706571033
1.703706913
1.70329331
1.703301664
1.703411963
1.703310519
1.703319966
1.706512139
1.706819778
1.707061516
1.70729393
1.707262255
1.707049012
1.706872113
1.706760557
1.706820727
1.706768265
1.703886798
1.703818281
1.704302957
1.704448912
1.704097208
1.70381888
1.704621122
1.703648931
1.703368465
1.703423628
1.707435835
1.707362748
1.706480557
1.706663274
1.706283898
1.70688931
1.70557276
1.706071889
1.706705062
1.705369886
1.704986563
1.705733468
1.70593839
1.70448541
1.705127548
1.703510611
1.706346586
1.706468806
1.706819579
1.706776502
1.703485009
1.706619572
1.706434904
1.706679455
1.706862418
1.706686426
1.703628656
1.707079616
1.70661927
1.707206481
1.707340538
1.706886572
1.706658292
1.703449301
1.703224604
1.703182689
1.70322287
1.703314449
1.703226907
1.706681934
1.705932997
1.706046154
1.707224734
1.70699649
1.70675097
1.706519238
1.706520361
1.706530437
1.706081931
1.703927447
1.703586437
1.703547913
1.705161155
1.704579076
1.705003491
1.7041878
1.703849474
1.703670219
1.703528378
1.703257523
1.703327585
1.707274655
1.707251441
1.70622318
1.706433593
1.706561662
1.70683148
1.705106641
1.704745867
1.705997177
1.705592471
1.706335444
1.70650443
1.704074566
1.703332242
1.706810318
1.706886349
1.706452158
1.706973873
1.706998654
1.706208839
1.707022087
1.706299944
1.706941122
1.707143985
1.707130081
1.706913226
1.703398077
1.705870573
1.703581508
1.70317301
1.703185174
1.703147691
1.703184325
1.706981787
1.705175794
1.705193124
1.707118291
1.706658291
1.706414501
1.706103537
1.706191508
1.70602897
1.705481896
1.703579823
1.703329294
1.705874299
1.70568112
1.704839147
1.705299521
1.704413501
1.704098399
1.703264939
1.703420415
1.707119226
1.707052421
1.706177416
1.706376859
1.706579195
1.706789741
1.704350056
1.704419379
1.704267554
1.706542151
1.706221496
1.706800119
1.706909732
1.703692422
1.707056912
1.707103536
1.706088029
1.707143949
1.707171805
1.70693243
1.706581088
1.706859577
1.707245456
1.707173764
1.705537052
1.703215505
1.70643882
1.704211138
1.703900977
1.703234815
1.703318209
1.703163704
1.703232756
1.707290326
1.704427893
1.704818498
1.704443596
1.706954227
1.70616528
1.705646841
1.705570583
1.704955843
1.703322646
1.706279392
1.706421159
1.705996843
1.705604025
1.705179871
1.70487265
1.703593841
1.706894236
1.70676023
1.706166998
1.706375885
1.706735761
1.706555439
1.703761516
1.703840778
1.706637977
1.706803076
1.706875819
1.706969349
1.707005144
1.703396531
1.70698464
1.70704001
1.705796576
1.707065703
1.707140329
1.706791052
1.707194906
1.707338824
1.705219077
1.703203533
1.706370412
1.705913821
1.704822081
1.705244151
1.704674903
1.704172286
1.703468499
1.703480749
1.703298721
1.703523167
1.707509462
1.703894967
1.704362112
1.704517087
1.704097299
1.706681914
1.705628681
1.705045088
1.705037628
1.705313329
1.70473724
1.703267091
1.706577954
1.706464115
1.706640736
1.706240249
1.70593254
1.70573652
1.703837524
1.70658759
1.70619957
1.706364915
1.706605602
1.706467917
1.703467559
1.703604771
1.706691056
1.706671146
1.706622621
1.706698896
1.706643046
1.703379866
1.706575064
1.706692436
1.706743465
1.706923793
1.707004896
1.70736017
1.706177045
1.705946844
1.705516149
1.705386593
1.705529678
1.705714115
1.706072675
1.705058262
1.70450272
1.703954933
1.703539891
1.703722957
1.704067333
1.707562907
1.703797184
1.703925468
1.704251804
1.704390686
1.704518739
1.704140985
1.706435346
1.706348201
1.705155354
1.704665007
1.70492678
1.704760143
1.706533001
1.706458321
1.706543066
1.70643239
1.70643643
1.706344161
1.706249143
1.706326564
1.706348792
1.703589857
1.703792745
1.706308418
1.706142158
1.705994389
1.706088102
1.705994951
1.7059399
1.706136612
1.706436693
1.706143829
1.706580932
1.706752359
1.707248685
1.705972533
1.705727471
1.705372186
1.705158652
1.705043272
1.707054561
1.705863391
1.706202114
1.706321754
1.706487545
1.705392611
1.704866818
1.704086357
1.704194763
1.704469741
1.704803904
1.70743889
1.704226992
1.704238379
1.704406227
1.704592492
1.704477892
1.704610971
1.704643702
1.706147671
1.704891916
1.704726061
1.704786172
1.706378102
1.706178468
1.705894139
1.706516465
1.705815154
1.706529615
1.706259211
1.706194953
1.704253521
1.705576762
1.705336657
1.70517385
1.705306133
1.705239144
1.705248891
1.705477355
1.705679867
1.706004926
1.706259639
1.706550148
1.70559864
1.7058529
1.705107831
1.705274149
1.704991934
1.704926436
1.706908348
1.706336591
1.706081892
1.706446411
1.706479035
1.706402702
1.705751857
1.705601215
1.704877631
1.704965443
1.705069945
1.705280409
1.707217893
1.704830157
1.704893288
1.704975886
1.704962199
1.705072942
1.704987905
1.704917127
1.704953304
1.705967443
1.704888924
1.70491121
1.70580044
1.705758989
1.706137021
1.705382232
1.705028279
1.706211774
1.704950992
1.706178898
1.70468933
1.704487016
1.704425497
1.704571289
1.704611601
1.704749324
1.705060239
1.70539303
1.705771335
1.706132416
1.706500985
1.705394006
1.705615812
1.705043424
1.705117434
1.705213016
1.705035526
1.705031068
1.706813279
1.706635733
1.706323415
1.706305317
1.706214458
1.706173879
1.706108761
1.705809973
1.706132737
1.705961668
1.705726577
1.705632934
1.705636924
1.705764243
1.705805299
1.707068379
1.705556978
1.705666005
1.705609232
1.705702514
1.705554653
1.705405414
1.705411225
1.705230081
1.705772671
1.706007412
1.705124931
1.705298947
1.704916996
1.704816819
1.705436686
1.704434661
1.704129589
1.704095106
1.703910983
1.703917326
1.703947824
1.704136427
1.704343091
1.704661109
1.704999814
1.705459518
1.705828059
1.706256222
1.705385863
1.705552396
1.705161859
1.705130206
1.705175422
1.705272264
1.70526332
1.705309511
1.706885677
1.706923793
1.70658607
1.705501424
1.706168205
1.706015119
1.705793154
1.70617387
1.705388692
1.705279309
1.704840728
1.706211046
1.706190775
1.706247767
1.706277791
1.706207893
1.706208458
1.706220387
1.70710098
1.706324837
1.706212606
1.706330414
1.706171213
1.705991406
1.70597556
1.705751666
1.705531859
1.705798868
1.70438054
1.704288469
1.70394324
1.703870615
1.703620347
1.703469541
1.703518216
1.703593154
1.703495962
1.703720905
1.703969291
1.704183337
1.704579134
1.705057579
1.70536174
1.70584324
1.706166767
1.705386139
1.705569749
1.70542439
1.70529477
1.705282716
1.7052746
1.705615294
1.705721774
1.707105422
1.707245726
1.706992778
1.7066593
1.70595262
1.705630186
1.705691778
1.705237168
1.705256297
1.704799657
1.705938314
1.704310436
1.704207031
1.703756613
1.706121851
1.706188667
1.706583258
1.706522675
1.706420413
1.706328784
1.706678073
1.707312609
1.706692149
1.706663467
1.706521339
1.706485657
1.706278
1.706046236
1.705607388
1.703379166
1.703411953
1.703186026
1.703223241
1.703194999
1.703277496
1.703389989
1.703606135
1.70375075
1.704095804
1.704534074
1.704764712
1.705321496
1.705850409
1.706382552
1.705382724
1.705564417
1.705765296
1.70548377
1.70538757
1.706008823
1.706136535
1.707370838
1.707459014
1.70730555
1.70709882
1.706932723
1.706373598
1.704796862
1.704652656
1.705204038
1.70413086
1.704240471
1.703685366
1.7055577
1.703273158
1.703196629
1.70291167
1.705651462
1.705975713
1.706550197
1.706656408
1.706345336
1.706063082
1.706792324
1.70757177
1.706850144
1.706832515
1.706803772
1.70667357
1.706489074
1.705518443
1.702853131
1.702940477
1.703091349
1.703338117
1.703697619
1.703869507
1.704287493
1.704480377
1.704970035
1.705489333
1.705696209
1.706148361
1.706592239
1.705471464
1.7058736
1.705747824
1.706100927
1.705583178
1.706332712
1.706447077
1.707554181
1.707380556
1.707499898
1.707290393
1.707196631
1.707070738
1.706628649
1.704210613
1.703731436
1.703599266
1.704656651
1.703093687
1.703210996
1.702784287
1.704839594
1.702581411
1.70259361
1.702647762
1.705310734
1.706072797
1.706218635
1.706495658
1.70568761
1.70670969
1.707700563
1.70682123
1.706821024
1.706817151
1.706730597
1.705557338
1.702885901
1.703293382
1.703565798
1.704076369
1.704667218
1.70481598
1.705399969
1.705565414
1.706057658
1.706488855
1.706580547
1.706860808
1.705659578
1.70600594
1.706143314
1.705823458
1.706345232
1.706530928
1.707216456
1.707143882
1.707353201
1.70706011
1.707097459
1.707139176
1.706630518
1.706406198
1.703258429
1.703684591
1.702854408
1.702787427
1.703885243
1.702453148
1.702504367
1.702380036
1.704354636
1.702470596
1.702601224
1.702959658
1.704848414
1.705441735
1.705252633
1.705830663
1.706198703
1.706454117
1.707526437
1.706491992
1.706640696
1.706694893
1.705727494
1.703527047
1.704181484
1.704553711
1.705259768
1.705872113
1.706452882
1.706634783
1.70696277
1.707132536
1.707119822
1.705890639
1.706189743
1.706045978
1.706296012
1.706439508
1.706831905
1.706733869
1.706570516
1.706961384
1.706652583
1.706831216
1.707050379
1.706378342
1.70624996
1.706280116
1.70295436
1.702657823
1.703142889
1.702443182
1.703505272
1.702389299
1.702405784
1.702623556
1.703937148
1.702999543
1.703215531
1.703829881
1.704340543
1.704513965
1.704945886
1.705373336
1.705795959
1.705819051
1.707089728
1.706103908
1.70635146
1.70597653
1.704600577
1.705344501
1.705749557
1.706344405
1.706877019
1.707192439
1.707258461
1.707265331
1.707106783
1.706106346
1.70619667
1.706248541
1.706111215
1.706177387
1.706346683
1.705906899
1.705903644
1.706494782
1.706076635
1.706396303
1.705884371
1.706097457
1.705914966
1.706164302
1.702727489
1.702869225
1.702629323
1.703038047
1.702675292
1.703282601
1.702874508
1.703001516
1.703519663
1.703563308
1.704076476
1.704254877
1.705014682
1.703692015
1.704064953
1.704514612
1.704966732
1.705220127
1.706534086
1.705717735
1.706224891
1.705752372
1.706393948
1.70670013
1.707077572
1.707260475
1.707193248
1.707069312
1.706578395
1.706254819
1.70623971
1.705613332
1.705300471
1.705718664
1.705879982
1.705133037
1.705119871
1.70607217
1.705280532
1.705399051
1.705255563
1.705942481
1.70579251
1.705466487
1.706168348
1.706108791
1.703077375
1.703175793
1.703135288
1.703190392
1.70313664
1.703469675
1.703206079
1.703853528
1.70411978
1.704918198
1.703238155
1.705352491
1.706028687
1.703439632
1.703753138
1.704132327
1.704412944
1.704997835
1.706047915
1.706393244
1.70659465
1.706937728
1.707072126
1.707070156
1.706796252
1.706373528
1.706133099
1.706304154
1.705069359
1.705311926
1.704905899
1.704595923
1.705666788
1.704325925
1.704208299
1.705897393
1.704119866
1.704766061
1.704636682
1.705499144
1.705749488
1.706026918
1.705071903
1.706253465
1.703919393
1.703985828
1.703781703
1.703571098
1.70416902
1.703382225
1.704575118
1.705000345
1.705267575
1.705966383
1.703312647
1.70343338
1.706277362
1.706633627
1.703370865
1.703578641
1.70381242
1.704325018
1.705942751
1.705880513
1.706433439
1.706788975
1.706661293
1.706635844
1.706163206
1.705574599
1.70497883
1.704611332
1.705058796
1.70544023
1.704510737
1.703983127
1.705799825
1.703555521
1.703229434
1.703432823
1.703482868
1.704181914
1.705497526
1.705178276
1.705851249
1.706167584
1.704758103
1.706143374
1.705087433
1.704932626
1.70478155
1.704473917
1.704172622
1.705293785
1.704090874
1.705611881
1.705933395
1.706124055
1.706443267
1.703784531
1.703530796
1.706538111
1.706483499
1.70348262
1.703596156
1.703879537
1.706180519
1.706007789
1.706341433
1.706176196
1.705477528
1.705580519
1.704725844
1.704001566
1.704350182
1.704997689
1.70558415
1.705883807
1.704270049
1.703573939
1.703048776
1.702684582
1.702420985
1.702624985
1.704027709
1.705669735
1.705325667
1.705005652
1.706011631
1.70466044
1.706472203
1.706587526
1.705019763
1.706007452
1.705912835
1.705784513
1.705542244
1.705254113
1.705145947
1.706067865
1.704730784
1.706221044
1.706321806
1.706364801
1.706157095
1.704256655
1.703933226
1.706005544
1.705551471
1.703872226
1.703807582
1.706511434
1.706303145
1.706181724
1.704833286
1.704118696
1.703799719
1.703135512
1.704407724
1.705098684
1.705832384
1.706317644
1.704283776
1.703728519
1.702945618
1.702448396
1.7019511
1.702178527
1.702024105
1.704358386
1.704201481
1.705866539
1.705569933
1.705291153
1.704817259
1.706971121
1.706980915
1.706923033
1.705402142
1.705239083
1.706478829
1.706428305
1.706346767
1.706409261
1.706260151
1.706212117
1.705857282
1.706284062
1.705333012
1.706174186
1.705965732
1.70583279
1.705155332
1.704842588
1.704667938
1.704813255
1.704107643
1.70430699
1.706735519
1.70651711
1.706034109
1.70329482
1.702644418
1.702381681
1.704779269
1.705433632
1.706168288
1.706714311
1.704962543
1.704089522
1.703296144
1.702900866
1.702229483
1.701789231
1.701696925
1.704887777
1.704898166
1.705799629
1.705593612
1.70521538
1.707273732
1.70728716
1.707175466
1.706977569
1.705697852
1.705686258
1.705631473
1.706481529
1.70671056
1.706212122
1.706082133
1.706817944
1.706870677
1.706750335
1.706394443
1.705811358
1.705920129
1.705459079
1.704918648
1.704940508
1.704426698
1.703695445
1.705698116
1.705230758
1.703370735
1.702697048
1.706744251
1.706550385
1.706446683
1.705982877
1.702097873
1.701764572
1.705365806
1.706325791
1.706621485
1.707101157
1.705597592
1.70476406
1.704365618
1.70345239
1.702587101
1.702011818
1.701821215
1.705645657
1.705766308
1.705851109
1.705760404
1.707319056
1.707454712
1.707068126
1.706914866
1.706612572
1.70599123
1.70592371
1.706067843
1.706089458
1.707495248
1.705767937
1.706261369
1.706655018
1.705328668
1.705172264
1.706838266
1.707030592
1.707032491
1.706771901
1.704738099
1.706589596
1.704177697
1.703651009
1.703511545
1.702969882
1.702452164
1.706180229
1.702225627
1.701847766
1.706241561
1.705711822
1.705920941
1.706081056
1.701705537
1.706031665
1.707341826
1.706948804
1.707392667
1.706334441
1.706045626
1.70517735
1.704157219
1.703263973
1.702875915
1.702239043
1.706350479
1.706506402
1.706096807
1.706282892
1.706725032
1.707117039
1.707266058
1.706329959
1.706219209
1.70590194
1.70631461
1.70622137
1.706402825
1.706441224
1.707540753
1.706524578
1.705135086
1.704500129
1.705744334
1.706004825
1.704034458
1.703855516
1.706517184
1.70689797
1.707041102
1.706930376
1.706989599
1.703380857
1.706809531
1.702879136
1.702469227
1.702367683
1.702051299
1.701870504
1.701814717
1.701908841
1.705250686
1.704895836
1.705168417
1.706311248
1.70652327
1.707653333
1.707684708
1.707484492
1.707351047
1.706809211
1.705966932
1.705027401
1.704579261
1.703710203
1.702927833
1.706719998
1.706824002
1.706564072
1.705668569
1.706150695
1.706338829
1.706860102
1.705267649
1.705273893
1.705010426
1.706541707
1.706471303
1.706547276
1.70706562
1.706416891
1.706442733
1.706283737
1.702801702
1.704321717
1.703619878
1.703153811
1.704601384
1.705293364
1.702669174
1.702570849
1.705951427
1.706153905
1.706581299
1.706689039
1.706849505
1.702257385
1.702006828
1.70189317
1.701890498
1.701943527
1.702165731
1.702273079
1.704407257
1.704256891
1.704312765
1.704409466
1.706613324
1.70663397
1.707526913
1.707792419
1.707863631
1.707754767
1.707407185
1.706691853
1.706295887
1.705461092
1.7045787
1.704252833
1.706557953
1.706529567
1.706440417
1.704871776
1.704467417
1.704960082
1.705608024
1.705729871
1.704188829
1.704260279
1.706583528
1.706658956
1.706467856
1.706006371
1.706381623
1.705998015
1.705765939
1.703527487
1.702882165
1.703056564
1.702332926
1.702308311
1.701971767
1.70373679
1.704473703
1.701790008
1.70180826
1.704784358
1.705460282
1.705682121
1.70620624
1.70179389
1.701910912
1.702137225
1.702259018
1.702681144
1.703251815
1.70394675
1.703784454
1.703645586
1.703985881
1.703966183
1.706819995
1.706220233
1.707126427
1.707323704
1.707748581
1.707910335
1.707837216
1.707633946
1.707430813
1.706886914
1.706190258
1.705821971
1.705067881
1.705830237
1.705662623
1.705839975
1.703697011
1.703723134
1.703518236
1.704227665
1.704818067
1.703472031
1.706658446
1.705664611
1.705452366
1.705950563
1.706415424
1.705313554
1.705173233
1.704773324
1.70175481
1.701883701
1.702358643
1.701569941
1.701574993
1.701605399
1.702974444
1.703264786
1.70177812
1.701887675
1.704058644
1.704283034
1.705036807
1.702215358
1.702588939
1.703168745
1.703357282
1.704022165
1.703811257
1.703926909
1.703595848
1.703411808
1.704070945
1.704022095
1.70677857
1.705386307
1.705930023
1.706677938
1.707270744
1.70737377
1.70761623
1.707582903
1.707490862
1.707167676
1.706894497
1.706329746
1.7061321
1.704813409
1.704504384
1.705027368
1.703047128
1.702917206
1.703022362
1.703173254
1.703409745
1.703934685
1.704150704
1.705422809
1.704884498
1.705964521
1.706412039
1.704692997
1.705470676
1.701569753
1.701587723
1.701673025
1.701983
1.701751305
1.701836417
1.70221096
1.7022995
1.702975889
1.702666329
1.7027662
1.703731546
1.703343905
1.703333878
1.703948562
1.704591464
1.704782357
1.704012394
1.704318656
1.704329366
1.703642288
1.704505889
1.704522262
1.70643376
1.704484658
1.704943557
1.705724533
1.705943919
1.70654326
1.706628331
1.707038332
1.707181888
1.707037853
1.706839039
1.706467222
1.703905946
1.703525038
1.704364288
1.702927097
1.703192649
1.702586182
1.702469225
1.702611558
1.702609126
1.703141336
1.705096038
1.705631625
1.704779577
1.704460013
1.706002239
1.702389976
1.702396096
1.702019859
1.701908974
1.702097202
1.702951039
1.703028178
1.703604559
1.702388128
1.702906949
1.704185818
1.704304883
1.704773028
1.704840497
1.705354634
1.70583778
1.704576056
1.704969719
1.705129004
1.70497506
1.704109753
1.705077305
1.70518785
1.705868431
1.70390489
1.703822237
1.703970088
1.704816988
1.704863984
1.705632094
1.706206197
1.706263671
1.706529066
1.706608651
1.706522545
1.703511284
1.703167205
1.704142502
1.703785573
1.703096691
1.702463026
1.70207049
1.701853103
1.701875493
1.702194727
1.705065859
1.705286135
1.705096478
1.704650942
1.706449398
1.703896227
1.703397587
1.702868716
1.70289682
1.702769668
1.704596393
1.704740658
1.705315967
1.702861173
1.705803513
1.705778435
1.706045056
1.706057349
1.70629372
1.705785162
1.705409155
1.70598452
1.705911882
1.705611293
1.705202968
1.705544334
1.705709502
1.705580531
1.705360646
1.703925883
1.702321937
1.703021168
1.703715219
1.704538968
1.704769694
1.705367985
1.705864155
1.706162967
1.70618541
1.70385174
1.70361883
1.704505425
1.704384489
1.703448311
1.702580769
1.702228016
1.701674697
1.701414824
1.701325331
1.705202891
1.705352601
1.705293337
1.705712895
1.706407483
1.705748049
1.705063788
1.704531123
1.704427236
1.704005255
1.703676727
1.706291173
1.706364086
1.706735993
1.706833376
1.706632787
1.706631106
1.706529406
1.706778601
1.706694258
1.706696265
1.706666743
1.706334172
1.70597084
1.706004246
1.705819971
1.705429873
1.705387179
1.705133131
1.704664261
1.701581392
1.702153614
1.702775393
1.703087054
1.703777274
1.704493662
1.705044132
1.705132833
1.70562573
1.704902336
1.704687364
1.705397464
1.704976798
1.703794019
1.70299515
1.701880134
1.701448164
1.701146392
1.705394156
1.705831162
1.706142993
1.706369615
1.706087052
1.706270504
1.707150814
1.706716182
1.70623147
1.706128642
1.705621494
1.705160119
1.707324905
1.707234527
1.70703131
1.706736095
1.706291757
1.707166327
1.707365825
1.707702104
1.70737891
1.706682813
1.706144426
1.706661099
1.705268976
1.705083853
1.704619901
1.704499554
1.705263488
1.70595384
1.701227936
1.701569927
1.701816448
1.702362698
1.702955699
1.70363114
1.703613829
1.704170848
1.704865064
1.706118452
1.706399365
1.705666942
1.704868258
1.703310757
1.702643008
1.701859066
1.70137707
1.705689828
1.706859497
1.706794519
1.705122996
1.706029631
1.706505903
1.707594977
1.707620614
1.707441735
1.707390257
1.707016684
1.706558086
1.707304267
1.706992393
1.706168233
1.70573454
1.707378036
1.706670817
1.707886913
1.707355754
1.707764278
1.705891932
1.707227155
1.703832155
1.704407553
1.703911821
1.70346776
1.70312821
1.70561004
1.707002589
1.701288484
1.701420217
1.701634034
1.701974586
1.70236289
1.702569075
1.703283602
1.703560856
1.707210289
1.707149146
1.70666004
1.705210493
1.704484625
1.703452402
1.702602944
1.702006058
1.707137785
1.706785123
1.704158776
1.70615016
1.7063565
1.707416388
1.706913259
1.707669448
1.7077358
1.707694206
1.707496709
1.70622502
1.705777808
1.704585102
1.706257678
1.705259233
1.707149682
1.707785508
1.705603677
1.707888817
1.707703201
1.70210082
1.702619894
1.702477938
1.703275844
1.702424606
1.702233894
1.701695788
1.705891265
1.70748011
1.702186318
1.70187181
1.701792413
1.701812225
1.701828849
1.702107278
1.702203317
1.7025715
1.707584667
1.707317239
1.7069005
1.706317793
1.705339865
1.704336382
1.70343242
1.706797573
1.706280231
1.702865435
1.706020299
1.705830276
1.706929122
1.706228037
1.705354748
1.707391622
1.706939272
1.707579538
1.704424628
1.70397761
1.704261399
1.706505459
1.7052274
1.70727657
1.703145924
1.707523016
1.707675277
1.700763311
1.700783949
1.701174243
1.701147375
1.701894043
1.701238719
1.701274207
1.700717637
1.700708671
1.705862019
1.707178518
1.703050915
1.704138417
1.702550708
1.702211596
1.70201906
1.701682525
1.701547352
1.701537639
1.701593589
1.707095612
1.706773697
1.707440219
1.706838031
1.706062019
1.705228281
1.705865754
1.70590248
1.705377183
1.702294321
1.705551169
1.705031447
1.705506936
1.705232944
1.704405279
1.703438358
1.706740636
1.70613526
1.702459797
1.704145321
1.70539805
1.702552166
1.705885596
1.700582525
1.7068512
1.707262384
1.699995135
1.699681073
1.699538316
1.699761285
1.700401883
1.700610599
1.700558902
1.700372031
1.700534468
1.705422228
1.706153425
1.703989504
1.70476721
1.70591543
1.703412031
1.703069098
1.702202865
1.701850056
1.701436394
1.701240046
1.701176692
1.705875751
1.705387916
1.707168684
1.707299687
1.707058572
1.706600351
1.704803785
1.704552876
1.704368843
1.701443368
1.70485518
1.70419156
1.703739323
1.704451553
1.703394416
1.702634141
1.701869417
1.705239141
1.701182681
1.701256857
1.702688851
1.703264974
1.699709404
1.704527798
1.698527911
1.705552756
1.705760383
1.699974658
1.699426847
1.698834374
1.698447027
1.700308569
1.70073578
1.700819875
1.700502813
1.700697325
1.704683856
1.704642105
1.705571731
1.704976231
1.706207267
1.706815912
1.704610476
1.703533358
1.703065178
1.702312081
1.701989303
1.70144568
1.701150835
1.704326978
1.703918917
1.706427964
1.706852805
1.70695063
1.703729393
1.703423659
1.703537424
1.704156615
1.703551941
1.703660755
1.702894518
1.702319896
1.703622523
1.702017808
1.701526381
1.70120128
1.701425776
1.698537412
1.699841427
1.700365633
1.701644031
1.697564518
1.702920389
1.697586331
1.703270506
1.704359116
1.699942716
1.700522877
1.699103726
1.698222672
1.700850984
1.701105569
1.701195144
1.700558183
1.70121961
1.703935363
1.703287324
1.706274776
1.70660072
1.706091641
1.706783658
1.706486781
1.705435884
1.704792332
1.704624536
1.703784597
1.703508746
1.7027409
1.702017631
1.702988689
1.702904157
1.705307851
1.705982404
1.703051563
1.7028104
1.70314126
1.703325398
1.703497075
1.702017655
1.702444572
1.701745449
1.701557586
1.70148172
1.701729132
1.702755244
1.697584849
1.696837967
1.697913884
1.698888924
1.700065546
1.69702518
1.700420029
1.697861347
1.701593687
1.702800422
1.70010425
1.700821496
1.698980792
1.70093804
1.700463448
1.701309203
1.701478522
1.699844752
1.701532239
1.703548898
1.702520836
1.706699897
1.7067084
1.7065294
1.706581825
1.705969282
1.704786498
1.706239306
1.706080134
1.705525562
1.70527147
1.704531001
1.703666825
1.702317881
1.702600119
1.703849745
1.702958158
1.702892025
1.703245581
1.703535415
1.703657303
1.703665741
1.70212191
1.702068737
1.702224304
1.702197143
1.702538648
1.703247859
1.7046193
1.696493763
1.696459125
1.696795173
1.696940909
1.697684708
1.697998318
1.697771246
1.698881938
1.698988418
1.699960513
1.701081207
1.701241135
1.70099468
1.700132106
1.699958822
1.70059032
1.699365327
1.700819231
1.701387628
1.697528233
1.697799483
1.701649071
1.703637311
1.702586161
1.705890519
1.706117256
1.706553396
1.704990236
1.706748475
1.703491156
1.702167231
1.706774439
1.706655721
1.706589285
1.706156137
1.705499688
1.702536659
1.703076888
1.703506663
1.703635369
1.703919709
1.704203302
1.704284545
1.704145411
1.702817485
1.702723462
1.7031499
1.703636736
1.703713519
1.704347228
1.70530023
1.706346354
1.696216493
1.696391188
1.69670591
1.697887461
1.696375481
1.696478389
1.697027952
1.699180541
1.69753005
1.700368736
1.698400613
1.699306424
1.701613926
1.70124416
1.698803119
1.697975881
1.699006441
1.700053601
1.700909266
1.695197691
1.694687627
1.69464646
1.701139849
1.704154614
1.703455578
1.704291581
1.703842417
1.705228385
1.70599531
1.702029348
1.706237433
1.700418177
1.706683753
1.706817103
1.706945424
1.706781019
1.703600387
1.704163879
1.704478772
1.704753491
1.704815297
1.70495207
1.704914417
1.704686501
1.705007389
1.704111462
1.704218562
1.704842079
1.705428256
1.705558785
1.70628127
1.706979692
1.707146613
1.696347852
1.696808168
1.697414816
1.697952221
1.699371102
1.696252216
1.69616122
1.696270752
1.700494221
1.696520386
1.696188849
1.701242639
1.696948551
1.697657405
1.701454317
1.696177496
1.696077854
1.69751617
1.698844303
1.699345532
1.692023512
1.692915793
1.6914506
1.691127709
1.700317049
1.70479015
1.704836229
1.701571603
1.702830739
1.700938306
1.704024595
1.704379536
1.698880782
1.705437178
1.705664294
1.706446665
1.706957803
1.705066356
1.705453283
1.705446252
1.70580887
1.705538031
1.705440848
1.705261193
1.705089829
1.705702671
1.705915606
1.706481404
1.706925117
1.707024001
1.707375706
1.707172299
1.706618519
1.697085186
1.697400324
1.698370768
1.69890798
1.699657204
1.700480837
1.696574435
1.696196049
1.69600492
1.700943663
1.695608761
1.695709868
1.700924878
1.69577823
1.69644516
1.692853725
1.694124243
1.695705561
1.696251959
1.697971763
1.689058742
1.690185038
1.689799895
1.689244567
1.688612159
1.699115369
1.705087884
1.706175394
1.698577766
1.699869504
1.7012494
1.698028491
1.701873566
1.703364375
1.704523903
1.705755896
1.706372146
1.706446752
1.706001906
1.706321538
1.705746005
1.705401587
1.705054932
1.704694877
1.706944937
1.7071262
1.707411359
1.707489893
1.707432135
1.70681141
1.705879024
1.704755604
1.698335387
1.697711907
1.69867492
1.699504457
1.699871165
1.700261959
1.700343486
1.697098028
1.696824625
1.69617703
1.700028583
1.695120906
1.695541221
1.695108606
1.695838018
1.690621826
1.692143803
1.69263364
1.694382407
1.696056168
1.688187891
1.688125483
1.688087929
1.688544184
1.689128184
1.696265803
1.697806312
1.704767808
1.706966015
1.696152683
1.696993307
1.69832004
1.698961249
1.700421071
1.701980176
1.703380598
1.706621789
1.705823676
1.705975837
1.705234664
1.704706063
1.704268117
1.703766831
1.707204769
1.707322015
1.707139427
1.706676474
1.706391344
1.704864228
1.703434992
1.701994934
1.698842589
1.699229993
1.698327231
1.699446529
1.699526495
1.699659665
1.699428013
1.698784801
1.698047715
1.697363845
1.696507666
1.695665613
1.695051881
1.694796073
1.69490873
1.68909034
1.689463636
1.690830546
1.692373418
1.692837876
1.688034285
1.689128184
1.689128184
1.687674597
1.687660348
1.694381595
1.695969676
1.7037612
1.706623622
1.69509203
1.695977077
1.696540878
1.697668669
1.69907334
1.700529277
1.705747397
1.704806945
1.704709868
1.703988608
1.703423344
1.703040233
1.702514602
1.706321713
1.706213987
1.705371173
1.704487489
1.704056832
1.702025853
1.700423285
1.699025098
1.699104494
1.699207763
1.699077348
1.698964008
1.699056034
1.698175339
1.698043663
1.69721029
1.698503395
1.697872825
1.696931754
1.6960576
1.69532743
1.694946704
1.694854825
1.687544032
1.688278551
1.689276282
1.689654165
1.690951969
1.689128184
1.689128184
1.687671361
1.692497001
1.694041247
1.702328299
1.705137292
1.694942748
1.695185747
1.69576871
1.696664671
1.697759619
1.703943543
1.70305413
1.702822803
1.702191804
1.701838898
1.701668794
1.701287115
1.704299274
1.703820262
1.702147396
1.701534528
1.700460205
1.698833414
1.697569347
1.696546353
1.698809235
1.698757997
1.698161434
1.697480626
1.69896757
1.697241317
1.695603298
1.695260535
1.698818976
1.698620915
1.698111612
1.697412938
1.696625518
1.695968517
1.69571847
1.695102842
1.687696318
1.687394824
1.687544026
1.687717889
1.688358419
1.689418925
1.689128184
1.690698935
1.6919899
1.700936486
1.70280118
1.695058095
1.695061515
1.695323521
1.695804348
1.701542504
1.700948928
1.700488078
1.700417251
1.700499557
1.70038524
1.701616695
1.700968286
1.699005398
1.698463185
1.697391724
1.696339374
1.695607332
1.695148427
1.697291851
1.698070221
1.696905759
1.69530479
1.69477491
1.698550701
1.693779826
1.692243753
1.698542773
1.69861442
1.698381038
1.697889452
1.697308491
1.697013354
1.696134886
1.695901713
1.687701416
1.689128184
1.687656182
1.687406634
1.687641422
1.68810235
1.68911976
1.689320602
1.700112704
1.69996776
1.700231362
1.695492147
1.695173815
1.695078256
1.699461507
1.699140172
1.699193473
1.69948198
1.699805037
1.69894056
1.698236453
1.696576153
1.696161888
1.695481813
1.6950197
1.694878608
1.69509587
1.695020882
1.695880829
1.694641446
1.69692078
1.694118087
1.691994652
1.69151252
1.697113323
1.690409324
1.697806316
1.698265075
1.698380869
1.69819694
1.698006491
1.697384865
1.697139198
1.696569694
1.689128184
1.689128184
1.687788371
1.687529192
1.687566239
1.687610192
1.68808593
1.700015182
1.699991168
1.699662621
1.698077205
1.695996121
1.695465902
1.697876263
1.698141671
1.698651361
1.699213938
1.696918146
1.69627373
1.695335671
1.695068663
1.694876742
1.694961182
1.695318591
1.695986966
1.69579933
1.694188746
1.692846857
1.691489851
1.694594419
1.690991401
1.689076212
1.688769912
1.695675508
1.696747049
1.697547984
1.698002763
1.698010689
1.698128195
1.697984366
1.697572988
1.697885028
1.697118809
1.689128184
1.689128184
1.687753184
1.687624006
1.687338695
1.687311204
1.700363054
1.700353499
1.700004591
1.699498994
1.696813572
1.696544309
1.697306862
1.698076464
1.698854257
1.696001901
1.695517353
1.6953691
1.695251908
1.695464076
1.695921535
1.696474506
1.697143835
1.696983526
1.691423197
1.691044178
1.68973262
1.688698087
1.692866058
1.688387025
1.687365251
1.693988515
1.695218729
1.696410447
1.696624011
1.697342849
1.697740397
1.69775776
1.697916318
1.697858578
1.697568405
1.689128184
1.687678704
1.687421723
1.70058426
1.700562922
1.700509552
1.700191775
1.699620347
1.696745686
1.697745989
1.698788442
1.700615557
1.696593389
1.696129824
1.69611732
1.696440834
1.696354434
1.696755778
1.697216104
1.697589474
1.697844375
1.697797118
1.689767932
1.688661401
1.688382126
1.687505189
1.687148402
1.690983938
1.68716897
1.691656488
1.693571659
1.694092412
1.695252818
1.696191206
1.696364991
1.697061432
1.697596947
1.697855418
1.689128184
1.689128184
1.68750002
1.700225086
1.69989047
1.700663438
1.700420998
1.699818937
1.697677102
1.698846104
1.699954027
1.700420209
1.697692511
1.697397484
1.697563143
1.69783477
1.697718575
1.69799498
1.698038503
1.697924341
1.697496798
1.697624934
1.687568851
1.688352226
1.687171375
1.687102113
1.687246368
1.688735687
1.69056166
1.691066648
1.692353597
1.693600748
1.69387408
1.694985507
1.696070263
1.696940117
1.689128184
1.689128184
1.699050768
1.69847634
1.697953651
1.700642837
1.700525781
1.699952258
1.69895958
1.699154628
1.69826992
1.699873779
1.699027659
1.698753696
1.698790265
1.698718467
1.698475994
1.698102515
1.697709244
1.697039904
1.696142863
1.695866774
1.68704689
1.687072221
1.687106865
1.687476733
1.687559249
1.68809423
1.688412806
1.689404771
1.690578191
1.690943466
1.692094033
1.693450213
1.694773013
1.689128184
1.696583403
1.694560729
1.694780846
1.700337288
1.700403035
1.699954903
1.69686295
1.697954678
1.695807787
1.699031151
1.699780159
1.699454545
1.699089364
1.698512842
1.698040881
1.696677164
1.696084968
1.694900829
1.693588746
1.693155394
1.687259436
1.687572934
1.689128184
1.686929987
1.686965453
1.68731677
1.688040325
1.688245302
1.689315314
1.690328867
1.691606002
1.692920754
1.691576748
1.691265068
1.699662553
1.700003742
1.693823499
1.695078564
1.696437332
1.697790396
1.688780339
1.699392984
1.698967958
1.698073362
1.696955602
1.696280737
1.694114802
1.693417873
1.691980893
1.690581343
1.689997044
1.689128184
1.689128184
1.687429779
1.687333503
1.686895203
1.686825094
1.686833855
1.687184626
1.687885728
1.688345559
1.69068388
1.689999801
1.68929139
1.698823998
1.697582238
1.691914297
1.693271938
1.694942613
1.68863457
1.689128184
1.697610547
1.697112867
1.695729667
1.694246507
1.693441748
1.691083352
1.690403106
1.689102128
1.687992054
1.687661097
1.689128184
1.689128184
1.687454034
1.687291525
1.686807145
1.686702961
1.686761893
1.68917379
1.688264764
1.68848587
1.688440894
1.696226202
1.694485866
1.690224543
1.691700343
1.689128184
1.688274153
1.694717345
1.694152118
1.692374262
1.691003286
1.690264172
1.688405811
1.687914121
1.687084544
1.686641515
1.686695096
1.689128184
1.689128184
1.68739009
1.687066149
1.687671917
1.688055561
1.687884999
1.689128184
1.692972047
1.691216006
1.688959744
1.69143572
1.690736377
1.688873211
1.68826967
1.68742618
1.686863095
1.686752708
1.686787779
1.687188828
1.687348056
1.689128184
1.689128184
1.687874057
1.687336531
1.687342962
1.689128184
1.689850033
1.688519762
1.688615525
1.688201978
1.687101379
1.686930472
1.686882368
1.687316855
1.687427505
1.689128184
1.689128184
1.689128184
1.687582096
1.687166994
1.687666169
1.687037507
1.687046009
1.687235464
1.687490103
1.689128184
1.689128184
1.689128184
1.687571506
1.687087538
1.687516716
1.687386631
1.689128184
1.689128184
1.689128184
1.689128184
