1.899287696
1.893393275
1.923603709
1.908897446
1.885557926
1.882869825
1.925684644
1.913062131
1.893293677
1.929055147
1.886444877
1.939089731
1.887280929
1.883259805
1.906438965
1.92761774
1.88230285
1.928169375
1.922922026
1.906033161
1.892764256
1.930890624
1.930065892
1.939734347
1.947564502
1.932002299
1.890011954
1.888674941
1.884097651
1.886688204
1.900402938
1.925143992
1.891160648
1.934735334
1.931880935
1.920270259
1.928080127
1.906386849
1.931273226
1.932217511
1.933819305
1.937437291
1.941847095
1.863381379
1.871761798
1.887361041
1.894440249
1.865943053
1.901732084
1.90351973
1.916357397
1.933522896
1.936935736
1.938162887
1.933596498
1.946304836
1.935613604
1.939208924
1.944369908
1.948173492
1.953161785
1.961702904
1.957040033
1.834258441
1.837403087
1.869710124
1.876605434
1.894719395
1.910603155
1.8468625
1.927635103
1.9472764
1.93853588
1.940754476
1.945149025
1.950075623
1.958017133
1.945666082
1.94959946
1.949697361
1.950586234
1.955660801
1.964407759
1.95901228
1.96853715
1.972591402
1.816018669
1.810327494
1.828186225
1.857647631
1.887429886
1.91360898
1.936997636
1.831808834
1.962095945
1.948429111
1.944215481
1.949377824
1.951460563
1.957460014
1.960643229
1.968611974
1.954984038
1.955506914
1.957894124
1.962645673
1.966945109
1.972345927
1.973193806
1.971770817
1.97555025
1.977383887
1.982497075
1.804627477
1.795926735
1.800718271
1.869640361
1.844371196
1.901776476
1.929135811
1.965214859
1.82322636
1.953373295
1.959415365
1.955260131
1.958532703
1.962481395
1.968893028
1.974008658
1.969354105
1.96463607
1.968657455
1.976500439
1.979343089
1.986561249
1.983179777
1.980707568
1.981124783
1.981833315
1.98408913
1.982638916
1.978663453
1.928790901
1.967290882
1.960417279
1.799913521
1.790080467
1.788552203
1.851046642
1.882556784
1.826562443
1.914810552
1.953678134
1.80970526
1.964502779
1.96524474
1.971337748
1.967728481
1.973802905
1.973281317
1.97890029
1.981101755
1.972700397
1.961370912
1.976847669
1.983753311
1.992057893
1.993546209
1.99277034
1.992761638
1.987517574
1.986392511
1.983977989
1.973135777
1.965040284
1.912191634
1.931639791
1.946499303
1.960540434
1.955187721
1.908415044
1.794416187
1.792053196
1.787439581
1.87240663
1.840187279
1.897445892
1.815923414
1.932590778
1.801704876
1.978177531
1.977038595
1.975901959
1.981800767
1.980400894
1.981495668
1.983815007
1.982186756
1.97511681
1.952503093
1.934058116
1.987902343
1.992303281
1.994142214
1.994884049
1.992220098
1.989668378
1.985226209
1.980784997
1.972352088
1.963283759
1.957093398
1.905685308
1.91736659
1.95146787
1.939441275
1.954337356
1.910464382
1.919003891
1.925418683
1.793869851
1.79405807
1.797356147
1.87571724
1.854143543
1.826489648
1.906355102
1.805560879
1.796349648
1.988372072
1.986152864
1.986291032
1.981866765
1.989540319
1.989452482
1.992023656
1.962800742
1.943255863
1.915421113
1.899272974
1.990932507
1.988314008
1.988051514
1.981382898
1.978018863
1.974625585
1.969303174
1.96804727
1.960750032
1.954779559
1.952039451
1.908680952
1.903617099
1.926083239
1.949648388
1.942037867
1.912118893
1.922052896
1.923041233
1.924887578
1.794437721
1.797971506
1.926683926
1.79825112
1.880770634
1.861490198
1.83950388
1.815659468
1.800937688
1.794477961
1.995599023
1.995917829
1.995017519
1.989001196
1.962601139
1.994745226
1.992106405
1.986796897
1.927948262
1.90844275
1.883134617
1.871675184
1.980773586
1.980423173
1.973836922
1.969084673
1.965706086
1.961440123
1.958390952
1.952194588
1.94994408
1.947076888
1.901947895
1.914431171
1.901078631
1.931447764
1.939697802
1.913209656
1.919483964
1.934310753
1.793752656
1.803520118
1.801653167
1.933269902
1.803824285
1.862390307
1.845765894
1.82730297
1.807534228
1.796505513
1.792526657
1.99734009
1.998887717
1.989134289
1.994911562
1.972385555
1.925751414
1.98983598
1.984101459
1.975506246
1.883458117
1.857927353
1.849162935
1.972396682
1.968246421
1.964016759
1.961091361
1.95702434
1.954615175
1.949817947
1.949087744
1.946985391
1.906338602
1.894536436
1.920874805
1.898920368
1.933282413
1.937445
1.908373101
1.926190823
1.948083104
1.949480473
1.791335469
1.801998551
1.948627938
1.951963407
1.94301692
1.800396634
1.841888463
1.827486488
1.814083881
1.800997169
1.796086418
1.791163903
1.987585232
1.994922687
1.992187641
1.967205915
1.988837475
1.938877612
1.891234352
1.983326759
1.975448559
1.970091169
1.856700059
1.833444828
1.827728772
1.968155887
1.962515202
1.96025708
1.955443617
1.949427729
1.946952306
1.943449605
1.924111238
1.902099091
1.888707037
1.893819374
1.933047114
1.93501187
1.923416497
1.942651369
1.95462557
1.790660845
1.79626589
1.951700695
1.944988465
1.934176442
1.934051178
1.940625576
1.934382654
1.790036145
1.823375298
1.812788717
1.806224412
1.799302651
1.794706621
1.789644
1.990823611
1.960681744
1.993699831
1.987958003
1.929397265
1.982228934
1.90264614
1.855710443
1.980937177
1.976425392
1.977700038
1.83272156
1.8160491
1.812082844
1.974005801
1.974893046
1.96783464
1.956726816
1.952596905
1.944455068
1.93145511
1.911976666
1.888057067
1.882854386
1.901461154
1.93433257
1.939915195
1.926846215
1.94464725
1.94216086
1.787013569
1.787817894
1.936199715
1.930823459
1.934674072
1.944822195
1.943407602
1.930532272
1.780349196
1.808955893
1.804551027
1.797441585
1.794749622
1.79139025
1.994165474
1.976636891
1.925061672
1.989826713
1.984440143
1.886361373
1.986709794
1.861622686
1.82887285
1.985449515
1.988891478
1.989491722
1.81442642
1.807229848
1.803388411
1.99544314
1.985717676
1.973596008
1.963786918
1.95777875
1.914449913
1.934056404
1.892736857
1.875870256
1.880981615
1.901518583
1.935765015
1.956958516
1.922360774
1.928256421
1.923173788
1.788061267
1.786634565
1.916424943
1.932417782
1.954575044
1.949604711
1.910747553
1.77380793
1.803391796
1.803303215
1.800855801
1.798824833
1.795189805
1.982364731
1.987502757
1.941932269
1.890772011
1.985746025
1.988674207
1.85297431
1.990851053
1.831540648
1.807191859
1.992921618
1.995145835
2.007022753
1.797787458
1.795490016
1.798221316
2.005196858
1.997896979
1.981981833
1.983043812
1.89483041
1.928313631
1.874048797
1.86801932
1.879173511
1.905343433
1.95814636
1.978791847
1.916448343
1.911560339
1.922870248
1.782784329
1.792252289
1.912432436
1.949636635
1.963054301
1.895353172
1.909788468
1.775579761
1.788523518
1.770654367
1.800234988
1.801855731
1.80214319
1.797768121
1.799593036
1.955371755
1.973066637
1.980196799
1.908982151
1.860773897
1.98095623
1.980910618
1.832183515
1.822492535
1.980072933
1.805001248
1.988404827
1.999654283
2.009935591
1.783887877
1.78270903
1.788508706
2.013458865
2.001747788
1.999589052
1.87464486
1.946761562
1.858909342
1.862997688
1.886059446
1.908693192
1.979481008
1.999033539
1.905434994
1.904606488
1.9317112
1.784165832
1.915277849
1.95272385
1.886792191
1.920982291
1.772357566
1.785784174
1.776906522
1.853910728
1.766095056
1.795131429
1.797652625
1.797029734
1.79636033
1.788208205
1.915013566
1.949089757
1.969527087
1.973974625
1.871783568
1.835537704
1.970799959
1.967444683
1.809810051
1.799990471
1.972307063
1.979288841
2.002378256
1.98734027
2.009195729
1.774219344
1.775069138
1.785557806
2.006593313
2.004029816
1.867900017
1.855605503
1.969621632
1.873694859
1.901303419
1.907506588
1.994533632
2.00502707
1.900142724
1.909164887
1.931681957
1.774633593
1.916585344
1.893689767
1.941668322
1.767385969
1.776065054
1.785509835
1.770544127
1.852385404
1.866779435
1.759057657
1.79174717
1.792581171
1.789300694
1.785279943
1.776029278
1.915707473
1.881489444
1.947723912
1.96529485
1.964777462
1.843151995
1.812704251
1.962230914
1.962965939
1.794694135
1.967744251
1.976498752
1.996696953
1.988889773
2.002682975
1.768010042
1.779632857
1.768588277
2.009485266
1.874126378
1.85502586
1.976096001
1.894126088
1.899168285
1.8954753
1.993904873
2.009339945
1.913099365
1.919991788
1.763392189
1.767865623
1.907417052
1.943866487
1.772837378
1.779658909
1.788287139
1.767823455
1.849504363
1.859990655
1.881160005
1.754554914
1.749432833
1.789356113
1.787229614
1.778777369
1.771150281
1.764176569
1.925426555
1.888107039
1.855412799
1.94346437
1.960777879
1.959949564
1.82417301
1.801159553
1.956366129
1.958334367
1.962946389
1.972051915
1.980188744
1.99804643
1.764652928
1.77354201
1.763214899
2.007278988
1.880181379
1.858957543
1.969064887
1.890725837
1.885844557
1.90130369
1.990147
2.003257891
1.91703413
1.755766104
1.914435012
1.939888673
1.775546587
1.781662772
1.790118618
1.801222206
1.769113917
1.849259861
1.847079862
1.863110537
1.877586945
1.743063004
1.738815599
1.783328998
1.772848445
1.764604316
1.757254802
1.75395323
1.909106338
1.928541825
1.873622124
1.840612721
1.933447467
1.941026737
1.942289294
1.94881628
1.812570733
1.949378798
1.949448764
1.956270206
1.963894582
1.990143971
1.764359237
1.764201364
1.761031161
1.99145794
1.861391454
1.892227437
1.964311491
1.874515362
1.880374965
1.896539553
1.985709125
1.990188983
1.746845586
1.927765981
1.944560747
1.792141584
1.781849387
1.798494097
1.802450156
1.807762306
1.77334938
1.842102665
1.850836291
1.851415621
1.863957718
1.868736905
1.784812072
1.858772415
1.738051483
1.733673726
1.730617417
1.766347698
1.758497912
1.749387795
1.74705854
1.745804008
1.92275623
1.895206786
1.931133611
1.858849075
1.829922617
1.931119036
1.931229129
1.934397977
1.942291764
1.943762316
1.944217417
1.94859881
1.969311563
1.766460903
1.757375071
1.763067818
1.975036207
1.869916378
1.899031541
1.967039615
1.863214346
1.873128387
1.978835898
1.981399474
1.928995102
1.947043842
1.801583094
1.794777938
1.805273061
1.807143269
1.812696018
1.825406424
1.774677454
1.841654799
1.840825221
1.850243396
1.858043463
1.855408104
1.782532363
1.77369417
1.848149761
1.854304475
1.730574208
1.735977584
1.726894341
1.72473741
1.752758853
1.746235098
1.740959531
1.740486543
1.740199148
1.914221359
1.928294944
1.878807609
1.931915697
1.844674274
1.932994899
1.930495487
1.931590497
1.933224279
1.939731081
1.939307484
1.951369527
1.767277731
1.755511331
1.763753821
1.959643675
1.878922353
1.903788511
1.96310407
1.858062971
1.979188983
1.972446281
1.917404947
1.940569641
1.799629447
1.787103082
1.805801739
1.806588545
1.817926149
1.834971226
1.768304811
1.839079214
1.848797463
1.840209559
1.843772409
1.864624761
1.769327384
1.766790477
1.758781873
1.849900993
1.843538275
1.853428326
1.728528869
1.725733578
1.731782342
1.722280808
1.720768722
1.74673506
1.741078949
1.735209406
1.733111445
1.898430848
1.927136308
1.939343174
1.863639335
1.943932601
1.938924736
1.932159728
1.928621934
1.928768799
1.935605551
1.939733221
1.932487246
1.762871342
1.751451591
1.755094885
1.948924757
1.876695474
1.884664708
1.889234714
1.966957512
1.854506763
1.971869192
1.950606534
1.907694879
1.937851808
1.778703849
1.78764989
1.793538265
1.811351689
1.831594246
1.856782021
1.756347724
1.844141534
1.835099793
1.856165666
1.836359194
1.756894864
1.764408278
1.753694313
1.746976787
1.85136583
1.842640934
1.723964088
1.724437454
1.722251733
1.72638195
1.718937758
1.71758012
1.743968181
1.735848571
1.729233324
1.923109787
1.888774028
1.948126322
1.951969192
1.943726356
1.936510082
1.927909408
1.926131847
1.926416842
1.93012413
1.752440742
1.746756089
1.744101427
1.931780271
1.863429227
1.874003468
1.868642399
1.876909296
1.944453346
1.859441632
1.947546287
1.931835099
1.896969665
1.916171567
1.773918513
1.783187925
1.801404118
1.822461258
1.845325062
1.87594562
1.74747518
1.85200021
1.83731265
1.837233807
1.751229491
1.758879165
1.768750325
1.746303293
1.739140354
1.857175987
1.849881384
1.842807461
1.720912067
1.718702011
1.719288114
1.719256534
1.723543263
1.714686341
1.716005895
1.73704008
1.72977585
1.910998044
1.948985772
1.965670344
1.95890481
1.9484121
1.935903714
1.928289949
1.923639129
1.9228353
1.740862507
1.736677093
1.734423102
1.919297628
1.854390418
1.862292396
1.85178433
1.850161123
1.86393205
1.900049024
1.919060267
1.866185357
1.923703301
1.912952065
1.880978623
1.780817645
1.801246225
1.831069866
1.866041599
1.909800351
1.736977024
1.843146295
1.838264006
1.75907481
1.74982861
1.77013489
1.781274244
1.740540259
1.733298406
1.861781313
1.851134594
1.843382563
1.717319391
1.718113853
1.716094169
1.715058416
1.714910447
1.723839683
1.712378123
1.709465331
1.711824809
1.715025469
1.718732298
1.713743929
1.712476503
1.713193488
1.728276317
1.948938702
1.9661663
1.966799091
1.957294352
1.945773349
1.93590497
1.928370007
1.918867819
1.732613322
1.728861998
1.727942408
1.907581355
1.841471101
1.842844335
1.831046538
1.83484379
1.851590147
1.878649008
1.867572948
1.895975462
1.864952873
1.895034892
1.891413592
1.798801414
1.826182024
1.864389707
1.90801727
1.943709825
1.730181039
1.844172252
1.756321124
1.769038103
1.74148196
1.7835135
1.79510305
1.7334795
1.728795737
1.857742132
1.849983777
1.846030654
1.714541012
1.714888649
1.712955382
1.721969067
1.711147661
1.710228943
1.708585176
1.708638749
1.707531012
1.710806542
1.711989453
1.718157288
1.714477615
1.711634485
1.711884315
1.710508568
1.709925737
1.72296956
1.959974813
1.960006418
1.948473011
1.940243367
1.933914538
1.928876877
1.921440511
1.727481906
1.725036774
1.723684294
1.912535104
1.892698397
1.835237947
1.847140919
1.824443574
1.817340671
1.8247304
1.847543066
1.849568462
1.861025865
1.873030756
1.856225369
1.866108433
1.864661335
1.818313788
1.855594724
1.893073077
1.923113147
1.941788684
1.72604079
1.743544375
1.760432554
1.775425292
1.733795908
1.791052159
1.814981371
1.727584822
1.725301439
1.85309321
1.849293143
1.850331493
1.712267299
1.70939229
1.70658731
1.707435169
1.707347441
1.705967744
1.850821849
1.834110769
1.715956269
1.789551299
1.710014642
1.720641654
1.711563641
1.713607285
1.709145852
1.710167428
1.708441024
1.707755214
1.722993835
1.95041712
1.940588495
1.926121649
1.919177998
1.912897861
1.917903962
1.72160404
1.719889022
1.89917565
1.87490495
1.835770253
1.8477194
1.815021361
1.807274549
1.814304871
1.83054772
1.840182526
1.850495217
1.85104127
1.845027208
1.846893767
1.845244636
1.875001476
1.910383728
1.930011845
1.929582497
1.721655408
1.734201035
1.749603771
1.769823265
1.727666611
1.811621922
1.841296083
1.722142981
1.718204281
1.8512399
1.852082871
1.708062301
1.704811552
1.70541136
1.705659529
1.70635008
1.706325167
1.704828989
1.848464213
1.814425848
1.815095733
1.718623588
1.716391542
1.809375055
1.787278694
1.715787916
1.703422164
1.704125788
1.709568658
1.718525518
1.711852603
1.714807148
1.706956899
1.70803933
1.706210375
1.705186878
1.929079467
1.920754665
1.907119932
1.894476218
1.894761793
1.715272335
1.714532093
1.871776737
1.849518326
1.82718616
1.843487199
1.805361805
1.789298257
1.800962872
1.800536941
1.818338209
1.827491977
1.846410955
1.820615421
1.821761207
1.874201849
1.902559814
1.917094079
1.920306497
1.909400283
1.728458001
1.740943292
1.758833391
1.722901267
1.833126611
1.858447383
1.717792876
1.714244184
1.851793196
1.848696115
1.707612548
1.703557005
1.703640731
1.70402056
1.704609548
1.705785026
1.842780465
1.792616123
1.793147692
1.715647281
1.828186093
1.803845597
1.777643651
1.712363887
1.701985878
1.702541726
1.705749326
1.703856693
1.703057318
1.712576824
1.772927545
1.733966789
1.709925536
1.711915747
1.71250443
1.710695102
1.704834624
1.703549823
1.702243836
1.702606412
1.90539982
1.899430853
1.881494472
1.870794042
1.711026886
1.847344694
1.826048246
1.809169205
1.83248558
1.78861257
1.775607947
1.782363731
1.779535604
1.794982894
1.801193538
1.836057769
1.794344729
1.795077238
1.877745934
1.892301051
1.893174348
1.900416457
1.896667182
1.887010429
1.725014925
1.748432811
1.719998099
1.854769241
1.715825232
1.71230315
1.844714996
1.835605833
1.707855799
1.701747487
1.70153031
1.701909592
1.835436667
1.771097448
1.842294121
1.813095704
1.789680615
1.765815526
1.710586194
1.700945629
1.700662406
1.702053548
1.708135255
1.706155592
1.70401831
1.701166356
1.709263937
1.761764117
1.755159685
1.729574625
1.737210976
1.700850129
1.718857508
1.700510928
1.71052696
1.708778211
1.708678312
1.707344154
1.701340936
1.702389401
1.701428901
1.701109267
1.701155754
1.879574893
1.863054465
1.854271754
1.709210611
1.827502275
1.80351539
1.813535751
1.796071746
1.775986501
1.762529321
1.76883663
1.769532977
1.77674322
1.8233651
1.769163051
1.775357984
1.87521158
1.863728671
1.872051248
1.876132136
1.881290589
1.879230284
1.86209902
1.724923648
1.744689471
1.714149653
1.710917734
1.828068706
1.815231631
1.700739899
1.700836174
1.700912684
1.701042913
1.822060193
1.751455184
1.84561193
1.820472514
1.795591097
1.77556096
1.757807799
1.700569079
1.700627384
1.701981315
1.708463918
1.706416503
1.704167902
1.70715098
1.74727177
1.757836658
1.741242597
1.732511122
1.717229949
1.721130898
1.700527053
1.700537992
1.700543132
1.70074209
1.706393776
1.706677227
1.70796416
1.705567025
1.705742103
1.701250844
1.701055134
1.701171687
1.700896173
1.700949139
1.842040001
1.835198474
1.70976425
1.810605295
1.79074132
1.777788686
1.799653829
1.781641198
1.762499894
1.751259253
1.748248702
1.755587056
1.802031271
1.749427864
1.756158769
1.852932098
1.857766926
1.854065416
1.862256795
1.868998092
1.85149322
1.726516098
1.741925505
1.713125311
1.811567413
1.800938403
1.700667491
1.700740228
1.801758247
1.73674741
1.84224628
1.82151992
1.801520048
1.784216105
1.766039877
1.753145467
1.700562237
1.700592554
1.701838119
1.705268019
1.703664832
1.706796246
1.736987375
1.742631228
1.746363502
1.731511246
1.733143539
1.717128958
1.721642846
1.700546493
1.700551631
1.700599428
1.700623835
1.704084025
1.702203345
1.70549436
1.703832894
1.708843385
1.704300564
1.70093155
1.700831818
1.700966452
1.700775999
1.817510042
1.825627117
1.711836974
1.795425927
1.778961513
1.762193872
1.783827155
1.765253762
1.752175025
1.745417201
1.737741343
1.733074556
1.777443412
1.73508385
1.729639578
1.742533345
1.835904271
1.836050111
1.839029497
1.848336902
1.844247826
1.726546263
1.732785156
1.741044748
1.749165666
1.715805269
1.790457769
1.783185761
1.700624516
1.700662066
1.779313619
1.726967356
1.820731306
1.804405699
1.790776836
1.772636202
1.758243773
1.700562727
1.700576915
1.700900259
1.700723411
1.702866182
1.701696018
1.707583691
1.738896675
1.733619788
1.742125447
1.727451633
1.720896386
1.70059078
1.70058436
1.700671185
1.70069985
1.70218187
1.702224148
1.700896974
1.704010443
1.705725983
1.706712089
1.701157482
1.700812315
1.708796381
1.746055606
1.702629239
1.711252793
1.700815473
1.700694625
1.700717947
1.700843939
1.803627651
1.820916116
1.715420472
1.78147814
1.768171
1.750493828
1.766500553
1.755736908
1.747525445
1.746583096
1.72407978
1.758345965
1.756617687
1.726937718
1.722370125
1.732779951
1.815692671
1.818209921
1.816473971
1.821310403
1.82993099
1.725764219
1.732386878
1.740741819
1.745986736
1.7515034
1.719767273
1.76652544
1.766453869
1.700595216
1.7006126
1.722465791
1.806082911
1.800603862
1.79271376
1.776926692
1.760055422
1.700582187
1.700580394
1.700860023
1.700817045
1.701085214
1.701044689
1.750177783
1.735176511
1.726916096
1.700653197
1.70063227
1.700748642
1.700782849
1.701305336
1.701439666
1.701006575
1.702677022
1.704309937
1.710760757
1.707472109
1.701246969
1.700729278
1.714003774
1.746474419
1.760624668
1.700755716
1.744811463
1.803277944
1.700891254
1.720315384
1.75787854
1.701442958
1.810187584
1.712657637
1.740653734
1.701569857
1.717553476
1.70070682
1.700634573
1.70065335
1.790783182
1.809696688
1.722066234
1.768440089
1.756818561
1.75707586
1.751037438
1.748113012
1.755756426
1.718863881
1.753051896
1.744439103
1.721230949
1.718702709
1.725781446
1.804065337
1.798053907
1.792700475
1.72594608
1.731546685
1.737601054
1.742818284
1.748546105
1.75717889
1.700580651
1.700588214
1.722437636
1.792742199
1.787377218
1.778147688
1.763164698
1.70061305
1.700961192
1.701194271
1.701150172
1.7320851
1.700714176
1.700853934
1.701373146
1.701102193
1.702358365
1.704953785
1.716541525
1.708813273
1.701325336
1.719586433
1.746899729
1.735326461
1.763853745
1.700680777
1.737357384
1.700966547
1.716265061
1.717003211
1.715976547
1.75624384
1.701520849
1.701467706
1.794459889
1.797492368
1.713762775
1.717508964
1.733163908
1.745128126
1.732936988
1.700645415
1.702865365
1.781826578
1.793043425
1.701557522
1.701611076
1.723896341
1.700618164
1.700594959
1.700600046
1.782426839
1.729035037
1.752796268
1.769538764
1.760335949
1.751439709
1.749084115
1.750755009
1.720025602
1.716244724
1.748172464
1.743545943
1.736465769
1.71562744
1.726509701
1.719117595
1.787000918
1.785434505
1.781758475
1.782178477
1.732506182
1.737412647
1.734273282
1.741628095
1.752079714
1.700608852
1.700592015
1.700580836
1.727284468
1.781748901
1.775242262
1.764698912
1.700695339
1.70106393
1.701275216
1.701223877
1.700834198
1.700991766
1.701418714
1.701168093
1.705548172
1.72168168
1.709273358
1.701368684
1.747564218
1.736928849
1.751503541
1.759190587
1.700620348
1.713221837
1.713010862
1.712434348
1.71192373
1.752562793
1.701512659
1.70146583
1.782798941
1.782234773
1.716589682
1.711785816
1.713516091
1.719312424
1.735722771
1.742643681
1.731572575
1.72990605
1.702707652
1.770850102
1.773851226
1.780892341
1.751965854
1.766485185
1.714110889
1.770759302
1.701505108
1.701543044
1.701513325
1.725727434
1.70057221
1.700570774
1.700571771
1.769043095
1.728266246
1.741714042
1.758619463
1.745678363
1.746791567
1.727218255
1.719403433
1.714650696
1.741956288
1.736783517
1.721546245
1.731643602
1.714253503
1.778278245
1.775478712
1.768977665
1.771454673
1.729569962
1.736201723
1.732072846
1.743856775
1.753145663
1.700672089
1.700643818
1.700615342
1.761157892
1.70080501
1.701124532
1.70131789
1.701255447
1.700974708
1.701418142
1.705824909
1.721492805
1.709272717
1.701371202
1.740151189
1.745118802
1.733580606
1.747343522
1.753560272
1.700573844
1.713058196
1.70925738
1.709497122
1.70909576
1.711130805
1.747000054
1.701460201
1.701415863
1.769925003
1.769967078
1.716404637
1.7110756
1.710831916
1.731494198
1.727851732
1.72752918
1.702502601
1.76152959
1.760532332
1.773860875
1.747223162
1.760221983
1.711716027
1.768353619
1.759179234
1.714868001
1.750985176
1.700595536
1.755477607
1.707200747
1.700661015
1.701445273
1.7014077
1.701468797
1.701377071
1.701364703
1.723693901
1.700554973
1.70054311
1.700571369
1.756730135
1.725026338
1.739305665
1.732800313
1.737574962
1.741756289
1.727884624
1.724040516
1.717861073
1.726401637
1.715026954
1.720172372
1.709930191
1.768824187
1.767807949
1.760844724
1.758925902
1.727435236
1.731259483
1.737746349
1.744859023
1.749931707
1.700762838
1.70072219
1.700694386
1.70093
1.701095257
1.701229117
1.701318821
1.701374348
1.705472553
1.720714681
1.718008899
1.708063671
1.701338584
1.737966111
1.74075169
1.742180886
1.733407695
1.746023527
1.74153405
1.746339277
1.700539802
1.714498953
1.70633212
1.705998637
1.708911124
1.7114369
1.741062999
1.701363197
1.701324048
1.757023501
1.711880431
1.708080303
1.731957355
1.727249621
1.725117475
1.725272969
1.70122163
1.702019616
1.752600564
1.750365383
1.766539376
1.742397569
1.753930766
1.707565855
1.709416413
1.76063345
1.751641482
1.716326976
1.713777103
1.745054967
1.748851643
1.74921585
1.70632104
1.705085919
1.700738818
1.700792684
1.700626779
1.700786836
1.741390759
1.728517222
1.743924821
1.701324275
1.701306981
1.701281262
1.701200342
1.701174216
1.721236335
1.718992404
1.700587669
1.700550472
1.700513406
1.743937315
1.723599578
1.735356144
1.730975976
1.724620071
1.737256488
1.732315484
1.73460826
1.729627465
1.724589748
1.719285994
1.711718516
1.707211903
1.71805528
1.761223679
1.761437868
1.754327302
1.74536807
1.727106047
1.732837351
1.73833887
1.74169424
1.744527909
1.700880751
1.700830926
1.701050242
1.701191729
1.70128761
1.701299296
1.704344904
1.701443789
1.704840645
1.701289216
1.734131019
1.738170892
1.739534331
1.739070932
1.741694571
1.737626409
1.739300832
1.713854315
1.702177992
1.703190994
1.702773865
1.709789223
1.736290969
1.701235969
1.70120737
1.707368999
1.71119187
1.709414265
1.704288118
1.723800257
1.725565095
1.722724643
1.722935231
1.701001792
1.701026272
1.743002637
1.760025057
1.735554852
1.747832887
1.70562729
1.703661531
1.753559575
1.747079073
1.716069989
1.713322269
1.737055553
1.742457036
1.742001599
1.703096162
1.704882059
1.706838574
1.700836452
1.700686384
1.700926544
1.70092083
1.700755063
1.700879402
1.733244958
1.734819933
1.728798339
1.725561434
1.736172283
1.700983817
1.733245091
1.736695888
1.73807117
1.727623286
1.736122539
1.747318064
1.701490317
1.706479554
1.720542533
1.735887543
1.726005964
1.70113972
1.701144867
1.700980491
1.700962147
1.71837275
1.721098604
1.700634492
1.700557869
1.700508989
1.732580105
1.733035447
1.724583887
1.724820229
1.721904257
1.713306724
1.732500738
1.729875683
1.729919309
1.725021591
1.719342654
1.702686185
1.707824384
1.700803847
1.753902676
1.756940421
1.750972806
1.72897887
1.732989597
1.736072568
1.739564729
1.74285215
1.701022024
1.701166422
1.701249627
1.701192062
1.700837123
1.700800488
1.701234761
1.733328831
1.73760929
1.737649006
1.735758384
1.733570199
1.734255675
1.732798587
1.713742403
1.701116785
1.701016406
1.700881769
1.701017587
1.709074299
1.73234817
1.701085121
1.701062218
1.703126546
1.708543971
1.710226034
1.700615091
1.721271172
1.722847825
1.720366142
1.700798591
1.700771234
1.733333167
1.753311958
1.722204526
1.739603542
1.701402655
1.700572859
1.748330883
1.716406123
1.713439426
1.72430827
1.701136348
1.703299456
1.70476605
1.700960214
1.701033687
1.701037652
1.700763351
1.700888388
1.700983949
1.724786517
1.719753646
1.723307081
1.727432131
1.722880462
1.730389457
1.729811032
1.732776843
1.714418203
1.735372045
1.74413727
1.700624394
1.703090526
1.705040389
1.718512599
1.719218055
1.728109561
1.723285107
1.726479552
1.700596103
1.738396921
1.723996229
1.701021137
1.701099212
1.700428967
1.700868633
1.700945802
1.700771691
1.719495686
1.722726686
1.700597413
1.700680798
1.700526097
1.719132009
1.725870552
1.708403792
1.700793166
1.727642207
1.729338833
1.724145556
1.71994198
1.700974834
1.701201133
1.749042009
1.750641797
1.746374315
1.728555192
1.731516889
1.734921837
1.739018354
1.744171616
1.701155878
1.701217733
1.70115852
1.701027954
1.700552153
1.732057978
1.735919905
1.73490926
1.732178083
1.727961135
1.728856168
1.729263482
1.727974127
1.71613252
1.712220525
1.701346697
1.701307292
1.701274579
1.701442206
1.706165516
1.708032136
1.728995376
1.700898004
1.700869307
1.700410839
1.706778238
1.711131954
1.708019635
1.700449679
1.700378969
1.720179838
1.717624224
1.70062899
1.700531095
1.71887981
1.748261196
1.701114683
1.709964112
1.73525678
1.700382479
1.714490721
1.7174358
1.701333983
1.701875879
1.70105419
1.701104273
1.700757074
1.700955026
1.700998449
1.708644608
1.708789917
1.701689042
1.713696616
1.703683888
1.719901573
1.720441616
1.720712011
1.725980202
1.723233309
1.721381835
1.701452772
1.733610661
1.740743841
1.700395198
1.702422988
1.717215894
1.716527893
1.717533782
1.7169582
1.723922088
1.720879846
1.70040444
1.734878746
1.709649014
1.700846082
1.701138003
1.700245962
1.700254254
1.700829689
1.700880451
1.705154819
1.701341841
1.701660566
1.718547011
1.733884426
1.727291925
1.711156232
1.705519251
1.705376653
1.706608075
1.700714934
1.700597998
1.720114754
1.723807336
1.700656271
1.700568728
1.701496414
1.701028658
1.701199131
1.70117279
1.723299147
1.729620895
1.724416899
1.721801721
1.719019597
1.701443269
1.701634029
1.744961463
1.745011656
1.741300964
1.727142467
1.730948975
1.737102112
1.74085737
1.701156112
1.701103267
1.700985921
1.700827209
1.700341766
1.731493147
1.733607324
1.731215517
1.728361245
1.723692561
1.724733506
1.725083065
1.723752964
1.715665674
1.712159168
1.701564744
1.701517723
1.701623434
1.70175627
1.701890418
1.724926367
1.700661156
1.700654457
1.700176508
1.703959751
1.712344434
1.708870421
1.700246048
1.700174995
1.717138463
1.714435713
1.715660722
1.70046983
1.700392179
1.704182638
1.702344302
1.74384623
1.701726568
1.701613682
1.734503028
1.728681684
1.715585339
1.701530603
1.70166282
1.701056716
1.700986901
1.701063935
1.70075869
1.70086637
1.700902025
1.700869958
1.702044591
1.701990834
1.702107264
1.713114888
1.707259636
1.715371498
1.718105763
1.735856216
1.700180579
1.700282543
1.700566846
1.714827383
1.714490334
1.714307558
1.704979089
1.721700644
1.717564458
1.719308371
1.700283249
1.700272238
1.733755769
1.702462353
1.700645157
1.700130302
1.700795005
1.70078756
1.701611493
1.715853298
1.732263854
1.727120081
1.704229084
1.702318518
1.700112915
1.706544944
1.702336032
1.705907201
1.710081682
1.701711306
1.702525516
1.719810616
1.701681368
1.730569603
1.700464166
1.719304636
1.722734053
1.700632408
1.700714321
1.701974465
1.701573173
1.719559562
1.719823074
1.72892615
1.72443177
1.721318592
1.718386104
1.701787899
1.701881927
1.741125235
1.740271815
1.74038332
1.736957897
1.726756921
1.735645674
1.738183615
1.700978333
1.700849675
1.700642012
1.700140615
1.729703431
1.731500768
1.729338002
1.72711358
1.724071219
1.720201576
1.720139228
1.721250464
1.720757971
1.714658251
1.7112075
1.70177695
1.701707485
1.701828232
1.701933615
1.701768978
1.720589487
1.700439457
1.700435246
1.700040335
1.700053153
1.700144923
1.710579986
1.700052404
1.712231577
1.712704994
1.711002511
1.700283473
1.702329475
1.702512752
1.702434599
1.739559102
1.70207579
1.701952531
1.70183764
1.728841441
1.722790341
1.714447033
1.701777388
1.700923648
1.700771819
1.700835204
1.700705966
1.70071915
1.700610032
1.702242109
1.702275913
1.702147191
1.702585333
1.702479688
1.702559434
1.704141112
1.712166778
1.731718546
1.700078782
1.700139072
1.71079291
1.712512596
1.713712584
1.715626725
1.71675166
1.700180231
1.700174669
1.732870447
1.702550596
1.700430925
1.700692473
1.700714507
1.700600476
1.69997535
1.730267645
1.726313955
1.701822509
1.702124851
1.69985263
1.699803549
1.701005839
1.705360862
1.705708153
1.70175365
1.701786549
1.716510776
1.717121384
1.701820098
1.729761789
1.733034471
1.701890028
1.701460295
1.700433771
1.722712779
1.700244446
1.71815564
1.72195486
1.700680613
1.702199221
1.701925099
1.715537972
1.727428845
1.722583434
1.718066752
1.714984235
1.701991874
1.702030058
1.736345062
1.737792001
1.735792046
1.735809838
1.725837882
1.733977255
1.700719306
1.700570332
1.70041531
1.69999196
1.700074226
1.72832064
1.726940116
1.724854483
1.719427544
1.7162179
1.716655248
1.716926268
1.717438474
1.710511105
1.701908177
1.701850001
1.701969317
1.702048301
1.701838812
1.701850419
1.715844661
1.700234252
1.700231575
1.699962515
1.699955409
1.699973033
1.699969869
1.709400897
1.707864248
1.708986719
1.709616169
1.709779476
1.707774788
1.700082992
1.702481152
1.702416025
1.702515554
1.702530995
1.734957387
1.702238411
1.702145334
1.702043883
1.719421716
1.723727798
1.713317756
1.700650494
1.700452844
1.700540183
1.700453158
1.700377132
1.702293557
1.702370338
1.702373929
1.70254275
1.702298745
1.702419828
1.701105056
1.706952647
1.727049033
1.699970207
1.707327293
1.710347735
1.712727115
1.700056726
1.730953152
1.700220694
1.700634428
1.700507401
1.700338161
1.699838941
1.724816057
1.701772271
1.699779068
1.699707206
1.69973885
1.699689652
1.703234494
1.704557762
1.70174603
1.701801833
1.714169477
1.712984023
1.701916466
1.727833073
1.72929767
1.70198239
1.701198267
1.700175201
1.700141231
1.717540615
1.719847976
1.71315373
1.701679621
1.717657232
1.700223475
1.721733954
1.700214701
1.700062698
1.716705718
1.721227931
1.700631576
1.70231704
1.702089121
1.710575636
1.723379062
1.716531266
1.711107469
1.702116117
1.702122482
1.73166448
1.733392179
1.730654705
1.730715
1.724250412
1.729417974
1.700396964
1.700254055
1.699944899
1.699894028
1.724311072
1.720673796
1.713883933
1.71299233
1.713191495
1.713442515
1.712442597
1.705003831
1.701977111
1.701906356
1.702049176
1.702099846
1.701815378
1.701877302
1.710963349
1.700054796
1.700045366
1.699892376
1.699889247
1.699899479
1.699831274
1.706822405
1.705651949
1.704979136
1.706353579
1.70665521
1.705420341
1.699947272
1.699936184
1.702479256
1.702500872
1.702441276
1.702397734
1.702416816
1.729551206
1.702318928
1.702256015
1.702178313
1.710520849
1.717883021
1.709008976
1.700330614
1.700121084
1.70023192
1.700123618
1.702380815
1.702426161
1.702137209
1.70071059
1.700802659
1.72164354
1.70511405
1.708435096
1.706337774
1.726534052
1.700039089
1.700472278
1.700275004
1.700082617
1.699751166
1.720418372
1.701105632
1.701633188
1.699725262
1.699688341
1.699710635
1.699666714
1.6996445
1.701722091
1.710536006
1.710346997
1.701949075
1.723248249
1.723267389
1.702023516
1.699976149
1.699921907
1.699917906
1.711821758
1.713830735
1.715568575
1.70986934
1.701585783
1.713295078
1.711451741
1.699991891
1.700040148
1.700044379
1.699693556
1.70921645
1.699917063
1.711938174
1.718478097
1.700478739
1.702366724
1.702190387
1.70781663
1.706896529
1.715892138
1.715679585
1.718062911
1.708001448
1.708162724
1.701620396
1.702686536
1.702178971
1.702132841
1.726195306
1.727861172
1.724563476
1.724392773
1.724132279
1.700063458
1.699851454
1.699835241
1.712806503
1.708118213
1.709035042
1.709549408
1.709731879
1.708347268
1.701977436
1.701903771
1.70205712
1.701787397
1.707187015
1.699911672
1.699901609
1.699822381
1.699819193
1.699758025
1.699642788
1.703662214
1.704185897
1.703291819
1.70398435
1.703830231
1.703594923
1.699848321
1.702450652
1.702447797
1.702398456
1.7021026
1.702219952
1.721362719
1.702329556
1.70229998
1.702252765
1.703025419
1.700437436
1.711324393
1.703508336
1.699659154
1.700037505
1.699881533
1.699853922
1.702395058
1.702399406
1.701681282
1.700433363
1.700540917
1.711263004
1.705118996
1.719930121
1.699897401
1.700252889
1.700037254
1.699890127
1.699735278
1.701114811
1.700695572
1.699756758
1.699738016
1.699724523
1.701604259
1.707609107
1.716475713
1.699826056
1.69982063
1.699821011
1.707392814
1.708672169
1.709986013
1.706779912
1.701452349
1.708508276
1.707166656
1.69984322
1.699889854
1.699899654
1.699795712
1.707056927
1.706165057
1.700203382
1.699808917
1.702324904
1.699811983
1.699829177
1.69963786
1.70682547
1.711082505
1.700239935
1.702340811
1.702228019
1.705162228
1.709165294
1.709305782
1.703472308
1.702670091
1.701332843
1.701198436
1.702175802
1.70202314
1.702080947
1.718632325
1.720220125
1.714808751
1.699874313
1.699805218
1.699781045
1.706948739
1.705498649
1.704756211
1.706520465
1.705009345
1.701938897
1.701850411
1.701655861
1.699816835
1.699813439
1.699770003
1.699755031
1.699770861
1.702479642
1.702543572
1.7019147
1.701952946
1.703286532
1.702041824
1.699805503
1.702343534
1.702351818
1.702195169
1.701601027
1.701914056
1.70965369
1.706093041
1.702262198
1.702267137
1.70225744
1.700062044
1.700095383
1.699733347
1.699838251
1.699793938
1.699788738
1.699810242
1.6998214
1.702325566
1.702288697
1.701098359
1.70009448
1.700336194
1.699843555
1.702214644
1.708568698
1.699809837
1.700019888
1.699838938
1.699798131
1.70056273
1.69985784
1.699864885
1.701414577
1.699861121
1.699899061
1.699876981
1.705698646
1.704760175
1.7059833
1.70467548
1.70377893
1.703264188
1.699806777
1.699815326
1.704663035
1.705376309
1.703930831
1.699787842
1.70132663
1.699893316
1.699810341
1.699771924
1.700026094
1.70095177
1.701916189
1.699793052
1.699786686
1.699821262
1.69961279
1.6995826
1.69997019
1.702217257
1.702189919
1.70281434
1.704409115
1.70402654
1.701004064
1.701068605
1.70116497
1.700986921
1.702104741
1.701839863
1.701980346
1.702926669
1.699635301
1.69977918
1.699796532
1.699794423
1.699771488
1.699788092
1.703639429
1.703029739
1.703351176
1.703112154
1.703751941
1.702351908
1.701749459
1.701468346
1.699792246
1.699791001
1.699823991
1.699959733
1.701022807
1.700917643
1.701437806
1.701075582
1.702143272
1.701845986
1.70132336
1.699519916
1.699535465
1.702147625
1.702180689
1.699840454
1.699932485
1.699893917
1.699876592
1.699833551
1.70000828
1.700010907
1.702097353
1.700756205
1.699805307
1.700128738
1.69970832
1.699632004
1.699569538
1.699787482
1.699841871
1.699926629
1.700342861
1.699979181
1.700013651
1.701203254
1.700088227
1.700150196
1.700105018
1.70285682
1.703267746
1.700874038
1.700831066
1.699784075
1.702911866
1.699803479
1.700983929
1.700072726
1.69980499
1.699976413
1.699733145
1.699799484
1.700950199
1.701673244
1.701766224
1.699694932
1.699829988
1.699828043
1.699829718
1.700007744
1.699712378
1.699878404
1.699946123
1.700040236
1.699781912
1.699733238
1.702039529
1.702051218
1.701891994
1.701170647
1.700915684
1.701391231
1.700872788
1.700959517
1.700782301
1.701510047
1.701826732
1.699555776
1.699525249
1.699907044
1.699826616
1.699845832
1.699868477
1.701126219
1.701566193
1.701093283
1.701422297
1.701531316
1.701175377
1.701016184
1.701083402
1.699832468
1.699830649
1.699973927
1.700083084
1.700107853
1.701048761
1.701011186
1.700921194
1.701127484
1.701093546
1.701592188
1.700757219
1.699516684
1.70196311
1.69961964
1.700202986
1.700070647
1.700370392
1.700370999
1.70178413
1.701487119
1.699639364
1.699884628
1.699756812
1.699658176
1.700113902
1.700079173
1.700464814
1.700522176
1.700423024
1.700720922
1.700735804
1.700733811
1.700672119
1.699942721
1.699887768
1.700971949
1.700359965
1.699940634
1.699700485
1.700220076
1.69961209
1.699626424
1.701394704
1.7014653
1.701536568
1.699874025
1.699949179
1.700332344
1.699568117
1.699925468
1.699917215
1.699936611
1.700130595
1.700178496
1.699985597
1.700201789
1.699616001
1.70171115
1.701833568
1.701191975
1.701171539
1.700638217
1.700668415
1.700737791
1.700570539
1.701080204
1.701559359
1.699691379
1.699525445
1.699509074
1.700320231
1.70026132
1.699919241
1.699998899
1.700042433
1.700591871
1.700698828
1.700773649
1.700892311
1.700628596
1.701118555
1.700998406
1.700765201
1.69994784
1.700167451
1.700229955
1.701016364
1.701062316
1.700930001
1.70113349
1.701109436
1.700843606
1.7016296
1.700697584
1.700501196
1.700834587
1.700815214
1.701190654
1.69967479
1.699840594
1.700281979
1.699861731
1.700899119
1.700906004
1.700737048
1.700612127
1.700555982
1.700558952
1.700514404
1.700191685
1.700066376
1.700977914
1.700676478
1.700148883
1.699779029
1.700478734
1.699529729
1.69952341
1.699546862
1.701059973
1.701201071
1.701232023
1.699995595
1.700169771
1.700084401
1.699548378
1.699635031
1.701123881
1.700919709
1.700747614
1.700102644
1.70009374
1.700091691
1.700137421
1.700299602
1.700147769
1.700333477
1.700359807
1.699638755
1.701226649
1.701433364
1.701149737
1.701152306
1.700501053
1.700464427
1.700502815
1.700375494
1.700616613
1.701098999
1.699745682
1.69951211
1.700785456
1.700856297
1.70058011
1.700222854
1.700269119
1.700268644
1.700542297
1.700618357
1.700876314
1.701012556
1.700406176
1.700393027
1.701028342
1.701072704
1.700942287
1.701105741
1.700405892
1.701108421
1.701185021
1.701036392
1.701254911
1.701208492
1.700587537
1.699548052
1.699675479
1.699944531
1.7012132
1.701061602
1.700442699
1.700363621
1.700445017
1.700370149
1.700309915
1.700995161
1.700883189
1.700356846
1.699945968
1.700664335
1.699522214
1.700753313
1.700769013
1.700119303
1.700447345
1.699812411
1.699604542
1.701118007
1.700565802
1.700579325
1.700741755
1.700600161
1.700342219
1.700333781
1.700486315
1.700450901
1.700291682
1.700544945
1.699795476
1.700621094
1.700839509
1.701086805
1.700455738
1.700348652
1.700254699
1.700306582
1.700347971
1.700526826
1.699751844
1.699869635
1.699591452
1.701385549
1.701186526
1.701389963
1.700954488
1.700502096
1.700504606
1.700544258
1.700791116
1.700906983
1.700553282
1.701044428
1.701078277
1.700957696
1.701098047
1.699862069
1.700506691
1.701524854
1.701478074
1.701487748
1.70139199
1.700090969
1.699543956
1.69957038
1.700091855
1.70125278
1.701094899
1.700266701
1.700201569
1.70022906
1.700587429
1.701010501
1.700892787
1.700485932
1.700138591
1.700700048
1.699603649
1.700352558
1.700369852
1.700264577
1.700851603
1.700609238
1.699642356
1.70107183
1.700242683
1.70043765
1.700581635
1.700481741
1.700687146
1.7007096
1.700637125
1.700434693
1.700607832
1.70073659
1.700009522
1.70003953
1.700213521
1.700977174
1.700308685
1.700201027
1.700161519
1.700115321
1.700141892
1.700074263
1.699977089
1.700014006
1.699749045
1.701795942
1.701711006
1.701523166
1.701704162
1.701334626
1.70077582
1.700852527
1.700669295
1.700771458
1.70104138
1.701071488
1.700975374
1.701060488
1.699588477
1.699704092
1.700001126
1.701583218
1.70169013
1.701424198
1.701294777
1.699692034
1.699563046
1.700302326
1.701012563
1.70087227
1.700131698
1.70010721
1.700916669
1.700680419
1.700280274
1.700546791
1.700166142
1.70006448
1.700983257
1.700998407
1.700057854
1.700293166
1.700442387
1.70031011
1.700325343
1.701214288
1.700833335
1.701019278
1.700800588
1.700589705
1.701019011
1.700175493
1.699714784
1.699785572
1.700867206
1.700171474
1.700086163
1.700044224
1.700046816
1.70004106
1.699861298
1.699972308
1.700259055
1.70027466
1.701770797
1.701954317
1.70185286
1.701955149
1.701845751
1.701754048
1.701380438
1.701122664
1.701245789
1.700492026
1.7006481
1.700989693
1.701035972
1.70102857
1.701010961
1.69964108
1.699654344
1.701287748
1.701551422
1.701018041
1.700876009
1.699906987
1.700572239
1.700501403
1.700408732
1.700025535
1.700262981
1.700214602
1.699930031
1.700893127
1.699975205
1.700157155
1.700299227
1.700010604
1.700246133
1.701516536
1.699930206
1.701856713
1.701012082
1.701347239
1.701258906
1.700913682
1.700173099
1.699731368
1.699838511
1.700720642
1.700054088
1.700011953
1.699993846
1.699992058
1.69996425
1.699912697
1.700302099
1.700605096
1.701365841
1.701531894
1.702021373
1.701809176
1.702109471
1.702109291
1.701462377
1.701761482
1.700489354
1.700309396
1.70099547
1.700994682
1.700925272
1.700916624
1.699888982
1.699913304
1.699857066
1.700653197
1.70102709
1.700298206
1.700192657
1.700252455
1.699812264
1.699789559
1.699999622
1.699720089
1.699764653
1.700739274
1.70003904
1.700146175
1.699620592
1.70002206
1.699999948
1.700930214
1.700015306
1.702176109
1.702137385
1.701596769
1.701704389
1.701274543
1.701564849
1.699985535
1.700036832
1.700136714
1.700210496
1.700510984
1.699987763
1.700027604
1.700072172
1.700191149
1.700723467
1.70082997
1.70062113
1.701237803
1.701647491
1.701941642
1.702081284
1.701986259
1.700308763
1.700144173
1.700970116
1.700908152
1.700740316
1.700763553
1.700304126
1.700406881
1.700219628
1.699827343
1.699436364
1.699474976
1.699279797
1.700769188
1.699078085
1.699155925
1.700030795
1.699172893
1.699293709
1.700531475
1.699237783
1.699685627
1.700144464
1.70120031
1.700021549
1.699998162
1.702090153
1.701913009
1.702096326
1.702154558
1.70187244
1.701913312
1.701595983
1.701890011
1.699635351
1.700617721
1.700591982
1.700604989
1.70072555
1.700299041
1.700071137
1.700296753
1.700361129
1.700204204
1.700490718
1.701247438
1.699891375
1.700346586
1.699687797
1.700874965
1.701330306
1.70153377
1.702083911
1.700134276
1.700870001
1.700743404
1.700489901
1.700566003
1.700924669
1.701027231
1.699290998
1.6989103
1.698663399
1.698683413
1.698575013
1.701341466
1.698533047
1.698666042
1.69875527
1.698938325
1.698948524
1.699318396
1.700021588
1.700007349
1.700108253
1.700175534
1.701603403
1.701485887
1.701084652
1.701890281
1.702071815
1.702086082
1.701742971
1.701933503
1.702041283
1.699215824
1.701325083
1.701179581
1.701082633
1.701081605
1.700935787
1.701238568
1.700261844
1.700113697
1.700333318
1.700750229
1.700544886
1.700752855
1.699338702
1.698956598
1.699858398
1.698783654
1.700380398
1.700601522
1.700681877
1.700501472
1.700337933
1.701573344
1.701562829
1.698482679
1.698257925
1.698154853
1.698203023
1.698219676
1.69829749
1.698424526
1.698663748
1.698540763
1.698752618
1.698804651
1.699012424
1.700029204
1.700038117
1.700178916
1.700353005
1.700479671
1.698833428
1.701138487
1.700664093
1.700498456
1.699992251
1.701572886
1.701886601
1.70189203
1.701958724
1.701951246
1.701841959
1.698855956
1.701737268
1.701624459
1.701593473
1.701462382
1.701495028
1.701336699
1.701186915
1.700111372
1.700702151
1.701133246
1.70094049
1.69882888
1.698513051
1.698232019
1.699305809
1.698159828
1.699493546
1.700443889
1.700217634
1.70183145
1.698041815
1.69801611
1.698078442
1.6981377
1.698270853
1.6984326
1.698519011
1.698661554
1.698720806
1.698797784
1.698821727
1.700069682
1.70004282
1.700436338
1.700251076
1.700653893
1.700807653
1.698768932
1.700049385
1.700621122
1.699511375
1.69935169
1.6988736
1.701085123
1.701212976
1.701777588
1.701738946
1.701678432
1.701515281
1.698684533
1.701737368
1.701753521
1.70168572
1.701648391
1.701606649
1.701554788
1.701468299
1.701404821
1.700067836
1.701045878
1.70125622
1.698127418
1.698118535
1.698408832
1.697984492
1.697965375
1.698477237
1.697994317
1.700208026
1.698084369
1.698251461
1.698436832
1.698494053
1.698700701
1.698897194
1.698900244
1.698990744
1.698959013
1.698970217
1.698916084
1.7001638
1.700060816
1.700693725
1.700477904
1.700342556
1.700910326
1.701068113
1.698804893
1.698984157
1.699457007
1.698890664
1.69999786
1.698446804
1.698311239
1.697996243
1.700185041
1.700623753
1.701210474
1.701241675
1.701356958
1.700993415
1.700959903
1.698677934
1.701457329
1.701406263
1.701462763
1.701420115
1.701483684
1.701501784
1.701459459
1.701404285
1.700030232
1.700044228
1.701270206
1.697814101
1.697818295
1.697881726
1.697807293
1.698014682
1.698224884
1.698327161
1.698604928
1.698835159
1.699140611
1.699151177
1.699347081
1.6994752
1.699375415
1.699341637
1.69922016
1.699120162
1.700171749
1.700070893
1.700872777
1.700678459
1.700524541
1.700319177
1.70103686
1.701155805
1.698848904
1.698906932
1.699108253
1.701223617
1.698866743
1.698354287
1.698000502
1.69905733
1.697693822
1.697660959
1.697599378
1.699513492
1.699947909
1.70059059
1.700330207
1.700303556
1.700796964
1.700002829
1.698723676
1.700727993
1.700945462
1.700874495
1.701077177
1.701226299
1.701211604
1.701298667
1.701314496
1.699977007
1.697688955
1.697802624
1.698055082
1.698205562
1.698544515
1.698911147
1.699013547
1.699382535
1.699387185
1.699686211
1.699921774
1.699864782
1.699941712
1.6998954
1.699676594
1.699520817
1.699320067
1.700193983
1.700055388
1.700908448
1.700780872
1.70063151
1.700439416
1.700974093
1.701036193
1.698786334
1.698628124
1.698854052
1.699131563
1.701010078
1.698010384
1.698122665
1.697642594
1.697712577
1.697501503
1.698484142
1.697513116
1.697575709
1.697805273
1.698863774
1.698956241
1.699885005
1.699611076
1.699281144
1.699269863
1.699880004
1.698655039
1.700154121
1.700353098
1.700643728
1.700676063
1.700890674
1.70103666
1.700013031
1.698175639
1.698325256
1.698783629
1.698959083
1.699397452
1.699809284
1.699931681
1.700212201
1.700231456
1.700401918
1.70044903
1.7003186
1.700134398
1.699778639
1.699373847
1.700268218
1.700739754
1.700761491
1.700628916
1.700483545
1.700693129
1.700700594
1.698552358
1.69817427
1.698376794
1.698649217
1.698836584
1.700547801
1.697631904
1.697564997
1.697810653
1.697507802
1.697514839
1.69764571
1.698047093
1.697931274
1.69808327
1.698582783
1.698103879
1.698392601
1.698924241
1.698949689
1.698647539
1.698352181
1.699238502
1.698365629
1.699568991
1.699851804
1.699932824
1.700244108
1.700502421
1.700130204
1.699091604
1.699658922
1.699883867
1.700284011
1.700602874
1.700651484
1.700771491
1.700741703
1.700671735
1.700447369
1.700229642
1.699805905
1.699299096
1.700347483
1.700535195
1.700504039
1.700424097
1.700468297
1.700219169
1.70019156
1.698180447
1.697792555
1.697739421
1.697995345
1.698086196
1.698483362
1.699890708
1.697674923
1.697736717
1.697731017
1.697708517
1.697981144
1.697905507
1.698336284
1.697754297
1.698796347
1.699008254
1.699520899
1.697847564
1.698145762
1.698180681
1.69841283
1.6979579
1.698722721
1.697882159
1.699034564
1.699120411
1.699474611
1.699808173
1.700239589
1.700069899
1.700497281
1.700645259
1.700856676
1.700920559
1.700876794
1.700742814
1.700637344
1.700288958
1.699804096
1.699574126
1.699030236
1.700346259
1.700242984
1.700178866
1.700334536
1.699930579
1.699635877
1.69736155
1.697385936
1.697374213
1.697360158
1.697573503
1.697989703
1.699259032
1.699420107
1.698108221
1.697929789
1.698395873
1.698392114
1.697921435
1.698871625
1.698777554
1.699324921
1.697815487
1.699808107
1.699978811
1.700407366
1.697763254
1.697775582
1.697769193
1.697871082
1.698071089
1.69831753
1.697365103
1.698407106
1.698728387
1.699081136
1.70027028
1.700748272
1.700896384
1.700912119
1.700788033
1.700534597
1.700063627
1.6998347
1.699258297
1.698656911
1.698491859
1.700227707
1.699881875
1.700089066
1.699726592
1.699038179
1.697082549
1.697018225
1.696891865
1.697101271
1.696875161
1.696997487
1.697361328
1.698666819
1.698944167
1.699279433
1.698629645
1.698975447
1.698566576
1.699283687
1.698305652
1.699708105
1.699870717
1.7002832
1.698058859
1.700602725
1.700693713
1.700864676
1.697895233
1.697857216
1.697770421
1.69778047
1.697901664
1.697949695
1.697008194
1.698147219
1.698460837
1.700173165
1.700847826
1.700634426
1.700475607
1.700062319
1.699440771
1.698768202
1.698484858
1.697786188
1.697307344
1.700003635
1.699769077
1.699483871
1.698585622
1.696945201
1.697049019
1.696807603
1.696602574
1.697057482
1.696445613
1.696422406
1.698284678
1.698912579
1.698616563
1.699123166
1.699537814
1.699449346
1.699825155
1.699144054
1.700183773
1.698785793
1.700495064
1.700624788
1.700829522
1.69849379
1.700853423
1.700837107
1.700646175
1.698423755
1.698152312
1.697952368
1.697873287
1.697945749
1.696935229
1.698091783
1.699941589
1.700250965
1.699688985
1.69940605
1.698735425
1.69793813
1.697260526
1.696983426
1.696424342
1.699710734
1.699431388
1.698367221
1.697116651
1.697161927
1.697255536
1.696813208
1.696460424
1.697229029
1.696149703
1.695941445
1.698204531
1.698855464
1.698690938
1.698520438
1.699135402
1.697188637
1.700286054
1.700234219
1.700010023
1.700491261
1.699729051
1.700679953
1.699350144
1.700770382
1.700789759
1.70054793
1.699360769
1.700357323
1.699802698
1.69893403
1.698558007
1.698294861
1.698224388
1.698104697
1.697121465
1.699617015
1.699058034
1.698256178
1.697923755
1.697190657
1.696488936
1.69606725
1.696002651
1.699408963
1.698425409
1.697582453
1.697638349
1.697354277
1.697600516
1.696983554
1.696552796
1.697508176
1.696232139
1.695774918
1.698441507
1.698686095
1.69880548
1.698951199
1.698641743
1.699161323
1.700615189
1.700607102
1.700563273
1.700449183
1.70062984
1.70024637
1.700552977
1.700376632
1.700247635
1.699559228
1.699852828
1.700236655
1.699181686
1.698433868
1.699440956
1.699055258
1.698865445
1.698470819
1.697637016
1.697415806
1.699274326
1.697555434
1.696677826
1.696519843
1.695915684
1.695615223
1.695605815
1.698727148
1.698121043
1.697994698
1.698067885
1.697795984
1.697860302
1.697421357
1.69712915
1.696361876
1.69602987
1.698937858
1.698825824
1.698818087
1.698863208
1.69898676
1.698934205
1.697885274
1.700341322
1.700340468
1.700550685
1.700698915
1.700759305
1.700089117
1.700789599
1.699780136
1.699373986
1.699121111
1.698152336
1.700661591
1.700335677
1.697716805
1.696980811
1.699944001
1.699674777
1.699112271
1.69767444
1.697564031
1.699001531
1.696283886
1.695589653
1.695764846
1.695454505
1.695625156
1.699190238
1.698525123
1.698351119
1.698134932
1.698541131
1.698386667
1.698253338
1.697525009
1.697193013
1.696501974
1.699573133
1.698883882
1.698966165
1.699066148
1.698879487
1.699306796
1.697891486
1.697605509
1.699334562
1.699440502
1.699478579
1.699912132
1.700295664
1.70061124
1.70076204
1.699050912
1.700922237
1.698558602
1.698013571
1.697694128
1.696775295
1.700892867
1.70066184
1.696407517
1.695907765
1.700413956
1.699854461
1.697425775
1.697394379
1.698847764
1.695580873
1.695535346
1.695580154
1.695918589
1.699644531
1.69884151
1.69850982
1.698134254
1.699023668
1.699145028
1.6989199
1.698578778
1.697841498
1.698545509
1.69712645
1.700006259
1.700226657
1.698876287
1.698984989
1.699154528
1.699633763
1.697466705
1.697266986
1.697025881
1.699311124
1.699519962
1.698688025
1.698247662
1.698163704
1.699270582
1.699784117
1.700029793
1.700475307
1.697736579
1.700812705
1.697224305
1.696676974
1.696427147
1.695864616
1.700894969
1.700793699
1.695699866
1.695616989
1.700546072
1.696918376
1.696886887
1.698822936
1.695815121
1.696216684
1.696486916
1.699967992
1.699019895
1.698511965
1.697935495
1.699325363
1.699566945
1.699581141
1.699622777
1.699278952
1.698630905
1.697923427
1.700258664
1.700466476
1.698942559
1.699103742
1.699779436
1.69697041
1.696477234
1.696408743
1.696287729
1.699197699
1.699343591
1.699507405
1.697331551
1.697876461
1.696960608
1.696890072
1.698457531
1.698763265
1.699365883
1.700012394
1.696559136
1.700447844
1.696213838
1.695849579
1.695917172
1.69570708
1.695756087
1.700507527
1.700586817
1.695843236
1.696220597
1.696258658
1.696222368
1.696201764
1.698879358
1.696858719
1.697544954
1.69998882
1.69868935
1.698292711
1.69755188
1.699295834
1.699733209
1.699945425
1.700054404
1.699831643
1.699340166
1.698972562
1.700069528
1.700171107
1.699018943
1.699621024
1.695779166
1.696269391
1.695480134
1.695557465
1.695575794
1.699131841
1.6990843
1.699148325
1.699215194
1.696372885
1.696207158
1.696561395
1.697016001
1.69602314
1.696013202
1.697246482
1.69796309
1.698637038
1.699370802
1.69587209
1.699585823
1.695789641
1.695832189
1.695851217
1.696080221
1.696500427
1.699981616
1.696759456
1.697458329
1.695582951
1.695442648
1.695640755
1.69892825
1.698281621
1.699591566
1.697399472
1.698188672
1.697101582
1.69895091
1.69928424
1.699856062
1.70017539
1.700138957
1.699971504
1.699472042
1.69939822
1.699352169
1.698983979
1.699105341
1.69483824
1.695063149
1.695104826
1.694807564
1.694993064
1.695160551
1.698858877
1.69894223
1.698717084
1.698657506
1.695570995
1.697999474
1.695727369
1.695684054
1.695918316
1.696015757
1.695753729
1.69581104
1.696469761
1.69710729
1.698019805
1.697281036
1.698260601
1.695933731
1.698871236
1.69617212
1.696505242
1.696619434
1.697119826
1.697715831
1.698052944
1.698839886
1.695237759
1.695434715
1.695376392
1.69888469
1.69881407
1.695800477
1.696565205
1.697423091
1.69781683
1.698668124
1.699456559
1.699935378
1.700004958
1.700030045
1.699793818
1.698407797
1.698190715
1.698314271
1.694454687
1.69435067
1.69425486
1.69438193
1.694676074
1.694874615
1.695134097
1.698433847
1.698698521
1.698137316
1.694388499
1.697561697
1.697606707
1.697368507
1.699581331
1.695527777
1.695680143
1.695930308
1.695492388
1.695598691
1.696263632
1.69637702
1.695911415
1.696091801
1.696625717
1.696916006
1.697568648
1.696719976
1.697166931
1.69763387
1.697783981
1.698339337
1.698879779
1.699119266
1.695597796
1.695556876
1.6957437
1.695587468
1.698633567
1.697902858
1.694898576
1.695608364
1.695877755
1.696914592
1.69779807
1.698712509
1.698979161
1.699482057
1.699752483
1.699693664
1.697303754
1.697039652
1.697441469
1.694377731
1.694759376
1.694158922
1.69392468
1.693716337
1.695165728
1.695323426
1.697916744
1.698281538
1.693755181
1.697164535
1.697449012
1.697032247
1.697019535
1.699624583
1.695953488
1.695840646
1.696419511
1.696451583
1.696932328
1.695581055
1.695499639
1.697398651
1.69749622
1.695565354
1.695791998
1.695990755
1.696469724
1.697907935
1.69834459
1.698712865
1.698859993
1.699228378
1.699493873
1.696196115
1.696299445
1.696161071
1.696257893
1.696077286
1.698187269
1.696973364
1.694079032
1.694163271
1.694858316
1.695742202
1.69591223
1.696907106
1.697187568
1.69801596
1.698690566
1.698836623
1.699197545
1.696523659
1.696290835
1.696827142
1.695146417
1.694824801
1.695679964
1.694137973
1.693615592
1.69615311
1.697806055
1.693352362
1.697100285
1.697173213
1.697402203
1.69684867
1.697049227
1.699214279
1.697176399
1.696975373
1.696424439
1.697706737
1.697807961
1.698299555
1.69600042
1.695958538
1.698678264
1.698701476
1.695771976
1.695860509
1.69597825
1.698991538
1.699145432
1.699313734
1.699358717
1.699373256
1.697085201
1.696809203
1.697046758
1.697259585
1.69671786
1.696543526
1.697649941
1.696537952
1.693241445
1.693434282
1.69390893
1.694090003
1.694817766
1.695158598
1.696070547
1.696948712
1.697180637
1.69796306
1.698033572
1.696362416
1.696223396
1.696725645
1.696414446
1.696146439
1.695326299
1.696924456
1.694434835
1.693720804
1.693396924
1.697208337
1.6973757
1.69717944
1.697318437
1.69714694
1.698608838
1.698648762
1.698509949
1.697836969
1.697215154
1.69909818
1.699163904
1.699433923
1.697001127
1.696490863
1.69955738
1.699463729
1.696296421
1.699401073
1.699455277
1.699295417
1.699064813
1.699008859
1.697844136
1.697548292
1.697173234
1.697989136
1.696879767
1.696645454
1.697189602
1.696707819
1.693026562
1.692958327
1.69298623
1.693332574
1.693533295
1.694254128
1.695077928
1.695484107
1.69640339
1.697110458
1.696840783
1.696852475
1.697133974
1.69761001
1.697737489
1.696920287
1.695950537
1.69499188
1.694587365
1.69375755
1.697476682
1.697179118
1.697853633
1.697669473
1.697845498
1.6997491
1.699759637
1.699263814
1.69867272
1.698398388
1.69997409
1.699916607
1.699835226
1.697753315
1.697180747
1.699600175
1.699432156
1.699092024
1.698970675
1.698538609
1.698002835
1.698367818
1.697968921
1.697471929
1.697101159
1.698576225
1.696617986
1.69618545
1.697044318
1.697365938
1.693175464
1.69302883
1.692876486
1.692907589
1.693167779
1.69367599
1.694036278
1.69477552
1.69558619
1.69626168
1.697726013
1.697848288
1.697824117
1.698671595
1.698368627
1.697664969
1.696778298
1.696421235
1.695415763
1.694471315
1.697832148
1.69739993
1.698216684
1.69822641
1.69647248
1.70010878
1.700043637
1.699743267
1.699497173
1.698968091
1.699867642
1.699686615
1.699212809
1.698356619
1.698607541
1.698438533
1.697886123
1.697730616
1.697128507
1.698072665
1.698596764
1.69741368
1.696831305
1.696561961
1.698903215
1.696009021
1.695170262
1.695186734
1.697200601
1.698197426
1.69409862
1.693435854
1.693222313
1.693226863
1.693447022
1.69380978
1.694329408
1.694864422
1.695006641
1.698592513
1.698777067
1.698455907
1.69911704
1.698978726
1.698408752
1.698338649
1.697554992
1.696459509
1.695986092
1.697682241
1.698047703
1.698480981
1.698230932
1.695544904
1.699347631
1.699784737
1.699895311
1.69977614
1.699578095
1.699208675
1.698708468
1.698409019
1.697550593
1.696824822
1.696852857
1.69616119
1.696110204
1.69702502
1.697756543
1.698131778
1.696271897
1.69575271
1.695627119
1.698859005
1.694554853
1.694165606
1.694012924
1.697504598
1.698782479
1.695042908
1.694273174
1.693896792
1.693916565
1.693825619
1.693880805
1.694065991
1.694125274
1.694334532
1.698984301
1.699147522
1.698654704
1.699339807
1.699440704
1.699316379
1.698494331
1.69801855
1.697091496
1.697834335
1.697940763
1.698227313
1.697804541
1.694662771
1.697513098
1.697657563
1.698486108
1.699010865
1.699033149
1.699246897
1.699265555
1.696801536
1.696381543
1.695299517
1.695064672
1.694673269
1.695458191
1.696306736
1.696354241
1.697571099
1.694858134
1.694524223
1.698594017
1.693517405
1.693640633
1.693398503
1.693095214
1.697690548
1.698623105
1.696109744
1.695402578
1.695284146
1.694803988
1.694456976
1.694182321
1.694185461
1.693986979
1.693906738
1.698692686
1.698214501
1.699319429
1.699651022
1.699653352
1.699479895
1.698901522
1.698047527
1.697717752
1.697468851
1.697020808
1.69378481
1.697361094
1.696808277
1.695566167
1.696524739
1.697299341
1.697447873
1.698032574
1.698463916
1.69479027
1.694505831
1.693792219
1.693786324
1.694646186
1.693929265
1.695617749
1.694034028
1.696918737
1.693599469
1.69806231
1.693053514
1.692896561
1.693198397
1.693092713
1.69279495
1.697556721
1.697713196
1.697294059
1.697113508
1.696384691
1.695727721
1.695156139
1.694875555
1.69419743
1.693878199
1.697524505
1.697230666
1.698748319
1.699667097
1.699874295
1.699845122
1.699463729
1.698804648
1.696401491
1.696095094
1.693488091
1.696850887
1.696085782
1.694480093
1.693791269
1.695378917
1.695432281
1.696296237
1.697005402
1.693336849
1.693278157
1.693228898
1.693079306
1.69283302
1.693567974
1.694816674
1.692472069
1.696057962
1.696915305
1.693315517
1.692942182
1.693290221
1.692555518
1.693326241
1.693281091
1.693203261
1.697036835
1.696364407
1.698853829
1.698037847
1.697324959
1.696698121
1.6963403
1.69532606
1.69490342
1.694232109
1.696015794
1.695981044
1.698484682
1.699049328
1.699614274
1.699791721
1.699596027
1.695339904
1.695385688
1.693780075
1.696203904
1.695512031
1.693752528
1.693217536
1.69291579
1.69466677
1.693979382
1.695369597
1.692928013
1.693114386
1.692299795
1.692934794
1.692225716
1.693932587
1.692073605
1.69471869
1.696437715
1.694170351
1.693816445
1.693201354
1.69403264
1.69255764
1.694006343
1.693862086
1.694072298
1.694498144
1.696350365
1.695059802
1.699118559
1.699471255
1.698631851
1.698151531
1.697872047
1.696891469
1.696495079
1.69575298
1.695240498
1.694660204
1.694878914
1.697205985
1.698278117
1.698991441
1.699346615
1.694561824
1.694868152
1.69502042
1.69409078
1.695693668
1.695281509
1.693275844
1.693078658
1.693001484
1.693223134
1.694099761
1.693602005
1.693805498
1.691952721
1.692389018
1.69200179
1.692814548
1.692827277
1.69385606
1.694848939
1.695283386
1.695100257
1.694563257
1.693761539
1.69498009
1.694814708
1.695017558
1.694805627
1.695349659
1.695763488
1.69422293
1.69914247
1.699160427
1.698659862
1.698991572
1.698886492
1.698348093
1.698101243
1.697516965
1.69719479
1.69620911
1.693925268
1.694268935
1.695185571
1.69635016
1.697296151
1.698033342
1.694776728
1.694620682
1.695153059
1.695324515
1.695495209
1.695473911
1.693642823
1.693578841
1.6936034
1.693940567
1.694626357
1.693659349
1.696040191
1.692212715
1.691956805
1.692054825
1.693071277
1.692412087
1.694478174
1.693050892
1.693416245
1.696126937
1.696271959
1.696066335
1.69545065
1.695694989
1.694956714
1.695318315
1.694843047
1.69580044
1.695528481
1.694175895
1.698609454
1.698873202
1.698126
1.696982167
1.698996789
1.699109856
1.699144687
1.698897802
1.698789098
1.698191719
1.697376344
1.694078441
1.694705529
1.694268561
1.695245307
1.696107726
1.695295035
1.69534655
1.695746846
1.695654834
1.696011073
1.696064595
1.694571556
1.694974872
1.69421628
1.695075282
1.695706152
1.696705812
1.698202862
1.693715616
1.692752536
1.692549405
1.692300798
1.695181743
1.692358453
1.696345565
1.692546356
1.692941523
1.696792401
1.696241429
1.69710029
1.696966704
1.694155412
1.694533871
1.695076448
1.693895941
1.695401387
1.695736662
1.695000474
1.697779865
1.697170035
1.698035471
1.696336868
1.695020683
1.698695826
1.699072971
1.699202653
1.699429859
1.699532478
1.699424794
1.699011838
1.695082439
1.695787553
1.693540775
1.694216885
1.696219322
1.696455458
1.696582117
1.696731586
1.696488638
1.696225175
1.695581199
1.696763376
1.697002597
1.697718648
1.698575023
1.699504051
1.694473304
1.695966476
1.694050779
1.693355489
1.69287248
1.69713864
1.692862131
1.697687202
1.692723154
1.692790146
1.697116933
1.696285027
1.697660992
1.693096596
1.69279243
1.693577699
1.693693317
1.692164773
1.694675479
1.696233103
1.696349506
1.696046885
1.696350972
1.695260996
1.697207387
1.69432062
1.693424949
1.697972831
1.698281237
1.698914254
1.699182969
1.69956651
1.699707907
1.696577685
1.697092945
1.693032583
1.697203222
1.697570683
1.69734358
1.697337797
1.69712975
1.696854686
1.697296297
1.697850424
1.69849569
1.698709786
1.699224323
1.699649757
1.699659354
1.695977031
1.696478366
1.697692618
1.695119368
1.694332317
1.694120945
1.698110224
1.69361218
1.697903215
1.693185906
1.692925074
1.695748407
1.696135437
1.697199221
1.691381899
1.691652857
1.691316438
1.691542821
1.692406728
1.69011401
1.690420181
1.693513871
1.696664695
1.697740909
1.694247473
1.694526724
1.695324515
1.693516234
1.696216178
1.692943136
1.692825718
1.696587581
1.697453836
1.697791892
1.698584578
1.699231974
1.697975448
1.69817209
1.697936353
1.698259114
1.697782071
1.697471617
1.697130074
1.696900255
1.698560079
1.698705851
1.699163048
1.699460546
1.699578546
1.699685113
1.699447923
1.698584996
1.696901247
1.697542992
1.697867939
1.698153972
1.696121063
1.695872448
1.695074873
1.697699728
1.69453318
1.696737824
1.69387441
1.693364076
1.693982694
1.695364619
1.68987213
1.689898201
1.689565257
1.690060916
1.69092549
1.68924304
1.689567699
1.689566338
1.691259201
1.696702901
1.698668751
1.693174959
1.693016807
1.693684517
1.694383038
1.692755508
1.694719333
1.692962119
1.695563086
1.695863203
1.696805618
1.697752451
1.698904154
1.698599939
1.698017085
1.698216996
1.697533866
1.697029633
1.696615439
1.696515088
1.695859728
1.699187186
1.699329074
1.699381786
1.699274598
1.699272282
1.698785998
1.697744302
1.696698381
1.697455704
1.69785021
1.697935435
1.697973301
1.697137714
1.697257494
1.696737582
1.696138399
1.69587646
1.695408383
1.696127052
1.694317149
1.694763733
1.694087143
1.692646997
1.688427041
1.68886291
1.688354333
1.688688238
1.688821804
1.68981547
1.689062061
1.690354204
1.690321929
1.689803767
1.696171405
1.698735456
1.692777887
1.69284223
1.692830174
1.693136235
1.693309089
1.693390583
1.693919021
1.694020205
1.69480823
1.695757963
1.698875583
1.698146292
1.697367273
1.697373313
1.696675678
1.696104493
1.695679605
1.69506984
1.698777675
1.698807622
1.698451905
1.697972579
1.697823688
1.696607547
1.695482415
1.694640236
1.697563941
1.697588118
1.697087522
1.696859158
1.696187146
1.694683439
1.697545818
1.697363941
1.69734763
1.693047883
1.696469876
1.69703099
1.6913191
1.695784701
1.694899143
1.688599419
1.687903321
1.687544329
1.687351478
1.687775801
1.692017237
1.690528111
1.690202997
1.692237484
1.692758109
1.688568064
1.695141352
1.697812587
1.693522824
1.693097687
1.692890079
1.69377705
1.692895439
1.693011812
1.693304383
1.693906528
1.697895169
1.696833373
1.696149321
1.695943292
1.695440309
1.694954709
1.694585124
1.694121834
1.697312832
1.697289891
1.696637251
1.695923455
1.695636762
1.694295814
1.693551085
1.693110179
1.696501881
1.69706176
1.696295055
1.694831425
1.694416049
1.693250319
1.691643388
1.697435029
1.697557704
1.697762336
1.690077248
1.697366755
1.697723597
1.696652664
1.695454397
1.689077562
1.68794556
1.687483612
1.687002589
1.687041194
1.694560197
1.692760548
1.691915867
1.694408337
1.696153419
1.687164741
1.687895853
1.694000789
1.696277559
1.695128225
1.694462355
1.693746868
1.693522534
1.693102862
1.692881627
1.692872948
1.69524845
1.694716224
1.69441621
1.694192378
1.69390841
1.693725433
1.693435692
1.695463888
1.695238036
1.694471311
1.693762256
1.693549795
1.692707729
1.692502848
1.69261442
1.695233149
1.694209953
1.696131601
1.693840883
1.691858417
1.691422425
1.690215341
1.688933475
1.696439016
1.697191277
1.697822933
1.698111241
1.697986175
1.697424632
1.696885468
1.689948997
1.689206
1.688008771
1.687235873
1.68709035
1.694899296
1.696153419
1.696153419
1.694670934
1.692466222
1.686952811
1.687265482
1.693173275
1.69436869
1.696508837
1.695431882
1.694983566
1.694215759
1.693494824
1.692958136
1.693643643
1.693520076
1.693216146
1.693319684
1.693306827
1.693325947
1.693254675
1.693564686
1.693282041
1.692616104
1.692286446
1.692261762
1.692219856
1.69262469
1.693262616
1.693656256
1.692420082
1.691258008
1.69402887
1.690837593
1.689109187
1.688768361
1.687938828
1.695390546
1.696464005
1.697515485
1.698102513
1.698265188
1.698084806
1.697894526
1.692010214
1.69035791
1.689054384
1.688679863
1.687807331
1.696153419
1.696153419
1.694722216
1.687231768
1.68707364
1.692994023
1.692877416
1.697061411
1.696651995
1.695849646
1.694930017
1.694052801
1.692660358
1.692949984
1.692763305
1.693143336
1.693364012
1.693499082
1.69359206
1.692329215
1.692104307
1.691953787
1.692045366
1.692301585
1.692992629
1.693833703
1.694781816
1.691004705
1.690627303
1.689313441
1.688514131
1.692431671
1.688271913
1.687378836
1.687259883
1.693859348
1.694146025
1.69566481
1.69681364
1.697660579
1.698078633
1.698120319
1.698035109
1.6947557
1.693138179
1.691889929
1.691391046
1.69015613
1.68891079
1.696153419
1.687944743
1.687368205
1.693509764
1.692293548
1.697810462
1.697315226
1.696548362
1.695713269
1.692682457
1.693187308
1.693705497
1.694027212
1.694140352
1.694257766
1.692182201
1.692171668
1.692780118
1.693035522
1.69372063
1.694666335
1.695617344
1.696564443
1.688311131
1.689407917
1.687952354
1.687084112
1.687040983
1.690715114
1.686970834
1.687234349
1.691161685
1.692652862
1.694287978
1.69567185
1.696665853
1.69696673
1.697817022
1.697869941
1.694645529
1.696153419
1.694460467
1.69329923
1.691805705
1.69051779
1.689112622
1.688795186
1.694399923
1.694877841
1.692810443
1.697913154
1.697700182
1.697160106
1.693593997
1.694320076
1.694823802
1.695017594
1.694974988
1.693159831
1.693359872
1.694552097
1.694861271
1.695673189
1.6965317
1.697205255
1.697743636
1.697706748
1.687237142
1.686751487
1.688067163
1.686709391
1.686919802
1.687208164
1.688404062
1.68784335
1.68960513
1.691123338
1.692734062
1.694077503
1.694589377
1.696213401
1.696537481
1.697234937
1.696153419
1.696153419
1.694515632
1.694116847
1.691951704
1.691473259
1.690144002
1.695011635
1.695377257
1.695635311
1.694211827
1.697702525
1.697875484
1.695129628
1.695758645
1.696000283
1.695905096
1.694922643
1.695272667
1.69654265
1.696815455
1.697431272
1.697900883
1.698075699
1.697738643
1.697891915
1.686642914
1.686541237
1.686832972
1.686788587
1.687109287
1.688488847
1.688998788
1.687363036
1.688337602
1.689589237
1.690973283
1.691371979
1.692964504
1.69402523
1.695368157
1.694082574
1.696382366
1.696153419
1.696153419
1.694325487
1.694448667
1.692982268
1.691821917
1.694848583
1.695050946
1.695786859
1.696329148
1.696002682
1.697218235
1.696674119
1.696913163
1.696735031
1.696862704
1.697175379
1.698016241
1.698136307
1.698280155
1.698100598
1.69753257
1.69634912
1.696708218
1.686791019
1.686912384
1.687612468
1.688578025
1.68660349
1.689069919
1.691210548
1.686777815
1.687250116
1.68822505
1.688550434
1.689715126
1.690888006
1.691188115
1.692455574
1.693933361
1.695270749
1.696153419
1.694606982
1.694311583
1.693967541
1.693688005
1.694949566
1.695802552
1.696595704
1.69743565
1.697604801
1.697253881
1.693407477
1.697982538
1.698152143
1.698386278
1.698319544
1.698222764
1.697719676
1.696815348
1.69561951
1.693833481
1.694380467
1.687551144
1.688496955
1.68883644
1.690270656
1.691557478
1.686950548
1.69189546
1.686749208
1.686749373
1.686886326
1.687426104
1.688220505
1.688467586
1.689535644
1.690918055
1.692447381
1.696153419
1.696153419
1.694612389
1.69237915
1.691845517
1.694338526
1.695362944
1.696448995
1.69797943
1.69740846
1.691562131
1.692312355
1.698042998
1.698119614
1.697794571
1.697074146
1.6967988
1.695544597
1.694212139
1.692911764
1.69084371
1.691332732
1.690040435
1.68878583
1.691322795
1.691864298
1.69382497
1.688309838
1.687071465
1.686857175
1.686628486
1.686747035
1.686818468
1.68734345
1.688264527
1.689502668
1.696153419
1.696153419
1.690718405
1.690440565
1.690077329
1.693301403
1.694561288
1.69594296
1.697180826
1.690241003
1.689828922
1.690960278
1.696675634
1.696612938
1.695738122
1.69459651
1.69403396
1.692036076
1.691221334
1.689847857
1.688590752
1.688226057
1.691662646
1.693278891
1.691080392
1.694356222
1.694447164
1.688953484
1.688480821
1.68755635
1.686914055
1.686753355
1.686572213
1.686737543
1.68731582
1.696153419
1.689396675
1.689330679
1.689340561
1.692042395
1.693476019
1.695114445
1.688751096
1.688963121
1.688906067
1.689675975
1.694171396
1.694007859
1.692826833
1.691552633
1.691009343
1.689058007
1.688544012
1.68762935
1.686988544
1.686795017
1.694180036
1.694521655
1.696153419
1.691801944
1.691265773
1.689975261
1.68871232
1.688387668
1.687432334
1.686922122
1.686629321
1.689065598
1.690136564
1.690254725
1.690605902
1.692284346
1.688385942
1.687949929
1.687928617
1.68849549
1.69276762
1.69124528
1.690951251
1.689822323
1.688798546
1.688423745
1.687279497
1.687076469
1.686868934
1.687002687
1.687128815
1.696153419
1.696153419
1.694393329
1.694317761
1.693205584
1.691581653
1.69121365
1.689868407
1.688674292
1.688145916
1.689461803
1.690622103
1.69217412
1.689628601
1.688230926
1.688329494
1.687553705
1.687268945
1.694546586
1.696153419
1.688523953
1.688324434
1.687593867
1.687155708
1.687056885
1.687124967
1.687249946
1.687790335
1.688645883
1.688997546
1.696153419
1.696153419
1.69444352
1.694291157
1.693181639
1.691561674
1.690979663
1.690088797
1.691990816
1.692705438
1.69449817
1.687455544
1.687018054
1.688649622
1.68752213
1.696153419
1.694680565
1.686979775
1.686926678
1.686890733
1.687200437
1.687429981
1.688605045
1.689007783
1.690178345
1.691503451
1.691688961
1.696153419
1.696153419
1.694452493
1.694143915
1.692479708
1.690766767
1.694652922
1.696153419
1.686873193
1.687424061
1.689148598
1.687096212
1.687310828
1.688391206
1.68893271
1.689943857
1.691418452
1.691779339
1.693311122
1.694308266
1.69447713
1.696153419
1.696153419
1.694859194
1.693790935
1.691853547
1.696153419
1.687924006
1.689287049
1.688793534
1.689182863
1.691156151
1.691758478
1.693307242
1.694405754
1.694517688
1.696153419
1.696153419
1.696153419
1.694670998
1.692047525
1.690267156
1.691643579
1.691844458
1.694245857
1.694539753
1.696153419
1.696153419
1.696153419
1.694670378
1.693044192
1.694617911
1.694418335
1.696153419
1.696153419
1.696153419
1.696153419
