1.68873511
1.68873511
1.68873511
1.686359019
1.68873511
1.686026313
1.68873511
1.68378436
1.683377426
1.681631681
1.682088668
1.684594274
1.68873511
1.68552928
1.680657087
1.681593695
1.682039297
1.68873511
1.68873511
1.68873511
1.680782646
1.680468124
1.681832783
1.684110617
1.682649512
1.682852226
1.684669555
1.684596667
1.686912072
1.684926309
1.686001668
1.68873511
1.680225907
1.681836487
1.680636222
1.681103744
1.6867733
1.685995953
1.685455658
1.687745261
1.688055105
1.681815825
1.68873511
1.684315482
1.68873511
1.68873511
1.681343956
1.684194779
1.680739046
1.680081918
1.688648297
1.688499419
1.688584999
1.687646172
1.687579219
1.687544318
1.680099246
1.683620753
1.680467889
1.684717913
1.685403794
1.68873511
1.68873511
1.68873511
1.68873511
1.684433429
1.682468885
1.681069456
1.687757173
1.689464074
1.688770914
1.689578227
1.688210837
1.685935532
1.685970955
1.68873511
1.680631184
1.680921065
1.680380322
1.681342093
1.683561471
1.684722568
1.684634415
1.686345545
1.684816567
1.683696201
1.686028268
1.684727315
1.686725309
1.688430559
1.687460441
1.68909929
1.687087945
1.688528391
1.685293288
1.685698242
1.685360689
1.685261941
1.68873511
1.682249166
1.680063175
1.679781334
1.680230836
1.680766592
1.68132282
1.687795981
1.687165085
1.685887435
1.68381117
1.684286604
1.684135562
1.684725366
1.683959357
1.684964053
1.687787952
1.688194306
1.684531604
1.686948302
1.6874925
1.688444438
1.68873511
1.683089601
1.685763659
1.68873511
1.68873511
1.683056525
1.681162848
1.680241449
1.679867508
1.679625694
1.679972215
1.688621629
1.688554912
1.686745829
1.688534
1.682491536
1.681916281
1.681714997
1.681978091
1.683116976
1.685905694
1.686909853
1.686601406
1.683999164
1.688879254
1.689493279
1.689601357
1.68873511
1.683426183
1.685134123
1.685906126
1.679948932
1.684792866
1.683463136
1.682546004
1.681463792
1.680117058
1.688117077
1.687538977
1.687640428
1.687901488
1.682380884
1.681507419
1.681071595
1.681245978
1.68305921
1.684606084
1.686875935
1.685237697
1.689859107
1.689183395
1.689777968
1.689791329
1.689558492
1.683259573
1.681399055
1.682619981
1.680976484
1.68081253
1.686926211
1.686497547
1.685594446
1.683556352
1.685180404
1.685655442
1.688145144
1.686709702
1.68403043
1.682939064
1.681834725
1.681289974
1.68178656
1.682259905
1.688349841
1.687577873
1.689047132
1.689199781
1.689409397
1.689858165
1.689076392
1.688837158
1.688177222
1.682204785
1.681681555
1.684478226
1.68314086
1.68320088
1.688762693
1.688998793
1.688041668
1.68760845
1.682753926
1.684004958
1.687037799
1.686546742
1.684823584
1.68253225
1.685438917
1.681626373
1.681321046
1.681225249
1.68985194
1.689443289
1.687892428
1.688016156
1.689239422
1.688789288
1.689209276
1.689460748
1.688310852
1.687330871
1.685339825
1.686465474
1.685949258
1.688802432
1.689669937
1.689359436
1.688542173
1.681659565
1.683544282
1.685706522
1.688419203
1.687872089
1.68379213
1.686574438
1.682936981
1.682428975
1.68180648
1.689620248
1.689634494
1.686652585
1.686949885
1.687516436
1.690494347
1.690614277
1.689546167
1.688319759
1.686887762
1.688196168
1.688085743
1.68746583
1.688449
1.68860662
1.688387769
1.68167122
1.682571855
1.682743357
1.684266818
1.689099946
1.688398171
1.685845971
1.687748933
1.685665345
1.684917425
1.685383895
1.687958149
1.688152392
1.686685434
1.685748429
1.685532806
1.685752968
1.691525035
1.691611898
1.691610965
1.691079761
1.69179508
1.6904946
1.689207836
1.688004987
1.685775449
1.686870749
1.687417006
1.682048773
1.683975175
1.682486809
1.68356949
1.688188627
1.688382937
1.688456607
1.688504671
1.688362103
1.687405695
1.686560418
1.686127485
1.689083041
1.687649494
1.685508009
1.685075712
1.685072581
1.691760602
1.691449777
1.691169644
1.69215794
1.691940423
1.691603854
1.68640117
1.684936801
1.685972156
1.683320901
1.685805723
1.683521712
1.68441464
1.687270255
1.688514436
1.689534413
1.690110845
1.689855081
1.688629523
1.685668988
1.68525005
1.690849705
1.689481062
1.686768156
1.686363254
1.685960301
1.690936319
1.691881459
1.69068467
1.690573449
1.692542886
1.692958541
1.692908804
1.686345944
1.685712421
1.68615267
1.685842273
1.686360237
1.689213695
1.686832865
1.685395851
1.688106304
1.689252673
1.690014581
1.690142095
1.685513773
1.685611946
1.692080711
1.689821921
1.688820653
1.688029927
1.690181301
1.690629653
1.689684304
1.691319346
1.690665654
1.690484062
1.690908914
1.692132531
1.692798503
1.69300134
1.688272303
1.687548225
1.688499692
1.688442465
1.688922336
1.690227372
1.690200673
1.685972425
1.685076658
1.68685375
1.687972356
1.689334284
1.689305514
1.687410753
1.686390707
1.692372998
1.69160979
1.691043118
1.690351111
1.690254909
1.689755422
1.689658532
1.689013598
1.690088098
1.691291723
1.691286202
1.690781349
1.691636584
1.69237502
1.690650415
1.690015053
1.690017447
1.690068663
1.690188933
1.690310477
1.685024916
1.685349998
1.685541707
1.686986237
1.688999744
1.687792477
1.689142715
1.68734385
1.692400925
1.692401028
1.692340651
1.691829694
1.690735088
1.689848601
1.688638395
1.688923365
1.688712356
1.691630884
1.691644274
1.691621459
1.689205919
1.688926085
1.691146567
1.689252287
1.690056879
1.690122233
1.689521189
1.689451471
1.685227417
1.685521342
1.686510797
1.688568805
1.687655593
1.690458558
1.688084404
1.691571176
1.692147791
1.692679227
1.69264292
1.691184732
1.69010618
1.68854135
1.688262476
1.691552146
1.69216578
1.691970304
1.691284139
1.688248155
1.688199979
1.68953244
1.688309679
1.689168633
1.688801375
1.687035956
1.687055951
1.687532154
1.688199483
1.691259606
1.69292651
1.690004034
1.690045843
1.691133312
1.692360623
1.691720128
1.690322062
1.689404162
1.688998406
1.691174913
1.691695537
1.692565284
1.692264159
1.690819353
1.688666753
1.688197845
1.687997417
1.689124081
1.688964217
1.689285603
1.688920557
1.688871275
1.692447536
1.69240847
1.692962684
1.691678133
1.688640765
1.689706799
1.690651687
1.692017434
1.692605792
1.691255783
1.69032112
1.690738206
1.690827709
1.691125798
1.691600387
1.692161834
1.690825106
1.690878033
1.689622788
1.688439482
1.687955467
1.690415169
1.690024999
1.690988139
1.690351024
1.69102179
1.691566761
1.692800205
1.692267754
1.692311609
1.688050358
1.688596805
1.689500865
1.692076852
1.692419692
1.692329144
1.692192466
1.691628516
1.69205505
1.6907586
1.690845785
1.691064163
1.691189675
1.691436668
1.691308943
1.690930596
1.69035346
1.692191847
1.689315705
1.688576484
1.691709777
1.691657583
1.691739381
1.69064543
1.691963816
1.691900083
1.688209287
1.68831258
1.688990501
1.691346574
1.691701421
1.692429481
1.692595024
1.692832735
1.692834453
1.690655961
1.690496124
1.690403412
1.690389886
1.692234902
1.691888834
1.692436105
1.691485272
1.691037123
1.691368972
1.692664425
1.690477933
1.689643599
1.691691446
1.69165289
1.690210516
1.690867382
1.691149614
1.688991527
1.688705036
1.689118368
1.690614592
1.691536149
1.692059955
1.692355999
1.692594022
1.690658352
1.690358688
1.690114554
1.689965634
1.692627588
1.692647544
1.692149477
1.692621674
1.691773209
1.691392657
1.692214238
1.692684553
1.691672994
1.690904272
1.690947904
1.689859719
1.690483696
1.690142294
1.689308376
1.69041785
1.689636908
1.69019728
1.690555724
1.690897608
1.692038754
1.691378531
1.691050788
1.690776725
1.690425726
1.689879572
1.692442405
1.691965829
1.691696256
1.692591775
1.692492014
1.692712785
1.69230727
1.692087717
1.692631227
1.692363611
1.691975544
1.690641032
1.690242878
1.691616224
1.690313585
1.691230972
1.690573349
1.691699009
1.689698081
1.689667725
1.689928185
1.690617274
1.692024186
1.691885325
1.690641166
1.691872552
1.690131562
1.691826261
1.691547881
1.691493927
1.692204764
1.691708266
1.692499527
1.692810694
1.692718038
1.692931529
1.692175479
1.692302916
1.692213603
1.691194355
1.691911322
1.691364276
1.691290799
1.690363984
1.691037377
1.689650599
1.689376179
1.689555425
1.689693181
1.693037922
1.693197056
1.691623043
1.693032042
1.691153412
1.691661772
1.692080956
1.691351602
1.691429552
1.691945038
1.692780559
1.6924228
1.691535382
1.693094089
1.69273078
1.691405799
1.691598482
1.691687747
1.691676855
1.691697487
1.691581214
1.691178578
1.69003951
1.690300279
1.69023728
1.69175484
1.68997209
1.690173966
1.689864552
1.692864149
1.693416184
1.693658559
1.6935831
1.693037396
1.692951673
1.693722751
1.69352461
1.691897899
1.692294732
1.691306763
1.69122044
1.691288467
1.691771527
1.69220622
1.691549174
1.691915005
1.692845197
1.692296724
1.69200465
1.690452275
1.690722901
1.691339042
1.691242841
1.690710925
1.690416412
1.689811232
1.68987235
1.690431884
1.692053956
1.691236754
1.691258791
1.693524866
1.693723465
1.692975942
1.693688874
1.693253457
1.693658997
1.693729506
1.693739126
1.692178555
1.692447368
1.691194262
1.691100312
1.691662969
1.691119237
1.691376257
1.691521103
1.691793274
1.691440091
1.692096008
1.69124642
1.691930421
1.691402564
1.691073467
1.691100515
1.689902051
1.690679496
1.690420167
1.690166788
1.690133295
1.690366896
1.691580004
1.692650962
1.692896911
1.693626439
1.693587319
1.693517411
1.693126504
1.693526516
1.69368512
1.692141159
1.693668627
1.693303675
1.692518514
1.693703071
1.693627875
1.693445195
1.693061798
1.692726567
1.692340505
1.692146862
1.69250581
1.692540463
1.691072854
1.690979628
1.691220654
1.691041516
1.690940781
1.691119432
1.691670545
1.691348064
1.691854
1.690928549
1.690327561
1.690621479
1.690584757
1.690330009
1.690760171
1.690672242
1.691129534
1.691231059
1.69179061
1.692895981
1.693341171
1.693543464
1.693206812
1.692979755
1.693173592
1.692731422
1.693093947
1.691626766
1.691354135
1.693356784
1.691220477
1.691970572
1.69266512
1.693363429
1.693300936
1.692949213
1.692282749
1.692646002
1.692278456
1.692054479
1.692450677
1.692292056
1.692611403
1.692590411
1.692601601
1.690943181
1.690858101
1.690860246
1.690633578
1.690966413
1.691236406
1.691503649
1.691678837
1.691853124
1.690460327
1.690095791
1.690069395
1.690258947
1.690392024
1.692649495
1.691335128
1.691470964
1.692023142
1.692177266
1.692404333
1.692858886
1.692759209
1.693127196
1.693366254
1.692039106
1.692238027
1.692467537
1.692482681
1.690760904
1.690421335
1.6929286
1.690681934
1.691488459
1.692343908
1.692974442
1.692761747
1.692568759
1.691800847
1.691827514
1.692232365
1.692197118
1.691784601
1.692243476
1.692456997
1.692553863
1.692659893
1.692667546
1.692695622
1.692694034
1.69201943
1.690804531
1.690694548
1.690560359
1.690840619
1.691065932
1.691370933
1.691609539
1.689918601
1.689948755
1.690391004
1.690231374
1.69028863
1.69021617
1.690466963
1.691898118
1.691841681
1.692194863
1.692593193
1.692844993
1.693010669
1.692111466
1.692919599
1.692754797
1.69152626
1.691632994
1.691803122
1.690109949
1.689795649
1.692544113
1.690199589
1.690883208
1.69148212
1.69199294
1.692481316
1.69241836
1.692101021
1.692147637
1.691664055
1.691924029
1.692159348
1.69119423
1.691316232
1.691376083
1.691764688
1.691323556
1.690943026
1.692587618
1.692455315
1.69230488
1.692687122
1.692733559
1.692756621
1.692718787
1.692774239
1.691760696
1.692003173
1.692266439
1.690696099
1.690589648
1.690763883
1.690951402
1.691175157
1.691374718
1.691537709
1.690909666
1.689852196
1.690164976
1.690530227
1.690722779
1.690469228
1.690501693
1.690423255
1.690529076
1.690566766
1.691426214
1.691212583
1.691111246
1.6923316
1.692663403
1.69248499
1.692879575
1.691301372
1.69180154
1.692174094
1.691752462
1.691030436
1.691108962
1.689833402
1.68970021
1.689754543
1.689818064
1.689942366
1.68970182
1.691317086
1.692061275
1.690221177
1.690558656
1.691038209
1.691545601
1.691984893
1.692101193
1.691824941
1.691871346
1.691572128
1.691737023
1.690681912
1.69059764
1.690757018
1.690921748
1.691218714
1.690901019
1.690581599
1.692738096
1.692714065
1.692623213
1.69251418
1.692804319
1.692800352
1.69279097
1.692737719
1.692840576
1.691761394
1.692006122
1.69223806
1.690682629
1.690651391
1.690837364
1.691520227
1.691121709
1.691334849
1.691066706
1.69031205
1.690177676
1.690241682
1.69081746
1.690693488
1.691032206
1.691153092
1.690657086
1.690668251
1.690706734
1.690663739
1.690906721
1.690707306
1.692046963
1.692123058
1.691685558
1.692260523
1.690864567
1.691214168
1.691269555
1.691464952
1.690624898
1.690410921
1.690418059
1.689637238
1.689617323
1.68958364
1.690074632
1.690899629
1.689914404
1.689690112
1.691159717
1.691543574
1.690207698
1.690600009
1.691065886
1.691615832
1.691571767
1.691622224
1.691628015
1.691399331
1.691428803
1.690391292
1.69037905
1.690322289
1.690241244
1.690596579
1.690539654
1.69030059
1.69049409
1.692489065
1.692831839
1.692831502
1.692769565
1.692718908
1.692879192
1.69275334
1.69284258
1.692810447
1.692889543
1.691757797
1.694054739
1.692946013
1.692001646
1.69079993
1.690810186
1.691012798
1.69155359
1.691312326
1.692040088
1.691213813
1.69094822
1.690769644
1.690728985
1.69109024
1.691316187
1.691530959
1.690906434
1.691557825
1.690902624
1.690877854
1.690651547
1.690427872
1.690534772
1.691865366
1.69175363
1.691706783
1.690646997
1.690802703
1.691013049
1.691120555
1.691296793
1.691595401
1.690191931
1.690311347
1.690258796
1.689584506
1.689772551
1.689660725
1.689627736
1.68964884
1.689764249
1.69052581
1.69104064
1.690753105
1.689897892
1.689688216
1.689586198
1.690783348
1.691096556
1.691093379
1.690203179
1.690625785
1.691282257
1.690991799
1.691122825
1.691355616
1.69138158
1.691173384
1.691129659
1.690946788
1.690194241
1.690195681
1.690141061
1.690140973
1.690233675
1.690102097
1.690047415
1.690206316
1.690408306
1.693882927
1.692913355
1.692928907
1.692901098
1.692936366
1.692768668
1.692872031
1.692835891
1.692928304
1.696552551
1.696645939
1.692615428
1.694577904
1.695371902
1.694029085
1.698242131
1.6909629
1.690992577
1.691095532
1.69122536
1.691136672
1.693472003
1.691912271
1.694551571
1.692294092
1.691478925
1.691400979
1.691585077
1.691288626
1.691077671
1.691148753
1.691885257
1.691991482
1.691204705
1.691990606
1.691309559
1.691951865
1.690530679
1.690423538
1.690442453
1.690638828
1.691960058
1.691875585
1.690769548
1.690938797
1.691216321
1.691516329
1.691823607
1.690254751
1.690191348
1.690395061
1.690466501
1.690306241
1.689615751
1.689612796
1.690127681
1.689810303
1.689981133
1.691068022
1.691858429
1.690311191
1.690462177
1.68988019
1.689665131
1.689866095
1.689584585
1.690436524
1.690696868
1.690618901
1.689966643
1.690239441
1.690693114
1.690858494
1.690829432
1.690913961
1.691089898
1.690635578
1.690824612
1.690571651
1.690092273
1.690058737
1.6901334
1.690042165
1.690013239
1.690028588
1.689996447
1.689964335
1.690132371
1.689970339
1.690173841
1.694463266
1.696853366
1.692979908
1.694325356
1.693013297
1.692980325
1.692784136
1.692902782
1.692871373
1.692957483
1.699799569
1.700066484
1.699993312
1.695484413
1.696901582
1.700435327
1.702539866
1.691224867
1.691249074
1.691366968
1.69194699
1.696962856
1.698954882
1.69726145
1.694976483
1.695171401
1.691998619
1.691846484
1.691337983
1.691560754
1.69150075
1.692351425
1.692407633
1.691532256
1.69236128
1.692039737
1.692444467
1.692480532
1.690594182
1.690698247
1.690734682
1.692242756
1.692123173
1.690981672
1.691115637
1.691496816
1.692093256
1.691848506
1.69181245
1.690285281
1.690361012
1.690303032
1.690850669
1.690578167
1.690611458
1.690013646
1.689770802
1.690449951
1.689771874
1.70036479
1.690601977
1.691377126
1.69042549
1.691956978
1.692501848
1.691087396
1.690169316
1.69199858
1.689714791
1.700094338
1.714855595
1.693648268
1.694162683
1.690371911
1.690181967
1.690319512
1.690440623
1.690572331
1.703147534
1.700463743
1.696970053
1.690097371
1.690066834
1.690232598
1.689945846
1.689928814
1.689894354
1.690016883
1.690059577
1.689987738
1.689963081
1.689942393
1.689977381
1.693809339
1.696689698
1.696631424
1.700135428
1.693030792
1.697158464
1.694811058
1.697044325
1.693236893
1.693093566
1.693184169
1.693832672
1.695311544
1.704143507
1.704679328
1.699993914
1.705825903
1.707944082
1.691499258
1.692764546
1.693505125
1.696062463
1.702403898
1.702794399
1.7056847
1.701320978
1.700422272
1.692328808
1.691645676
1.691980024
1.691842613
1.692747572
1.692787983
1.69187038
1.692760559
1.6926583
1.692563024
1.692855826
1.692903693
1.69131482
1.691034002
1.690896846
1.692386028
1.692292318
1.691319154
1.691470481
1.691948308
1.692295872
1.692133159
1.690518549
1.690478365
1.690607003
1.691091464
1.690881382
1.689997061
1.690063378
1.690362768
1.691160038
1.690767145
1.709537555
1.722409512
1.691768563
1.692969656
1.691578265
1.69249962
1.692013658
1.691962915
1.694425428
1.698578461
1.711902878
1.732151284
1.727133712
1.721589161
1.702470018
1.718015552
1.699610898
1.707021175
1.709129929
1.711771531
1.707553874
1.690221477
1.690170052
1.690719679
1.690449885
1.691088587
1.689950331
1.689928171
1.689927499
1.691877563
1.690047018
1.690042434
1.690264403
1.690140704
1.690055892
1.69006036
1.690031541
1.690118547
1.694367805
1.696480649
1.699836384
1.699814273
1.706384296
1.703282597
1.694906333
1.699832902
1.697139812
1.699666265
1.698656158
1.696170175
1.69553797
1.69617228
1.698843501
1.708944279
1.709576602
1.708558504
1.712513808
1.713528088
1.693610298
1.697707528
1.697816917
1.703511014
1.712349742
1.711933375
1.711525795
1.713077034
1.693255074
1.692251688
1.692196528
1.692603538
1.693246167
1.693118336
1.693135326
1.692265688
1.693089146
1.69303004
1.692960609
1.69345473
1.693206591
1.691734928
1.691842059
1.691489503
1.692399415
1.692389766
1.691941105
1.691851736
1.692240075
1.692359149
1.69242896
1.692366818
1.690790234
1.691007358
1.691072994
1.691624196
1.691331346
1.692145372
1.713076143
1.694304025
1.695117528
1.691205118
1.726836928
1.732558599
1.692209043
1.691678345
1.692710569
1.692412566
1.69302609
1.693323036
1.692675064
1.692781899
1.699771685
1.704413039
1.726605462
1.738154052
1.737374596
1.733630143
1.7314067
1.709606086
1.727885364
1.721287395
1.720986596
1.718882198
1.714530088
1.690417485
1.690409807
1.690750331
1.695781753
1.696927018
1.690039362
1.693893753
1.691604079
1.69015534
1.690378387
1.690159692
1.690478296
1.690665013
1.690130311
1.690192843
1.690304294
1.699746255
1.700470009
1.702258144
1.703547521
1.703423473
1.707474087
1.70157704
1.699378248
1.702317267
1.701451574
1.702203559
1.700330941
1.699468569
1.702604833
1.714054937
1.712468263
1.717006274
1.718107855
1.718594033
1.713071182
1.699590892
1.704515259
1.71976895
1.720221853
1.720550896
1.719320786
1.693421361
1.692545966
1.692943412
1.693618023
1.693399394
1.693467157
1.69341156
1.695083877
1.702251541
1.693389877
1.693326769
1.693280607
1.69378954
1.693704448
1.693622796
1.692375292
1.692256666
1.692369553
1.692433971
1.692357876
1.692516191
1.692507341
1.692642442
1.692600421
1.691091031
1.691311664
1.691389781
1.691685575
1.691881892
1.692423998
1.719532381
1.703667357
1.741723827
1.734820619
1.693073461
1.706612266
1.693560874
1.693454969
1.693086099
1.693429929
1.693247691
1.69355852
1.693436061
1.704208802
1.708675783
1.731954555
1.734740866
1.74020634
1.736951194
1.743171913
1.71349242
1.730371205
1.727081043
1.723946861
1.718780713
1.690711422
1.690648703
1.690702875
1.69064028
1.691026207
1.695363182
1.699927061
1.698642352
1.695529864
1.690315505
1.690343296
1.690650364
1.695752587
1.693080607
1.69033575
1.70359132
1.704550374
1.705338984
1.706957093
1.706340158
1.711272793
1.705307946
1.705498345
1.704960847
1.705739682
1.705317401
1.704926942
1.704338951
1.705708045
1.707154627
1.718034175
1.716268596
1.722630235
1.723124157
1.72317812
1.713386343
1.72591516
1.726145497
1.724310738
1.719766972
1.692872931
1.69689472
1.693301215
1.693164749
1.693868444
1.693685925
1.693638019
1.693773459
1.693678518
1.705651753
1.710512428
1.693623503
1.693567666
1.69353871
1.6939803
1.693907527
1.693873151
1.692541485
1.692650443
1.69233407
1.692464877
1.692616179
1.692572727
1.69279021
1.692774451
1.692784845
1.691432634
1.691358683
1.691760733
1.691812149
1.691849642
1.692143477
1.692272318
1.692667848
1.692889976
1.720971157
1.724454493
1.745291772
1.738709537
1.698881365
1.712049214
1.693780407
1.703615336
1.693724242
1.693793301
1.693911067
1.746692063
1.708111831
1.712532861
1.733618584
1.739358855
1.736971624
1.742058446
1.730706541
1.716829561
1.727512689
1.722194242
1.691034327
1.690917837
1.693979214
1.690963394
1.691370721
1.691352965
1.698388305
1.702160556
1.699938726
1.705283576
1.693346144
1.69225992
1.696544626
1.699737657
1.697672494
1.69607067
1.708106585
1.708095836
1.710625188
1.709569409
1.716315791
1.708419636
1.70897884
1.708874812
1.707359042
1.708539438
1.70944793
1.709168745
1.721438786
1.721925485
1.727065379
1.727557696
1.726820269
1.713568717
1.729461824
1.719133606
1.728672908
1.724938628
1.693131798
1.697735186
1.694028745
1.693430697
1.693344117
1.69901454
1.704554752
1.693590545
1.694039571
1.694138211
1.693943363
1.693902929
1.693852935
1.708703153
1.693793463
1.693740992
1.693689128
1.694119773
1.694160624
1.694070248
1.692706507
1.69277023
1.692300353
1.692392857
1.692493481
1.692650494
1.692574406
1.692882597
1.692947873
1.692855987
1.692827706
1.69175033
1.691739941
1.691724954
1.692116474
1.692417619
1.692098965
1.692385523
1.692589368
1.692856206
1.692968923
1.693000932
1.732573857
1.749723272
1.744680366
1.717357634
1.709539169
1.694071966
1.69414281
1.694187106
1.745369241
1.750684958
1.753189785
1.711944944
1.715962604
1.736957391
1.734074958
1.739221703
1.729576315
1.72014989
1.724948222
1.698562444
1.691419277
1.695021729
1.692517889
1.701873756
1.703238563
1.70644431
1.70187147
1.699000617
1.702321212
1.703594199
1.701725047
1.709942745
1.713227754
1.711045103
1.714512186
1.712812071
1.722163949
1.711468108
1.711891355
1.713067615
1.712601661
1.710304869
1.711056947
1.726520466
1.729387796
1.731253674
1.731654818
1.731321509
1.713218967
1.732510929
1.719589698
1.724637537
1.729786822
1.69878366
1.69352401
1.699151402
1.704183219
1.69363784
1.693697461
1.693759975
1.694151114
1.694154316
1.694052461
1.694014238
1.693956202
1.706064228
1.693898921
1.693839486
1.694214781
1.694239056
1.694180339
1.694109561
1.694071147
1.692696328
1.692743854
1.692281172
1.692385491
1.692476563
1.69261526
1.692539066
1.69291084
1.692846251
1.692765883
1.693410969
1.692090096
1.692117487
1.692665449
1.692400394
1.692680576
1.692420203
1.692803606
1.692887283
1.692986226
1.69294501
1.693025499
1.693065417
1.73538359
1.749694368
1.719792815
1.727077535
1.714892652
1.708182565
1.695163208
1.742703452
1.749769251
1.757340349
1.755736403
1.716338223
1.719833642
1.73630274
1.73301209
1.728043799
1.723561268
1.702705845
1.699136451
1.695470072
1.695656679
1.70517529
1.706002269
1.707693888
1.706721076
1.705435279
1.708720009
1.707615659
1.710822554
1.71442551
1.717517933
1.713488585
1.717139888
1.718714557
1.728509458
1.715327852
1.718721993
1.716513637
1.713612914
1.713405798
1.733492665
1.737874699
1.736844082
1.734412176
1.735443861
1.712128074
1.734046635
1.718858365
1.724994465
1.730184908
1.698237573
1.700535655
1.701144571
1.694826207
1.693745394
1.693799848
1.700060572
1.693837577
1.69399591
1.694026257
1.694024923
1.693994529
1.693926316
1.693961498
1.705405604
1.693872763
1.697333901
1.69388354
1.692687191
1.692624639
1.692274017
1.692390085
1.692468452
1.692544792
1.692850381
1.692766498
1.692689847
1.692901045
1.692818521
1.695286075
1.693197885
1.692424343
1.692490546
1.692898753
1.692700546
1.692926115
1.692738155
1.693015961
1.693060184
1.693104074
1.692948885
1.693082431
1.693012685
1.69301696
1.693135556
1.737225567
1.749114994
1.731392456
1.723460607
1.715160298
1.739475153
1.758543802
1.747608344
1.75618183
1.76167431
1.721299591
1.724425039
1.731941206
1.727619517
1.736437865
1.703005282
1.698643481
1.707382558
1.697477046
1.711044809
1.709145315
1.711668667
1.713323248
1.713616695
1.718383847
1.715415686
1.715991809
1.723064922
1.72334442
1.734702678
1.720919134
1.72481645
1.7198429
1.718400504
1.742750093
1.744613213
1.743185824
1.73876316
1.736098003
1.711799565
1.733819543
1.718532774
1.728803192
1.724210732
1.712663798
1.732395588
1.69493977
1.69374359
1.693778738
1.725529971
1.697515122
1.70064269
1.693753754
1.709210262
1.700590382
1.706606529
1.693739038
1.695004375
1.693735331
1.693716104
1.704749221
1.693673285
1.719614691
1.707799343
1.692618981
1.692545783
1.692342043
1.692281743
1.692406322
1.692476109
1.69275933
1.692688817
1.692617082
1.692744326
1.692877281
1.692804053
1.693647633
1.695229859
1.692754194
1.693094419
1.693127994
1.69297315
1.692988172
1.693157478
1.693201952
1.693189132
1.692962573
1.693110412
1.693062719
1.693183974
1.743910792
1.754188324
1.740256983
1.732794973
1.744677561
1.7640962
1.75501672
1.764551423
1.726061295
1.730455921
1.733040521
1.741268098
1.711317248
1.701101473
1.705372149
1.697291029
1.714674283
1.713710356
1.718128587
1.715998108
1.719438819
1.716190656
1.723282951
1.717058555
1.719761384
1.729199815
1.74289414
1.728896999
1.726107268
1.725505506
1.752783454
1.757803767
1.743921212
1.736893047
1.733123231
1.709220959
1.727781736
1.717276183
1.722215472
1.693683193
1.693707557
1.73941103
1.735661713
1.695725445
1.698644237
1.693623401
1.719869244
1.719146242
1.71880066
1.693542037
1.712697801
1.695894633
1.705042121
1.699514821
1.70128985
1.693677424
1.732917141
1.692303387
1.721841538
1.69255218
1.692484214
1.692353664
1.692419367
1.692683925
1.692623042
1.692560533
1.692687523
1.695182014
1.69273998
1.692866127
1.692797362
1.692934532
1.693765185
1.693241156
1.693206157
1.693247915
1.693292414
1.693403723
1.693109267
1.693136428
1.694596744
1.767004018
1.760381918
1.75087384
1.758633495
1.746040387
1.752220276
1.77065242
1.771137155
1.762516521
1.73232072
1.739641415
1.750318879
1.709054971
1.713186584
1.699485022
1.702610552
1.696589281
1.719257494
1.719536906
1.721012312
1.718060041
1.724633479
1.721002859
1.729303129
1.719345993
1.725184966
1.745614663
1.733103214
1.73481812
1.732909178
1.731959691
1.751806409
1.76449002
1.739919331
1.727145746
1.73551358
1.701904335
1.709086751
1.720807378
1.713141419
1.69360868
1.723381673
1.748629607
1.747539616
1.698225398
1.696651181
1.696153166
1.694829604
1.731567871
1.731319876
1.699905261
1.715933118
1.709043114
1.706310952
1.699992381
1.700382084
1.745480352
1.692335834
1.733737058
1.692502826
1.692445803
1.692390574
1.692658525
1.692634435
1.692581089
1.692532773
1.692702401
1.695273316
1.692747424
1.692860221
1.692798431
1.694572016
1.694394883
1.694311372
1.694438396
1.696091411
1.6956118
1.77165768
1.765819123
1.756320329
1.762397621
1.777040291
1.773422865
1.74075523
1.762341307
1.751841398
1.696712769
1.706791186
1.710329243
1.701069215
1.69834785
1.713583412
1.723493317
1.725640635
1.719140221
1.735442428
1.737082784
1.727646577
1.696465294
1.722883159
1.747449533
1.738600884
1.739322596
1.738179167
1.752424823
1.766462491
1.734367716
1.723643936
1.702268053
1.703333925
1.711728855
1.72524499
1.760888904
1.7595537
1.700067539
1.699485112
1.744445648
1.743680939
1.707183583
1.728053864
1.718258422
1.712660912
1.703679639
1.705091196
1.760615637
1.692385066
1.708517446
1.745657154
1.737467839
1.692484596
1.692440332
1.69254222
1.692702559
1.69266811
1.692613717
1.692579599
1.692733065
1.69590079
1.69276824
1.694230704
1.693628192
1.696408391
1.696328055
1.696381223
1.697962319
1.776522021
1.784391312
1.772227636
1.792101741
1.771982149
1.780491391
1.754542944
1.771365968
1.697732561
1.706848779
1.703404345
1.699542047
1.712014282
1.724176318
1.730470427
1.717580248
1.751162212
1.742308941
1.73258303
1.735565689
1.697635683
1.697334746
1.730814872
1.742507803
1.742768179
1.740922521
1.747789771
1.753894216
1.755185399
1.719706447
1.727612391
1.710351703
1.704878976
1.704475197
1.773284431
1.70466694
1.757620738
1.756044196
1.731229951
1.713125167
1.720574143
1.710440001
1.711873305
1.77500319
1.787613602
1.692457742
1.715589681
1.720817297
1.758228184
1.744996151
1.692521278
1.69262876
1.692759447
1.692736342
1.692660059
1.692699652
1.693114162
1.6941746
1.698214804
1.694050695
1.695782499
1.695432273
1.698390017
1.700069013
1.699272224
1.803989843
1.795235397
1.807495913
1.796023445
1.780965444
1.780777055
1.767771897
1.698671412
1.705800758
1.701127071
1.711807296
1.721578648
1.706302148
1.753178713
1.723114081
1.742714406
1.736013831
1.698801804
1.698870747
1.700748303
1.742886743
1.757256946
1.736361948
1.741837174
1.75249569
1.735998635
1.738518454
1.717109415
1.709250512
1.711736995
1.705055269
1.730951813
1.76968662
1.720839028
1.719947649
1.791584277
1.809048665
1.692584106
1.730282412
1.739567233
1.781600898
1.771263017
1.757972478
1.692662463
1.69276704
1.692808173
1.692951917
1.692788821
1.695409059
1.694690277
1.695758187
1.701570532
1.695673446
1.701720457
1.697159215
1.700130517
1.830314765
1.827067715
1.809011792
1.792596925
1.777649322
1.699653069
1.701592295
1.700034239
1.702361962
1.712574383
1.71599296
1.707529034
1.767306252
1.721884481
1.743501394
1.732127618
1.700565855
1.703505998
1.703340216
1.780997109
1.76148992
1.734212791
1.76130825
1.727460168
1.728847852
1.717155811
1.710054261
1.709284154
1.717402667
1.816613879
1.692804103
1.740466115
1.753229511
1.793088792
1.777749341
1.838652433
1.692892254
1.693428726
1.693489321
1.697093463
1.694273523
1.69675292
1.696337724
1.703490319
1.697090426
1.700774739
1.698746741
1.698105322
1.857931106
1.846141563
1.832542655
1.815770247
1.791989493
1.701622277
1.700465993
1.70342854
1.702226234
1.703376977
1.781931729
1.716775884
1.712125505
1.708066304
1.720514319
1.749303063
1.729396417
1.706110618
1.705362783
1.709304888
1.804499597
1.780542526
1.777789356
1.816634849
1.734660168
1.721312519
1.732533219
1.714867096
1.717623301
1.729434792
1.836539336
1.847149936
1.814828133
1.692997671
1.758844577
1.773015725
1.794821961
1.846532278
1.695184875
1.696160134
1.696988984
1.698592523
1.697464404
1.697751155
1.700524043
1.69868748
1.699189367
1.699744005
1.87827294
1.871121516
1.851452302
1.854037459
1.819357675
1.703415844
1.705914058
1.704056509
1.704772488
1.770364915
1.713624433
1.708042961
1.723963577
1.707296716
1.70435193
1.701629461
1.708401432
1.712923713
1.82275093
1.772378494
1.855714896
1.7344339
1.728023714
1.747818393
1.728851658
1.749653518
1.847287267
1.83223296
1.869448777
1.830384418
1.843466174
1.81662104
1.780904305
1.696077559
1.783541622
1.805287435
1.842899375
1.698142218
1.699003997
1.699963826
1.700446846
1.700819702
1.699488244
1.701702832
1.70065289
1.884581371
1.882962769
1.875168269
1.859943779
1.804505403
1.706974606
1.711035514
1.710575779
1.708357161
1.711342854
1.724487638
1.713058707
1.703644757
1.702392518
1.705563196
1.70958336
1.71472207
1.713522978
1.790989673
1.745603819
1.825298445
1.780361656
1.802155263
1.768142953
1.776983819
1.804260128
1.814303721
1.827416311
1.825983135
1.802490978
1.831849695
1.892280041
1.878742183
1.832739691
1.861684528
1.698416671
1.827102363
1.885899231
1.700872068
1.702142854
1.703719122
1.70151261
1.703080544
1.921344772
1.879106535
1.805906552
1.737338205
1.714679833
1.714205638
1.716383687
1.719423888
1.703240245
1.703974778
1.704791199
1.70721492
1.71116595
1.716622681
1.781140494
1.83460768
1.783438502
1.837981928
1.790084464
1.853400611
1.826530494
1.841717943
1.804751945
1.8336165
1.830175652
1.851492657
1.870794333
1.923514451
1.970064222
1.938770546
1.909159721
1.946460671
1.862713861
1.81568414
1.700465961
1.900190422
1.918879443
1.702193563
1.70517757
1.706506875
1.705431974
1.89707228
1.811072104
1.768629826
1.741093203
1.715101336
1.715452778
1.719151377
1.705676272
1.706648439
1.707663311
1.710648613
1.714813063
1.714221148
1.717994646
1.845092925
1.873399474
1.850575575
1.839901347
1.904351126
1.915438031
1.90345254
1.855267864
1.805526978
1.812199612
1.854899692
1.917255085
1.882311141
1.870491685
1.906445198
1.90714145
1.88079277
1.842617601
1.950193446
1.950969521
1.704347735
1.707509411
1.710093153
1.709731725
1.824518968
1.759991724
1.740192573
1.723420905
1.719091694
1.709392334
1.710189774
1.711077801
1.715694323
1.720206279
1.723182871
1.907311398
1.911816986
1.940592406
1.893351797
1.903765659
1.936679448
1.975823409
1.928519001
1.83259696
1.826548228
1.932328677
1.823431148
1.922443346
1.942352813
1.903978892
1.908374816
1.91007689
1.906547639
1.813647089
1.950869205
1.816986834
1.70708315
1.710701888
1.715053677
1.756100362
1.739317263
1.736845409
1.732175978
1.71589968
1.714605558
1.720605105
1.729814047
1.981515043
1.954369849
1.937419387
1.907218908
1.901924144
1.942116823
1.96634109
1.951700969
1.890391657
1.863582057
1.955796918
1.851075177
1.948095754
1.91129881
1.836591157
1.883989084
1.929918148
1.841271867
1.766271758
1.836988199
1.710511157
1.714165262
1.715322244
1.71952473
1.76477998
1.769858441
1.758851749
1.742140734
1.722410898
1.7222141
1.725544379
1.727965052
1.958568817
1.987641854
1.906608652
1.899171137
1.922931944
1.924849185
2.00833022
1.909392256
1.98620435
1.992080269
1.894020852
1.892367942
1.91015567
1.836875409
1.846301728
1.907648376
1.784712381
1.799461632
1.815895671
1.715273583
1.718162862
1.725054443
1.78711313
1.7567087
1.735526504
1.733075082
1.729834457
1.916670508
1.946248518
1.924846263
1.910672467
1.921289586
1.843418507
1.988228922
1.956115074
1.990751942
1.902784372
1.889038536
1.898863639
1.893165725
1.866281952
1.902965486
1.783891456
1.790672113
1.776307342
1.721882272
1.726125932
1.736528985
1.746615129
1.747662928
1.751765214
1.739911615
1.93464865
1.955347265
1.955490813
1.921409355
1.85676495
1.787737867
1.963446989
1.990147249
1.943777703
1.955635698
1.92993704
1.885027563
1.898219758
1.920258974
1.921657271
1.935929904
1.761092299
1.762685965
1.727914107
1.734524949
1.74568275
1.745252243
1.766015324
1.77999756
1.768979611
1.949370838
1.942462911
1.960593735
1.93149287
1.823922881
1.792333806
1.971161627
1.965587723
1.932313873
1.935535695
1.931396922
1.94051729
1.952233972
1.934299762
1.940345857
1.945780028
1.752350865
1.741104544
1.763794827
1.773623564
1.772138776
1.786718072
1.794705777
1.767596276
1.977638588
1.96676913
1.974198175
1.887964362
1.817283462
1.961377301
1.943529383
1.938530835
1.949614081
1.948866075
1.929593289
1.9679914
1.969893925
1.795029982
1.776808959
1.747171355
1.773543078
1.794631584
1.782431439
1.781120856
1.961916647
1.979327082
1.84573392
1.905130556
1.9650722
1.963994888
1.975569576
1.97604234
1.98459503
1.977103772
1.946523828
1.79379243
1.794552746
1.750073201
1.767799575
1.774909929
1.823237676
1.975732367
1.975449154
1.822401912
1.909948305
1.986116757
1.974292686
1.960811036
1.972967548
1.971654973
1.954498049
1.938434425
1.780462366
1.76468587
1.768484603
1.855472378
1.777808814
1.990384939
1.947625882
1.872277858
1.9786859
1.94760745
1.9408426
1.947167613
1.939342698
1.932487706
1.76561342
1.798301983
1.857065579
1.766485099
1.781172807
1.967497971
1.94054749
1.947975891
1.918515938
1.938077604
1.925536763
1.926709503
1.783757711
1.894486526
1.789534531
1.759876597
1.957805396
1.934206147
1.907238369
1.917421537
1.91602518
1.91484125
1.753006781
1.821337536
1.766309148
1.981498064
1.913720837
1.900203918
1.902023407
1.882756237
1.770513151
1.762093843
1.818849159
1.873064209
1.937085261
1.904531529
1.906616167
1.82122086
1.802903745
1.846479914
1.856818816
1.892926506
1.899295106
1.893270009
1.857201068
1.853544418
1.848841077
1.857723069
1.956639664
1.917096597
1.866547301
1.851899617
1.914431348
