1.687815612
1.687815612
1.687815612
1.685077334
1.687815612
1.684393705
1.687815612
1.682330539
1.682202132
1.681032281
1.68090202
1.683022936
1.687815612
1.684207037
1.680804736
1.681457489
1.682407697
1.687815612
1.687815612
1.687815612
1.680237887
1.681434495
1.681084586
1.682951974
1.684135877
1.685011184
1.685046212
1.685543433
1.687693814
1.683741053
1.684751132
1.687815612
1.680981626
1.684072469
1.681046668
1.68112575
1.688554655
1.6885631
1.688547782
1.687675568
1.688798536
1.681425559
1.687815612
1.683344628
1.687815612
1.687815612
1.683552245
1.687378879
1.682759651
1.681620959
1.691205392
1.690177671
1.691813413
1.691325787
1.687230015
1.688373607
1.680962753
1.682919424
1.68166604
1.683964239
1.684590504
1.687815612
1.687815612
1.687815612
1.687815612
1.68803962
1.68586495
1.684190787
1.689486297
1.692475732
1.691183212
1.693126725
1.692193154
1.686324472
1.687478753
1.687815612
1.683607509
1.681679084
1.682928629
1.681767926
1.682941646
1.68378064
1.68371828
1.690558087
1.689142156
1.688058539
1.688311636
1.68776069
1.689403354
1.691840553
1.690533289
1.692902349
1.690955465
1.692744447
1.688954697
1.687383251
1.687817094
1.684202685
1.687815612
1.686353492
1.682859761
1.681571801
1.681152733
1.681198669
1.681228537
1.692326047
1.69192961
1.690765294
1.688065503
1.687813429
1.688014132
1.688734307
1.688568459
1.689522352
1.691912086
1.692553066
1.689609839
1.690984527
1.690080393
1.69261695
1.687815612
1.682140851
1.684467772
1.687815612
1.687815612
1.687543829
1.685057312
1.683482918
1.68241848
1.681326574
1.680272034
1.693156922
1.693295766
1.691657834
1.693104834
1.687705008
1.687310183
1.687353075
1.68766522
1.688451775
1.690452262
1.691361944
1.692008445
1.690235939
1.693890303
1.692146342
1.693266325
1.687815612
1.681963582
1.683567074
1.684433137
1.680106377
1.689613578
1.688019413
1.686687179
1.684917935
1.682280613
1.692452169
1.691795018
1.692354491
1.692156376
1.689088508
1.6885343
1.688141553
1.68785933
1.688421125
1.689376217
1.693180026
1.692400566
1.694059175
1.694789466
1.694534504
1.692127014
1.692720206
1.681869377
1.680495931
1.681392477
1.682770763
1.681185451
1.691646698
1.691111397
1.689890189
1.687026033
1.689637074
1.689845244
1.692362489
1.690696472
1.691789633
1.69100849
1.68971819
1.688204432
1.687815184
1.687668023
1.694958402
1.694973694
1.692482858
1.693130634
1.693885181
1.695347159
1.691444133
1.691772689
1.691478541
1.681663581
1.681349662
1.687196495
1.684553511
1.683555359
1.692882304
1.693032965
1.69172846
1.690309986
1.687605708
1.688204302
1.690629852
1.694585436
1.693195407
1.69057458
1.693712107
1.688987098
1.6880367
1.687296959
1.695979247
1.696368338
1.691479697
1.691932419
1.69386838
1.69182939
1.691911229
1.69255461
1.691677676
1.690939778
1.685146486
1.688177385
1.686524297
1.692111256
1.692757988
1.691982269
1.690316187
1.686821596
1.687494102
1.688843075
1.696109796
1.695528164
1.691866147
1.694482102
1.690612888
1.689629181
1.68818167
1.694981727
1.695756861
1.690463743
1.69102671
1.691993614
1.6933185
1.693555487
1.692838346
1.6919525
1.690813246
1.687487057
1.68858758
1.690062941
1.690616561
1.690183784
1.689041945
1.686641625
1.688555412
1.686505377
1.687123009
1.695757392
1.695457736
1.693661847
1.695090389
1.693230942
1.692002298
1.691699047
1.692972724
1.693750615
1.690918075
1.689879086
1.689885972
1.690439443
1.694142614
1.694149628
1.693941129
1.69403602
1.694320369
1.693788503
1.692978411
1.687139443
1.687973309
1.688463413
1.688114132
1.686806225
1.689477663
1.6861713
1.686405337
1.694292743
1.694862592
1.695433086
1.69527599
1.694642149
1.693074616
1.692063116
1.691238868
1.693082012
1.692072664
1.69002312
1.689871018
1.690194823
1.693946191
1.69370621
1.693375361
1.694723267
1.69489677
1.694919853
1.686434277
1.687046896
1.687297108
1.687875241
1.690862051
1.687263778
1.687321392
1.693013453
1.694437151
1.695308881
1.69553426
1.694934384
1.693387417
1.691175129
1.69066624
1.694619385
1.693779809
1.691560433
1.691508031
1.691443079
1.693044818
1.693931155
1.693004215
1.692880813
1.694710766
1.695356613
1.695733373
1.68765706
1.687843413
1.690544485
1.68944918
1.689248464
1.69318323
1.692200113
1.690777576
1.693109945
1.69381683
1.694241234
1.694194256
1.691177632
1.691208612
1.695582925
1.694356761
1.693911502
1.6935402
1.692538715
1.692652238
1.692077993
1.693148061
1.693200111
1.693025944
1.693585815
1.693911603
1.694781528
1.695531139
1.690076683
1.689878233
1.692026125
1.691341665
1.691206514
1.693534921
1.693173769
1.690842014
1.690290304
1.691143821
1.691749504
1.692774668
1.692226693
1.693083953
1.691971699
1.695842945
1.695810592
1.695808698
1.69553359
1.692994726
1.692574475
1.691738012
1.691670357
1.691914283
1.693882526
1.69407
1.692560032
1.693652244
1.694996049
1.693068817
1.691564661
1.692471184
1.691924688
1.692664796
1.692289983
1.689688207
1.690569774
1.689637382
1.690413324
1.691385885
1.690783868
1.694555489
1.692747952
1.695657681
1.696195856
1.696592137
1.696466703
1.693746745
1.692985161
1.691086595
1.691969433
1.691059508
1.694569856
1.694319896
1.694139242
1.691560931
1.691811252
1.693941815
1.692260351
1.691025369
1.691538484
1.691310603
1.690756098
1.690178948
1.689760557
1.690085432
1.690696551
1.690491513
1.695430302
1.693209768
1.694700238
1.695538161
1.696308361
1.69662895
1.694408025
1.69355155
1.691808676
1.691494474
1.694104336
1.695126432
1.694665222
1.693762358
1.691693235
1.691842382
1.692677123
1.691904692
1.689971577
1.69036348
1.691803883
1.691208624
1.690920658
1.69071315
1.695797264
1.696483501
1.694586708
1.693196879
1.694194928
1.695352982
1.695102735
1.694069712
1.693341623
1.6931358
1.69362016
1.694110838
1.695497831
1.694802285
1.693317907
1.692952882
1.692457654
1.691766068
1.690295932
1.690978759
1.693555709
1.692647291
1.691839361
1.695233511
1.696215978
1.695863669
1.695483989
1.692036662
1.692659221
1.693244318
1.695607269
1.695691397
1.695310422
1.694897683
1.695111477
1.693204199
1.69337081
1.693809809
1.69456699
1.693315483
1.693195472
1.694291721
1.692936311
1.692101569
1.692004759
1.692420708
1.694578725
1.6935387
1.693661206
1.693923579
1.695805286
1.694695148
1.695380382
1.69169076
1.691638614
1.691995449
1.694736161
1.696074482
1.695421438
1.69624036
1.696144918
1.696350756
1.692947781
1.692932769
1.693189125
1.693518135
1.693745042
1.693482467
1.693060611
1.695048643
1.696517912
1.693918977
1.69287543
1.693586311
1.694246557
1.694763317
1.692859738
1.694377469
1.694636427
1.691999269
1.69147048
1.691577541
1.693983527
1.694635003
1.695853212
1.696184394
1.696632968
1.696499073
1.692737858
1.692614366
1.692678573
1.692878749
1.694156432
1.693867635
1.694149446
1.693506688
1.693112307
1.695851859
1.696593483
1.694944073
1.693897975
1.693943531
1.694393264
1.692572045
1.693458934
1.693971523
1.692827589
1.691972914
1.691885533
1.693285237
1.694433002
1.695049273
1.695380827
1.69579212
1.692835212
1.692700085
1.692633058
1.692585601
1.694141893
1.694120642
1.694000213
1.694267879
1.693776235
1.69357375
1.696310119
1.696220095
1.695812276
1.694945887
1.693763096
1.692680602
1.693543916
1.693886705
1.692561316
1.693882501
1.692789205
1.692829094
1.693127366
1.693434616
1.695036387
1.694046391
1.693421683
1.693306429
1.693051534
1.692486776
1.693760923
1.693435897
1.693502985
1.694055346
1.694344848
1.694380828
1.694378418
1.694368326
1.696172068
1.696058494
1.695628569
1.694035786
1.69360487
1.695087713
1.69368042
1.694578071
1.694047108
1.694720805
1.692190304
1.692070621
1.692391008
1.693302741
1.694424658
1.694342195
1.693191714
1.694277773
1.692617523
1.693908574
1.693505852
1.69333951
1.693678634
1.693364692
1.694129751
1.694676875
1.694818337
1.695085215
1.69537108
1.695497087
1.695330059
1.694874845
1.695014143
1.694682706
1.694780831
1.693200637
1.693945946
1.692092697
1.691878188
1.69221622
1.692541402
1.695194562
1.695272861
1.693950031
1.695105216
1.693511335
1.693745179
1.694256197
1.693329648
1.693291346
1.693655747
1.694776801
1.694261252
1.693613928
1.695028351
1.694726011
1.69425921
1.694364375
1.694457617
1.695163067
1.694685153
1.694799516
1.693913683
1.692892216
1.693042019
1.692753736
1.694094306
1.692839867
1.693021693
1.692587245
1.694949337
1.695221201
1.695348157
1.695348706
1.695033212
1.694932433
1.695491747
1.695341152
1.694024957
1.69446932
1.693357737
1.693222605
1.693267463
1.693673462
1.69418758
1.69364288
1.694022617
1.69458387
1.69415008
1.693986856
1.693069024
1.693308972
1.694533458
1.694203619
1.693553105
1.693066509
1.692437814
1.692627588
1.693177835
1.694501293
1.693968076
1.693945094
1.695539034
1.695438986
1.694573703
1.695246054
1.694747843
1.695334149
1.695344694
1.695308516
1.694288403
1.694583698
1.693269535
1.693166693
1.693675707
1.693181566
1.693385133
1.693555492
1.693883761
1.693535965
1.69416043
1.69335059
1.693661413
1.69334974
1.692970711
1.693148894
1.692481137
1.693780442
1.693264402
1.692835254
1.69268375
1.692964806
1.694106967
1.695019838
1.695261048
1.695625271
1.695379017
1.695063044
1.694623422
1.695158337
1.695433966
1.693727976
1.695147041
1.694717019
1.693972378
1.695157737
1.69505723
1.69488146
1.694453119
1.694200064
1.694391285
1.694173596
1.694538802
1.694630921
1.693181868
1.693091516
1.693295958
1.693136486
1.693045849
1.693240395
1.693751237
1.693448695
1.693893477
1.692745557
1.692339522
1.692654765
1.69268869
1.692920552
1.6938407
1.69342423
1.693518233
1.693556178
1.694079246
1.695010272
1.695035244
1.695527428
1.694889403
1.694652893
1.694770333
1.694298721
1.694737981
1.693134187
1.692987646
1.694713831
1.69274688
1.69338239
1.694025829
1.694698355
1.694648978
1.694275607
1.693874469
1.694030054
1.693779606
1.694039616
1.694431797
1.694261442
1.694650371
1.694566244
1.694530665
1.693077357
1.69299624
1.692991103
1.692770472
1.693104414
1.693346488
1.693585293
1.693722811
1.693851731
1.692305644
1.692091377
1.692135195
1.692347344
1.692513038
1.694275602
1.693857598
1.694291879
1.694200833
1.694183832
1.694326843
1.694731605
1.694276167
1.694653634
1.695035991
1.693705422
1.693922874
1.6941436
1.694120819
1.692415542
1.692186796
1.694236944
1.692285806
1.692924401
1.693677353
1.694267686
1.694060997
1.693899359
1.693502704
1.693459739
1.693617786
1.693645097
1.693338092
1.694166365
1.694357242
1.694461213
1.694649068
1.694595898
1.694637095
1.694560906
1.693965355
1.692953883
1.692844869
1.69270213
1.692982244
1.693188902
1.693455899
1.69364048
1.691884226
1.691984057
1.692492204
1.692251589
1.692384541
1.692290574
1.692590419
1.693433668
1.693449398
1.694508742
1.694356486
1.694414938
1.694528991
1.693535241
1.694199274
1.694108374
1.693246438
1.693381443
1.693534237
1.691889132
1.691730381
1.693839098
1.691891619
1.692404806
1.692887363
1.693332523
1.693768146
1.693720972
1.693413712
1.693472799
1.693122264
1.693316133
1.693500863
1.693012081
1.693088992
1.693083852
1.693246622
1.692988358
1.692778471
1.69442407
1.694302718
1.694168673
1.694519948
1.694600961
1.69460394
1.694618352
1.694575919
1.693742773
1.693926082
1.694117391
1.692842001
1.692727715
1.692892193
1.6930701
1.693270955
1.693441137
1.693553907
1.693008897
1.691849904
1.692144955
1.692428822
1.692591227
1.692538518
1.692486609
1.692469629
1.692611947
1.692673797
1.692973786
1.692863883
1.692840994
1.694151112
1.694041621
1.693696264
1.694149048
1.692831074
1.693187593
1.693447704
1.69313243
1.69283783
1.692940164
1.691670969
1.691628208
1.691584683
1.69177099
1.69168689
1.691511765
1.692855384
1.693375653
1.691872297
1.692122839
1.692495846
1.692916823
1.693297394
1.693404344
1.693150953
1.693211716
1.693008421
1.693114597
1.692601885
1.692522456
1.692655741
1.692714583
1.692859408
1.692598175
1.692489261
1.694517551
1.694474416
1.694388146
1.694285371
1.694558329
1.694587156
1.694585923
1.694597902
1.694573426
1.693718902
1.693902284
1.694070439
1.692806132
1.692756822
1.692928397
1.693512967
1.693198732
1.693384457
1.693119704
1.692139907
1.692080556
1.69216285
1.692691339
1.692502581
1.69274798
1.69285672
1.692642178
1.692704431
1.692765523
1.692504617
1.692587101
1.692488484
1.693669895
1.69355874
1.693218909
1.69352589
1.692555669
1.692770846
1.69293669
1.693332922
1.69252728
1.692381024
1.692337753
1.691569242
1.691500592
1.691441472
1.691942567
1.692538239
1.691630286
1.691469039
1.69268249
1.692900089
1.691828538
1.692122227
1.692493636
1.692956798
1.692919237
1.692973426
1.692995591
1.692835591
1.692830139
1.692375652
1.692377465
1.692313827
1.692263892
1.692444884
1.692345261
1.69227484
1.692267796
1.69424238
1.694541544
1.694513311
1.69444973
1.694390699
1.694561508
1.694577935
1.6945704
1.694563891
1.694560068
1.693692146
1.695789306
1.694748789
1.693872532
1.692878274
1.69285984
1.693044494
1.693515127
1.693327198
1.693990622
1.693208972
1.692582378
1.692489992
1.692492081
1.692864155
1.69288229
1.693039233
1.692891496
1.693087682
1.69280894
1.692839531
1.692436872
1.692314874
1.692365342
1.693650787
1.693426217
1.693721962
1.69249601
1.692601082
1.692770691
1.693013376
1.693303659
1.693768399
1.692225639
1.69226866
1.692244465
1.691406566
1.691678202
1.691552335
1.691474438
1.691512192
1.691632595
1.692247776
1.692623587
1.692391195
1.691587979
1.691438701
1.691380217
1.692370381
1.692595556
1.692501728
1.691799429
1.692121336
1.69266097
1.692411359
1.692525595
1.692730928
1.692767648
1.692620952
1.692560211
1.692448332
1.692246431
1.692251012
1.692207609
1.692213565
1.692187188
1.692164442
1.692106943
1.692098979
1.692165304
1.695545138
1.694550668
1.694533532
1.694493004
1.694552026
1.694558849
1.694548735
1.694538774
1.694539131
1.698202584
1.698347571
1.694518288
1.696433464
1.697141738
1.695865506
1.699967069
1.692951228
1.693001509
1.693052223
1.6931796
1.693107085
1.695380695
1.693863113
1.696447077
1.694209263
1.692914877
1.692900392
1.693132791
1.693003175
1.693011202
1.693004881
1.693196594
1.693282237
1.69306834
1.693314523
1.693048587
1.693168471
1.692421808
1.692340373
1.692396815
1.69255843
1.694103871
1.69417522
1.692697119
1.692865773
1.693267101
1.693693573
1.69414012
1.692277141
1.692252551
1.692400783
1.692443511
1.692302869
1.691449337
1.691422109
1.691942099
1.69164557
1.691803545
1.692608454
1.693087864
1.692028059
1.69215718
1.691550039
1.691402251
1.6916527
1.691364841
1.692094176
1.692267777
1.692103216
1.691598648
1.691809713
1.692160628
1.69229771
1.692280359
1.69236908
1.692507099
1.69215114
1.692321339
1.692142251
1.692195203
1.692175029
1.692232466
1.692061485
1.691999027
1.692145427
1.692100733
1.692056128
1.692002293
1.691931906
1.69198038
1.696034573
1.698420037
1.694546272
1.695824507
1.694539758
1.694532452
1.694543254
1.694524586
1.69451838
1.694514391
1.701453146
1.701621117
1.701598793
1.69733811
1.698696865
1.702148233
1.704166634
1.693117066
1.693163054
1.693218072
1.693827034
1.69879881
1.700754945
1.699090746
1.696843801
1.69699943
1.693223677
1.693285132
1.693167375
1.693196906
1.693204991
1.693422391
1.693478032
1.693255488
1.693489326
1.693409532
1.693433712
1.693421051
1.692541955
1.692655276
1.692685429
1.694716968
1.69459401
1.692967724
1.693141474
1.693626254
1.694478236
1.694030949
1.694065035
1.692354166
1.692387623
1.692355271
1.692792044
1.69256307
1.692585083
1.691794391
1.691582462
1.692107955
1.691559425
1.70213725
1.692265711
1.692775471
1.692125924
1.693111448
1.693400025
1.692547411
1.691936373
1.693735632
1.691419853
1.701857431
1.716628181
1.695315155
1.695832266
1.691899833
1.691753631
1.691858967
1.691960201
1.692081945
1.704760631
1.702073749
1.69858962
1.692223015
1.692202472
1.692325304
1.692017501
1.691972895
1.691903298
1.692151084
1.692201669
1.692117471
1.692076056
1.691865004
1.691838292
1.695541924
1.698173134
1.698060276
1.701600391
1.694528574
1.698550548
1.696255298
1.698425149
1.694728605
1.694745454
1.69475225
1.695336459
1.696933568
1.705692331
1.706147526
1.701744179
1.707419376
1.709439206
1.69327783
1.694575042
1.695236343
1.697826981
1.704118344
1.704506065
1.707332913
1.703053027
1.702132081
1.693503071
1.693341235
1.693413024
1.693386571
1.69358596
1.693629102
1.693434593
1.69364802
1.693645984
1.693643715
1.6935972
1.693585485
1.693203606
1.692969113
1.692858893
1.695020916
1.694815851
1.693297895
1.693520991
1.694071095
1.694696352
1.694399029
1.692530033
1.692507658
1.692592868
1.692985376
1.692806492
1.691739258
1.691810802
1.692023244
1.692571826
1.692299932
1.71125994
1.724129228
1.692918748
1.693581807
1.69288025
1.693370674
1.693070985
1.69306463
1.696272988
1.700384877
1.713647584
1.733861295
1.728886898
1.723355089
1.704230351
1.719754944
1.701253283
1.708671712
1.710787764
1.713498533
1.709296777
1.6923279
1.692298235
1.692688459
1.69249572
1.693061379
1.692045265
1.691995227
1.69197679
1.693897328
1.692134411
1.692188039
1.692377293
1.692277664
1.692162934
1.692205105
1.692164018
1.692234936
1.69629947
1.698188896
1.701222276
1.701164576
1.707748563
1.704648499
1.696336438
1.701160956
1.698511728
1.700983942
1.700246134
1.697587378
1.697078586
1.697638034
1.700346015
1.710371808
1.710923067
1.710118303
1.713947408
1.714893055
1.695250414
1.699380522
1.699406525
1.705115164
1.713839877
1.713442354
1.713025835
1.714475172
1.694791698
1.693548139
1.693560306
1.693693604
1.693682675
1.69370604
1.693735198
1.693652984
1.693750679
1.6937642
1.693776187
1.693711161
1.693700096
1.693543317
1.693687758
1.693414127
1.695091731
1.694915785
1.693879086
1.693865087
1.69430732
1.694543572
1.694819078
1.694669711
1.692736049
1.69289101
1.692948568
1.693415523
1.693155643
1.693857343
1.714721752
1.695950001
1.696638073
1.692573257
1.728455818
1.734202534
1.693125124
1.692844643
1.693364862
1.693249079
1.693573446
1.693668688
1.69342278
1.693437874
1.701676034
1.706282961
1.728370651
1.739749266
1.739036662
1.73535669
1.733163518
1.711442851
1.729656701
1.723031641
1.722742191
1.720664694
1.716341716
1.692481136
1.692483277
1.692715869
1.697769068
1.698938474
1.692108749
1.69593314
1.693662243
1.692291821
1.692468307
1.692297226
1.692543994
1.692733372
1.692265486
1.69230795
1.692380318
1.701705462
1.702157513
1.703835363
1.704844646
1.704698097
1.708743461
1.702894372
1.700709312
1.703585932
1.702734353
1.703695914
1.701696586
1.700896382
1.704018395
1.715357402
1.71370973
1.718375846
1.719408116
1.719837565
1.714371878
1.701033036
1.706007048
1.721084798
1.721495325
1.721757988
1.72044721
1.693724803
1.693710488
1.693805392
1.693737768
1.693748489
1.693774731
1.693786814
1.696268345
1.703494034
1.69380374
1.693820764
1.693839092
1.693719298
1.693719256
1.693755353
1.694129245
1.694117163
1.695080322
1.694941645
1.694342638
1.694648566
1.694814261
1.694384878
1.694240476
1.69294825
1.69311152
1.693152577
1.693395138
1.693583602
1.694020678
1.721041613
1.705018084
1.743201906
1.736311022
1.693473846
1.707691509
1.694300285
1.693595056
1.693524586
1.693662944
1.693615783
1.693700991
1.693643911
1.706138707
1.710569537
1.733718142
1.736477603
1.741815432
1.738651875
1.744657376
1.715355362
1.732149517
1.728867834
1.725754487
1.720613916
1.692694573
1.692656853
1.692702829
1.692656059
1.692907263
1.697375717
1.701912854
1.700639943
1.697549229
1.692419593
1.692444627
1.69266862
1.697756382
1.695126688
1.692427263
1.705546628
1.706224787
1.706883819
1.708180424
1.707552851
1.712458131
1.706562292
1.706782167
1.706201022
1.7069567
1.706532971
1.706366846
1.705677986
1.707073862
1.708640807
1.719228658
1.717415911
1.723861971
1.724300759
1.724308828
1.71456272
1.727077591
1.727230641
1.725311687
1.720705472
1.693824502
1.697917304
1.693859536
1.693864132
1.693710782
1.693759304
1.693775004
1.693741665
1.693776282
1.706538108
1.711535983
1.693797125
1.693819078
1.693841209
1.693661022
1.693686245
1.693712046
1.694461764
1.694486033
1.695045147
1.694919114
1.69467057
1.694815101
1.694313646
1.694525295
1.694423245
1.693171308
1.693121186
1.693395323
1.693411697
1.693474557
1.69370331
1.693840369
1.69413105
1.694291802
1.721973988
1.725744061
1.746585068
1.739971849
1.699050301
1.712654619
1.693618463
1.703403375
1.693653208
1.693699365
1.693659571
1.748007681
1.710032092
1.714419473
1.735366
1.740974329
1.738667979
1.743550781
1.732472107
1.718683674
1.729311277
1.724018155
1.692916501
1.692842478
1.695888533
1.692876277
1.693127779
1.693115983
1.700354852
1.704124914
1.701893377
1.70721857
1.695379066
1.694289039
1.698460231
1.701668128
1.699650413
1.698075931
1.710019147
1.709761363
1.711783827
1.71072639
1.717426469
1.709684206
1.71018817
1.710050498
1.708748261
1.709854651
1.710974361
1.710593008
1.722531578
1.722986732
1.728167297
1.72861473
1.727843155
1.714389644
1.730483311
1.71988508
1.72960314
1.725764939
1.693885701
1.698583876
1.693595895
1.693876953
1.693907315
1.699678116
1.705159638
1.693839193
1.693612596
1.693487074
1.693667889
1.69368542
1.693704323
1.709277278
1.693731509
1.693756803
1.693782917
1.693563154
1.69349659
1.693546976
1.694667453
1.694647328
1.695005257
1.694953405
1.694887025
1.694758621
1.694822394
1.694407389
1.694368246
1.694504242
1.694612251
1.693346156
1.693353227
1.693336326
1.693612264
1.693792305
1.693571855
1.693816226
1.694001429
1.694180952
1.694396174
1.694293469
1.733402452
1.750767759
1.745595565
1.717451988
1.709058525
1.693618125
1.693542851
1.693486452
1.746697897
1.751790859
1.754027323
1.71382161
1.717805661
1.738575723
1.735782073
1.740728586
1.731321608
1.721959707
1.726728413
1.700348898
1.693205222
1.696794728
1.694138075
1.703769766
1.705143047
1.708316931
1.703656508
1.700925048
1.704207039
1.705434103
1.703629234
1.711792718
1.715047699
1.712705968
1.715615441
1.713935631
1.723209588
1.712718723
1.713093246
1.714221915
1.713879139
1.711655384
1.712518381
1.727518174
1.730373232
1.732229803
1.73259777
1.732244409
1.713765203
1.733398252
1.720193558
1.725310551
1.730560147
1.698053512
1.693881398
1.699608582
1.704558911
1.693814905
1.693760123
1.693696227
1.693346289
1.693131051
1.693504877
1.693490721
1.693541103
1.706329325
1.693575224
1.693623989
1.693274901
1.693275797
1.693100364
1.693258124
1.693224478
1.694725692
1.694678188
1.694977004
1.694922301
1.694871105
1.694779821
1.694825776
1.694484859
1.69457203
1.694634125
1.694841961
1.693525469
1.693554869
1.693935409
1.693745677
1.693892709
1.693723748
1.694068852
1.694048617
1.694187774
1.69443061
1.69433316
1.69425057
1.73570231
1.7502167
1.719249809
1.72673573
1.714091032
1.707191357
1.694158192
1.744044253
1.750878128
1.757851326
1.756576883
1.718128655
1.721594623
1.737815143
1.73465835
1.729733311
1.725286823
1.704346063
1.700756433
1.697085048
1.697099308
1.706995063
1.707775228
1.709467951
1.708341366
1.707214946
1.710437387
1.709382317
1.712564905
1.716157546
1.719201783
1.715146314
1.718238044
1.719774852
1.729499282
1.716520632
1.719856397
1.717755557
1.714944445
1.714851829
1.734405499
1.738793734
1.737678349
1.735269529
1.736282369
1.712480305
1.734809105
1.719326166
1.725569807
1.730836042
1.69849964
1.700685983
1.699932917
1.694864285
1.693637163
1.693557225
1.70006645
1.693393415
1.692823172
1.692789216
1.692673372
1.693022306
1.693218808
1.693116939
1.705506473
1.693259896
1.696024158
1.692654457
1.694692181
1.69474458
1.69495885
1.694896299
1.694846177
1.694796522
1.694518517
1.694590282
1.694655079
1.694439363
1.694475152
1.69651823
1.694434558
1.693689122
1.693734003
1.69399522
1.693858377
1.693954596
1.693841946
1.694124591
1.694066752
1.694173822
1.694374151
1.69426775
1.694304483
1.694336656
1.694202198
1.7370158
1.749083647
1.730577932
1.722402591
1.713921015
1.740831986
1.758620661
1.748728121
1.756979803
1.762131597
1.722959196
1.726055148
1.733490658
1.729212217
1.737804379
1.704454444
1.70006585
1.70880365
1.698694583
1.712695212
1.710818756
1.713260577
1.714905308
1.715222609
1.719923203
1.717071711
1.717446819
1.724140441
1.724373407
1.735649461
1.722095495
1.725942083
1.721092357
1.71972668
1.743590864
1.74547907
1.743941549
1.739506282
1.736844018
1.71202506
1.734461033
1.718891388
1.729344747
1.724671115
1.711268865
1.731311792
1.694802667
1.693459661
1.693359609
1.724081824
1.697327046
1.700532035
1.693113773
1.707725453
1.699163543
1.705120434
1.692843707
1.693688812
1.692573677
1.692669623
1.704733686
1.692839219
1.718085981
1.706352748
1.694713065
1.694767258
1.69491348
1.69495516
1.694868786
1.694819158
1.69454728
1.694618063
1.694685131
1.694517381
1.69439521
1.694434222
1.694685802
1.696243637
1.693824652
1.69401452
1.693976449
1.693928481
1.693907556
1.694105587
1.694045393
1.694130256
1.694288496
1.694219114
1.694232586
1.694127487
1.743170537
1.753637371
1.739148809
1.731497668
1.745804373
1.763869661
1.755800807
1.764811833
1.727554022
1.731894689
1.734447555
1.742425505
1.712691875
1.702333523
1.706566555
1.698300878
1.716191261
1.715215147
1.719491062
1.717393471
1.720835458
1.717629175
1.724617889
1.718713758
1.721197359
1.730277457
1.743786026
1.729901148
1.727297037
1.72679918
1.753555364
1.758574545
1.744576629
1.737538387
1.733676936
1.709293617
1.728242969
1.717534596
1.722566844
1.693316602
1.693180961
1.737925454
1.734063548
1.695309967
1.698345162
1.692890479
1.718287232
1.717612143
1.717239557
1.692532082
1.71129948
1.694702538
1.703745898
1.69838043
1.70106596
1.69277337
1.731267377
1.6949636
1.720351631
1.694744673
1.694804562
1.69491347
1.694860483
1.694592459
1.694664406
1.694736208
1.694578078
1.696012049
1.694494289
1.694338183
1.694400211
1.694239547
1.694586896
1.693988371
1.693953748
1.694057263
1.694002325
1.694221502
1.69422215
1.694132508
1.69545137
1.766142617
1.759337212
1.749720416
1.757271658
1.744670346
1.753024769
1.77008338
1.770918542
1.762846104
1.733579655
1.740791982
1.751159563
1.710209471
1.714362166
1.700459794
1.703566513
1.697366098
1.720577816
1.720807091
1.722140106
1.719200716
1.725780933
1.722208454
1.730379686
1.721001338
1.726618908
1.746486789
1.734201382
1.735807671
1.734088227
1.733277466
1.75246244
1.765215468
1.740432439
1.72754049
1.736023836
1.701643443
1.709101761
1.721084112
1.713261222
1.693010355
1.72195249
1.746998181
1.745828288
1.697713843
1.695810914
1.695520431
1.694077274
1.729925053
1.729735633
1.698878765
1.714601586
1.707821152
1.705211573
1.699483268
1.699457162
1.74376521
1.69498166
1.732267973
1.694799841
1.694864219
1.694922389
1.694673021
1.694659883
1.694738317
1.694810487
1.694582247
1.695878902
1.694482923
1.694288054
1.694379276
1.695733337
1.694985247
1.694911313
1.695133152
1.696834897
1.696532802
1.770311915
1.764238827
1.754738615
1.762759466
1.775993519
1.773149679
1.741699383
1.762774089
1.752572429
1.697308688
1.707735517
1.71125209
1.701817644
1.69906005
1.714454688
1.724579857
1.726652755
1.720035215
1.736195282
1.737638224
1.728553922
1.696875534
1.724538335
1.748306341
1.739610279
1.740483411
1.739536701
1.75300809
1.767166953
1.734784072
1.723942518
1.701767484
1.703101797
1.711795075
1.723878954
1.7591274
1.757774784
1.699382572
1.698693385
1.742778921
1.742110986
1.706167241
1.726746263
1.716994717
1.711513069
1.703019859
1.704189685
1.758866308
1.695014697
1.707879031
1.74423438
1.736141422
1.694881742
1.694948853
1.694911527
1.694710387
1.694790949
1.694757416
1.694842091
1.694598907
1.696322631
1.694467039
1.695514709
1.695075029
1.697424788
1.696783705
1.696981188
1.698730618
1.774770847
1.782692391
1.770406927
1.79052383
1.771896548
1.779612466
1.755045975
1.771494742
1.698176636
1.707479499
1.704078795
1.700054863
1.712631833
1.725011675
1.731215814
1.718195045
1.751441544
1.742572264
1.733065799
1.736129256
1.697868726
1.697600649
1.732477469
1.743947294
1.743650313
1.741965958
1.748998936
1.754438568
1.755894831
1.719934567
1.727974998
1.710391356
1.704416882
1.704259353
1.771450027
1.703878526
1.75596191
1.75451404
1.730037194
1.712086679
1.719389806
1.709667675
1.710969375
1.773245149
1.785741393
1.695067618
1.714958226
1.720002351
1.756860632
1.743797914
1.69499613
1.694985098
1.694770199
1.694861695
1.69488683
1.694988864
1.694967138
1.696162631
1.698557286
1.695642586
1.696950728
1.696757179
1.699278484
1.700563902
1.699894715
1.802078059
1.793310838
1.805622321
1.794610239
1.780302981
1.780323702
1.767692825
1.69891871
1.706173932
1.701477372
1.712167373
1.722048264
1.706429979
1.752966625
1.723264931
1.742787712
1.736233192
1.698879115
1.699003106
1.700994092
1.744557823
1.758644135
1.737281388
1.742922173
1.753712167
1.736798128
1.739055587
1.717387388
1.709311943
1.711274121
1.704825343
1.729916852
1.768087058
1.719771319
1.719012291
1.789844129
1.807169744
1.695164315
1.729588909
1.738632755
1.780079662
1.770001786
1.756891349
1.695126816
1.695150003
1.695114885
1.695062184
1.694998213
1.697486496
1.696455304
1.697680982
1.701981102
1.697144096
1.702329041
1.698279999
1.700938578
1.828347878
1.825085693
1.807299268
1.791461336
1.776986728
1.699715233
1.701685767
1.699982076
1.702256555
1.712661614
1.715851101
1.707390171
1.766547118
1.721623904
1.7430718
1.732001826
1.700598559
1.703879795
1.703530942
1.782427933
1.763171947
1.735230723
1.762525612
1.728098948
1.729701205
1.717544389
1.710157396
1.709139447
1.717022446
1.81488403
1.695337186
1.739910845
1.752412606
1.791691327
1.776683665
1.836902251
1.695323695
1.695722406
1.695838454
1.699079506
1.696478788
1.698867263
1.698070309
1.704084032
1.69844385
1.701624068
1.6998166
1.700000879
1.856062443
1.844219218
1.830625983
1.814135321
1.790755991
1.701381629
1.70031859
1.703221604
1.702187041
1.703075984
1.780678901
1.716321254
1.71181573
1.707624331
1.719861144
1.748369869
1.728824159
1.706329376
1.705927236
1.709507497
1.805932584
1.782228831
1.779026859
1.818318123
1.735703333
1.721894245
1.733355781
1.71515416
1.717634887
1.729204067
1.838150279
1.848505479
1.813382159
1.695488983
1.758414676
1.772252643
1.793788861
1.84503519
1.697580677
1.698430584
1.699311938
1.700691847
1.699666736
1.699372545
1.701561625
1.699989688
1.70098148
1.701761581
1.876681866
1.869456256
1.849554212
1.852172715
1.817718697
1.703054617
1.705659663
1.703943061
1.704279146
1.769055686
1.712953332
1.707376329
1.722991613
1.707830659
1.705155758
1.702702306
1.709021008
1.713147344
1.824166725
1.773576625
1.857211024
1.735465976
1.728582312
1.748654749
1.729130233
1.749681732
1.848840592
1.83382385
1.870207914
1.831896336
1.843181641
1.81550744
1.780392821
1.698536057
1.783320153
1.804598037
1.841861017
1.700504833
1.701263859
1.70226042
1.702629656
1.702216072
1.701066361
1.703799615
1.702557495
1.883337587
1.881429611
1.873419065
1.858234308
1.803017273
1.70655177
1.710820473
1.710507197
1.707781405
1.710597427
1.723321055
1.7121568
1.70468159
1.703825694
1.706595832
1.710286811
1.714907056
1.714006153
1.792322327
1.74682034
1.826786602
1.7814604
1.803033815
1.768637057
1.777187051
1.805957033
1.8161798
1.828539309
1.826445912
1.80438787
1.8301311
1.886513015
1.875349212
1.832435068
1.860213537
1.700846771
1.826753767
1.885129267
1.703204158
1.704395657
1.705887985
1.703282195
1.705109746
1.920295527
1.877921306
1.804580191
1.736261592
1.714351657
1.71423611
1.715862545
1.718601315
1.705019599
1.705565553
1.706176192
1.70837227
1.711998758
1.717093975
1.782575671
1.835993757
1.785177877
1.839216184
1.790824418
1.853649236
1.828638144
1.844020221
1.806571483
1.835074038
1.832761013
1.849929373
1.868142905
1.91695426
1.963635316
1.932177061
1.904179091
1.940352292
1.863419777
1.814628576
1.702869683
1.899987455
1.918395972
1.704569539
1.707402586
1.708627021
1.707424222
1.896479038
1.81047711
1.767921355
1.740580488
1.715002245
1.715738353
1.718872508
1.707491967
1.708275081
1.709113383
1.711893809
1.716013418
1.715117051
1.718677973
1.846866674
1.875097959
1.852859817
1.841215339
1.906285801
1.916335933
1.90394144
1.858087481
1.808177333
1.814524291
1.858223696
1.910101767
1.881823436
1.86691074
1.899493914
1.900801447
1.875679458
1.843981337
1.950396174
1.95103288
1.706693366
1.709722135
1.712210053
1.711720912
1.824520932
1.759887756
1.740197939
1.723609857
1.719460439
1.711230319
1.711877838
1.712600199
1.71712805
1.721341042
1.724055551
1.909650788
1.914848834
1.943200983
1.894966646
1.906172693
1.937945294
1.976809588
1.932215059
1.836103004
1.829744486
1.936491718
1.825816733
1.915251077
1.934763001
1.902878119
1.90519106
1.903700915
1.901512904
1.814344608
1.951682163
1.817666037
1.709387848
1.712864484
1.717068607
1.756592883
1.739876059
1.737533863
1.733028001
1.71776115
1.716279693
1.722110705
1.731077853
1.984746114
1.95836362
1.940710513
1.909385543
1.904960087
1.944064638
1.968046608
1.956323717
1.894593258
1.867190862
1.960662859
1.853236539
1.940909779
1.903377749
1.835218967
1.880367323
1.924245942
1.841503693
1.76737303
1.838514454
1.712772596
1.716303275
1.717398413
1.721515574
1.765873978
1.771017996
1.760106306
1.743517292
1.724281711
1.723957302
1.72732335
1.72958973
1.962715749
1.992565501
1.910609417
1.902369977
1.925767139
1.927425978
2.01368764
1.912749227
1.990680774
1.997181035
1.895822217
1.885388918
1.902061911
1.834710387
1.841549426
1.907150893
1.78648058
1.801107693
1.818373222
1.717485039
1.720233602
1.727022173
1.788735079
1.758343519
1.737200647
1.73494425
1.731635281
1.921607867
1.95184228
1.929281182
1.914700873
1.925019841
1.846884451
1.993879019
1.959861704
1.995317279
1.904306862
1.881537697
1.89067047
1.89001136
1.860525776
1.901865462
1.78621972
1.792755865
1.779445199
1.724030268
1.728131293
1.738434412
1.748718941
1.74958894
1.753620515
1.741750665
1.940018748
1.961192961
1.960565323
1.926202823
1.861244707
1.791785639
1.969142216
1.995093613
1.946417983
1.958917907
1.93002115
1.877550324
1.889995568
1.916465503
1.915658473
1.933186519
1.763779863
1.766121872
1.729968117
1.736446227
1.747518683
1.747946835
1.768287876
1.781993986
1.770801546
1.955218406
1.948213002
1.96616136
1.936798822
1.828799794
1.796533157
1.976368298
1.969388629
1.933178727
1.937094114
1.929411679
1.932306607
1.944764632
1.928767453
1.935477335
1.93771674
1.755648059
1.743000246
1.765559267
1.775303027
1.774796159
1.788901552
1.796559126
1.771434959
1.98308409
1.972588701
1.979886891
1.893336784
1.82207688
1.96574436
1.945939311
1.937269739
1.949318752
1.944814346
1.922134833
1.961749838
1.96168089
1.79914329
1.77985339
1.748822267
1.77507605
1.797009276
1.784292248
1.784456913
1.967169831
1.984539742
1.850096906
1.910062119
1.968737034
1.965390667
1.974238245
1.972498845
1.978355534
1.969346447
1.938328674
1.797414077
1.797098174
1.751303416
1.769087864
1.776728368
1.825963335
1.9798505
1.979586652
1.82572659
1.913801295
1.988330344
1.974026825
1.957699458
1.968851551
1.965384383
1.946730272
1.930290771
1.782221186
1.765135562
1.769374817
1.857650611
1.779176687
1.992959019
1.950251609
1.874749111
1.979104519
1.945517951
1.936383727
1.940996316
1.931575848
1.924446585
1.766115484
1.797602075
1.858243794
1.766115222
1.781715003
1.968207286
1.941494312
1.946288019
1.914253209
1.931712525
1.917853105
1.918831823
1.781616258
1.894237365
1.788957635
1.75844207
1.956429754
1.930232727
1.901060584
1.90990851
1.908388392
1.912898521
1.749447725
1.819465421
1.763742126
1.977568159
1.90786189
1.892949149
1.894765406
1.87968817
1.766636913
1.757555655
1.815316693
1.86867172
1.931496269
1.897763734
1.899619532
1.816380215
1.798319807
1.841849782
1.851413696
1.886620638
1.892757798
1.888770237
1.852289167
1.848347211
1.843041244
1.851764759
1.952894348
1.912331891
1.861304762
1.846636502
1.90991169
