1.900687872
1.894908188
1.924887574
1.910307632
1.88714408
1.884396975
1.927762483
1.915008114
1.895099283
1.931246651
1.888112744
1.94027758
1.888801878
1.884869932
1.907865552
1.92893793
1.884024296
1.930375214
1.925016879
1.907995383
1.894616497
1.933182465
1.932370005
1.940941091
1.94867022
1.934403297
1.891465468
1.89019686
1.885571626
1.888320746
1.901784215
1.926452714
1.892891638
1.936880601
1.93393045
1.922195754
1.929977851
1.908178875
1.933620259
1.933424202
1.936248074
1.939922951
1.944401199
1.864812322
1.873183369
1.888740812
1.895890054
1.86731748
1.903273169
1.90484434
1.917942449
1.935512321
1.938739218
1.939882124
1.935312363
1.947863109
1.937801121
1.941637144
1.946851621
1.950780896
1.955793256
1.964345246
1.959682062
1.835617151
1.838826725
1.871125846
1.877816045
1.895959441
1.911901207
1.848104835
1.928934216
1.948682074
1.940065223
1.942454314
1.946478049
1.951365794
1.959183435
1.947611516
1.951631035
1.951885352
1.953057956
1.958142101
1.966939215
1.961532211
1.971174441
1.975203092
1.817263857
1.811694168
1.82963472
1.858699225
1.888468725
1.914662355
1.938008471
1.832916409
1.9631604
1.949406662
1.945372514
1.950511139
1.952828789
1.958298794
1.961497952
1.969407355
1.956381516
1.9571291
1.959761843
1.964599402
1.96903268
1.974637416
1.975679807
1.973887022
1.978027327
1.97998847
1.985050657
1.80574617
1.797181103
1.802123992
1.870533614
1.845315035
1.902634472
1.929927122
1.965984125
1.824235594
1.953974533
1.959910985
1.95584043
1.959251735
1.963223354
1.969338183
1.974517895
1.96988444
1.965589985
1.969837647
1.977709421
1.980817775
1.988029223
1.984918293
1.98270318
1.983183825
1.984131864
1.986497433
1.985030668
1.981206277
1.931149839
1.969779224
1.962865619
1.800972425
1.791231172
1.789851587
1.851893151
1.883321585
1.827494948
1.915492548
1.95429209
1.810706908
1.964696752
1.965396081
1.971526793
1.96793689
1.973985249
1.973619221
1.979129595
1.981423331
1.973099366
1.961862901
1.977365808
1.984308203
1.992862966
1.994574041
1.994107625
1.994171302
1.989225082
1.988317548
1.985955267
1.975338787
1.967321202
1.914540517
1.933896371
1.948928722
1.962885262
1.957515982
1.910692351
1.795500987
1.793150337
1.788613206
1.873216726
1.84111877
1.89817498
1.816965412
1.933192478
1.802803089
1.978133602
1.977069047
1.975837292
1.981925392
1.980264385
1.981401381
1.983815639
1.982440515
1.975468328
1.953013315
1.93466251
1.987914307
1.992481986
1.994554427
1.995526133
1.992940333
1.990680508
1.98650501
1.982140862
1.973960705
1.964974647
1.959018608
1.907857026
1.919469427
1.953608446
1.941309436
1.956391065
1.91262094
1.921230349
1.927557368
1.795063328
1.795172842
1.798441549
1.876661282
1.855155427
1.827648593
1.907127
1.80681571
1.797678004
1.988433635
1.986049099
1.986450327
1.982215843
1.989333894
1.989204351
1.991754107
1.96336196
1.943897863
1.916266029
1.900196188
1.990711461
1.988220402
1.988127357
1.981507447
1.978377278
1.97523757
1.969976411
1.969015112
1.9617526
1.956085952
1.953592453
1.910499502
1.905482967
1.92770328
1.951296192
1.943374619
1.914142354
1.924137623
1.925070578
1.926944164
1.795839143
1.799185237
1.928669497
1.799339315
1.881890641
1.862799127
1.840853984
1.81712182
1.802501922
1.79610954
1.995833963
1.996402408
1.995025102
1.989592088
1.963482241
1.994600191
1.991901074
1.986502773
1.929081717
1.909581536
1.884520073
1.873083221
1.980459015
1.980157668
1.973596061
1.968968436
1.9657695
1.961589677
1.958792096
1.952843942
1.950888395
1.948139944
1.903362831
1.915768101
1.902722439
1.932524905
1.940474217
1.915014746
1.921299117
1.936287826
1.795418146
1.804934242
1.802873669
1.9351436
1.805026182
1.863991089
1.8475368
1.829056172
1.809378687
1.7984198
1.794477069
1.998207253
1.999433009
1.99030254
1.995203719
1.973685728
1.927468699
1.990056341
1.984106356
1.975346509
1.885264368
1.859925726
1.851153703
1.972132048
1.967988647
1.963732858
1.960858444
1.956849926
1.954581399
1.949989403
1.949473781
1.947496775
1.907246012
1.89570644
1.921717524
1.90031406
1.933845601
1.937764817
1.909851472
1.927818213
1.949956383
1.951346371
1.793266378
1.803582092
1.950351281
1.953724217
1.944667639
1.801843239
1.844028455
1.829746368
1.816276967
1.803230413
1.798346044
1.793410968
1.989294051
1.996265599
1.99321631
1.969210158
1.989797232
1.940974406
1.893738253
1.983970292
1.975790054
1.970189227
1.859241966
1.836087607
1.830307182
1.968187477
1.96235812
1.960094042
1.955278109
1.949331502
1.946979581
1.943569015
1.924576679
1.902799256
1.889663977
1.894902702
1.933281875
1.935086087
1.924713486
1.944125972
1.956401029
1.792870059
1.79813024
1.953284911
1.946688553
1.93579265
1.935595735
1.942072806
1.935742139
1.791803126
1.826034191
1.815502535
1.80879886
1.801901764
1.797255805
1.792143525
1.993142586
1.963308026
1.99562437
1.989909207
1.932268656
1.983765558
1.905553921
1.858940985
1.982090519
1.977257464
1.978392066
1.835911711
1.819243134
1.815159149
1.974292455
1.975105027
1.967894683
1.956685159
1.952545469
1.944447692
1.931672284
1.912361342
1.888640131
1.883581195
1.902416854
1.934453241
1.940031807
1.928026242
1.945991818
1.943751819
1.789457147
1.789968536
1.937603333
1.932402647
1.936208334
1.946283057
1.944798521
1.931818
1.782457727
1.812017976
1.807493269
1.80028918
1.797500154
1.794066761
1.997086867
1.979864803
1.928539884
1.99276601
1.986960447
1.890004511
1.988844034
1.865241286
1.832642894
1.987226726
1.990498203
1.990529216
1.818087097
1.810793027
1.80678462
1.996346742
1.986340421
1.973972091
1.963970592
1.958008263
1.914713915
1.934288894
1.893109243
1.876361852
1.881667567
1.902419055
1.936065177
1.957442032
1.923462137
1.929444285
1.924650579
1.790679195
1.789031841
1.917760632
1.933912795
1.956024416
1.950962719
1.911141364
1.776215771
1.806643905
1.806413823
1.803826471
1.801677372
1.797962624
1.986187298
1.99129464
1.945934027
1.894909836
1.989274054
1.991820217
1.857174279
1.993645745
1.835623306
1.811247398
1.995533119
1.997142207
2.008836084
1.801679194
1.799199263
1.80173475
2.006628838
1.998946728
1.982675317
1.983979319
1.895208409
1.928843437
1.874493948
1.868571697
1.879900304
1.906268674
1.958909794
1.979932578
1.917498651
1.912756727
1.924289536
1.785385693
1.79497294
1.913754784
1.951076099
1.96446282
1.895955766
1.91058139
1.778194522
1.792578953
1.773278234
1.803562424
1.805001248
1.805131717
1.800638432
1.802389247
1.959815402
1.977510629
1.984483341
1.91348639
1.865282716
1.984978581
1.984639412
1.836649415
1.826845946
1.983639489
1.809238372
1.991406354
2.00247686
2.012306243
1.787764026
1.786354895
1.791976945
2.015376999
2.00321931
2.001406638
1.875293679
1.94783106
1.859508344
1.863668217
1.886865885
1.909629767
1.980930822
2.000981081
1.906516624
1.905825072
1.933108426
1.786908145
1.916611665
1.954148976
1.887804235
1.922335622
1.775074276
1.789845571
1.78073581
1.854690633
1.768836737
1.798391741
1.800732658
1.799967769
1.799204931
1.791003902
1.919740433
1.953853629
1.974254293
1.978580416
1.876456485
1.84008988
1.975229437
1.971792793
1.814191455
1.804253098
1.976339303
1.983031191
2.005642204
1.991027317
2.012030688
1.777885376
1.77848202
1.788859673
2.008959205
2.006736469
1.869061049
1.856454629
1.971384935
1.874518188
1.90222357
1.908532558
1.996777305
2.007828329
1.901290082
1.91041798
1.933085797
1.777415449
1.917918881
1.895289647
1.943703588
1.770153231
1.779769454
1.789440114
1.774032811
1.853434347
1.867755271
1.761851063
1.794870371
1.795560252
1.792183471
1.78811495
1.77885348
1.920431298
1.886144308
1.952523409
1.970121685
1.969563736
1.847645457
1.816974643
1.966984615
1.967588199
1.798731269
1.972172424
1.980843861
2.000367031
1.992947297
2.005919224
1.77137735
1.782776611
1.771722762
2.012988272
1.875897984
1.856300484
1.978610195
1.895140626
1.900222157
1.896608877
1.9969413
2.012926472
1.914341876
1.921350028
1.76620133
1.77070344
1.909667137
1.946589779
1.776148922
1.783156694
1.791856832
1.77098931
1.850949417
1.861243019
1.882366426
1.757428789
1.752274636
1.792356709
1.790149493
1.781666729
1.774044592
1.767095603
1.929979714
1.892469246
1.859691356
1.94814043
1.96554848
1.964725255
1.82822772
1.80495607
1.961154427
1.96307237
1.967632313
1.976587402
1.984473255
2.001994856
1.767752108
1.776549994
1.766224828
2.011370023
1.8825559
1.860747504
1.972269392
1.891895997
1.887020287
1.902528376
1.993851806
2.007379053
1.918340327
1.758717039
1.91729469
1.943196985
1.77857693
1.784780766
1.793269884
1.804518406
1.772113188
1.850876776
1.848985991
1.864610035
1.87893318
1.746096223
1.741778016
1.786297301
1.775825315
1.767622242
1.760322527
1.757061105
1.913131637
1.932791209
1.877425523
1.844344626
1.937690102
1.945471763
1.946751605
1.953408933
1.816078967
1.954057656
1.954112281
1.960933038
1.968469783
1.994529924
1.767369126
1.767239554
1.764159881
1.995833938
1.863724711
1.895133244
1.968035542
1.875810982
1.881637399
1.8978199
1.989805752
1.994475655
1.750003106
1.931105415
1.948266198
1.795085005
1.784844151
1.801413852
1.805412507
1.810794377
1.776456189
1.844115377
1.852677819
1.853779619
1.865583979
1.870191312
1.788119648
1.860259156
1.741466306
1.736944115
1.733773365
1.769457218
1.761700687
1.752697803
1.750405698
1.749243676
1.926398395
1.898633165
1.934806937
1.862085641
1.833115199
1.934986577
1.935145457
1.938521795
1.946601081
1.948102961
1.948672363
1.953125177
1.973816617
1.769647193
1.760668538
1.766572553
1.979389882
1.872750043
1.902319402
1.971036853
1.864568401
1.874432414
1.982986527
1.985551503
1.932623712
1.950924779
1.804591631
1.797859957
1.808157616
1.809976274
1.815506524
1.828249844
1.778214539
1.844035378
1.842997753
1.852164242
1.860787668
1.857104552
1.786133163
1.777758212
1.84985572
1.855786251
1.734306805
1.739822306
1.730427924
1.728077204
1.756215177
1.749837239
1.744743819
1.744189606
1.744004189
1.917302725
1.931408838
1.881746576
1.935190414
1.847512806
1.936294434
1.934014068
1.935340424
1.937023097
1.943768866
1.943489204
1.955689884
1.770935555
1.7592916
1.767867474
1.963714678
1.882092133
1.907277875
1.967118409
1.859451179
1.983136749
1.976257655
1.921126869
1.944410652
1.802811685
1.790555524
1.808775965
1.809502707
1.820723799
1.837731016
1.772535025
1.841528571
1.851445894
1.842399185
1.84571522
1.867560047
1.773525508
1.771149579
1.76373998
1.851563466
1.845449491
1.854934866
1.732781976
1.729770112
1.736107416
1.726049377
1.724282866
1.750741358
1.745290377
1.739564194
1.737400269
1.901181958
1.929891163
1.942197338
1.866364927
1.946762804
1.941879534
1.935329918
1.931845287
1.932222611
1.939286009
1.943655831
1.936178157
1.767370525
1.755899786
1.760000199
1.95255642
1.879797042
1.887984646
1.892763194
1.970752202
1.856027955
1.975455847
1.954001853
1.911340035
1.941488136
1.782531403
1.791153695
1.796952189
1.814518779
1.834704435
1.859692155
1.761434819
1.846791994
1.837508825
1.859007038
1.838522532
1.762024979
1.769143844
1.75896321
1.752831695
1.853173335
1.844733225
1.728528196
1.729218569
1.726557539
1.731256497
1.722920928
1.721278796
1.748671542
1.740720599
1.734236025
1.925866494
1.891553656
1.950826563
1.95466776
1.946494734
1.939322578
1.930865007
1.92926934
1.929607052
1.933525976
1.757817323
1.751959445
1.749788403
1.934956737
1.866380019
1.877159634
1.871961745
1.880346499
1.947859886
1.861145312
1.950775705
1.934875268
1.90043031
1.919560222
1.778266513
1.787474842
1.805297984
1.826355926
1.848888786
1.879181684
1.753397292
1.854778592
1.839882036
1.83957785
1.757308742
1.764621425
1.774115873
1.752475089
1.74571477
1.859078434
1.851953929
1.84509159
1.72623954
1.72320147
1.724128679
1.724352548
1.729087725
1.718562834
1.720236701
1.742469708
1.735272174
1.914162303
1.951968279
1.96857017
1.961627491
1.951118245
1.938614906
1.931074174
1.926464883
1.925807968
1.747003068
1.742581055
1.740738694
1.922166206
1.857240684
1.865290208
1.854910881
1.85340605
1.867226411
1.903234838
1.922182333
1.868078185
1.926695278
1.915832895
1.884239211
1.786093648
1.806143378
1.835778173
1.870163219
1.913758318
1.743553533
1.845822964
1.840750098
1.76575555
1.756677629
1.776497778
1.787570969
1.747388962
1.740280991
1.863849077
1.853371003
1.84579654
1.722847598
1.723957519
1.721129962
1.719985383
1.719622652
1.729739197
1.717617801
1.714874165
1.716908779
1.720433867
1.724830988
1.718012671
1.716507797
1.717829179
1.734362519
1.952600163
1.969678905
1.9698689
1.960280127
1.94859752
1.938646352
1.931115297
1.921639064
1.739274649
1.73526918
1.734618837
1.91043201
1.844244092
1.845803494
1.83414322
1.838018029
1.854778069
1.881746527
1.870724868
1.899008911
1.867027588
1.898022982
1.89443984
1.804803258
1.832009727
1.86957056
1.91301999
1.948349537
1.737095049
1.84676361
1.763582218
1.776157398
1.748678032
1.790609665
1.80203129
1.740615345
1.735767365
1.859952658
1.852345364
1.848554014
1.720312935
1.720919271
1.718373356
1.728227855
1.716824047
1.71578603
1.713859558
1.714403448
1.713201224
1.715789657
1.717835189
1.724510399
1.720720153
1.716160688
1.716164819
1.714678826
1.714772062
1.729463857
1.964417753
1.963819106
1.95212794
1.943574956
1.936994814
1.931913961
1.924317475
1.734315075
1.731638655
1.730344533
1.915646858
1.89602342
1.838104388
1.849832072
1.827462379
1.820472521
1.827908364
1.850743274
1.852777436
1.864237436
1.876223118
1.858465279
1.869387425
1.868191744
1.825141856
1.861866041
1.899190284
1.928870415
1.947341635
1.732873699
1.750801547
1.767851577
1.78292183
1.740904855
1.798549644
1.822470351
1.734444233
1.731823194
1.855430713
1.851774772
1.852971044
1.718357986
1.715323799
1.712147397
1.712613293
1.713268962
1.711802403
1.853282897
1.837550064
1.722233339
1.797134549
1.716098001
1.727046238
1.717720508
1.719758694
1.713787331
1.714593466
1.712753606
1.712615025
1.729478073
1.955275635
1.945228157
1.93031728
1.922972296
1.916608977
1.921277581
1.728135793
1.72615816
1.902949374
1.879048906
1.838755187
1.850528975
1.81816912
1.810546813
1.817620172
1.833951427
1.843761107
1.854120189
1.853437594
1.848904504
1.851220256
1.85243115
1.882099133
1.917187082
1.936688104
1.935767204
1.727955987
1.740966257
1.756841548
1.77722504
1.734228419
1.819299653
1.848972205
1.728306128
1.723940438
1.853858022
1.854873948
1.714092464
1.71055597
1.710898386
1.710926686
1.711370017
1.712290405
1.71073236
1.851064944
1.818347961
1.818791257
1.724800196
1.722417106
1.816678825
1.794427552
1.721373166
1.709261386
1.709987552
1.715603923
1.724621027
1.717799496
1.720580819
1.711661175
1.712527792
1.710677914
1.710085018
1.934807914
1.926059028
1.91192244
1.899145704
1.898969893
1.721061682
1.720240185
1.876483104
1.85466093
1.830370456
1.846468713
1.808745189
1.792845494
1.804577499
1.804431922
1.822514156
1.831785056
1.848985145
1.825326245
1.827111325
1.881924105
1.910112434
1.924582732
1.927511121
1.916217574
1.734361065
1.747524658
1.765629329
1.728552915
1.840724949
1.866178655
1.722980409
1.719144121
1.854591261
1.851702232
1.713549203
1.709233473
1.709146268
1.709370626
1.709718841
1.711677838
1.845584962
1.797179572
1.797390278
1.721444067
1.835069088
1.810293765
1.783904852
1.717341447
1.707763989
1.708368769
1.711475732
1.70957977
1.708258074
1.718015482
1.77780182
1.739558164
1.715703609
1.717282728
1.718008442
1.715877882
1.709562242
1.708194926
1.707228436
1.707674487
1.911754853
1.905361542
1.887262694
1.876042061
1.716039351
1.853105082
1.832233574
1.812647909
1.835721048
1.792347722
1.779563331
1.78644319
1.784028897
1.799886724
1.806288236
1.83886
1.800015746
1.801480868
1.885423812
1.900122977
1.901009322
1.908185132
1.904242132
1.894258993
1.729836438
1.754152094
1.724581977
1.862051139
1.720134083
1.716508929
1.847776645
1.838917899
1.713592777
1.707372115
1.707001067
1.70726343
1.838534501
1.776350761
1.848636494
1.818887093
1.794970292
1.770902203
1.714990464
1.706733171
1.706395579
1.707772211
1.713611265
1.71163365
1.709512778
1.706376881
1.714145249
1.766848104
1.760640936
1.733863918
1.741901984
1.706414193
1.72267619
1.706215426
1.715869862
1.71332045
1.71358853
1.7118954
1.706324524
1.707196099
1.706287266
1.706366233
1.706346592
1.886482965
1.869870719
1.860582277
1.713310301
1.83422908
1.810500298
1.817113002
1.799952171
1.78016898
1.766998385
1.773459807
1.775175616
1.782619519
1.826473444
1.775681144
1.782329136
1.882723672
1.870654495
1.879669265
1.883909173
1.889129659
1.886992061
1.869630222
1.728655999
1.748864872
1.717799754
1.714636871
1.831536835
1.818937761
1.706392623
1.706388616
1.706391814
1.706387681
1.825496613
1.757317463
1.851395603
1.825578616
1.800112264
1.779604801
1.761648712
1.706314398
1.706335879
1.707489906
1.713620095
1.711601052
1.709367144
1.711322374
1.752864344
1.762991128
1.74718869
1.736032871
1.720510955
1.724467832
1.706142038
1.706208667
1.706025259
1.706363724
1.711194239
1.711359971
1.71174839
1.709844564
1.709660017
1.706319314
1.706336462
1.706311071
1.70636621
1.70635185
1.849583755
1.84239232
1.713232358
1.817959398
1.79810765
1.785033883
1.803662891
1.785982039
1.76716915
1.756274122
1.754508527
1.762053453
1.805530991
1.756359319
1.763295425
1.85972673
1.864432933
1.861258509
1.869777535
1.876728237
1.859266313
1.729530518
1.744976932
1.716383462
1.815467239
1.805064958
1.706327292
1.706342348
1.805587556
1.743004036
1.847744917
1.825981342
1.805338754
1.787536171
1.769001873
1.756068197
1.706237312
1.70624932
1.707034199
1.710089753
1.708552471
1.710368497
1.742939485
1.748315855
1.751790268
1.737686132
1.73605283
1.720197976
1.724626977
1.706062569
1.706101496
1.705908222
1.705855193
1.708471114
1.706956381
1.708980819
1.707881669
1.712137004
1.708050025
1.706323647
1.7063258
1.706311262
1.706328143
1.825122854
1.833350899
1.714988909
1.802993675
1.786391824
1.769466949
1.788286199
1.7700559
1.7572883
1.750879853
1.744438499
1.739583956
1.781400424
1.741965858
1.736347821
1.749565509
1.842008222
1.841536406
1.845724137
1.855508072
1.851829206
1.729348648
1.735468969
1.743629727
1.751636962
1.718851633
1.794824011
1.787730318
1.706259713
1.706271178
1.783552292
1.733313603
1.824841939
1.807635878
1.793514899
1.775082402
1.760604447
1.706130382
1.706152076
1.705793607
1.70569697
1.707322652
1.706197353
1.710859403
1.744774689
1.73962255
1.747834493
1.733541424
1.723824506
1.705942523
1.70597929
1.70577817
1.705731626
1.706343456
1.706136716
1.705490157
1.707468119
1.709055907
1.710049948
1.705265808
1.706306189
1.712052483
1.751824686
1.706237636
1.714416525
1.706296086
1.706276417
1.706274383
1.706294628
1.811240817
1.828406647
1.718528843
1.788949475
1.775504513
1.75763409
1.771385526
1.760915485
1.752952502
1.752218626
1.730550339
1.7629199
1.760960835
1.733605266
1.728852111
1.739596552
1.820375247
1.823753546
1.820608227
1.827514198
1.836969512
1.728660058
1.735141549
1.743329897
1.748434908
1.753817107
1.722785829
1.771277113
1.771336835
1.706177257
1.706193425
1.728582695
1.809167933
1.803248887
1.794967822
1.779047969
1.762224875
1.706006504
1.706057324
1.705528604
1.70557415
1.705319747
1.705350379
1.755908976
1.740951794
1.732674474
1.705810501
1.705859617
1.705657638
1.705613037
1.705166569
1.705099031
1.705380179
1.706131698
1.707680028
1.714152451
1.710929595
1.705203518
1.706268645
1.717312879
1.751942165
1.766177659
1.706267076
1.749406858
1.808363984
1.705485995
1.726636722
1.76316707
1.705108681
1.816496103
1.716288505
1.747594655
1.705083043
1.720796911
1.706251414
1.706208496
1.706218702
1.798147177
1.816768317
1.725246532
1.7756641
1.763957828
1.762267317
1.75643207
1.753654252
1.761340333
1.724907103
1.758048253
1.749268126
1.7276333
1.724944538
1.732330566
1.807219962
1.802069672
1.797608196
1.729013843
1.734509385
1.740408943
1.745412127
1.750972465
1.762313609
1.706066528
1.706111035
1.728063609
1.794976394
1.789336585
1.780125871
1.765337755
1.705899145
1.705417752
1.705237066
1.705265269
1.737536528
1.705699633
1.705519449
1.705140215
1.705297682
1.705820773
1.708460641
1.720110841
1.712496802
1.705166041
1.723065252
1.75199029
1.740495112
1.769223762
1.706234269
1.74213021
1.705406539
1.722281329
1.723104782
1.721997221
1.761287369
1.705112785
1.70512663
1.800138659
1.804035261
1.717693176
1.721394006
1.739885444
1.752058493
1.737832141
1.706205219
1.706449542
1.785998345
1.795901042
1.705165096
1.705193981
1.727317818
1.706180342
1.706132738
1.706143728
1.789444028
1.732312648
1.759733792
1.776468194
1.767262099
1.756790728
1.754539154
1.756249786
1.725404252
1.72195023
1.753438034
1.748681839
1.741484153
1.721564436
1.73298259
1.725299401
1.78911024
1.788317273
1.785044089
1.787085466
1.735658277
1.740329109
1.7373445
1.744434138
1.754707091
1.705913646
1.705959586
1.706002057
1.732501404
1.783603786
1.777260338
1.767015497
1.705724616
1.705324697
1.705193074
1.705221313
1.705535869
1.705378311
1.705148385
1.705254384
1.709286527
1.725444156
1.713232949
1.705170291
1.752339857
1.741767725
1.756863685
1.764318216
1.706191765
1.718813109
1.718801181
1.71815332
1.717485783
1.757364018
1.705169794
1.70518614
1.788594272
1.788755111
1.720829993
1.715922567
1.717836224
1.723458437
1.742432069
1.749413794
1.736678141
1.734890219
1.706503065
1.774865914
1.777170949
1.782944879
1.75866538
1.76943222
1.718691953
1.772868471
1.70525984
1.705268885
1.705383937
1.729405231
1.706110438
1.706076754
1.706032281
1.775567165
1.731815072
1.748338901
1.765179485
1.751060892
1.752206188
1.732139558
1.724421658
1.720007402
1.74725213
1.742002083
1.727767084
1.738167761
1.72010572
1.780099224
1.777648473
1.771307312
1.776240802
1.733027099
1.739473377
1.735439039
1.747029804
1.756132255
1.705757133
1.705803243
1.705857952
1.763784392
1.705563467
1.705277734
1.705192048
1.705215901
1.705388723
1.705202241
1.709891927
1.725592184
1.713607263
1.705215211
1.744695164
1.749635063
1.738159514
1.752577031
1.758463268
1.706140038
1.718159831
1.714739039
1.71495253
1.714295409
1.716208153
1.75156493
1.705273431
1.705286096
1.775297449
1.775966261
1.720950696
1.715765531
1.71534499
1.736726632
1.733001154
1.732580411
1.706654723
1.764857247
1.764610166
1.775673635
1.753697182
1.762616853
1.716578051
1.770554587
1.762004215
1.719619596
1.757232302
1.705895009
1.758210442
1.712295663
1.705731864
1.705390725
1.705393679
1.705403238
1.705566896
1.705552447
1.727684482
1.705992556
1.706033873
1.705935086
1.762733811
1.72892602
1.745724667
1.739210223
1.742899931
1.747112486
1.732488166
1.728603211
1.722562241
1.732715479
1.720865428
1.726242206
1.715458322
1.770944795
1.769633152
1.762723822
1.763656506
1.731258699
1.735041929
1.74145743
1.74849825
1.753385747
1.705608877
1.705655683
1.705687544
1.705424259
1.705294899
1.705233542
1.705221082
1.705294105
1.709940206
1.724976055
1.722493463
1.712769735
1.70528005
1.74230263
1.745048206
1.746495803
1.737746566
1.750984556
1.746752251
1.750947806
1.706077206
1.719143075
1.71151447
1.711234829
1.71356844
1.716131999
1.745388401
1.705408501
1.70541909
1.76241065
1.71685537
1.713019335
1.737234417
1.732482339
1.730297112
1.73037329
1.705736578
1.706560335
1.756028519
1.75446071
1.768617389
1.748599468
1.755933575
1.712689229
1.71450274
1.763476693
1.755202852
1.72103478
1.718716374
1.75096273
1.751120545
1.752021951
1.710959851
1.71001358
1.705599632
1.705540275
1.70578226
1.705520369
1.745385696
1.733779372
1.747392265
1.705563855
1.705548352
1.705540461
1.705735907
1.705736017
1.725579968
1.723468594
1.705835741
1.705908982
1.706001722
1.749316345
1.72790444
1.741510393
1.737184652
1.730748023
1.74255278
1.737599503
1.739896495
1.733910693
1.728870094
1.723591638
1.717299526
1.712540547
1.723933903
1.764030952
1.763450552
1.756196808
1.750064459
1.731380515
1.737100337
1.742576633
1.745883928
1.748695571
1.70546601
1.705509666
1.705322336
1.70525277
1.705250159
1.705399543
1.709193434
1.70631536
1.709860052
1.705338893
1.738265543
1.742312884
1.743662831
1.743210856
1.746451669
1.742707679
1.743672868
1.718165471
1.706942155
1.708145433
1.707796575
1.714066836
1.740448411
1.705563946
1.705560688
1.712655744
1.716356563
1.71463517
1.709510368
1.729023644
1.730805733
1.727915597
1.72807282
1.705917215
1.705913811
1.745875986
1.762810357
1.741429381
1.749729085
1.710961678
1.709039776
1.757124671
1.751219559
1.720992819
1.718462174
1.742676354
1.74445327
1.744397698
1.70770231
1.709333171
1.711062606
1.705477376
1.705654974
1.705414497
1.705409225
1.705537446
1.705422318
1.73732185
1.738281255
1.734044094
1.730796981
1.73911954
1.705482413
1.738593812
1.738612734
1.7426535
1.733345917
1.740142506
1.74927895
1.70678185
1.711905609
1.725739823
1.738013871
1.731209543
1.705740808
1.705704865
1.70591545
1.705910618
1.723202926
1.725917943
1.705692537
1.705831523
1.705903639
1.737626758
1.737704705
1.729396563
1.730637424
1.727764196
1.718833134
1.737673858
1.735090751
1.733986644
1.72905707
1.723377512
1.707709647
1.713113411
1.705603339
1.757489986
1.75956377
1.753502128
1.733780665
1.737805729
1.740896374
1.744279562
1.747536147
1.705337841
1.705270465
1.705278944
1.705532971
1.706064662
1.706079517
1.705394181
1.73728176
1.741599793
1.741649979
1.739780988
1.738468433
1.738600306
1.736968548
1.717761693
1.705363278
1.70543907
1.705548311
1.705420528
1.71304792
1.736392976
1.705740024
1.705731545
1.708680306
1.71392835
1.715660525
1.70618911
1.726488058
1.728073376
1.72553006
1.706056051
1.706087257
1.735790755
1.75686175
1.727466615
1.741485818
1.706990094
1.706203563
1.752536446
1.721723723
1.71882031
1.729368631
1.705362685
1.707524171
1.708737102
1.705371025
1.705333625
1.705334582
1.705503921
1.705403984
1.705365917
1.728595268
1.723816382
1.726703886
1.730325552
1.728083804
1.732266993
1.731734352
1.737375719
1.719618726
1.739277977
1.746688207
1.706182059
1.70871383
1.710631808
1.723707651
1.724422339
1.730207563
1.728439603
1.731630016
1.706188921
1.743478687
1.726244704
1.705748078
1.705317489
1.706248205
1.705407377
1.70590602
1.706060439
1.724827266
1.728095925
1.705699351
1.705579768
1.705784688
1.723676659
1.731178192
1.713545619
1.705596723
1.73269268
1.733236065
1.728014234
1.723741715
1.705443088
1.705260208
1.753263611
1.7541249
1.749804315
1.733922705
1.736878597
1.740220658
1.744273538
1.748954258
1.705292092
1.705338851
1.705520073
1.705712915
1.706215448
1.735906808
1.739820893
1.738843251
1.736136212
1.732727973
1.733281547
1.733475016
1.732054991
1.719926185
1.716006592
1.705178611
1.705223677
1.705219561
1.705083911
1.709956862
1.711710513
1.732985283
1.705922587
1.705924196
1.706248579
1.712378854
1.716883964
1.713800162
1.706251577
1.706267129
1.725380195
1.722805404
1.706159078
1.706215649
1.721275723
1.75249086
1.705288079
1.714514224
1.737809462
1.706262278
1.720254928
1.723196897
1.705219257
1.705535764
1.705357719
1.705359082
1.705479038
1.705397236
1.705431781
1.71199895
1.712768212
1.704831905
1.716585921
1.706643473
1.722601411
1.725605021
1.722920795
1.72882273
1.725101967
1.723300141
1.706106032
1.737453024
1.744163964
1.706250037
1.708211253
1.722404509
1.721716349
1.722710435
1.71893524
1.729001646
1.725979547
1.706268724
1.740450404
1.711731768
1.705919781
1.70536411
1.706277898
1.706272911
1.705419233
1.705425245
1.711086568
1.705105065
1.704858242
1.723667332
1.737773421
1.731090701
1.71362588
1.711706926
1.711458353
1.710110323
1.706084843
1.706165504
1.725943627
1.729591831
1.705547898
1.705649268
1.704975586
1.705383389
1.705233753
1.705272735
1.728200276
1.733403423
1.728146267
1.725457809
1.72268499
1.70506433
1.704940623
1.749757344
1.749343112
1.745510315
1.73295173
1.736718995
1.742704995
1.746125603
1.705421353
1.705555755
1.705725027
1.705909117
1.70628361
1.735283974
1.737451165
1.735128952
1.732316057
1.728268151
1.728980577
1.729101544
1.727845085
1.719293983
1.715754222
1.705023377
1.705074064
1.704971641
1.704877784
1.705349402
1.728917328
1.706107529
1.706094261
1.706268066
1.709813034
1.718413567
1.714951535
1.706291536
1.706286483
1.722283084
1.719626975
1.720844861
1.706235423
1.706269689
1.706606966
1.704456476
1.748703753
1.704829189
1.704917183
1.738090515
1.732251596
1.721692266
1.705085077
1.705018419
1.70545386
1.705526247
1.705518837
1.705443476
1.705509477
1.705534859
1.705639169
1.704607128
1.704650813
1.704567221
1.714972588
1.709313982
1.718420574
1.721860612
1.740144861
1.706259581
1.706261185
1.706507984
1.719980978
1.719659143
1.719424585
1.706895995
1.726716589
1.722616306
1.724323108
1.706299416
1.70629794
1.739602814
1.704443627
1.706080837
1.706272457
1.705435342
1.705524351
1.707712501
1.72093728
1.736133653
1.730844367
1.707579195
1.705000101
1.706343287
1.712822669
1.708591828
1.70931911
1.713604336
1.705038376
1.704458335
1.72438335
1.704967324
1.73659494
1.706232938
1.725447856
1.728877647
1.705492469
1.705437704
1.704673862
1.704957107
1.724472635
1.724588197
1.732673758
1.728105691
1.724956096
1.721974014
1.704835498
1.704798957
1.746465759
1.745089713
1.745494925
1.741785531
1.732895123
1.741500179
1.743844534
1.705680056
1.70585704
1.706061047
1.706295226
1.733494713
1.735318072
1.733257516
1.731081487
1.728082395
1.724556413
1.724294991
1.725273508
1.72480605
1.718196818
1.714695723
1.704901064
1.70497086
1.704855402
1.704793929
1.70498603
1.724640568
1.706235471
1.706224785
1.706242907
1.706233005
1.70625098
1.716862639
1.706263949
1.717275355
1.717869254
1.716183353
1.706301368
1.704475821
1.70447076
1.704467707
1.74498042
1.704640087
1.704712105
1.704788794
1.733298794
1.727079372
1.720763956
1.704957974
1.70566234
1.705794379
1.705803392
1.70569756
1.705754393
1.705904124
1.704538852
1.704510176
1.70459013
1.704496025
1.704771844
1.704628614
1.708248627
1.716734242
1.736608644
1.706237243
1.706251394
1.715864508
1.717641599
1.71871294
1.720587156
1.721656584
1.706304628
1.706312255
1.73893012
1.704499635
1.706212608
1.705524628
1.70543415
1.70568848
1.706190615
1.734133556
1.730032612
1.705518608
1.705212077
1.706077918
1.706038873
1.707266754
1.711664619
1.709121692
1.705063646
1.705014653
1.721146961
1.721572983
1.704906823
1.735968937
1.738313134
1.704847271
1.705802561
1.705884352
1.726791012
1.706307175
1.724502682
1.728308393
1.705389735
1.70458674
1.704750235
1.720318915
1.731219958
1.726278113
1.721708334
1.718556058
1.704736642
1.704745903
1.742245536
1.743504802
1.741187271
1.741476863
1.732168266
1.740068645
1.705948178
1.706090106
1.706204434
1.706243962
1.706285747
1.732176211
1.730885836
1.7288827
1.72355609
1.720473641
1.720749563
1.721013915
1.721490087
1.714030362
1.704864319
1.704920263
1.704804727
1.704771741
1.704997049
1.704954359
1.720020164
1.70630581
1.70629953
1.706186014
1.706199359
1.706183296
1.706181491
1.71574377
1.712838994
1.713910396
1.714755418
1.714882574
1.712926138
1.706311116
1.704503448
1.704497181
1.704532321
1.704612054
1.740864848
1.704600317
1.704635687
1.704685808
1.72432871
1.728893541
1.719694814
1.705945873
1.706067874
1.706063438
1.705959726
1.706056803
1.704553649
1.704514611
1.704538627
1.704623669
1.705018559
1.704844824
1.706045261
1.712131138
1.732495773
1.70618107
1.712356256
1.715217361
1.717561537
1.706288556
1.737208512
1.706293303
1.705482782
1.70565901
1.705844772
1.706045751
1.728613068
1.705557311
1.705927703
1.705779661
1.7058037
1.705813853
1.70941662
1.708056582
1.705131015
1.705069399
1.718639305
1.717623251
1.704894353
1.734193051
1.735009488
1.704834557
1.705983075
1.706058608
1.705993825
1.721801029
1.72404967
1.717479421
1.705226467
1.721620959
1.706161418
1.725550437
1.706282642
1.70630877
1.723115621
1.727672518
1.705413279
1.704582463
1.704689508
1.715277803
1.72733886
1.720364893
1.714845914
1.70471196
1.704751795
1.737917119
1.739503394
1.736557085
1.736810131
1.730679245
1.735780163
1.706179973
1.706266463
1.706216045
1.706139242
1.728304466
1.724837607
1.718230639
1.717157456
1.71727505
1.717557349
1.716657781
1.708675281
1.704878374
1.70494038
1.704814774
1.704808502
1.705092524
1.705005367
1.715333156
1.706310808
1.706308893
1.706102195
1.706109949
1.706106851
1.706018528
1.713046249
1.710524915
1.709914918
1.711156177
1.711734902
1.710526998
1.7062445
1.70622349
1.704567227
1.704630385
1.704552
1.704864746
1.704823065
1.735823713
1.704630231
1.704633865
1.704654331
1.716040355
1.723580891
1.715242256
1.706169017
1.706230201
1.706233942
1.706150636
1.704581386
1.704601579
1.705192586
1.706247105
1.706199662
1.727570145
1.710116437
1.713167285
1.711061088
1.732971721
1.706305587
1.705596609
1.705785505
1.705919772
1.705796678
1.724405768
1.706039503
1.705660454
1.705621448
1.705435135
1.705439319
1.705477236
1.705511635
1.70520649
1.715014624
1.71495646
1.704935213
1.72970812
1.729386383
1.704874825
1.706099418
1.70601598
1.705952315
1.716350452
1.718312822
1.719986996
1.714155645
1.705343684
1.71753374
1.715629979
1.706190357
1.706300456
1.706294368
1.705202417
1.713449444
1.706227009
1.718216983
1.724915059
1.705523273
1.704644266
1.704691164
1.712349354
1.711476083
1.720129173
1.720000505
1.722321088
1.712219327
1.712189412
1.705552649
1.706803926
1.704749391
1.704841477
1.732656034
1.734257415
1.730834502
1.730777102
1.730610808
1.706296301
1.70607234
1.706006623
1.717353396
1.712788303
1.713594502
1.713679763
1.713859776
1.712726324
1.70496182
1.705018849
1.704899853
1.705164558
1.711751685
1.706232855
1.706232744
1.705961591
1.705967468
1.705748838
1.70540894
1.708503202
1.708947471
1.708209026
1.708627617
1.708835922
1.708648004
1.706096645
1.70470329
1.704657335
1.70483025
1.705221823
1.705073383
1.727873057
1.704722221
1.704695653
1.704684681
1.709010499
1.706347166
1.717424767
1.709377578
1.705177579
1.706266635
1.70618893
1.706067584
1.704679193
1.704736063
1.705612665
1.706341211
1.706308056
1.717581972
1.709693216
1.72640185
1.706235073
1.705718176
1.705846974
1.705860207
1.705411984
1.706025235
1.706238268
1.705067232
1.705047572
1.704994426
1.705350607
1.711993314
1.722866855
1.705901845
1.70575459
1.705728087
1.712169746
1.713438746
1.71470099
1.710999817
1.705480933
1.713024821
1.711615792
1.706071993
1.706228705
1.706234287
1.704771192
1.711272377
1.710535952
1.706387994
1.705907795
1.707152182
1.705632176
1.706075385
1.705120694
1.712860532
1.717326701
1.705670911
1.704770234
1.704752902
1.709539933
1.713752374
1.713981388
1.708002311
1.707027525
1.70557903
1.705677375
1.704840645
1.704998492
1.704968598
1.725125143
1.726753208
1.721327556
1.706213057
1.70590249
1.70574824
1.711822765
1.71025064
1.709656802
1.710654849
1.709585072
1.705059462
1.705126012
1.705324748
1.706054128
1.706062077
1.70574252
1.705410174
1.704764029
1.707219617
1.707196056
1.706815657
1.706488222
1.707756044
1.707035395
1.705927252
1.704889281
1.704856838
1.705094168
1.705667232
1.705395805
1.716149689
1.712631656
1.704876147
1.704823792
1.704777242
1.70640369
1.70640096
1.704799012
1.704507303
1.705877299
1.705950183
1.705714369
1.705644338
1.704847165
1.704925522
1.706028111
1.706397079
1.706349721
1.706359762
1.708742354
1.714849136
1.706068254
1.705792362
1.705776716
1.704969555
1.706290924
1.70461684
1.704514764
1.705532172
1.7054483
1.705282744
1.705318026
1.710609678
1.709762848
1.710935848
1.708869492
1.708589889
1.70798732
1.706071548
1.706088294
1.708973395
1.709582723
1.708404082
1.70571429
1.706090225
1.705204638
1.705379525
1.705580092
1.70637901
1.70578401
1.705153794
1.705783272
1.70454766
1.704487635
1.705177384
1.705262025
1.705783611
1.704978633
1.704881241
1.707104637
1.709291419
1.709024159
1.705798216
1.705762541
1.705712707
1.705822483
1.704984328
1.705200852
1.705123607
1.709244747
1.706185264
1.705878721
1.70569642
1.705608611
1.705418647
1.705401031
1.708727018
1.707827789
1.708284088
1.708165877
1.707926286
1.706949025
1.705260795
1.705509427
1.705796035
1.705806193
1.704958839
1.704203684
1.705641854
1.705845675
1.70582636
1.705539055
1.705142265
1.70544941
1.705869825
1.70574452
1.70590316
1.705025307
1.704936536
1.706361267
1.704216705
1.705333759
1.705359808
1.705530659
1.705003627
1.704998097
1.705172491
1.706209154
1.706337623
1.706368479
1.70626803
1.706188948
1.705245886
1.705843474
1.705767563
1.70447176
1.706331542
1.704207607
1.704159225
1.705698797
1.704797017
1.704631848
1.704700025
1.707994829
1.707457889
1.705873639
1.705891156
1.705768875
1.707271402
1.705385594
1.705699878
1.704706635
1.705238808
1.704854389
1.705647051
1.706324943
1.705750108
1.7053799
1.705326927
1.704773943
1.705528387
1.705414273
1.705449935
1.70395631
1.704765801
1.704263049
1.704135541
1.703922288
1.704503615
1.705802121
1.705193685
1.705095055
1.706077769
1.705418899
1.706054969
1.706582234
1.705882674
1.705846964
1.705935085
1.705498203
1.705305064
1.705254357
1.705930287
1.70521303
1.705333838
1.704961691
1.704957808
1.706383371
1.706600055
1.705924375
1.706591683
1.705784025
1.705610284
1.705628063
1.705792559
1.705461854
1.705492949
1.704401513
1.703872097
1.703873671
1.70556144
1.705632615
1.705778885
1.705457042
1.705484325
1.705671002
1.706210945
1.705550912
1.705240321
1.706180135
1.704520895
1.70480189
1.70419387
1.704203746
1.705465975
1.705740456
1.706195661
1.706341989
1.704539697
1.704857089
1.70392635
1.706356729
1.704012964
1.703882864
1.704039067
1.705991152
1.705941913
1.70594808
1.705966439
1.705099586
1.70496476
1.705679908
1.704100151
1.704818615
1.705451128
1.704305604
1.706148134
1.706172249
1.705602216
1.705572913
1.705543205
1.704229719
1.705055753
1.706313565
1.705179962
1.705015824
1.704978807
1.705030875
1.703659447
1.703588924
1.703970342
1.703579232
1.705650827
1.705514047
1.705337636
1.705404571
1.705403001
1.705973413
1.705980587
1.70596252
1.706017306
1.705810164
1.705556356
1.704713574
1.705924715
1.705604944
1.704205904
1.704297754
1.704915193
1.704412367
1.704367096
1.705980482
1.705904771
1.705844168
1.705736682
1.705950893
1.705500973
1.705624548
1.705958051
1.705028529
1.703858757
1.703579184
1.705589358
1.705507265
1.705711479
1.705429112
1.705436607
1.706152558
1.705557941
1.703539168
1.703878271
1.70331569
1.703367665
1.70594566
1.70622118
1.704293008
1.703527539
1.70629495
1.703207382
1.703165283
1.703436452
1.705993391
1.706015254
1.706004193
1.706019875
1.704426743
1.704399473
1.70562777
1.70348433
1.704342451
1.705100919
1.703779698
1.705909282
1.705836225
1.70593302
1.705837405
1.705772259
1.705777697
1.703919731
1.704438709
1.706345217
1.705299635
1.704906979
1.705418128
1.705938577
1.705844918
1.704444988
1.704535691
1.704409219
1.70447202
1.703297019
1.703592772
1.703268936
1.703254072
1.705341528
1.705893687
1.705689034
1.705439809
1.705407173
1.706013062
1.706039896
1.706037977
1.706049724
1.706025901
1.705890207
1.704536756
1.705545229
1.703237798
1.703160371
1.703574855
1.703783899
1.70373276
1.703817094
1.705987454
1.705941929
1.705729256
1.705590134
1.703284271
1.703241271
1.705535122
1.705462179
1.705643212
1.705418005
1.706297074
1.705940908
1.702644785
1.702876219
1.702538763
1.702632765
1.706236415
1.705885174
1.706172722
1.704021519
1.702562746
1.702795893
1.70603703
1.706046302
1.70603146
1.706040653
1.703812889
1.705560369
1.703021886
1.703890235
1.704671167
1.703349741
1.705527284
1.705997563
1.706031154
1.703630425
1.703776169
1.706283298
1.705016359
1.705426287
1.706069022
1.70594915
1.70583023
1.705917303
1.703830406
1.70393687
1.702947248
1.7029721
1.703278974
1.702885894
1.704902943
1.706202134
1.706063613
1.705487629
1.706012909
1.706041478
1.70604261
1.706058696
1.70607258
1.706147191
1.704520069
1.704202566
1.705084482
1.702129743
1.702436461
1.702173988
1.702799359
1.70311877
1.703198679
1.703207085
1.705779005
1.705664154
1.702929292
1.705476997
1.705424352
1.705575886
1.705417354
1.706283924
1.706211947
1.701949694
1.702040695
1.701987072
1.702157509
1.706282308
1.705449585
1.70587772
1.703673958
1.702247152
1.702491478
1.706036669
1.706019172
1.70602821
1.703222127
1.705501999
1.70275448
1.703525048
1.70423584
1.703064343
1.705071639
1.706081418
1.70612885
1.703312476
1.702931598
1.703368029
1.706013297
1.705468739
1.706090301
1.706000278
1.705912056
1.703263409
1.703109951
1.702543473
1.702621702
1.70297183
1.702646487
1.702566095
1.704418982
1.70624852
1.706227733
1.705576468
1.70603468
1.706022356
1.706012805
1.705967743
1.706014747
1.706128718
1.703933508
1.703842789
1.704552586
1.701284806
1.701447551
1.701749781
1.701490746
1.702013368
1.702596602
1.702568971
1.705843611
1.705751652
1.705440306
1.705410104
1.705508766
1.705444547
1.70575342
1.706020571
1.706187113
1.701548129
1.701446077
1.701723593
1.701946089
1.704760394
1.705427418
1.703216193
1.702157535
1.702399616
1.705975014
1.70595652
1.702553063
1.702655265
1.703860827
1.702917503
1.706040949
1.706053671
1.70259484
1.705522007
1.705991235
1.70602029
1.705972627
1.70310905
1.70356081
1.702052521
1.702268019
1.701963929
1.702278684
1.702653323
1.702042731
1.703973129
1.705889782
1.705890775
1.70565144
1.706008874
1.705944076
1.705881605
1.705858488
1.705921435
1.705820215
1.703959504
1.703304747
1.703266986
1.701002789
1.700795763
1.700802992
1.700866133
1.701058399
1.701153434
1.701822342
1.7019464
1.701847765
1.70592429
1.705814188
1.705450868
1.705416532
1.705418671
1.705471635
1.70531114
1.70500751
1.701456468
1.701201945
1.701732558
1.701974312
1.704153236
1.702674053
1.702249929
1.702455025
1.705815859
1.702665262
1.702861385
1.705828301
1.705593405
1.705834764
1.705992012
1.705996462
1.702997544
1.703371468
1.701426675
1.705553477
1.700864635
1.701907416
1.701414892
1.701458401
1.702037499
1.703626434
1.705255319
1.705136645
1.705736951
1.705907038
1.705788085
1.705610552
1.705699565
1.705622302
1.705271812
1.703224547
1.702600855
1.700951934
1.700708433
1.700380306
1.700491824
1.700361081
1.700377591
1.701335653
1.700876762
1.705885611
1.705964549
1.70540429
1.705412937
1.705488919
1.705533002
1.704386501
1.704410434
1.704364921
1.701600083
1.701263402
1.701920416
1.702155839
1.703371277
1.70238852
1.702538658
1.705572281
1.702676403
1.702803684
1.705685163
1.705874164
1.705966807
1.702842012
1.703181413
1.705195978
1.701990681
1.705809661
1.700088705
1.700131498
1.700886699
1.700815355
1.701373073
1.700859293
1.703338561
1.704253962
1.704443151
1.704030376
1.705832566
1.705629491
1.705232043
1.705103411
1.704479367
1.702386195
1.700862897
1.701132535
1.700558506
1.700286434
1.700095061
1.699971473
1.7003212
1.70591886
1.705935022
1.705392404
1.705460284
1.705642092
1.705587421
1.703341569
1.703249697
1.701472462
1.701786579
1.702012183
1.702180276
1.702323638
1.702347051
1.702412858
1.702509376
1.705311474
1.702562659
1.702637147
1.705779283
1.702565037
1.702968211
1.704750806
1.701493303
1.70578073
1.705438618
1.699753685
1.699817216
1.69969456
1.69979101
1.70029663
1.700319653
1.700762605
1.700199221
1.703030651
1.702970306
1.703397805
1.703508746
1.702953439
1.705859489
1.705127565
1.704401245
1.704296868
1.704720252
1.703872057
1.701422582
1.701108259
1.700808477
1.701359231
1.70048439
1.700190725
1.700000697
1.699935282
1.705874877
1.705441899
1.705551671
1.705752063
1.705672211
1.702124618
1.702033488
1.701641449
1.701857774
1.701998481
1.702139507
1.702179928
1.701289062
1.702157538
1.702242567
1.702214275
1.702280067
1.702095298
1.70264724
1.705675105
1.705472207
1.704993968
1.704799679
1.6997005
1.699818649
1.700034459
1.699570864
1.699566262
1.699752831
1.700483499
1.700041197
1.699700175
1.702580513
1.701580723
1.701978559
1.702430992
1.702548316
1.702944632
1.701997219
1.705784609
1.705778346
1.704405083
1.703400488
1.703919744
1.703453516
1.701028511
1.701237289
1.70077322
1.70142101
1.700485266
1.700294834
1.705545538
1.705654966
1.705726894
1.700900437
1.700998958
1.70156682
1.701632224
1.701629348
1.701755556
1.701681669
1.701567648
1.701678576
1.701679534
1.701509416
1.701580055
1.701382959
1.702156923
1.705539827
1.705277691
1.704773366
1.704342082
1.704071355
1.701509245
1.699764848
1.700009023
1.700149654
1.700394558
1.699559693
1.699464998
1.700123059
1.699826247
1.699597509
1.699504127
1.70188211
1.700679508
1.70106092
1.701230419
1.701753442
1.701584681
1.702126276
1.702517466
1.705677045
1.703605764
1.702680065
1.703107828
1.700925406
1.701037836
1.701047294
1.700754508
1.701141357
1.700612529
1.705642934
1.705683372
1.700307216
1.701114738
1.701008664
1.700878433
1.701007208
1.70083706
1.700660514
1.700760757
1.700665731
1.70081079
1.700687961
1.70053111
1.705133418
1.705435842
1.704125016
1.704556206
1.70366879
1.703374502
1.700767309
1.700141632
1.699876569
1.700374191
1.700489101
1.700640073
1.699665097
1.699609228
1.699798301
1.699982235
1.69962127
1.699557062
1.700892321
1.700535497
1.700239997
1.700738374
1.70104025
1.701223989
1.70153285
1.70186097
1.702055026
1.70554301
1.702894136
1.702435064
1.700702289
1.700769912
1.700765041
1.700622075
1.70042959
1.700711649
1.700455739
1.705663763
1.700267405
1.700036879
1.699868864
1.699967465
1.699761938
1.699570588
1.699745001
1.699686276
1.699869695
1.699766988
1.699668527
1.704773107
1.705142885
1.703525562
1.703979177
1.704258304
1.703082273
1.702784467
1.699837583
1.698866719
1.700246004
1.700434777
1.700034468
1.700542278
1.700592052
1.700555735
1.69994872
1.699817695
1.700023313
1.699867476
1.700179585
1.69974536
1.699841164
1.699754193
1.700378639
1.700585873
1.700821593
1.701010598
1.701229679
1.701470106
1.701642377
1.701960141
1.705311647
1.70554166
1.702331211
1.700371176
1.700139448
1.700104346
1.700416609
1.699780254
1.69945557
1.699444988
1.699142719
1.698997425
1.698708402
1.69883641
1.698673417
1.698564563
1.698789547
1.698814478
1.698998938
1.698952768
1.704681229
1.70496741
1.703036415
1.703458662
1.703756641
1.704224816
1.702650062
1.702410379
1.698940634
1.698236145
1.698338776
1.702116609
1.700307137
1.700407495
1.700430786
1.700240251
1.700309754
1.700279061
1.700017027
1.700148366
1.700072329
1.700382044
1.700287557
1.700161605
1.700517376
1.700127466
1.698658041
1.700737598
1.700866385
1.701070401
1.701204161
1.701355003
1.701506444
1.701688082
1.701919567
1.705280863
1.699648738
1.699559662
1.699176179
1.699078981
1.69867843
1.698308359
1.698328085
1.69811802
1.697983912
1.697876313
1.697710633
1.697870774
1.697826504
1.697856819
1.698140236
1.698161708
1.698358137
1.704483081
1.704903996
1.70269696
1.703055404
1.703354152
1.703822717
1.702398605
1.702201581
1.698200215
1.697787178
1.697941797
1.697991039
1.70198394
1.700260175
1.700243147
1.700179676
1.700139968
1.699951116
1.700278383
1.699599342
1.699509773
1.699044857
1.700294418
1.700342654
1.700775994
1.70065098
1.70055039
1.700416076
1.700992045
1.697785345
1.701162753
1.701354378
1.701456145
1.701590063
1.701688054
1.701820925
1.704897818
1.698524655
1.698484101
1.697981761
1.69792423
1.697554248
1.697248228
1.697246982
1.697098071
1.697187549
1.6971203
1.697147224
1.697322011
1.697472819
1.697714923
1.697877886
1.704156303
1.702787723
1.702514436
1.703073754
1.703524885
1.702312186
1.702159322
1.697654511
1.6974444
1.69767577
1.697813624
1.697831418
1.702024482
1.699811492
1.699753804
1.700023147
1.699430915
1.699489928
1.699027053
1.700188773
1.698541106
1.698395469
1.69782587
1.7002545
1.700426982
1.700945987
1.701152747
1.700765641
1.700568426
1.701350995
1.697204311
1.701508997
1.701646375
1.701771069
1.701833175
1.701905708
1.704432437
1.697400202
1.696987681
1.696923957
1.69670145
1.696572443
1.696638056
1.696672365
1.696778493
1.696920882
1.697140055
1.697314161
1.697563243
1.697760159
1.703754359
1.702645451
1.702872133
1.702460205
1.703230286
1.702336731
1.702216238
1.697254902
1.697378717
1.69706117
1.697656039
1.697811891
1.697927064
1.70215839
1.699330336
1.698935121
1.698856249
1.699656406
1.69834378
1.698466028
1.697870567
1.699785261
1.697376913
1.697226209
1.696837332
1.700156701
1.700834558
1.701062976
1.701356965
1.700498627
1.701597238
1.696841266
1.701771393
1.701904582
1.701991386
1.702056444
1.703979662
1.696500303
1.696335576
1.696362762
1.696382643
1.696523356
1.696632572
1.696869157
1.696991343
1.697291753
1.697603797
1.697693379
1.697875065
1.703412253
1.702758002
1.702588541
1.703023578
1.702452511
1.702330941
1.696978747
1.697336328
1.696685336
1.697601579
1.69794539
1.69815268
1.702232897
1.702420904
1.698308994
1.698751241
1.697812867
1.697784282
1.698913872
1.697205373
1.697299861
1.696790315
1.699388131
1.696433762
1.696368836
1.696182401
1.699888952
1.700599428
1.700324179
1.701033438
1.701414434
1.701700667
1.696533043
1.701846695
1.702018893
1.70213571
1.703595059
1.696147685
1.696289446
1.696431474
1.696756345
1.697112475
1.697549151
1.697696908
1.698022409
1.698238407
1.698188375
1.703172571
1.702679165
1.702884205
1.702547268
1.702293898
1.696441235
1.696797065
1.697069593
1.696196541
1.697601515
1.69809556
1.698405836
1.702138747
1.702289579
1.702450251
1.697674628
1.69719794
1.697857928
1.696822035
1.69835687
1.696443888
1.696325877
1.696090831
1.698935998
1.6960004
1.696025636
1.696143924
1.699468636
1.699753937
1.700330332
1.700862475
1.701311405
1.701459109
1.696137452
1.701761549
1.702012947
1.70329881
1.696452272
1.696875464
1.697123606
1.697575582
1.698086438
1.698482904
1.698550531
1.698715779
1.698637675
1.702993666
1.702759865
1.702570614
1.702073429
1.696043989
1.695761253
1.696226345
1.696829195
1.69561959
1.697553426
1.698248832
1.701797903
1.702227189
1.701972808
1.702369113
1.696749836
1.696912848
1.696452249
1.697312372
1.696179759
1.697841898
1.696024453
1.695981098
1.696046209
1.698379332
1.696258706
1.696335962
1.696769239
1.698644822
1.699311753
1.700016887
1.700653943
1.701020558
1.695612337
1.701567126
1.703065901
1.697313393
1.697899451
1.698151467
1.698627339
1.699024325
1.699162744
1.699038891
1.698698534
1.702822646
1.702594088
1.701619154
1.695175266
1.695223145
1.695016856
1.695734659
1.696474311
1.695032398
1.697278662
1.697858112
1.701195393
1.702009206
1.701838819
1.70144364
1.702337473
1.69503426
1.696281211
1.696376806
1.696578794
1.696167641
1.696887971
1.696150509
1.697351372
1.696254351
1.696350642
1.696860508
1.697468912
1.697151533
1.69777533
1.69815037
1.698896154
1.699608192
1.700070322
1.700862074
1.695047976
1.702833618
1.698437933
1.69899289
1.699154995
1.699418485
1.699445035
1.699152024
1.698766986
1.7026101
1.700954128
1.694382197
1.694261825
1.694624641
1.694400919
1.695162778
1.695871317
1.694543712
1.696418235
1.697688128
1.700377904
1.701358902
1.701595988
1.701989053
1.700807206
1.702332601
1.696401407
1.696436376
1.696394685
1.696442421
1.696508844
1.69662116
1.696754142
1.697068012
1.69726066
1.698011154
1.69718873
1.696760569
1.698350331
1.69891147
1.697788982
1.698480287
1.698992201
1.699936669
1.694398048
1.694635372
1.702527207
1.699405242
1.699693426
1.699625058
1.699483894
1.698999443
1.698260833
1.700155844
1.693703004
1.693899646
1.693682498
1.693942263
1.694121566
1.694386794
1.694760092
1.696006672
1.696625086
1.699452965
1.701029324
1.700671087
1.701508561
1.701990678
1.700052985
1.694220984
1.697138784
1.69707444
1.696841151
1.69661315
1.696493034
1.697429938
1.696512644
1.697792283
1.698200105
1.698423036
1.699128864
1.696619208
1.696965012
1.699365967
1.699654858
1.69750071
1.697990391
1.698925274
1.694446397
1.694513356
1.702076953
1.699727701
1.699356546
1.69947597
1.698637079
1.697664877
1.699329172
1.693351371
1.693644963
1.693908317
1.693199743
1.693263007
1.693362981
1.694204981
1.694647957
1.695748428
1.698564264
1.700927061
1.700395945
1.699984254
1.701478706
1.699348259
1.694379683
1.694665395
1.699366471
1.698217226
1.698155001
1.6977705
1.697382777
1.697047286
1.696934091
1.698522573
1.696726627
1.698904034
1.699258904
1.699422535
1.699742421
1.69669648
1.696936717
1.699762799
1.699610556
1.697291888
1.698012907
1.694793805
1.6947173
1.701478481
1.699122941
1.69841798
1.697963672
1.696929157
1.698686739
1.693206665
1.693689682
1.694148163
1.692864177
1.692674361
1.692740865
1.693035747
1.693900806
1.693105319
1.694900967
1.698123666
1.697762936
1.700871322
1.700313114
1.699782056
1.698787104
1.695040085
1.695168307
1.695318283
1.699252655
1.698891732
1.698960522
1.699236428
1.699251869
1.698518262
1.698090457
1.697912355
1.697484721
1.699473903
1.697108087
1.699683122
1.699812096
1.699790707
1.699517498
1.696982813
1.697113273
1.699252108
1.698598111
1.697359731
1.695288951
1.695114122
1.700760762
1.697619898
1.696591371
1.695988783
1.69825067
1.693324208
1.69395365
1.694595145
1.692987236
1.69254423
1.692349262
1.692280239
1.692496321
1.693129752
1.693995394
1.697855133
1.697596618
1.700225355
1.699729078
1.698456062
1.695695502
1.696057217
1.696003914
1.69595064
1.699214651
1.698858037
1.698629456
1.69984956
1.699612016
1.699926166
1.699882867
1.699270533
1.699085669
1.698633802
1.698071837
1.699875036
1.697644509
1.699777624
1.699459617
1.699492174
1.699066169
1.698296896
1.6975851
1.69747659
1.697860788
1.696842824
1.695782705
1.695622403
1.695449337
1.699993761
1.695629586
1.694561367
1.698139086
1.694138429
1.694489336
1.695224431
1.693410789
1.692791502
1.692552789
1.692208224
1.69220736
1.692590129
1.692983969
1.698017372
1.697926238
1.699588781
1.698410517
1.696750433
1.696471645
1.696807306
1.696588164
1.696317798
1.698823581
1.699119908
1.698662814
1.698588471
1.696496612
1.700106912
1.700195375
1.700122389
1.699904855
1.699773123
1.700055984
1.69968537
1.699248205
1.698672461
1.699471547
1.698473887
1.698980418
1.698392514
1.698183536
1.697415079
1.696481704
1.698112181
1.695974255
1.694863414
1.695962781
1.695573966
1.695410019
1.699258895
1.693775923
1.698367496
1.695733273
1.694979734
1.695905215
1.69415338
1.693845461
1.693081171
1.692483855
1.692261891
1.692339241
1.692664457
1.698508318
1.698584275
1.698975691
1.698602691
1.697263464
1.69735558
1.697485011
1.69699055
1.69667472
1.696222293
1.698601762
1.698703154
1.698606402
1.698678515
1.697320331
1.698706294
1.699961197
1.699504394
1.700245452
1.70032221
1.699046211
1.698808627
1.700330218
1.700131345
1.699604501
1.700003536
1.699406654
1.698215405
1.698965938
1.697453183
1.696663879
1.696391536
1.695514077
1.694638248
1.694179705
1.69327138
1.695606144
1.69496049
1.694975709
1.698606602
1.698781605
1.697272305
1.696727481
1.695995556
1.695691994
1.694819757
1.693862742
1.693127664
1.692935364
1.692620019
1.692597572
1.699066651
1.699269913
1.698860627
1.697028415
1.697475679
1.697749095
1.698010664
1.69650378
1.696222896
1.69570201
1.698453188
1.698421352
1.698557863
1.698202855
1.698356099
1.698814994
1.698479928
1.69278227
1.699452963
1.698792467
1.698176326
1.699650409
1.700048802
1.697408275
1.697151278
1.700260323
1.700219266
1.700115173
1.69995072
1.699641073
1.696427638
1.695608567
1.694869348
1.694629972
1.693925474
1.693348237
1.693111755
1.694645652
1.694777808
1.694147923
1.694109858
1.698132008
1.69912445
1.698084986
1.697696782
1.697584991
1.696737352
1.695920594
1.694888546
1.69453005
1.693774264
1.693208624
1.693148937
1.699397735
1.699600204
1.699019869
1.696755719
1.696074129
1.697101992
1.697749441
1.698093457
1.69541587
1.695185658
1.698277373
1.698180112
1.698534947
1.697860569
1.697966588
1.698508381
1.697920637
1.692971682
1.697918931
1.698114204
1.697040291
1.696990852
1.696180945
1.698829407
1.699413196
1.695446392
1.695264078
1.699517865
1.699793316
1.699729431
1.699753939
1.694629603
1.694029585
1.693589902
1.693427636
1.693122459
1.693010319
1.693640262
1.693658662
1.693942884
1.693263175
1.693147424
1.697784881
1.699136991
1.69867713
1.698781241
1.698473136
1.697868202
1.697750234
1.696856156
1.696560563
1.695635511
1.694771166
1.694495201
1.693884175
1.699141818
1.699269013
1.698645308
1.695381539
1.695816316
1.694643803
1.696853963
1.697771782
1.694003461
1.697914307
1.698548914
1.697048573
1.697379584
1.697610352
1.697736927
1.697050116
1.693753771
1.695772284
1.69604335
1.696921789
1.695044318
1.694914233
1.694276258
1.697741901
1.69789579
1.693807003
1.693743817
1.698619016
1.698602183
1.699048608
1.693398729
1.693248302
1.693181055
1.693177458
1.693355055
1.692705243
1.692814788
1.692879187
1.692736329
1.692602448
1.692430947
1.697458666
1.698508495
1.69886111
1.699153727
1.699113774
1.699070793
1.698624208
1.698354383
1.697562259
1.696681888
1.696365365
1.695450368
1.695297236
1.698208628
1.698187187
1.697734007
1.693756765
1.694080437
1.695068927
1.693152639
1.696240157
1.697289959
1.69777935
1.696535751
1.696079736
1.696972795
1.697280928
1.696578791
1.6945304
1.693883502
1.694029281
1.694839024
1.695681932
1.693407144
1.693340413
1.693087472
1.696012444
1.696929712
1.693005908
1.693080496
1.697564406
1.693188125
1.693172341
1.693419817
1.693811785
1.693926999
1.692148167
1.692257459
1.692383324
1.692124256
1.692350611
1.692219986
1.697038499
1.697338912
1.698606271
1.699144093
1.699294827
1.699360672
1.699274639
1.698892454
1.698279811
1.697875694
1.69699807
1.696216817
1.696784971
1.696601704
1.696487963
1.692547078
1.692395798
1.693237788
1.694274162
1.695386557
1.695855284
1.696991734
1.695741536
1.696373445
1.695155217
1.695512388
1.695383051
1.692839597
1.692813108
1.693242476
1.69385572
1.694175511
1.692729325
1.692794033
1.692978072
1.695007462
1.695903181
1.693311087
1.693471155
1.693880452
1.693992317
1.69453174
1.6951732
1.691900513
1.692140073
1.692368253
1.692426595
1.691765841
1.692523329
1.692549582
1.69638847
1.695931143
1.697956832
1.698237287
1.69887093
1.698923588
1.69913108
1.699009445
1.698748865
1.698248983
1.697584242
1.696951873
1.695282633
1.69504284
1.695252709
1.691709671
1.691921757
1.692511587
1.693344353
1.693680554
1.694763708
1.695910927
1.695041549
1.695636102
1.694606723
1.694665408
1.696724142
1.692812592
1.692730027
1.692883993
1.693102861
1.693617892
1.69322165
1.6934238
1.693993254
1.694332401
1.694654699
1.694783457
1.695339019
1.695478489
1.696088452
1.692369715
1.692007301
1.692743965
1.692949462
1.69286743
1.691818851
1.692976511
1.69346918
1.693202268
1.695651958
1.694695218
1.696410088
1.697469653
1.698101338
1.698568118
1.698526979
1.698529031
1.698321403
1.697988839
1.697859545
1.694186029
1.69394697
1.694399417
1.691538751
1.69151005
1.69187369
1.691888865
1.69253442
1.693595012
1.694104839
1.695045631
1.69468843
1.694363673
1.694576607
1.69747844
1.693982808
1.693377464
1.693101947
1.693141169
1.693201902
1.693491957
1.69471783
1.695010882
1.695863186
1.69651051
1.696422555
1.697012251
1.697032649
1.69338376
1.692976233
1.692812081
1.693703854
1.693746955
1.693516135
1.692160826
1.694058539
1.69389299
1.693748766
1.695039923
1.694045724
1.69523389
1.696332264
1.697068943
1.697262373
1.697731721
1.69805521
1.698157594
1.698135171
1.698162027
1.693874548
1.693699515
1.694230736
1.691582481
1.691257659
1.691220949
1.691737973
1.692135571
1.693029663
1.694778785
1.694772121
1.694673485
1.695016237
1.698063112
1.695173449
1.695840785
1.694965178
1.694326481
1.694219423
1.693851184
1.693692726
1.69664604
1.696992623
1.697826486
1.697937952
1.698110178
1.694579185
1.694206029
1.694425439
1.693551776
1.694614006
1.694409464
1.692650508
1.694599839
1.694224404
1.693899293
1.693809164
1.694766729
1.694355318
1.694125912
1.695055044
1.695357025
1.696135494
1.696783593
1.697372575
1.697356694
1.697783076
1.698150708
1.694360673
1.69476537
1.69186472
1.691431909
1.691071697
1.691114068
1.691510332
1.692270066
1.694856636
1.695426822
1.695710531
1.698332611
1.695182514
1.695740681
1.697687756
1.696865703
1.696112289
1.695903501
1.695243908
1.694702277
1.698257253
1.698415905
1.698693897
1.698559697
1.695378482
1.695392216
1.695146089
1.695930569
1.69426965
1.695058142
1.693324854
1.694110138
1.694754892
1.693820052
1.693408412
1.693213071
1.694888504
1.695339988
1.693075843
1.693389615
1.694273987
1.695119167
1.695867588
1.696216846
1.697147509
1.697515145
1.695589977
1.695723396
1.692689061
1.691593338
1.691287313
1.691110599
1.691309107
1.691836611
1.696300316
1.696361262
1.698077152
1.695549648
1.696162198
1.698393503
1.69881096
1.697715254
1.697612002
1.696837399
1.696143444
1.698954571
1.69887674
1.698430464
1.695949807
1.6954478
1.696301395
1.695798527
1.696224193
1.695045809
1.694429949
1.693006198
1.693753701
1.693042437
1.694606279
1.692796049
1.692519336
1.69210845
1.695282819
1.696514254
1.691943723
1.692723396
1.693466111
1.694127605
1.694484572
1.695556266
1.695945511
1.696664009
1.696864193
1.696702699
1.693052527
1.692504208
1.691845409
1.691511425
1.691535887
1.69692204
1.696623199
1.697130869
1.69588335
1.696269006
1.698641443
1.698854959
1.698797136
1.697956136
1.698364458
1.697417806
1.698442995
1.698160534
1.695508631
1.696594782
1.696369327
1.69633527
1.695285998
1.695965402
1.694855734
1.691573083
1.692081554
1.692989312
1.691699683
1.694080972
1.691581947
1.691541414
1.690972226
1.690757917
1.695623448
1.697357378
1.692038037
1.691930598
1.692428001
1.692831025
1.693046038
1.693865353
1.694146842
1.694782649
1.695210257
1.697673865
1.697276228
1.694287509
1.693361013
1.69266118
1.692236358
1.697050541
1.696815801
1.696389527
1.69650402
1.695910411
1.695929127
1.698251472
1.698382592
1.698157456
1.697610651
1.698011978
1.698197261
1.696733906
1.696192972
1.696608714
1.695206558
1.696629119
1.693388545
1.696386475
1.695908724
1.690250314
1.690444426
1.691035035
1.692019965
1.690524972
1.690600962
1.690365568
1.690374898
1.690177528
1.695629893
1.697508724
1.692333985
1.692446007
1.693073034
1.692366699
1.692381221
1.692624357
1.692701103
1.693051854
1.693215286
1.6940559
1.697658423
1.697054484
1.695699652
1.694969663
1.694274756
1.693667018
1.696276204
1.696292788
1.695662974
1.694929521
1.695529303
1.695178853
1.697072552
1.697386535
1.697037525
1.696483672
1.695612196
1.697627818
1.694075336
1.694559007
1.695624387
1.695954748
1.692935773
1.696392841
1.691027032
1.696481071
1.696386816
1.689555838
1.689344919
1.689433049
1.689971902
1.689910796
1.690695335
1.690473412
1.690695757
1.690094393
1.69514691
1.696776324
1.693170973
1.692850171
1.693651566
1.694605778
1.692666545
1.692285118
1.692082211
1.692028695
1.691962993
1.692278749
1.692875707
1.696748937
1.695908876
1.69614084
1.695693928
1.695198867
1.695202726
1.695032858
1.694592385
1.694809927
1.694192693
1.693979638
1.695758665
1.695210362
1.696347179
1.695071464
1.694367947
1.693384668
1.692134259
1.692010974
1.693592933
1.694149648
1.695088643
1.690177413
1.695764688
1.689023973
1.695882293
1.696190218
1.689192471
1.689777505
1.688711178
1.688600847
1.691683299
1.691464676
1.691084136
1.691884162
1.690924881
1.694247813
1.695362647
1.694040568
1.694543386
1.693807359
1.695136919
1.695881429
1.693111155
1.692613306
1.69241923
1.691957265
1.691735299
1.691552969
1.691647627
1.695197327
1.694400111
1.696273172
1.696165607
1.69393086
1.693649439
1.693476306
1.693184853
1.693239596
1.693846495
1.694556103
1.693312036
1.693089935
1.692471019
1.691836064
1.691380347
1.691095001
1.689351103
1.691738653
1.692902812
1.693975987
1.688291256
1.694262397
1.688033917
1.695044079
1.695672693
1.689205938
1.690078323
1.688391995
1.692842241
1.692944787
1.692597056
1.692651019
1.693404186
1.691875229
1.693245603
1.69374008
1.695413529
1.69521354
1.695859934
1.694555442
1.696238095
1.69629931
1.693866193
1.693550017
1.692853176
1.692519364
1.691946447
1.69152828
1.693499828
1.692987952
1.696076817
1.692844091
1.692534029
1.692650512
1.69256608
1.692593876
1.692637978
1.69281672
1.692360543
1.691884559
1.691742566
1.691453998
1.691357527
1.691807808
1.689461483
1.688898955
1.687883095
1.690510889
1.691634055
1.692066304
1.687821738
1.693027422
1.68839363
1.694003468
1.694850199
1.690894475
1.690574454
1.689368526
1.694104712
1.694118702
1.693967202
1.694359242
1.693878338
1.694410011
1.694301454
1.693083525
1.692508626
1.692414719
1.696346864
1.69625653
1.695868978
1.696441995
1.695297432
1.696134343
1.695533088
1.695011015
1.69430449
1.693991729
1.693213637
1.692463697
1.692243182
1.692077023
1.692213958
1.692040304
1.692296228
1.692435896
1.692512976
1.692464573
1.69184812
1.691749267
1.69153308
1.69147994
1.691457606
1.691616966
1.692151406
1.693199757
1.688661614
1.688081217
1.687831231
1.687981473
1.689509487
1.689870036
1.690914764
1.68881351
1.691740242
1.690035099
1.692810659
1.693751944
1.692751654
1.691490902
1.695046546
1.6947221
1.69541246
1.695423049
1.695063247
1.694267901
1.693847505
1.69389108
1.694932824
1.692300749
1.691798223
1.696422719
1.696320598
1.696471845
1.696289848
1.695643559
1.69612785
1.694674138
1.695673731
1.695477414
1.694808866
1.694016133
1.691703513
1.691952243
1.692295551
1.692301377
1.692598168
1.692824273
1.69289042
1.692697118
1.693106871
1.691682542
1.691661138
1.691866195
1.692191006
1.692286582
1.692951394
1.694021629
1.694898876
1.688334425
1.688087474
1.688177348
1.688272108
1.689485968
1.688558337
1.68907296
1.689740655
1.690942421
1.6906649
1.689812743
1.692500302
1.691502516
1.692473419
1.693938349
1.695302904
1.69489776
1.695895612
1.696161886
1.696283313
1.692585472
1.693521523
1.691957146
1.691898547
1.695892332
1.692636015
1.692098841
1.695462872
1.696004382
1.695109258
1.696325255
1.696341373
1.693666734
1.696340782
1.696340114
1.696067612
1.695551746
1.692136479
1.692634255
1.692979619
1.693193482
1.693336375
1.693507279
1.69349695
1.693541589
1.692489745
1.692605324
1.693129507
1.693703547
1.69390156
1.694982141
1.695774437
1.696206515
1.688601418
1.688617219
1.689335391
1.689667839
1.690474811
1.692015038
1.688514158
1.68862158
1.688650473
1.693522165
1.68945302
1.688911009
1.69491375
1.69020162
1.691311217
1.693863416
1.694934596
1.695867937
1.696258494
1.696622467
1.68962183
1.691251288
1.691336385
1.689554034
1.688901662
1.696459749
1.693262982
1.693196981
1.693485578
1.694435034
1.695238556
1.693001723
1.695514694
1.696086287
1.696355042
1.696416242
1.693294319
1.693901788
1.693959928
1.694344527
1.694172926
1.694161836
1.694021356
1.693880995
1.694003603
1.694168706
1.694825495
1.695441277
1.69568075
1.696464469
1.696666001
1.69654669
1.689950734
1.689330688
1.690181187
1.691641392
1.692080696
1.693156937
1.694479866
1.688874845
1.688751682
1.68843184
1.695613387
1.688555972
1.688322461
1.689240578
1.690626101
1.69256475
1.694095922
1.694668911
1.695780171
1.696442079
1.687254966
1.688616392
1.689250805
1.687551805
1.686459695
1.696425032
1.696475365
1.693744301
1.694634063
1.691075455
1.692024087
1.693218891
1.69369461
1.694682608
1.695542202
1.696149922
1.695088674
1.694811407
1.695226814
1.694723374
1.694465711
1.694133844
1.693798524
1.69543294
1.695744202
1.69630493
1.696694619
1.696788639
1.696806119
1.696378151
1.695693415
1.691237894
1.692146191
1.690386768
1.692473683
1.694049759
1.694425721
1.695285074
1.696045142
1.690101331
1.689320242
1.688571266
1.688104773
1.688055248
1.688496766
1.689048489
1.691220643
1.691959868
1.693483002
1.694742154
1.695042095
1.686913479
1.686459695
1.686459695
1.686920449
1.688623939
1.695791168
1.696202894
1.69371392
1.695847329
1.689485434
1.690796399
1.691430803
1.692558379
1.693751581
1.694804045
1.695814773
1.69512183
1.695446778
1.694666688
1.694178108
1.693714369
1.69320543
1.69642489
1.696695325
1.696898293
1.696820807
1.696721273
1.695900858
1.694925291
1.693849703
1.692647819
1.693605576
1.694417749
1.692353779
1.694702412
1.695672398
1.695875948
1.696183563
1.691168896
1.690159946
1.689042039
1.688311632
1.68797009
1.688034257
1.688206911
1.688919875
1.690526951
1.691972256
1.692414199
1.693643027
1.686459695
1.686459695
1.68687522
1.694744168
1.695518213
1.693027606
1.696237845
1.688992606
1.68946611
1.690393457
1.691528784
1.692695767
1.695651042
1.694622298
1.694826465
1.693853408
1.693269601
1.692811504
1.692255836
1.696401987
1.696482084
1.695926485
1.695674365
1.695059184
1.693849638
1.692684741
1.691532054
1.69463265
1.694860387
1.69558706
1.695887757
1.693645234
1.695950838
1.695936951
1.695885349
1.692533098
1.69228374
1.690954228
1.689843402
1.688931323
1.688406158
1.688331602
1.688227798
1.686856206
1.687965613
1.688989862
1.689441632
1.69066639
1.692084373
1.686459695
1.693381632
1.694381558
1.691870458
1.695542009
1.688438039
1.688879165
1.689626634
1.6904952
1.694417242
1.693451146
1.692559171
1.691996117
1.691672551
1.691263416
1.695232317
1.695088072
1.69382245
1.693479267
1.692539312
1.691394454
1.69038343
1.689481342
1.696048472
1.69558382
1.696123322
1.696065303
1.695850371
1.694832876
1.695463351
1.694586997
1.694532972
1.693478486
1.692183212
1.690974
1.690028637
1.689732892
1.688783383
1.688699472
1.686934959
1.686459695
1.687046555
1.687810127
1.689048457
1.69023166
1.691756536
1.692078649
1.690764245
1.690542083
1.693881248
1.688544103
1.688608876
1.689005849
1.692645219
1.691647716
1.690999207
1.690710487
1.690635406
1.693186173
1.692868848
1.691292153
1.690974649
1.690117693
1.689308289
1.688774947
1.688512105
1.688473773
1.696275348
1.696065751
1.696137683
1.695843431
1.694715149
1.694272812
1.696003288
1.693291895
1.695442693
1.694541648
1.693420294
1.692375148
1.691960154
1.690517672
1.690224694
1.689495278
1.686459695
1.686459695
1.687052084
1.687218406
1.68887364
1.68924701
1.690470742
1.690312663
1.690274542
1.69006695
1.691726717
1.688920131
1.68857246
1.690648078
1.689996361
1.689777383
1.68986364
1.690828909
1.690432759
1.689139365
1.688919048
1.688437966
1.688177557
1.68825118
1.688873154
1.688645932
1.695986302
1.695428965
1.694569131
1.696086277
1.69411984
1.692181989
1.691653471
1.696181239
1.695971776
1.695432249
1.694639181
1.694391297
1.693290692
1.692470923
1.691348107
1.692428447
1.690401788
1.686459695
1.686459695
1.687162524
1.686997001
1.68796429
1.68882347
1.690787959
1.690814107
1.690232492
1.689728646
1.689696534
1.689521678
1.689131542
1.689040502
1.6893079
1.688856452
1.68858099
1.687984843
1.687947784
1.68801813
1.688430409
1.689171848
1.690439494
1.690072054
1.694609407
1.694324675
1.693166921
1.691940257
1.69545012
1.691416917
1.689309437
1.695878321
1.696131384
1.695990533
1.69588972
1.695390489
1.694734763
1.694561048
1.693714331
1.692592405
1.691456147
1.686459695
1.686897775
1.686989568
1.691969121
1.69208268
1.691252127
1.690574366
1.689843608
1.688500664
1.688597759
1.689133311
1.692700172
1.688168937
1.687986679
1.687927835
1.688247085
1.688378089
1.689034289
1.690008859
1.691150441
1.692679692
1.692229014
1.693263034
1.692002088
1.691602366
1.690088244
1.688938545
1.694319784
1.688692231
1.694823682
1.695772188
1.695959411
1.696146875
1.696035371
1.69597606
1.695535417
1.694766269
1.693739032
1.686459695
1.686459695
1.686797398
1.693294313
1.693575414
1.692093629
1.691303837
1.690327076
1.688500621
1.689304871
1.694067493
1.69376234
1.688659174
1.688613279
1.689078544
1.689880915
1.690126507
1.691304555
1.692410478
1.69340202
1.694808693
1.694493452
1.690308745
1.691657328
1.689132996
1.688684428
1.687268961
1.692226549
1.694085124
1.694529614
1.69536699
1.695921943
1.696044679
1.69622181
1.696071858
1.695561709
1.686459695
1.686459695
1.694340773
1.694323386
1.694446919
1.693187112
1.69226515
1.691061105
1.689779548
1.695008079
1.69488578
1.694844181
1.690405435
1.690466646
1.691297871
1.692262029
1.692663432
1.694108168
1.694592418
1.695359204
1.695907894
1.696049036
1.688825869
1.687600103
1.68931319
1.686982105
1.686953208
1.691446547
1.691993537
1.693222427
1.694327518
1.694669474
1.69541548
1.695984304
1.696206442
1.686459695
1.694521221
1.693791997
1.693887875
1.694313197
1.693332047
1.691953082
1.695312433
1.695696091
1.694678024
1.695699696
1.692798778
1.6928986
1.693768783
1.694584137
1.694845445
1.695772323
1.695910861
1.696062793
1.695922682
1.695848341
1.687017003
1.686909129
1.686459695
1.688688631
1.68913799
1.69033136
1.691694274
1.692078243
1.693382178
1.694316937
1.695199058
1.693382587
1.691973003
1.691794458
1.695387373
1.694306136
1.694354519
1.69530997
1.696002716
1.696234538
1.688839861
1.695007801
1.69513939
1.695698983
1.696041838
1.696056681
1.695949428
1.695781585
1.695246402
1.69444771
1.694043421
1.686459695
1.686459695
1.686948219
1.68696933
1.687621103
1.688866619
1.689179502
1.690429375
1.691738235
1.692408911
1.692180357
1.690951529
1.689455382
1.695963705
1.696460331
1.693655626
1.694935198
1.695980978
1.687411
1.686459695
1.696397956
1.696393377
1.696384156
1.696069556
1.695788518
1.694614748
1.694186578
1.693118522
1.691885004
1.691425473
1.686459695
1.686459695
1.686949421
1.687000581
1.687642375
1.688884813
1.689394118
1.691076514
1.689170317
1.688701041
1.687333923
1.696558681
1.696055248
1.692723052
1.694338002
1.686459695
1.687127201
1.696312966
1.696139789
1.695370378
1.694495182
1.693973016
1.692146216
1.691583065
1.690238266
1.688954452
1.688817227
1.686459695
1.686459695
1.686940506
1.687037382
1.688556259
1.690093423
1.686971863
1.686459695
1.695546616
1.694255001
1.69181618
1.694706043
1.694241694
1.692522615
1.691814379
1.690606187
1.689154783
1.688808117
1.687593828
1.68697816
1.686929725
1.686459695
1.686459695
1.686831576
1.687411855
1.688948193
1.686459695
1.693275186
1.691543508
1.692039891
1.691556838
1.689473862
1.688915828
1.687654573
1.686983398
1.68694378
1.686459695
1.686459695
1.686459695
1.686860739
1.688736231
1.690400694
1.689032259
1.688889068
1.687070863
1.686960674
1.686459695
1.686459695
1.686459695
1.686870422
1.687931166
1.686897439
1.687000859
1.686459695
1.686459695
1.686459695
1.686459695
