1.899282884
1.893610691
1.923528705
1.908965005
1.885796935
1.882955317
1.926230627
1.913483922
1.893596841
1.929719662
1.886636064
1.938952432
1.887638336
1.883683672
1.906608815
1.927613895
1.882703788
1.929034203
1.923697469
1.906611614
1.893277756
1.931840208
1.930852979
1.939627093
1.94737157
1.932908838
1.89033041
1.889199595
1.884561578
1.887253133
1.900566669
1.925167226
1.891768177
1.935794336
1.932849467
1.921012428
1.928962457
1.907079537
1.93239165
1.93212393
1.934984039
1.938457732
1.942973645
1.863810256
1.872056673
1.887914356
1.895042616
1.86645629
1.902390041
1.903595174
1.917074586
1.934640376
1.93793762
1.939085961
1.934391939
1.947123586
1.936834158
1.940517919
1.945737077
1.949395627
1.954455648
1.963094222
1.958389949
1.834746629
1.837822861
1.869977807
1.87712039
1.895273701
1.911209609
1.847362864
1.928274538
1.947994668
1.939463203
1.941809002
1.945939431
1.950814869
1.958656481
1.946869658
1.950873134
1.951055383
1.952040916
1.957146799
1.96592609
1.960517803
1.969957762
1.974015012
1.816500278
1.810815269
1.828610649
1.858075217
1.887879781
1.91409618
1.937485981
1.832243365
1.962645883
1.949026779
1.94495341
1.950116896
1.952369404
1.957937751
1.961109118
1.969004518
1.955931515
1.956606225
1.959146991
1.963957882
1.96833455
1.973828364
1.97472707
1.973182761
1.977063289
1.978818297
1.983895829
1.80503584
1.796399136
1.801220599
1.869964021
1.844692116
1.902113192
1.929449837
1.965551766
1.823566587
1.953703004
1.959633128
1.955588421
1.95898956
1.962969484
1.969034784
1.974179299
1.969494425
1.965297024
1.969491461
1.97736239
1.980386778
1.987608003
1.984395634
1.9820654
1.982510833
1.983314822
1.985580888
1.984098398
1.980055312
1.929981025
1.968631344
1.961715045
1.800237125
1.790478195
1.789035377
1.851263671
1.882758048
1.826800596
1.914967307
1.953836751
1.809974178
1.964435698
1.965155802
1.971217482
1.967726983
1.973790123
1.973431185
1.978759943
1.981025566
1.972625264
1.961370018
1.977165494
1.984105556
1.992618721
1.994274183
1.993718965
1.993752861
1.988697019
1.987688062
1.985287127
1.974535774
1.966446704
1.913351127
1.932908636
1.947768071
1.961926001
1.956526243
1.909489351
1.794692892
1.792368844
1.787830646
1.872535395
1.840365013
1.89751991
1.816149674
1.932619717
1.80196374
1.977763821
1.976684304
1.975540481
1.981462145
1.979976937
1.981172303
1.983622414
1.981892126
1.974893911
1.952360359
1.933991039
1.98772545
1.992299773
1.994353444
1.995286063
1.992675181
1.990350127
1.986097618
1.981696683
1.973422695
1.964392092
1.95832234
1.906854809
1.918567106
1.952748545
1.940567069
1.955609184
1.911570727
1.920010188
1.92632473
1.794163197
1.794327975
1.79763695
1.875826121
1.854306977
1.826737566
1.906371503
1.805871602
1.796706227
1.987841618
1.985560065
1.98583564
1.981502114
1.988918834
1.988874546
1.991438202
1.962552182
1.94308209
1.915377136
1.899299641
1.990448505
1.987993108
1.987907718
1.98127086
1.978125546
1.974949699
1.969660659
1.968638362
1.961354168
1.955602646
1.953018807
1.909720258
1.904649081
1.927037458
1.950669837
1.942823285
1.913172525
1.923060052
1.923982534
1.925695656
1.794844609
1.798266216
1.927532262
1.798472914
1.880924894
1.86177399
1.839832477
1.816076838
1.801438978
1.795044094
1.995053807
1.995517566
1.994359231
1.988685889
1.962465137
1.994020342
1.991342703
1.986030602
1.927985562
1.908516684
1.883383743
1.871966344
1.980071779
1.979823913
1.973252992
1.968661636
1.965476521
1.961277647
1.958464024
1.952474912
1.950462248
1.947673353
1.902719321
1.915170628
1.901965007
1.932014845
1.940031521
1.914141709
1.920362327
1.935022309
1.794365963
1.803941817
1.801942233
1.934088553
1.80408947
1.862835279
1.846357253
1.827903989
1.808231564
1.797290121
1.7933773
1.997117824
1.998456138
1.98912374
1.994324633
1.97248377
1.926162294
1.98919139
1.98334244
1.974682225
1.883960503
1.858609117
1.849869399
1.971576806
1.967408612
1.963229092
1.96042992
1.956422429
1.954190246
1.949615596
1.949090559
1.947092025
1.90672988
1.89511294
1.9212277
1.899625469
1.933396637
1.937327198
1.909095082
1.926942493
1.948798499
1.950073393
1.792207764
1.80256431
1.949348365
1.952441932
1.943381494
1.800859656
1.842746752
1.82848344
1.815054864
1.802050128
1.797216134
1.792337754
1.987938262
1.994997948
1.992033038
1.967799029
1.988622799
1.939559357
1.892277177
1.982894425
1.974823803
1.969327941
1.857805146
1.834681818
1.828947145
1.967361204
1.961678446
1.959445956
1.954709667
1.948835284
1.946525483
1.943114741
1.92410152
1.902292101
1.889096637
1.894278786
1.932794478
1.934549868
1.923987714
1.943279141
1.955263358
1.791853896
1.797114063
1.952319459
1.94550838
1.934570195
1.93431113
1.940791175
1.934468658
1.790821418
1.824719201
1.814247878
1.80759185
1.800762298
1.796190402
1.791149486
1.991657509
1.961785918
1.994209393
1.988477952
1.930733619
1.982419809
1.90403377
1.857448888
1.980835135
1.976089816
1.977266078
1.834464542
1.817862457
1.813833174
1.973327276
1.974181057
1.967072507
1.955975599
1.951918018
1.943837552
1.931124603
1.911844674
1.888112807
1.883019544
1.901789947
1.933833963
1.939308971
1.927304288
1.945163574
1.942713813
1.788526319
1.789003965
1.936700228
1.931277795
1.934991425
1.945036383
1.943544883
1.930548149
1.781533657
1.810780009
1.806348757
1.799246866
1.796544972
1.79318241
1.995532079
1.97830038
1.926984757
1.991220803
1.985448088
1.888480594
1.987381214
1.863748759
1.831248041
1.985822296
1.989125859
1.989292456
1.816747832
1.809541608
1.80558892
1.995152058
1.985247043
1.972994793
1.963119967
1.957147441
1.91409672
1.933586611
1.89253398
1.875781233
1.881070183
1.901767566
1.935247504
1.956487157
1.922732721
1.928652471
1.923638561
1.789850401
1.788155995
1.916856403
1.932793237
1.954826669
1.949709091
1.910358437
1.775389395
1.805542087
1.805414067
1.802920244
1.800846007
1.797186861
1.984652225
1.989761433
1.944430141
1.893460217
1.987727998
1.990274016
1.855799055
1.992117949
1.834287378
1.810048113
1.994022705
1.995704258
2.007432548
1.800532452
1.798139848
1.800713399
2.005306935
1.997731192
1.981590343
1.982833275
1.894509294
1.927938707
1.873816104
1.86793182
1.879254202
1.905574742
1.957872941
1.978752131
1.916745614
1.911928637
1.923271896
1.784608069
1.794235344
1.912827999
1.949960663
1.96326693
1.895094459
1.909599579
1.777448833
1.791624417
1.77255024
1.802625609
1.804148628
1.804346306
1.799900044
1.801679206
1.958436564
1.976125358
1.983048519
1.912168326
1.864045319
1.983494393
1.983127209
1.835521056
1.825708834
1.982124707
1.808181318
1.989886737
2.000971486
2.010844274
1.78683474
1.785490711
1.791125421
2.013982969
2.001920799
2.000065882
1.874448393
1.946724867
1.85876239
1.86296884
1.886165942
1.908896298
1.979702034
1.999642729
1.905733436
1.904970246
1.932081411
1.786213137
1.915666265
1.95303736
1.886782056
1.921184633
1.77438408
1.789034919
1.779973105
1.85388893
1.768162447
1.797592297
1.799978352
1.799239055
1.798484718
1.790286794
1.918611643
1.952714447
1.9730436
1.977284915
1.875406334
1.839139419
1.973867094
1.970417505
1.813319715
1.803381975
1.97489626
1.981558034
2.004161518
1.989569304
2.010563005
1.777123625
1.777745913
1.788101087
2.007534638
2.005316074
1.868024024
1.855564892
1.970123466
1.873758468
1.90145982
1.90775414
1.995429789
2.006429911
1.900470095
1.909540766
1.932065882
1.776695926
1.9169833
1.894115386
1.942431147
1.769454881
1.779091234
1.788753702
1.773337906
1.852507803
1.866902064
1.761146117
1.794123221
1.794805267
1.791407378
1.787314048
1.7780262
1.919563369
1.885294836
1.95158893
1.969092301
1.968446393
1.846867924
1.816263283
1.965850202
1.966365197
1.798057679
1.970873104
1.979537722
1.998948327
1.991578211
2.004483308
1.770657901
1.782008538
1.770921925
2.011606109
1.874722764
1.855264633
1.97727118
1.894310615
1.899410936
1.895788322
1.99557528
2.011589681
1.913477811
1.920407817
1.76542558
1.769842119
1.908403386
1.94527697
1.775431126
1.782501663
1.791229901
1.770183056
1.849903937
1.860284616
1.881453941
1.756498571
1.751410222
1.79153165
1.789262941
1.780718473
1.773042332
1.766047472
1.929275543
1.891829829
1.859060385
1.947381501
1.964701797
1.963862147
1.827626857
1.804358853
1.960202174
1.962025007
1.966568298
1.975427707
1.983218793
2.000665998
1.766888974
1.775608918
1.765134985
2.010137146
1.881317142
1.859600036
1.970949118
1.891026392
1.886171732
1.901671849
1.992582269
2.006227846
1.917443904
1.757628085
1.916022159
1.941932498
1.77760954
1.783953264
1.792488146
1.803839868
1.770980026
1.849827397
1.847856198
1.863612972
1.877998944
1.744866283
1.740635497
1.785241565
1.774665337
1.766370615
1.759006876
1.755711011
1.912572731
1.932204684
1.876869226
1.843782343
1.937101151
1.944835018
1.946110436
1.952703226
1.815479976
1.953269496
1.953306482
1.960028788
1.967449728
1.99339779
1.766162931
1.765955522
1.762617669
1.994813457
1.862522894
1.893907421
1.966825642
1.874913144
1.880759801
1.896933203
1.988731078
1.993546649
1.74860216
1.929902444
1.947122077
1.793866303
1.783408799
1.800243523
1.804449535
1.809965245
1.77480893
1.843011332
1.851622139
1.85261855
1.86458281
1.869241204
1.786025327
1.859311589
1.739753976
1.735388561
1.732328349
1.768022683
1.760143142
1.751032751
1.748734741
1.747494279
1.925826837
1.89801642
1.93423492
1.861398224
1.832408792
1.934431701
1.934592692
1.937959551
1.9460027
1.947488846
1.947993841
1.952347871
1.972919277
1.767921805
1.75890318
1.764468338
1.978587271
1.871566683
1.901176235
1.969998428
1.863656477
1.87352712
1.982118072
1.984808832
1.93154224
1.949937841
1.802835347
1.79605328
1.806653875
1.808706238
1.814222154
1.827178418
1.775910552
1.842922962
1.841922852
1.851128745
1.859652854
1.856111327
1.783593235
1.774849125
1.848877704
1.854843272
1.732279139
1.737683675
1.728584669
1.726409652
1.754293381
1.747804702
1.742572369
1.742126533
1.741877489
1.916514412
1.93063018
1.880836469
1.934499594
1.846454263
1.935613505
1.933412043
1.934779791
1.936464835
1.943204255
1.942886831
1.954997756
1.768580617
1.756961095
1.765153865
1.963063915
1.881004398
1.906247886
1.966256974
1.858516382
1.982413674
1.975604578
1.92018078
1.943566382
1.800612472
1.788091872
1.806838344
1.807584339
1.819020506
1.836068062
1.76957566
1.840473395
1.850368774
1.841363522
1.844705886
1.866489516
1.770320687
1.76790318
1.760146844
1.850600009
1.844468179
1.853985309
1.730314409
1.727485794
1.733561255
1.723987736
1.722436498
1.748268917
1.742705624
1.736920402
1.734847468
1.899937025
1.92864355
1.941143328
1.864922661
1.945690815
1.940975232
1.934587931
1.931131861
1.93160253
1.938711177
1.943060631
1.935588162
1.764270215
1.75299379
1.756688057
1.951927764
1.878795104
1.887000681
1.891841634
1.970012736
1.855073295
1.974756674
1.953288899
1.910496036
1.940713719
1.779569602
1.788437886
1.794257104
1.812051558
1.832248792
1.857512794
1.757842961
1.845781871
1.836500726
1.8579896
1.837524215
1.758143105
1.765441679
1.755080895
1.748703356
1.852212409
1.843767585
1.725842579
1.726361117
1.724070278
1.728302549
1.72068241
1.719266399
1.745656385
1.737662291
1.731154677
1.923989441
1.889642106
1.949177905
1.953123165
1.945304236
1.938222386
1.929956599
1.928504404
1.928863056
1.932863831
1.75412666
1.748538294
1.746003264
1.934165975
1.865417287
1.876218382
1.871048681
1.879481296
1.947086178
1.86019431
1.949941768
1.933919461
1.899604635
1.9187344
1.774769131
1.783946431
1.802042212
1.823028345
1.845828396
1.876457943
1.749321464
1.853815819
1.838913486
1.838608629
1.752896416
1.760303048
1.769931972
1.748100508
1.741250366
1.858136785
1.851013387
1.844154145
1.723019419
1.720582308
1.721265736
1.721306564
1.725699441
1.716402793
1.717814584
1.738999434
1.731843618
1.911500252
1.949550328
1.966286697
1.959816858
1.949426394
1.937201161
1.929900735
1.925347844
1.9248736
1.742902881
1.738771083
1.736643813
1.921004302
1.856298284
1.864349876
1.853978375
1.852496639
1.866327832
1.902257821
1.921183284
1.867154957
1.925546995
1.914442356
1.883315009
1.781882729
1.80208915
1.831792336
1.866571545
1.910272152
1.739175517
1.844882461
1.839811427
1.761005961
1.751938001
1.771808913
1.782838384
1.742737519
1.735673369
1.862937319
1.852460189
1.84487994
1.719527815
1.720427425
1.718150578
1.71708619
1.71686799
1.726111619
1.714525957
1.711691781
1.713923044
1.717209514
1.721126804
1.71556539
1.714231617
1.715131749
1.730555415
1.949361511
1.966578281
1.967301798
1.957851833
1.946503954
1.936867691
1.929443253
1.920226432
1.734948721
1.731226322
1.730371397
1.908674884
1.843289934
1.844828972
1.8331441
1.83701836
1.853727731
1.880455449
1.869570512
1.897631908
1.866143566
1.896398455
1.892460103
1.800140044
1.827381657
1.865256825
1.908788533
1.94433604
1.732596375
1.845833007
1.758670259
1.771201634
1.743869461
1.785587035
1.796998934
1.735903105
1.731182685
1.859066542
1.851445924
1.847627885
1.716860176
1.71728687
1.715158937
1.724380792
1.713453889
1.712501
1.710769836
1.710982522
1.709853769
1.712874774
1.714350377
1.720614727
1.716922537
1.713540686
1.713711633
1.712303355
1.711947719
1.72544263
1.960533984
1.960434736
1.948898538
1.940701745
1.934477798
1.929512115
1.922306925
1.729928358
1.727490749
1.726083435
1.913289017
1.893457036
1.83708272
1.848863476
1.826374983
1.819312275
1.82670867
1.849413184
1.851260489
1.862508854
1.874335847
1.857606539
1.867165033
1.865507788
1.820098312
1.857008185
1.894381002
1.924220466
1.94279348
1.728404512
1.745945468
1.762856389
1.777834785
1.736154912
1.793389057
1.817264021
1.729824913
1.727341042
1.854546818
1.850850824
1.851986317
1.714689393
1.711781615
1.708881557
1.709590077
1.709721379
1.708329511
1.852363649
1.835595208
1.718318187
1.792046949
1.712417805
1.723022666
1.713924928
1.71586827
1.711097784
1.712043578
1.710283394
1.709789794
1.725347173
1.951123626
1.94122955
1.926652912
1.919667724
1.913420349
1.918492012
1.723812938
1.721951333
1.899826666
1.875696131
1.837590712
1.84946378
1.816883278
1.809129891
1.816113512
1.832209297
1.841478345
1.851636989
1.85255954
1.846015221
1.847828655
1.847259007
1.876937162
1.912112337
1.931660157
1.930934613
1.723586597
1.736259591
1.751959585
1.772247575
1.729615119
1.814145568
1.843739279
1.723809421
1.719538188
1.852857773
1.85376963
1.710407635
1.707159596
1.707686906
1.70785443
1.708449756
1.708649558
1.707157661
1.850065385
1.815835279
1.816628739
1.720788879
1.718440241
1.811729299
1.789534439
1.717038623
1.70575466
1.706333933
1.711810918
1.720514388
1.713908621
1.716597296
1.708937725
1.709941045
1.708110104
1.707245077
1.930196249
1.921687674
1.907873915
1.895220024
1.895419097
1.716804591
1.716055229
1.872647304
1.850641121
1.828989457
1.845238059
1.807185905
1.791094335
1.802687738
1.802170892
1.819648752
1.828691982
1.848011413
1.821789836
1.823072327
1.876665001
1.904861582
1.919347191
1.92234282
1.91117443
1.729794836
1.742821387
1.760850561
1.724049458
1.835656292
1.861026637
1.718530953
1.714724739
1.85345247
1.850412624
1.709783574
1.705892786
1.70592785
1.70625234
1.706749572
1.707963219
1.844429717
1.794137922
1.794715461
1.71738061
1.830258102
1.80557504
1.779222357
1.712991235
1.70431896
1.704776924
1.707692869
1.705852423
1.705237565
1.713925941
1.774658736
1.734990131
1.711824002
1.713119988
1.714016693
1.711770539
1.706831176
1.705522505
1.704346756
1.704738807
1.906898216
1.900715672
1.882729835
1.871822586
1.711758183
1.848687744
1.827712804
1.810993071
1.834260053
1.790458136
1.777431399
1.784123357
1.781274825
1.796488139
1.802645822
1.837706728
1.795928234
1.796973843
1.880348669
1.894927737
1.895804474
1.902960074
1.899035325
1.889131067
1.725302727
1.749555876
1.720055822
1.857129651
1.715591529
1.711963359
1.846422465
1.837376594
1.709755251
1.704073132
1.703811826
1.704150198
1.837141592
1.772851707
1.843959499
1.814282649
1.790402024
1.766337199
1.710528347
1.703196111
1.702987031
1.7041023
1.709704933
1.707771409
1.705702855
1.703357643
1.709913256
1.763680423
1.757113871
1.729272088
1.73733491
1.703159826
1.717990025
1.70259751
1.711881306
1.708955154
1.70943883
1.707585136
1.703451376
1.704425988
1.703497006
1.703327286
1.703353372
1.881478503
1.864932545
1.855868837
1.708762894
1.829432028
1.805714729
1.815373249
1.797970231
1.777923008
1.764468153
1.770721347
1.77134264
1.778558393
1.825061779
1.771240412
1.777659546
1.877753673
1.865862385
1.874670785
1.878836094
1.883992889
1.881829865
1.864503605
1.723955551
1.744272109
1.713039186
1.709901838
1.829866369
1.817098325
1.703062832
1.703144297
1.703204323
1.70328739
1.82383936
1.753471999
1.846824473
1.821050618
1.795577525
1.775024826
1.757024837
1.702815288
1.702912922
1.703731963
1.709609352
1.707642916
1.705455143
1.706830013
1.749370892
1.759879563
1.743385454
1.731293949
1.71554489
1.71957671
1.702502155
1.702640539
1.702299167
1.703055234
1.707064298
1.707160625
1.707049118
1.705434138
1.70503285
1.703408332
1.703299353
1.703371056
1.70319065
1.703229073
1.844492474
1.837408057
1.70832188
1.813013369
1.793237813
1.7802571
1.80160148
1.783666541
1.764578744
1.753368902
1.750367326
1.757732365
1.803806922
1.75179709
1.758619351
1.855013907
1.85972853
1.85645267
1.86486707
1.871721499
1.854194504
1.724505643
1.740116354
1.711333261
1.81348626
1.802930678
1.702957996
1.703052874
1.803645076
1.738942935
1.843224564
1.821488348
1.800782438
1.782870353
1.76419089
1.751183743
1.702729814
1.702797656
1.703162077
1.705995782
1.704516641
1.705497652
1.739190438
1.744831846
1.748555481
1.733705179
1.731012518
1.714972521
1.719439344
1.702401
1.702503182
1.702149294
1.702031878
1.704148599
1.702871182
1.703979291
1.703350193
1.707002002
1.703286923
1.70322739
1.703143868
1.703260329
1.703086868
1.820104722
1.828339845
1.709691321
1.798066347
1.7815561
1.764723369
1.785917708
1.767431724
1.754404123
1.747689398
1.740037357
1.735319282
1.779346604
1.73742001
1.73190242
1.744937113
1.837460336
1.83704911
1.841076821
1.850745854
1.846921348
1.723927201
1.73008241
1.73834766
1.746394907
1.713443173
1.792532171
1.785319857
1.702864389
1.702932476
1.781334565
1.729136808
1.820367876
1.803016086
1.78871042
1.770061538
1.75538495
1.702590211
1.702665083
1.701792464
1.701757732
1.70305984
1.701973669
1.705571779
1.74109125
1.735732156
1.744373544
1.7294658
1.718365366
1.702240266
1.70233544
1.701957431
1.701847982
1.701880513
1.701492233
1.701335011
1.702352129
1.70371837
1.704410559
1.700765663
1.703128853
1.706435635
1.748013512
1.70129211
1.708847729
1.703140824
1.70298644
1.703021783
1.703178874
1.806323693
1.823554352
1.71287026
1.784113459
1.770735203
1.752950134
1.768738465
1.758039059
1.74984259
1.748834062
1.726228678
1.760485405
1.758654699
1.729102795
1.724445042
1.735027038
1.815953182
1.81929785
1.816146105
1.822983363
1.832263162
1.722942417
1.729410824
1.737645006
1.742821682
1.748170386
1.717107386
1.768736899
1.76870679
1.702744974
1.702808843
1.724363391
1.804552945
1.798496417
1.789956424
1.773779778
1.756712551
1.702412859
1.702527897
1.70143386
1.701546951
1.700920976
1.701010599
1.752297281
1.736963885
1.728543007
1.702042396
1.702151501
1.701750319
1.701645296
1.700449815
1.700163082
1.701094591
1.700854523
1.702154254
1.708248318
1.705045778
1.700560188
1.70304383
1.711419489
1.747984941
1.762438937
1.703101755
1.746941542
1.803953033
1.701366845
1.722168258
1.759301794
1.700108564
1.811961075
1.710156594
1.742973532
1.699789893
1.714883369
1.703031476
1.702871605
1.702924907
1.793358419
1.812067611
1.719290438
1.770935735
1.759264591
1.759405718
1.75337351
1.750377818
1.757818761
1.720604245
1.755342971
1.746668455
1.723168148
1.720548485
1.727811918
1.802660397
1.797643399
1.793224703
1.723073616
1.72854209
1.734437392
1.739478018
1.745044539
1.759505451
1.702572365
1.702681983
1.723842023
1.790044873
1.784086311
1.774571977
1.759557424
1.702249285
1.701198523
1.700666998
1.700752137
1.733423513
1.70185437
1.701458783
1.700250166
1.700850284
1.700243337
1.702615172
1.713966402
1.706385545
1.700332541
1.716932894
1.747938442
1.736349204
1.765552849
1.703023541
1.739555009
1.701171029
1.717870107
1.718658067
1.717572118
1.757360794
1.699845775
1.699956059
1.795690152
1.799464859
1.711393102
1.715079701
1.735318007
1.747431598
1.735178116
1.702921714
1.700599625
1.781589808
1.791265819
1.699620907
1.699443266
1.721152788
1.702889183
1.702749346
1.702794689
1.784771348
1.726154388
1.755098661
1.7718251
1.7626237
1.753776019
1.751347897
1.752847155
1.721121391
1.717621284
1.750508941
1.74586582
1.738751874
1.717183533
1.728465256
1.720832734
1.78411961
1.78369545
1.780552738
1.782701317
1.729495067
1.734167479
1.731162522
1.738255451
1.748547728
1.702299194
1.702404174
1.702502817
1.728281056
1.778167336
1.771442442
1.760989055
1.701923332
1.700926204
1.700425556
1.700522365
1.701505433
1.701090586
1.700035981
1.700639017
1.703199395
1.719138153
1.706964349
1.700121363
1.748199608
1.737541506
1.75336125
1.76056593
1.702937063
1.714429605
1.714375822
1.71374089
1.713088386
1.75334221
1.699710747
1.699781292
1.784144956
1.784196955
1.714415057
1.709566398
1.711419908
1.717048804
1.737861896
1.744824967
1.733872053
1.732174664
1.700433188
1.770469423
1.772676031
1.777915638
1.754084043
1.76484886
1.712241772
1.766898988
1.699528871
1.699438516
1.699320974
1.723082006
1.702765736
1.702683916
1.702581566
1.771014482
1.725492442
1.743779542
1.760624907
1.747947923
1.748899214
1.727847592
1.720083538
1.71565256
1.744263217
1.739098833
1.72328846
1.733634385
1.715669936
1.774536923
1.772726299
1.766499953
1.771864438
1.726696938
1.733117308
1.729099005
1.740655666
1.749772997
1.702006577
1.70211434
1.702236439
1.757526255
1.701578819
1.700725219
1.70021436
1.700358813
1.701113631
1.699857691
1.703609147
1.71917041
1.70720749
1.699944553
1.74038775
1.745382404
1.7338108
1.749035987
1.754604585
1.70284021
1.713770722
1.710323781
1.710540715
1.709888806
1.711801185
1.747422343
1.699589236
1.699651446
1.770890939
1.771497002
1.71449149
1.709314373
1.708907487
1.733784219
1.730146894
1.729814223
1.700372443
1.760374222
1.76021937
1.770159901
1.749162967
1.757847911
1.710133078
1.764490457
1.75563727
1.713176449
1.752734273
1.702322749
1.753578969
1.707879211
1.701991532
1.699410229
1.699466857
1.699361037
1.699307865
1.699332307
1.721257976
1.702538761
1.702632054
1.702415421
1.758271562
1.722496217
1.741204001
1.734694656
1.739815982
1.743847905
1.72810536
1.724178318
1.718151331
1.728218097
1.716427358
1.721780018
1.711039703
1.764918778
1.764206931
1.757465112
1.759282809
1.724822392
1.728584832
1.734979572
1.741997868
1.746878103
1.701693641
1.701810114
1.701888215
1.701213367
1.700760992
1.700368983
1.70008015
1.699719737
1.703528483
1.718526522
1.716037112
1.706317995
1.699835084
1.737873985
1.740630096
1.742133127
1.733284704
1.747262124
1.743292086
1.746908036
1.702726587
1.714700168
1.707098914
1.706822305
1.709107357
1.711683083
1.74108062
1.699516218
1.699563105
1.758009829
1.710437744
1.706574919
1.734193705
1.729514233
1.727399659
1.727564096
1.699356057
1.700156285
1.751565277
1.750070854
1.762615413
1.744112257
1.750879372
1.706274725
1.708094956
1.757083735
1.748660489
1.714591519
1.712307868
1.746515127
1.74626756
1.747412421
1.706494507
1.705584427
1.701684591
1.701537652
1.702106519
1.701462736
1.740987142
1.730700886
1.74293252
1.699368149
1.699404979
1.699450387
1.699373365
1.699396466
1.71911227
1.717006917
1.702229622
1.702389419
1.702591385
1.744920643
1.721431373
1.73703241
1.732700379
1.726277369
1.739265165
1.734457345
1.736688565
1.729398993
1.724339916
1.719058658
1.712879032
1.708130081
1.719491197
1.757637003
1.757507713
1.750444218
1.745693362
1.724896835
1.730597119
1.736048194
1.739332545
1.742125787
1.701329047
1.701453113
1.700846881
1.700419859
1.700064918
1.699641396
1.702741874
1.699866227
1.703416174
1.699793173
1.73368076
1.737752718
1.739110573
1.7386944
1.742611476
1.739174965
1.739463065
1.713631089
1.702502282
1.703723828
1.703384229
1.709519895
1.735981197
1.699482237
1.699523575
1.706310236
1.710001366
1.708286993
1.703103508
1.72603718
1.727768838
1.724989332
1.725225179
1.699483488
1.699470463
1.741285776
1.756414636
1.736987787
1.744403667
1.704611811
1.702686089
1.750566887
1.744639929
1.714581269
1.712106754
1.738259951
1.739351709
1.739621613
1.703236449
1.704832442
1.706503567
1.70134099
1.701822932
1.701135849
1.701102992
1.70150934
1.701101296
1.73292923
1.733818026
1.730874233
1.727678299
1.734546195
1.70100491
1.734197279
1.733274845
1.738684367
1.728920461
1.735461646
1.743407465
1.700378519
1.705631899
1.722781631
1.733051793
1.728001792
1.699425528
1.699445646
1.699495002
1.699508542
1.716775997
1.719489029
1.701923719
1.702236542
1.702409871
1.733246672
1.733332791
1.722961831
1.726202937
1.723324269
1.714420269
1.734301005
1.731827856
1.729345117
1.724394683
1.718718973
1.703303528
1.708705774
1.701187005
1.750916662
1.753226348
1.747216708
1.727329585
1.731337149
1.734410071
1.737760956
1.740995001
1.700878736
1.700415822
1.700071687
1.699579612
1.699636271
1.6996528
1.699776459
1.732536191
1.736883547
1.736943423
1.735105667
1.734833667
1.734408969
1.732547171
1.713109439
1.700848997
1.700965013
1.701111657
1.700962458
1.708389507
1.73175744
1.699481131
1.69951252
1.702436245
1.707652265
1.709411789
1.699883018
1.723468592
1.725006097
1.722646185
1.699629907
1.699661542
1.731041221
1.750283214
1.723079508
1.735710703
1.700738389
1.69995488
1.745943212
1.715436803
1.712555646
1.724987343
1.700827428
1.702976021
1.704096925
1.700871422
1.700751884
1.700620559
1.701384466
1.700954576
1.700592313
1.724171282
1.719417252
1.722224126
1.725733666
1.7249337
1.726510201
1.726474494
1.733475963
1.715225071
1.734448854
1.740397527
1.699847839
1.702535612
1.704450723
1.720723774
1.721378637
1.725214656
1.725196723
1.728332226
1.699836625
1.737032224
1.721363003
1.699544038
1.700435355
1.700155628
1.700875147
1.699518056
1.69963776
1.718544535
1.721817624
1.701944573
1.701615655
1.702172633
1.719299826
1.724864084
1.709154334
1.701191759
1.729259996
1.728449278
1.72322569
1.718918471
1.701006544
1.700760068
1.746658212
1.747553188
1.743242483
1.727610057
1.730546678
1.733851181
1.737866946
1.742415473
1.700319305
1.699945326
1.699652353
1.699568726
1.699900891
1.731024798
1.734943075
1.733985831
1.731287365
1.729041628
1.729235643
1.729143328
1.727497601
1.715116901
1.711222582
1.700572286
1.700613948
1.70066858
1.700472165
1.705221058
1.706880425
1.728182679
1.699551462
1.699574274
1.700203304
1.706214639
1.710840164
1.707774563
1.700047901
1.700164337
1.722278923
1.719885557
1.699772288
1.699881137
1.716481591
1.745876032
1.700871091
1.710123563
1.731530368
1.7001858
1.714218469
1.71714793
1.700572711
1.700758682
1.700318773
1.700176535
1.701250436
1.700419025
1.700158086
1.707495539
1.708340187
1.700259552
1.711975417
1.702033539
1.717933336
1.722420722
1.716889934
1.722414585
1.719512701
1.71802905
1.701698461
1.732504749
1.737605539
1.700241092
1.702170399
1.719343553
1.718694134
1.719603675
1.713796009
1.72565414
1.722699639
1.700039281
1.734188373
1.706697616
1.69959496
1.700084423
1.700372308
1.70038883
1.700840523
1.700471364
1.705221132
1.700629575
1.700285253
1.720448447
1.732789527
1.72619177
1.707437701
1.706245769
1.70577804
1.705117875
1.699674518
1.699787145
1.719916483
1.723510518
1.701537646
1.701852928
1.700471812
1.700950995
1.700773615
1.700792712
1.724685811
1.728433388
1.723179417
1.720399246
1.717698613
1.700487525
1.700242139
1.743208341
1.742723944
1.738892174
1.726866973
1.730584105
1.736442033
1.73970846
1.699849233
1.699676942
1.699608377
1.699616993
1.700154685
1.730234999
1.732429799
1.730079855
1.727295802
1.724445415
1.724739104
1.724344453
1.72331158
1.714313546
1.710787281
1.700289544
1.700332179
1.70022625
1.700060244
1.700405551
1.723938093
1.699711572
1.699711639
1.70051185
1.703838993
1.712674771
1.709248959
1.700310359
1.700438956
1.719119844
1.716666025
1.71785264
1.699923813
1.700025479
1.701801869
1.69942473
1.742157434
1.700188567
1.700311264
1.731502525
1.725667111
1.715962484
1.700291082
1.700065933
1.699984046
1.699920184
1.699800883
1.701030761
1.700156938
1.700029029
1.69986474
1.699827725
1.699877946
1.699754738
1.709414683
1.703439099
1.711955638
1.715259022
1.733525428
1.700529877
1.700398955
1.700620556
1.716871756
1.716596102
1.716261556
1.701581649
1.723333062
1.719326223
1.720970277
1.700173356
1.700223422
1.733500515
1.699204324
1.699714829
1.700537968
1.700562719
1.700202569
1.702074878
1.717708406
1.731025154
1.72577986
1.701052074
1.698709229
1.70105444
1.707578608
1.70342408
1.704146483
1.708550756
1.699896489
1.699057823
1.720600662
1.700101351
1.730652301
1.699907882
1.719733541
1.723123111
1.701404844
1.701027831
1.699879697
1.700347003
1.721016244
1.720990564
1.727530731
1.72294956
1.719716795
1.716801981
1.700050982
1.699894921
1.740057126
1.738531552
1.738997748
1.735225098
1.727091651
1.735384542
1.737594216
1.699665578
1.699624352
1.699714699
1.700443158
1.728285722
1.730174439
1.728017498
1.725859168
1.722893666
1.720503188
1.71991153
1.720341626
1.720112819
1.71302733
1.709498863
1.699977569
1.700032312
1.699929362
1.699784241
1.699844706
1.719491218
1.699916662
1.699905073
1.700695404
1.70071499
1.700619661
1.711531382
1.700624994
1.714042515
1.714819655
1.713173271
1.700139987
1.699425532
1.699062647
1.699223426
1.738594557
1.699711107
1.699871006
1.700009393
1.726683261
1.72046465
1.715446871
1.699877532
1.699758422
1.699761047
1.699686752
1.699947249
1.699866828
1.699812826
1.69951122
1.699484544
1.699634811
1.698888368
1.698713957
1.698755792
1.701622123
1.710132813
1.730057185
1.700695504
1.700614317
1.712681338
1.714522055
1.71541568
1.717226028
1.718227513
1.700338189
1.700311529
1.732993442
1.698948415
1.699895757
1.700267934
1.700619565
1.700039545
1.700906368
1.728899937
1.724790096
1.698928846
1.698782488
1.701158708
1.701261685
1.702520934
1.706852104
1.703779987
1.699722083
1.699739447
1.717467526
1.717680026
1.699862811
1.730220134
1.731866478
1.699796968
1.699198947
1.699960247
1.721408548
1.70016928
1.719176871
1.722904424
1.70087111
1.699527547
1.699873258
1.716787712
1.725893614
1.720914654
1.716299241
1.713181622
1.699744621
1.699642716
1.736131843
1.737269085
1.734778265
1.735196389
1.726648172
1.734129904
1.699686341
1.699764648
1.699898394
1.700704568
1.700526088
1.726841896
1.725498
1.723469373
1.718202472
1.716307402
1.716193867
1.715905192
1.71662023
1.708605284
1.699722916
1.699763043
1.699682722
1.699557251
1.699639485
1.699695935
1.714697923
1.700155582
1.700134412
1.700862861
1.700827597
1.700872081
1.700907745
1.710899058
1.709576859
1.710587036
1.711674429
1.71175043
1.709859838
1.700433178
1.699075565
1.69921514
1.698967788
1.69882693
1.734739226
1.699422043
1.699566478
1.699710032
1.717777968
1.722402603
1.714844051
1.699747896
1.699853335
1.699789485
1.699897098
1.699923314
1.699379615
1.69928135
1.699236528
1.698791346
1.6987194
1.698724559
1.699499976
1.705648076
1.726102596
1.70089525
1.709154069
1.711828219
1.714112907
1.700521777
1.731489121
1.700127691
1.700336439
1.70009773
1.700026297
1.701188704
1.723190983
1.698967075
1.701356602
1.701560924
1.701495331
1.701569388
1.705131695
1.702523012
1.699592137
1.699582856
1.714805494
1.713984035
1.699647214
1.728689119
1.728745536
1.699599419
1.699418584
1.700066975
1.70009209
1.716261279
1.718485147
1.713453287
1.699552371
1.71594222
1.700035998
1.720040836
1.700116844
1.70043724
1.718269742
1.722560374
1.700434957
1.699285216
1.699603275
1.711725726
1.721783787
1.714722046
1.709185273
1.699506124
1.699425172
1.732148301
1.733558
1.730412552
1.730828547
1.72542199
1.730216366
1.699896041
1.700042466
1.700773212
1.700946138
1.722794365
1.719224645
1.712693565
1.712804706
1.712519722
1.712508082
1.7113783
1.702984559
1.699532127
1.699584106
1.699480401
1.699378882
1.699502727
1.699527647
1.709852783
1.700414929
1.700399738
1.701036455
1.701013564
1.701039048
1.701208001
1.708756754
1.707180058
1.706633386
1.70773914
1.708589015
1.70740702
1.700688052
1.700751986
1.698986056
1.698856603
1.699081917
1.698736353
1.698754425
1.730047521
1.699206819
1.699331306
1.699464591
1.709671382
1.717300364
1.711033094
1.699943538
1.70013883
1.700047896
1.700108765
1.699157034
1.69903782
1.698783424
1.699894194
1.699801028
1.721432056
1.706897422
1.70966462
1.707566588
1.727646616
1.700380643
1.700129093
1.700056476
1.700120159
1.701473314
1.718768132
1.699502621
1.699076004
1.701622859
1.701791452
1.701753897
1.701799179
1.70181131
1.69949351
1.711225587
1.711310995
1.699492525
1.724627537
1.723414199
1.699432454
1.700263064
1.700304423
1.700278783
1.710667655
1.712602804
1.714261315
1.710090077
1.699529726
1.711720499
1.709809763
1.700283835
1.700350828
1.700317469
1.701914255
1.70823391
1.700720752
1.713990294
1.720194309
1.700142335
1.699090034
1.699378369
1.708641944
1.70782902
1.714353443
1.714219069
1.716601729
1.706352031
1.706379487
1.699705958
1.700909666
1.699307415
1.699253609
1.727310684
1.72870243
1.725034189
1.725175089
1.725480434
1.700249906
1.701036397
1.701154859
1.711538981
1.707086398
1.707967742
1.709177409
1.708925086
1.707308848
1.699380073
1.699440274
1.699315493
1.699428598
1.706165951
1.700689462
1.70067293
1.701228084
1.701245405
1.701485191
1.701882579
1.705137818
1.705503997
1.704914749
1.705066973
1.705620729
1.705473571
1.700972124
1.698849502
1.698917232
1.698776836
1.698805736
1.698784609
1.722584506
1.699046675
1.6991441
1.699257151
1.702912613
1.700199371
1.711428653
1.705758834
1.701974834
1.700258037
1.700485127
1.700465277
1.698984603
1.698897504
1.699051057
1.700207441
1.700081625
1.711823237
1.70605195
1.721636571
1.700643687
1.700050001
1.700116859
1.700262794
1.70173002
1.699501612
1.699919329
1.701898665
1.701936557
1.701982821
1.699478308
1.708097446
1.717251021
1.700514353
1.700512316
1.700445213
1.706415812
1.707645598
1.708879182
1.706790516
1.699553795
1.707132262
1.70571354
1.700546692
1.700623011
1.700558135
1.702000732
1.706159751
1.705190857
1.7004921
1.70124941
1.703776273
1.700392276
1.700969392
1.702033087
1.709074006
1.713232754
1.70001478
1.69895709
1.699200064
1.705649954
1.707867479
1.708103316
1.702063473
1.701092526
1.699615215
1.699700056
1.699168084
1.699224254
1.699157802
1.720347731
1.721722854
1.716025055
1.700548485
1.701221291
1.701424138
1.705950902
1.704561185
1.703898352
1.705965487
1.704044231
1.699294645
1.699363954
1.699420044
1.700970215
1.70093051
1.701460706
1.701696271
1.702037931
1.703760466
1.70364781
1.703506267
1.702807778
1.703994758
1.703804939
1.701153664
1.698797284
1.698823183
1.698800089
1.699118374
1.698915704
1.711504595
1.707860298
1.698954821
1.699017909
1.699104271
1.700679447
1.700633345
1.702069858
1.702071634
1.70077845
1.700809688
1.700762441
1.700710334
1.698880518
1.698845458
1.699522633
1.700634677
1.700333158
1.701010203
1.703457278
1.710757401
1.700890128
1.70007657
1.700240456
1.701890688
1.700062628
1.701994164
1.702032565
1.699541983
1.700672732
1.700608439
1.700532847
1.704819023
1.703945914
1.705090415
1.704557304
1.70266558
1.702050734
1.700839949
1.700763001
1.70376404
1.704610245
1.70300166
1.701414112
1.702654197
1.700457163
1.700386944
1.700286573
1.700739466
1.702409954
1.699193671
1.701248956
1.70211579
1.702100418
1.702034106
1.702027606
1.700025085
1.698899758
1.699079758
1.703045882
1.70338311
1.703135328
1.699844677
1.699791678
1.699705025
1.69983899
1.69909022
1.699265406
1.699120669
1.705147486
1.701410853
1.70093155
1.701358062
1.701454177
1.701659309
1.70163479
1.702868564
1.702170199
1.70254484
1.702378526
1.703108297
1.701457619
1.699343091
1.699481152
1.701189636
1.701133947
1.701855434
1.702049491
1.702057952
1.70255432
1.701938764
1.701757628
1.698828138
1.698965305
1.699337533
1.70183532
1.701718231
1.698959093
1.699018813
1.701010508
1.702077486
1.700924981
1.701011706
1.701038602
1.700858073
1.700768668
1.69886654
1.699856113
1.701071679
1.700604234
1.701253009
1.701409927
1.702049863
1.701059731
1.700147213
1.701969532
1.700335308
1.702021759
1.701997717
1.699662789
1.700658613
1.700538122
1.700468866
1.702172046
1.703048643
1.699942353
1.699982833
1.701053512
1.702040011
1.701605784
1.702213859
1.700369496
1.700295664
1.700312803
1.700211956
1.701085358
1.702342054
1.699308561
1.699221051
1.702120279
1.7011867
1.701480331
1.701403683
1.702082999
1.702105459
1.702119575
1.702089943
1.702058601
1.702137003
1.700107058
1.698935468
1.699034696
1.701559429
1.701207285
1.700170733
1.700723936
1.699933628
1.699850114
1.700002677
1.699426976
1.699148318
1.70205858
1.701713258
1.701183839
1.701576524
1.701816978
1.701778156
1.700556941
1.700858004
1.700295245
1.700806988
1.700834643
1.700336973
1.70018074
1.699733473
1.701337504
1.701265747
1.701935558
1.702025878
1.701993527
1.701838034
1.702043668
1.702419916
1.701434072
1.701563715
1.699127091
1.699853011
1.701944684
1.699004075
1.701429178
1.700938129
1.701099444
1.700729004
1.700612794
1.69904156
1.699215956
1.701389762
1.700955147
1.702147537
1.702123886
1.70196573
1.700677716
1.700438028
1.700271266
1.700231423
1.700193096
1.700055945
1.700052924
1.700113506
1.701263365
1.701733205
1.702179223
1.700127099
1.700189516
1.700232866
1.70009974
1.701454782
1.701417936
1.699481913
1.699407724
1.699331514
1.702134266
1.701343701
1.700361825
1.702074628
1.701566046
1.701638982
1.701489836
1.702037495
1.70200641
1.702100933
1.70198301
1.700168876
1.699101344
1.699099137
1.700725634
1.701011689
1.700148443
1.700107947
1.700036957
1.700201841
1.699719687
1.699283236
1.702147275
1.701711932
1.701920695
1.701116295
1.701231519
1.701696873
1.701890646
1.7018465
1.700196512
1.700147592
1.700134987
1.700147921
1.700180395
1.700365117
1.700222477
1.700006805
1.701419118
1.70192022
1.701949462
1.701933916
1.701665688
1.70227331
1.701252371
1.701334286
1.699779126
1.699178141
1.700630976
1.700899706
1.700370534
1.700249955
1.69945951
1.70131799
1.702144484
1.701901517
1.701012951
1.700016678
1.699843856
1.699870789
1.700165403
1.700218088
1.700218041
1.700261015
1.701325806
1.701780994
1.702054342
1.699751968
1.699964968
1.700168185
1.699778963
1.701711836
1.701760731
1.701669058
1.699723118
1.699588598
1.699540421
1.702102682
1.701413951
1.700676573
1.702032385
1.702121237
1.701050167
1.699826774
1.700167566
1.701656446
1.701579331
1.70171901
1.701505762
1.701949647
1.702035607
1.701919392
1.70189429
1.700129132
1.699451741
1.699337587
1.700572762
1.700874522
1.700274407
1.70031316
1.700272502
1.700416987
1.700144594
1.699627239
1.70215326
1.701945469
1.700945935
1.700766655
1.701208115
1.701873509
1.701827122
1.701785817
1.700244132
1.700199817
1.700183268
1.700276765
1.701827758
1.701856901
1.701774282
1.701481736
1.702113004
1.701170414
1.700270686
1.699575515
1.700148479
1.700467924
1.699870682
1.699735609
1.70006562
1.701692201
1.701342806
1.702120663
1.699456576
1.699416527
1.700336141
1.700426982
1.700328474
1.700413272
1.701715758
1.701867807
1.699359922
1.699653909
1.699982317
1.699413683
1.701935349
1.699996223
1.699956329
1.702052321
1.701397142
1.701086243
1.702102723
1.700768248
1.700187618
1.700234773
1.700195502
1.700246319
1.701635649
1.701554204
1.701824902
1.70185485
1.701958727
1.701771711
1.699940731
1.700042378
1.699843618
1.700472932
1.70031675
1.700423854
1.700565068
1.700499839
1.700447905
1.700195757
1.702144633
1.702135542
1.702079917
1.700367869
1.700720059
1.700213012
1.701040745
1.70175879
1.701717956
1.701654975
1.700204166
1.700257577
1.701748467
1.701563556
1.701251602
1.701935952
1.700908895
1.70101627
1.700186287
1.699601277
1.699910058
1.699361006
1.699259427
1.700704982
1.701941814
1.701660909
1.702063396
1.699043012
1.699030357
1.700542304
1.700636423
1.700581239
1.701574039
1.701674416
1.699023642
1.69932255
1.6996996
1.69909094
1.702063374
1.70044281
1.70040493
1.701975352
1.701198792
1.701404798
1.701480999
1.700584776
1.700584012
1.700337627
1.700268689
1.699044457
1.701452772
1.701651201
1.70171714
1.701867251
1.701739471
1.701615711
1.699622593
1.700791368
1.700562231
1.700370126
1.700457765
1.700599293
1.700703524
1.700774208
1.700736989
1.700798447
1.702096564
1.702092942
1.702123192
1.699704395
1.70006734
1.700474163
1.699641631
1.700798895
1.701556805
1.701451397
1.700246591
1.700259872
1.701396084
1.701000329
1.701733215
1.700734035
1.701701879
1.701385085
1.700875148
1.699141625
1.699359106
1.698981705
1.698917729
1.702093699
1.701921438
1.701952356
1.698816467
1.698819878
1.700737178
1.700761429
1.701350928
1.698839193
1.699384305
1.698890365
1.700702393
1.700844036
1.701185625
1.700488716
1.700877133
1.700468088
1.700347657
1.698891108
1.699112442
1.701059592
1.701551327
1.70138011
1.701580339
1.701753565
1.701365379
1.699251046
1.701438283
1.701330065
1.70032938
1.700616553
1.700766765
1.700916086
1.700902144
1.700922182
1.701250898
1.702081729
1.701957493
1.701961098
1.699170774
1.699465924
1.699225194
1.699767221
1.700127431
1.70034283
1.700834045
1.701248725
1.701089145
1.700327624
1.700293232
1.701503165
1.70119858
1.700852688
1.700634797
1.701862024
1.702010479
1.698910786
1.699015664
1.698854582
1.698821452
1.702077156
1.701760846
1.698853221
1.69884445
1.700925207
1.698862124
1.698864928
1.701140424
1.700406861
1.701065211
1.700617627
1.700461538
1.698884513
1.698928863
1.700760328
1.701268296
1.700280517
1.701380425
1.701024805
1.701121943
1.701474052
1.698945224
1.701749551
1.701640051
1.700319938
1.700788279
1.700917166
1.701084116
1.701075487
1.701168866
1.701443628
1.701916264
1.701725589
1.698961905
1.6989725
1.699192626
1.699029008
1.699428474
1.699650508
1.700872366
1.700457874
1.700348861
1.700453392
1.701234526
1.700881259
1.700591577
1.700502082
1.701968247
1.701913285
1.702036303
1.698997312
1.698962181
1.699052564
1.699024669
1.701913085
1.699151177
1.699103623
1.701049398
1.699085729
1.699013198
1.700358188
1.700790677
1.700617551
1.69901453
1.698846963
1.701324728
1.701433603
1.700810223
1.699463712
1.699704949
1.700694036
1.700549405
1.701081849
1.700709323
1.69878512
1.701787982
1.701504077
1.701604215
1.700360928
1.700971448
1.701229878
1.701178073
1.701375445
1.701601984
1.699068043
1.699125586
1.698955311
1.698909173
1.698966663
1.699053757
1.700053298
1.700455853
1.700604131
1.700930753
1.700631556
1.700394718
1.700433965
1.701827909
1.701685576
1.699255684
1.699399258
1.699589395
1.699481424
1.699552169
1.701515287
1.699643719
1.699519791
1.701088681
1.699438209
1.699280194
1.700371274
1.699215406
1.6989019
1.701293703
1.701137356
1.700769544
1.700959172
1.699015373
1.698866506
1.699084304
1.699409875
1.700197396
1.700172259
1.700620252
1.700120085
1.698798109
1.701438678
1.701232452
1.701131533
1.701220031
1.700457731
1.70104731
1.701181981
1.701080805
1.701089173
1.70113534
1.701048086
1.699518843
1.699269511
1.69961981
1.699025642
1.698877009
1.698828322
1.699715402
1.700598365
1.700601999
1.700438853
1.700378113
1.700378076
1.701310516
1.701127688
1.69983851
1.700067715
1.700209731
1.700120299
1.700161729
1.700877057
1.700151599
1.69995533
1.69979328
1.699532796
1.699387852
1.699045424
1.700743257
1.700866666
1.700887232
1.700943027
1.698804718
1.6988008
1.698877937
1.698898825
1.699156405
1.699573434
1.700286103
1.69990933
1.69950215
1.698934063
1.700682093
1.700790202
1.700728147
1.700645531
1.700734829
1.700599562
1.700461552
1.700592163
1.700939964
1.700850423
1.70086874
1.700757962
1.699893311
1.700188675
1.69952492
1.700310505
1.699205518
1.6990737
1.700385455
1.700347488
1.700396963
1.700480474
1.70037514
1.700540538
1.700716759
1.700787699
1.700667826
1.700617563
1.700496126
1.700273085
1.699849026
1.700091214
1.699643659
1.699423222
1.699185997
1.70069012
1.700806974
1.700761645
1.700731696
1.700724313
1.699242497
1.698852237
1.698997474
1.699077795
1.699356459
1.698836149
1.698971453
1.699712411
1.699502847
1.699242238
1.69904586
1.699076411
1.699874232
1.700040285
1.699981646
1.700042514
1.700075539
1.700185201
1.700333046
1.700536834
1.700620755
1.700312005
1.700461073
1.700281162
1.700597209
1.700899158
1.699868628
1.700968602
1.699700154
1.700306709
1.700405829
1.699690081
1.701101445
1.701142814
1.701075254
1.700928216
1.700752987
1.700514383
1.70030169
1.700000608
1.699783636
1.699514387
1.699258368
1.700706699
1.70060943
1.700549937
1.700623905
1.700422551
1.700364139
1.699151918
1.699277965
1.699013741
1.699611931
1.699742594
1.700133173
1.698887122
1.698888475
1.699128755
1.699151256
1.698991472
1.698916699
1.69905237
1.699409397
1.699272037
1.699389316
1.699491139
1.699468894
1.699617885
1.699777061
1.699800969
1.700489094
1.700178964
1.699970124
1.700973246
1.70101496
1.700629042
1.701244073
1.701359374
1.700518218
1.701345575
1.700337617
1.701304162
1.701151657
1.700919419
1.700760016
1.700449065
1.700091603
1.699914803
1.699578379
1.699415996
1.699135691
1.698913957
1.700591733
1.700583149
1.700221235
1.700376794
1.700412244
1.700032018
1.699934557
1.69887694
1.698452586
1.699625516
1.700044476
1.699303531
1.70044301
1.700602061
1.700973829
1.699211435
1.699034262
1.69894352
1.698935757
1.698972087
1.698938514
1.698963356
1.698798444
1.699026752
1.69903518
1.699092333
1.699084378
1.699179804
1.699302531
1.699327561
1.699521116
1.700490343
1.700400806
1.699698573
1.701344543
1.701481617
1.701477681
1.701274572
1.701473865
1.701357614
1.701258545
1.700995115
1.700687126
1.70025987
1.700122045
1.699711787
1.699298661
1.699204282
1.698900913
1.698825945
1.698607661
1.700474949
1.700470025
1.699853759
1.700054328
1.700139444
1.700291079
1.699640898
1.69954719
1.698464975
1.698014046
1.698085182
1.699349879
1.700046218
1.700487096
1.700865425
1.699897771
1.701270451
1.701368784
1.701590049
1.699585821
1.699334947
1.699057626
1.699150199
1.699165769
1.699007242
1.699305808
1.698360911
1.699026496
1.698998897
1.698995463
1.698990286
1.699027577
1.69904328
1.699143532
1.699292632
1.700424739
1.701682182
1.701641315
1.701532412
1.701431044
1.701169421
1.700820752
1.700688126
1.700184637
1.700236478
1.699705729
1.699212611
1.699122326
1.69869041
1.698327324
1.69838727
1.698147516
1.698194455
1.700313631
1.700400513
1.699520404
1.699725649
1.699841325
1.700056401
1.699332129
1.6992404
1.698046138
1.697728739
1.697726765
1.697718912
1.699114505
1.700831418
1.700707938
1.701292204
1.701198813
1.701575026
1.700361201
1.701747363
1.701760989
1.701719134
1.700042354
1.699967213
1.699355967
1.699510381
1.699722574
1.699737459
1.699353279
1.697905483
1.699214539
1.699130274
1.699038468
1.699031354
1.69901653
1.699062993
1.700359963
1.70150483
1.701379814
1.700989464
1.700816627
1.700333887
1.699801413
1.699601088
1.699110068
1.698987791
1.698496083
1.698052238
1.698009536
1.697700903
1.697634948
1.697610492
1.700125385
1.699454269
1.699291416
1.699585482
1.699818618
1.699176511
1.699122283
1.697750454
1.697662319
1.697620987
1.697537362
1.697405532
1.699096431
1.701354176
1.701472112
1.701082634
1.701735646
1.701662868
1.701775894
1.700796609
1.701661307
1.701573912
1.701184829
1.700731719
1.70044104
1.699970885
1.699944491
1.700196079
1.700464151
1.699731
1.697617235
1.699512868
1.699347194
1.699299815
1.699161974
1.699087906
1.700165107
1.700696371
1.700032758
1.699734254
1.699118071
1.698491464
1.698330955
1.697855256
1.697738267
1.697369486
1.697112826
1.697157377
1.697162627
1.697251014
1.69985342
1.699294204
1.699390883
1.699219079
1.699574301
1.699219733
1.699211908
1.697645778
1.69775981
1.697748346
1.697661266
1.697565171
1.697326548
1.699321262
1.701469732
1.701556998
1.701621635
1.701316488
1.701592313
1.701595679
1.70135946
1.701232402
1.700965424
1.700768782
1.700198787
1.701048695
1.700667312
1.700622548
1.700388739
1.700890966
1.700111507
1.697585879
1.699860702
1.699790041
1.699548917
1.699359212
1.699895835
1.699460252
1.698733262
1.69842886
1.697813735
1.697265742
1.697219967
1.696838326
1.696814487
1.696684915
1.696707467
1.696845686
1.697054944
1.699589798
1.699310075
1.699279219
1.699401735
1.699325957
1.699450025
1.697960619
1.697962564
1.697880003
1.69795409
1.697761621
1.697445284
1.699677102
1.699565723
1.701317753
1.70137317
1.701149516
1.701193811
1.701331369
1.70084324
1.700889943
1.700380499
1.701326765
1.699789831
1.699570168
1.698881447
1.701273115
1.701162528
1.70119376
1.700995474
1.700739138
1.700472589
1.697765381
1.70037884
1.700085844
1.699807081
1.69961026
1.698127288
1.69750036
1.697247895
1.696800154
1.69654464
1.696459131
1.696509235
1.696670908
1.696955987
1.697106602
1.699405065
1.699351949
1.69933127
1.699408094
1.699821988
1.698136562
1.698231179
1.698338681
1.698027726
1.698304828
1.698130451
1.697790655
1.70012753
1.699873718
1.6996278
1.700853904
1.700555045
1.700876044
1.700284695
1.701076394
1.699811106
1.699643118
1.699034801
1.701242026
1.698423339
1.698224221
1.697610282
1.701326775
1.701345398
1.701327712
1.701206405
1.700979721
1.700914195
1.697959202
1.700656026
1.700323509
1.699381724
1.697046688
1.696686814
1.696563357
1.696461295
1.696536684
1.696785373
1.696941473
1.697379315
1.697765075
1.699317675
1.699361038
1.69949093
1.700192445
1.69832361
1.698149729
1.698497319
1.698667666
1.698019717
1.698727343
1.698622797
1.700519366
1.69986086
1.700143802
1.699671364
1.699850078
1.699929658
1.699508775
1.700285574
1.699010676
1.700666459
1.698488445
1.698273266
1.69765204
1.700947066
1.697195573
1.697143474
1.696732199
1.701021142
1.701215996
1.701288507
1.701220618
1.701050251
1.697969167
1.700764001
1.69926253
1.696536855
1.696541594
1.69659146
1.696828612
1.697254384
1.697729642
1.697971252
1.698543402
1.699323813
1.699462103
1.700442536
1.698273728
1.698123037
1.697919016
1.698630529
1.698954891
1.697809635
1.699167245
1.699295878
1.700710825
1.699830506
1.700032406
1.700256267
1.699586476
1.697724529
1.698659416
1.698726206
1.699136736
1.698257422
1.699585321
1.697764748
1.700085612
1.697325061
1.697103603
1.696668979
1.700122789
1.696550284
1.696532272
1.700581599
1.700901721
1.701044076
1.700997182
1.700918096
1.697700821
1.699261839
1.696734667
1.697117027
1.697310273
1.697815973
1.698418246
1.698880435
1.699012529
1.699392091
1.700465893
1.697656438
1.697719936
1.698170081
1.697432086
1.698649964
1.699109669
1.69733495
1.69943652
1.699648389
1.700603758
1.699999942
1.699804163
1.699653458
1.700153953
1.699477453
1.697544397
1.69758813
1.69794008
1.698377311
1.697225035
1.698879763
1.696886791
1.696657246
1.696565243
1.696570838
1.699531204
1.698926049
1.696680715
1.697024784
1.700032065
1.70039171
1.700486067
1.700716719
1.696936603
1.697148268
1.699340071
1.697579191
1.698277655
1.698437416
1.699072186
1.699519163
1.699725939
1.700215451
1.696946785
1.696923452
1.697284768
1.697834168
1.696830572
1.6984115
1.69883537
1.699548878
1.699852786
1.700157108
1.699728316
1.699836307
1.699637049
1.699516951
1.699835687
1.696331308
1.69682484
1.696868477
1.69703041
1.697290512
1.697608798
1.696696727
1.697723082
1.696624131
1.696654836
1.696713099
1.697175285
1.698189304
1.698814498
1.697460223
1.698030938
1.699340982
1.699588925
1.700119224
1.696447085
1.696551897
1.699420133
1.698694801
1.699549641
1.69933912
1.699944257
1.700049831
1.699695792
1.696332558
1.696172895
1.696264837
1.696727131
1.697255019
1.697638813
1.698617928
1.699076451
1.699705972
1.69939161
1.699516303
1.6994851
1.699483476
1.699501839
1.6993142
1.69587855
1.69603932
1.698995293
1.696770418
1.6967334
1.696684734
1.696684948
1.696760987
1.696783391
1.696837967
1.697054872
1.697011627
1.697285193
1.697480278
1.698204969
1.697546402
1.698104743
1.698565967
1.699152321
1.698447438
1.6991974
1.696156871
1.696137017
1.699418801
1.699707403
1.700032616
1.700137868
1.700080388
1.69899914
1.695727495
1.695614754
1.695689886
1.69601307
1.696165489
1.69687428
1.697520503
1.698566716
1.697675078
1.699292158
1.698535849
1.698390605
1.699373597
1.699266843
1.699109113
1.698671429
1.695681809
1.695888376
1.696086064
1.698664308
1.698444874
1.697009653
1.697252434
1.697291484
1.696739993
1.696556653
1.696455758
1.696436008
1.697537288
1.696632223
1.697880087
1.698319781
1.698557109
1.699239074
1.697016773
1.697285792
1.699525368
1.699878965
1.697904461
1.696165658
1.696062919
1.699278772
1.700025287
1.699916963
1.699784576
1.698203681
1.695114811
1.695173315
1.695389619
1.695043021
1.695349272
1.69583161
1.696000483
1.696782717
1.697744774
1.698552268
1.697701284
1.697436559
1.699123426
1.698918055
1.69803006
1.695751786
1.696163645
1.696301452
1.696445811
1.698527775
1.698197864
1.697951877
1.697861117
1.697443147
1.698175801
1.698231462
1.697049657
1.696840857
1.696537788
1.696360699
1.698518477
1.696429629
1.698861965
1.699308248
1.69925116
1.699595344
1.699813994
1.696584289
1.696967687
1.6998814
1.699805062
1.69645865
1.696423228
1.696287015
1.69899067
1.699436584
1.698893716
1.697542156
1.694616016
1.694875344
1.695291076
1.694488169
1.694594209
1.694600828
1.695093127
1.695893577
1.69677791
1.697265493
1.697107513
1.696858555
1.698772322
1.697558173
1.696601958
1.696100287
1.69697397
1.696980908
1.697016936
1.698126655
1.698432752
1.697863532
1.697653595
1.695919776
1.698919324
1.698512463
1.698060688
1.699172004
1.699193229
1.697833135
1.69727435
1.696839491
1.696533816
1.699406341
1.696531297
1.699624105
1.699737211
1.699763535
1.699738171
1.699528809
1.696601354
1.699390097
1.698854478
1.696972464
1.697012177
1.696642911
1.698596737
1.698061281
1.697194341
1.695013488
1.69451516
1.695321562
1.694184797
1.694008475
1.694031023
1.694406249
1.695046103
1.695458601
1.696400798
1.696968546
1.69682138
1.698364572
1.697404029
1.697612041
1.697215963
1.697055548
1.697803767
1.697657782
1.697523624
1.697895413
1.698094844
1.697756278
1.697642691
1.696458761
1.697902295
1.699542656
1.69976015
1.699200252
1.699037639
1.699812643
1.699783554
1.698511215
1.69790734
1.697244014
1.697778359
1.697129593
1.699785333
1.696877708
1.699692132
1.699484503
1.699405443
1.699010752
1.698460185
1.698154974
1.697263891
1.697481558
1.697104231
1.696832413
1.698179912
1.697281833
1.696135724
1.695408517
1.694737196
1.694417257
1.693966322
1.693784345
1.693963112
1.694183974
1.694761697
1.695539563
1.697312555
1.697335252
1.697622652
1.698397352
1.698269231
1.698236502
1.697816084
1.698330286
1.698080737
1.697812654
1.697860185
1.697924223
1.697893271
1.69764884
1.69818464
1.698077875
1.698302031
1.695814728
1.700007285
1.70008756
1.699976692
1.699950381
1.699627835
1.699782187
1.699668673
1.699148018
1.698938378
1.69839165
1.698157097
1.697675842
1.699389168
1.698975783
1.698489459
1.698326925
1.697677141
1.696951905
1.696654225
1.697256295
1.697565098
1.696747724
1.696552437
1.697876803
1.697716176
1.696901908
1.696085809
1.695758285
1.694881209
1.694279981
1.693910318
1.69391103
1.694013266
1.694368721
1.69463243
1.69805511
1.698201366
1.698118935
1.698841534
1.698636283
1.699000438
1.698868248
1.698957025
1.698285814
1.697995499
1.697999906
1.697876924
1.698482163
1.698472129
1.698234672
1.698548882
1.698617058
1.695201835
1.700114319
1.700171316
1.699834621
1.699788314
1.699385282
1.700184046
1.700007763
1.698916137
1.698764355
1.699848557
1.699438687
1.699218266
1.698691685
1.698261744
1.697663207
1.697090631
1.696856949
1.696174996
1.695505514
1.69658124
1.696810729
1.697290656
1.696017991
1.695798103
1.697786095
1.698443356
1.697785293
1.697555583
1.696661262
1.695760693
1.695624591
1.694864807
1.694726221
1.694339218
1.694194436
1.694295115
1.694475279
1.698847915
1.699048011
1.698699212
1.698665321
1.69899915
1.698140939
1.699388697
1.699521827
1.697536529
1.697990951
1.699253874
1.698546068
1.698419356
1.698194557
1.698813509
1.698647399
1.694644944
1.699298003
1.69947487
1.699873505
1.698770794
1.698627745
1.69801491
1.7000778
1.700023989
1.697437561
1.697311969
1.699935217
1.699800436
1.699474141
1.696730987
1.696283181
1.695680318
1.695512222
1.695022782
1.695685494
1.695613009
1.696166216
1.69623489
1.695060106
1.694740357
1.697913695
1.699002649
1.699169427
1.698534479
1.697738217
1.697489671
1.696683227
1.696387157
1.695636125
1.695063798
1.695018634
1.694694055
1.694742145
1.69927259
1.699458511
1.698960481
1.697687041
1.698107354
1.698906352
1.69694373
1.699547464
1.699898144
1.700049123
1.69836784
1.698301975
1.698317014
1.698159859
1.698621831
1.694670036
1.697735269
1.69791389
1.698658147
1.699222911
1.697072865
1.696912633
1.696318199
1.699341002
1.699638725
1.695823197
1.69583143
1.699602399
1.695444348
1.695398927
1.695096062
1.694848283
1.694780463
1.694898546
1.694572148
1.694587098
1.695340402
1.694138874
1.693731613
1.698142629
1.699075558
1.699903796
1.699485947
1.699309453
1.698626726
1.698381711
1.697488842
1.696669222
1.696386103
1.695695069
1.695296996
1.699071947
1.699150634
1.698697479
1.696547939
1.696126027
1.697556365
1.698625942
1.699468278
1.699840379
1.700285466
1.69804073
1.698251234
1.697647807
1.698040954
1.694949481
1.69595438
1.695987606
1.696842537
1.697629093
1.697884458
1.695266973
1.695235176
1.694856358
1.698524685
1.698983749
1.694629078
1.694692031
1.694658204
1.694726581
1.694755221
1.69490436
1.694042749
1.693758183
1.69368031
1.693775128
1.694468444
1.693509134
1.693127112
1.698217747
1.698539196
1.700401834
1.700428872
1.700053158
1.69998258
1.699282924
1.698478975
1.698110886
1.697286623
1.696514912
1.695964029
1.698221371
1.698178017
1.697934972
1.694773536
1.695705887
1.696910467
1.698061992
1.698543493
1.699485654
1.700168832
1.69744834
1.69794109
1.696857663
1.697159323
1.69580871
1.694499135
1.695020823
1.695801537
1.696136407
1.696915881
1.694154446
1.694181507
1.694174888
1.697663053
1.694356179
1.694519928
1.694820709
1.694958218
1.695331613
1.693132872
1.693261962
1.693159953
1.69327963
1.693372824
1.693331737
1.693306813
1.693446979
1.693174861
1.697987308
1.697505428
1.70042254
1.700600703
1.700368326
1.699864696
1.699516282
1.698822056
1.698049001
1.697381203
1.69722192
1.696974145
1.696810558
1.696885326
1.69394259
1.694879958
1.696100113
1.696418219
1.697552304
1.698765601
1.699258419
1.697413259
1.696791621
1.696288015
1.696207256
1.696604695
1.693864033
1.694035151
1.69442453
1.694731066
1.695379757
1.696149663
1.693996177
1.694175159
1.694649967
1.695200927
1.695309235
1.695906002
1.696029286
1.692964527
1.69276784
1.692653845
1.693240211
1.693453042
1.693458199
1.692795237
1.693946879
1.693963062
1.693738017
1.697458965
1.696268249
1.699977854
1.700337965
1.700302351
1.700086911
1.699745686
1.699254257
1.698741611
1.698614869
1.698117628
1.695743898
1.695603689
1.695905721
1.693314057
1.694194693
1.694912457
1.696495179
1.697232447
1.698309382
1.696842816
1.696311029
1.695759752
1.695931389
1.697536688
1.696149331
1.69439108
1.694040884
1.694012912
1.694186659
1.69450546
1.694991443
1.694959583
1.695345265
1.696383441
1.696765378
1.697384788
1.693559143
1.693128892
1.693027806
1.692611372
1.693920695
1.694090643
1.692522525
1.694904581
1.694621956
1.694565727
1.69448654
1.696825568
1.695346664
1.699184428
1.699633608
1.699586392
1.69969256
1.699641361
1.699472401
1.699458833
1.699286406
1.69892459
1.694996946
1.69547193
1.692782638
1.693136927
1.694347903
1.694990032
1.696092829
1.69723747
1.696464688
1.695768641
1.696113418
1.698857994
1.696292046
1.696344689
1.695903981
1.695137296
1.694685001
1.694703895
1.694594362
1.694704399
1.696699244
1.697105716
1.698209519
1.698477317
1.694069262
1.694626421
1.693445368
1.694546591
1.69280576
1.694901466
1.692467848
1.695520383
1.695750971
1.695104482
1.694948023
1.69495074
1.696347727
1.695314574
1.698017237
1.698104074
1.698658893
1.699056504
1.699333094
1.699442318
1.699607807
1.699707037
1.695198494
1.695685952
1.692400429
1.692829841
1.693205203
1.694026181
1.695019291
1.696079634
1.696314853
1.696676642
1.699682262
1.696375674
1.696784797
1.697019137
1.697850455
1.696169476
1.696184537
1.695609289
1.695288756
1.698612552
1.698906193
1.699652731
1.695446607
1.695768972
1.694997305
1.694012425
1.69617526
1.693242608
1.692821644
1.695678069
1.696104419
1.695408906
1.696474738
1.695129715
1.694894078
1.694770176
1.696245745
1.696042744
1.695918187
1.696925018
1.697660075
1.698232377
1.698540893
1.699290361
1.69959751
1.699967743
1.696158316
1.696486447
1.692370034
1.692383291
1.692714752
1.693377421
1.694279283
1.697214865
1.697341603
1.70019085
1.696693388
1.69729473
1.698027915
1.698823006
1.699543061
1.697153268
1.697913146
1.696569232
1.700045925
1.700127063
1.696579465
1.695685087
1.696545625
1.694770266
1.697162789
1.694168907
1.693082706
1.695007773
1.695637996
1.696368085
1.694834617
1.696952351
1.694540024
1.694359021
1.693820723
1.693512834
1.696457817
1.697202538
1.695053672
1.69386424
1.695892878
1.696587196
1.696971501
1.698101081
1.698535926
1.699210567
1.699635676
1.697505746
1.697573301
1.692737461
1.692483187
1.69260974
1.693048568
1.698211256
1.697907885
1.697891802
1.70025771
1.69706817
1.697635439
1.699322438
1.699588895
1.700075192
1.700399233
1.69808212
1.698760634
1.700429843
1.697107138
1.69642756
1.697456335
1.695958236
1.697133404
1.694932157
1.694153337
1.693716978
1.694359726
1.695290958
1.696286883
1.693715464
1.693493624
1.692392993
1.692515807
1.692332935
1.696792459
1.698372047
1.694335696
1.693666836
1.693061987
1.694929802
1.695277016
1.69638564
1.696836653
1.697637034
1.698049454
1.698998896
1.698732191
1.698676683
1.693977714
1.693278676
1.692932689
1.692877878
1.698369336
1.698669728
1.698053866
1.699650757
1.697274904
1.697603513
1.699973085
1.699684501
1.700164367
1.700258064
1.700055634
1.699243101
1.699155113
1.697643712
1.697503032
1.69724927
1.697188756
1.696617205
1.695931486
1.695855595
1.695534177
1.692191955
1.69264812
1.693513323
1.694669406
1.692385454
1.691511765
1.691398187
1.69143503
1.6912648
1.696948524
1.699102914
1.693497277
1.693800704
1.693274021
1.693424146
1.693992089
1.694720051
1.695012629
1.695755477
1.696060857
1.696975644
1.697925981
1.699347956
1.698901343
1.694800593
1.694129132
1.693707751
1.698239166
1.698407418
1.697673115
1.697142135
1.697119186
1.696692292
1.699606849
1.699531317
1.699566582
1.699595423
1.699278313
1.698527875
1.696968063
1.696851516
1.697492338
1.697523595
1.697415686
1.695434966
1.69704394
1.693858411
1.696795056
1.696254576
1.691034107
1.690967909
1.691550114
1.69253749
1.691258256
1.691076549
1.69077247
1.691168173
1.690435123
1.696673147
1.698947658
1.693562128
1.693647633
1.69354083
1.693898456
1.694610454
1.693573576
1.693764258
1.693758623
1.694190566
1.694283064
1.694929235
1.695812722
1.69905458
1.698265002
1.695653654
1.695128146
1.697483594
1.697470419
1.696785671
1.69616324
1.6959718
1.698498986
1.6988774
1.698141397
1.698030821
1.697390843
1.696412839
1.694826309
1.696242579
1.694653745
1.696579516
1.697040611
1.697221369
1.692919617
1.697130881
1.691527176
1.697027614
1.696781098
1.690033193
1.690172514
1.690545951
1.691553809
1.691764928
1.691154167
1.690899853
1.691970094
1.690264475
1.695887006
1.697943422
1.694253838
1.694100282
1.694686252
1.693696654
1.695320126
1.696100952
1.693444219
1.693319525
1.6932558
1.693215176
1.693457281
1.693979364
1.697890798
1.696976295
1.696470515
1.696310955
1.696077405
1.695691596
1.695197135
1.695026262
1.695018479
1.697322507
1.696837042
1.696115006
1.695947224
1.695229102
1.69432881
1.693285507
1.694602531
1.694006451
1.692004211
1.695514507
1.696212417
1.696340529
1.690584879
1.696708575
1.689708485
1.696980616
1.697112019
1.689753121
1.689463923
1.689372271
1.692723929
1.69237183
1.692817008
1.692286878
1.691454198
1.694041976
1.693511704
1.690570974
1.69485086
1.696363917
1.695557743
1.695332771
1.69471214
1.696211128
1.694113167
1.696881602
1.697120211
1.693848315
1.693386715
1.693183662
1.692951986
1.692960825
1.696242147
1.695382505
1.694930145
1.694633746
1.694466467
1.694208764
1.694118392
1.694175536
1.695487773
1.695480671
1.694758925
1.6941456
1.694013341
1.693455451
1.692929477
1.692779684
1.693206426
1.692136778
1.691524406
1.689904432
1.69424996
1.694500749
1.695408864
1.689129915
1.696006938
1.68897519
1.696674559
1.697164625
1.690133477
1.689370491
1.694063057
1.694235564
1.694183441
1.693413016
1.692408135
1.695455334
1.695139147
1.694883247
1.691942769
1.693894513
1.69466647
1.696696427
1.696901946
1.696105625
1.695414981
1.69742961
1.695083291
1.69746837
1.69438522
1.694111153
1.69349643
1.693026497
1.694424107
1.693959443
1.693839913
1.693575427
1.693683009
1.693666964
1.693680046
1.693682616
1.693608633
1.693837085
1.693705265
1.693220391
1.692894704
1.692836435
1.692674858
1.692883203
1.69340721
1.69192806
1.690836476
1.6900738
1.68963672
1.688949697
1.692238583
1.693206355
1.694149475
1.689031326
1.695243626
1.694219865
1.68967833
1.696092713
1.696853562
1.690762327
1.695917205
1.69560179
1.695504051
1.694712681
1.694312411
1.695754153
1.696307696
1.69520734
1.695025066
1.693087431
1.693365628
1.69337181
1.697565711
1.697250752
1.697635462
1.696740241
1.696476445
1.697440051
1.695756069
1.695575648
1.694811764
1.694043414
1.693186914
1.693149129
1.693370228
1.693220156
1.693518347
1.693682201
1.693748685
1.693797198
1.692854537
1.692756661
1.692653109
1.692713278
1.692782633
1.693324708
1.694086992
1.694812145
1.690375184
1.690050763
1.689376973
1.689162642
1.689067879
1.689511674
1.691092283
1.691893744
1.692078007
1.690380537
1.694109958
1.692991006
1.691648232
1.695185999
1.696255959
1.696758271
1.696953916
1.69667431
1.696550039
1.695486295
1.694295377
1.695641347
1.696126486
1.693784214
1.693071022
1.694300292
1.693474272
1.692925518
1.697417248
1.697581209
1.6974789
1.697257486
1.697292498
1.696843349
1.696315214
1.69556121
1.692845697
1.693221343
1.693609671
1.693663524
1.693958279
1.694180688
1.694265395
1.694312676
1.692911476
1.692902027
1.693194457
1.693627646
1.693861768
1.694948918
1.695746908
1.69636577
1.689560245
1.689785443
1.689458776
1.689721968
1.689811068
1.690361601
1.691420506
1.690187552
1.690278906
1.690879668
1.692720051
1.692905292
1.691785965
1.694204258
1.695744604
1.696976266
1.69749363
1.697666329
1.697398419
1.696676832
1.69145144
1.69384878
1.694825872
1.691268493
1.688459211
1.696401466
1.695176025
1.694039172
1.693382942
1.696077255
1.696681852
1.69717433
1.697221943
1.69730963
1.69717425
1.696872571
1.694034269
1.694425897
1.694664957
1.694789357
1.694932313
1.694902796
1.694869429
1.693852895
1.694024049
1.694635537
1.695307739
1.695577469
1.696636939
1.697154451
1.697375298
1.689764788
1.690135241
1.689595112
1.690271587
1.691467331
1.69173671
1.692701263
1.693939097
1.689538727
1.689592799
1.689962829
1.690700033
1.691733481
1.693065436
1.693926512
1.696552992
1.697104259
1.697714472
1.697807225
1.697686755
1.691083317
1.688459211
1.688459211
1.691579497
1.694286897
1.697180359
1.696284601
1.694715178
1.694674001
1.694414041
1.695655285
1.696027341
1.696650136
1.697123708
1.697359297
1.695347801
1.695466563
1.695829499
1.695654001
1.695582062
1.695357325
1.695138355
1.695402968
1.695710365
1.696501739
1.697037162
1.697198313
1.697734911
1.697713422
1.697360631
1.690405637
1.691147334
1.691987976
1.690184603
1.692314302
1.693910611
1.694250613
1.695239274
1.689604287
1.689291697
1.689369001
1.689838996
1.690679037
1.691531939
1.691962099
1.69480503
1.69625634
1.697162651
1.697320252
1.697630816
1.688459211
1.688459211
1.691432781
1.697555774
1.69710026
1.695039147
1.696175894
1.693500913
1.694002744
1.694980466
1.695956807
1.696759024
1.696570271
1.696292091
1.696637912
1.696148045
1.695774728
1.695351179
1.694908123
1.696922446
1.697306004
1.697911761
1.698009767
1.698040241
1.697726295
1.697086699
1.696174968
1.692106986
1.692450473
1.693660579
1.694554815
1.69103933
1.694870812
1.696210179
1.696466798
1.690157831
1.689991395
1.68934685
1.689123061
1.689287254
1.689737296
1.690013757
1.691271674
1.691302852
1.69344634
1.694787195
1.695214486
1.696240199
1.697070469
1.688459211
1.697507642
1.697544497
1.694680795
1.69726827
1.691745137
1.692757319
1.693995139
1.69510946
1.697121118
1.696592642
1.695942184
1.69530307
1.694774705
1.694197631
1.69775454
1.697993163
1.697919487
1.69780143
1.697316931
1.696448812
1.695369205
1.694058181
1.694633618
1.693447894
1.695119945
1.696457746
1.696737244
1.692257604
1.697189879
1.69754116
1.691871208
1.690782764
1.689838428
1.689287608
1.689125089
1.689176738
1.689659148
1.689970143
1.69138042
1.688459211
1.691596143
1.693127185
1.694694795
1.695890915
1.696918231
1.697128385
1.693599291
1.693202093
1.697427882
1.690697914
1.691723979
1.692992383
1.696686655
1.695772493
1.69488298
1.694186807
1.693686656
1.697480013
1.697502868
1.696600562
1.696329819
1.695443708
1.694299458
1.693144082
1.691719734
1.691916608
1.695948552
1.696876344
1.694829172
1.697167649
1.697815649
1.697775331
1.694418613
1.697620414
1.693179419
1.691860786
1.69070726
1.689947678
1.689730049
1.689266684
1.689293662
1.689510375
1.688459211
1.688459211
1.691403694
1.692037975
1.694512318
1.695001226
1.696206509
1.692266629
1.691934733
1.692408403
1.696476723
1.689993054
1.690775379
1.695295118
1.694153489
1.693281584
1.692731404
1.696028667
1.695814306
1.69435668
1.693994324
1.692965831
1.691838851
1.690790639
1.689934784
1.690080945
1.697020766
1.697677449
1.697986013
1.69667796
1.697976623
1.697430883
1.697083357
1.69572295
1.694482922
1.693182333
1.691984337
1.691681356
1.690597426
1.69005034
1.689578746
1.6900787
1.689410124
1.688459211
1.688459211
1.691612041
1.69154206
1.693398999
1.694704384
1.691286816
1.691227982
1.691192337
1.691329218
1.694580693
1.689539076
1.693256019
1.692205799
1.691613423
1.693680239
1.693363467
1.691809037
1.691469757
1.690616387
1.689848379
1.689402162
1.68937168
1.689303356
1.6978919
1.697982304
1.697888886
1.697406225
1.697448097
1.697087503
1.695315323
1.696803548
1.695892177
1.694618552
1.69425247
1.693086921
1.692100744
1.691884378
1.6910036
1.690164363
1.689613342
1.688459211
1.691289377
1.691772133
1.691198744
1.691204964
1.690789521
1.690463928
1.690337389
1.692307104
1.691137747
1.690503285
1.691247069
1.691260584
1.691217728
1.690478278
1.689637564
1.689543187
1.68915828
1.689084826
1.689369345
1.690196995
1.689897454
1.697795995
1.697369826
1.697192429
1.696142073
1.694966163
1.69782903
1.694626748
1.697697917
1.696914354
1.69656008
1.695642717
1.694639043
1.694365515
1.693296697
1.692115433
1.691016756
1.688459211
1.688459211
1.691351328
1.691956217
1.692175688
1.690607817
1.69003146
1.689638286
1.69015843
1.689626715
1.692433465
1.691692341
1.689463811
1.689313013
1.688933785
1.688798739
1.688873578
1.689205597
1.689858108
1.690658062
1.692182034
1.69178702
1.696246192
1.697142847
1.695107622
1.694588523
1.692358704
1.697410275
1.697806519
1.697762983
1.697430195
1.696819893
1.696629186
1.69575728
1.694609971
1.693346767
1.688459211
1.688459211
1.693257076
1.69352446
1.693751376
1.690841132
1.689965428
1.68928397
1.689056508
1.693425658
1.694084899
1.692528982
1.688834189
1.688778326
1.688965719
1.689465855
1.689815143
1.691133139
1.691815949
1.693027851
1.694300627
1.694696493
1.694755106
1.693006955
1.695314538
1.691578969
1.691444975
1.697019226
1.697311824
1.697756584
1.697850594
1.69782264
1.6975087
1.696828234
1.695836946
1.688459211
1.694866122
1.695378806
1.695076966
1.691423978
1.690270344
1.689315297
1.69524422
1.694600833
1.695493728
1.693513367
1.689644993
1.689707683
1.690430352
1.69138869
1.691881414
1.693758778
1.694359503
1.695517128
1.696538429
1.696875024
1.691870836
1.69130891
1.688459211
1.694612884
1.69512921
1.696271588
1.697186639
1.697387353
1.697833145
1.697874438
1.697623357
1.696164245
1.695402873
1.695081545
1.692351596
1.69088606
1.696478766
1.69635454
1.695765335
1.694666943
1.693014991
1.691593475
1.691820425
1.692847667
1.693948122
1.694435233
1.696124814
1.696541868
1.697259662
1.697682582
1.69780323
1.688459211
1.688459211
1.691509561
1.691627782
1.693074556
1.694813295
1.695167657
1.696365248
1.697224794
1.697525972
1.696436525
1.695474588
1.69386094
1.69310915
1.69476313
1.697046177
1.697159986
1.696654955
1.690984179
1.688459211
1.694218966
1.694440244
1.695435207
1.696276906
1.696612627
1.697414208
1.69754844
1.697556172
1.697191739
1.696989051
1.688459211
1.688459211
1.691386546
1.69163249
1.693090913
1.694837886
1.6953996
1.69622869
1.694538233
1.693628689
1.691313587
1.695716234
1.696874449
1.697194423
1.69758353
1.688459211
1.691150547
1.696532019
1.696680289
1.697291857
1.697474284
1.697502023
1.697101234
1.696895374
1.696079841
1.694922831
1.694695383
1.688459211
1.688459211
1.691380487
1.691901845
1.694131972
1.695801156
1.69141424
1.688459211
1.697408164
1.697706099
1.69701261
1.697658034
1.697623824
1.697251653
1.696911273
1.696228337
1.694940263
1.694601152
1.692952737
1.691651373
1.69137448
1.688459211
1.688459211
1.691046611
1.692636436
1.694782196
1.688459211
1.697616708
1.696919761
1.697144656
1.696834155
1.695214396
1.694616086
1.69295531
1.691498821
1.691294516
1.688459211
1.688459211
1.688459211
1.691346097
1.694551581
1.696143286
1.694873952
1.6945722
1.691797021
1.691279215
1.688459211
1.688459211
1.688459211
1.691275491
1.693372915
1.691298772
1.691555715
1.688459211
1.688459211
1.688459211
1.688459211
