1.679524795
1.679524795
1.679524795
1.681825209
1.679524795
1.682020565
1.679524795
1.684433379
1.684913429
1.687172068
1.686274343
1.683461659
1.679524795
1.682587921
1.688469927
1.687529443
1.68745697
1.679524795
1.679524795
1.679524795
1.687820567
1.688903681
1.686567282
1.684029152
1.687242953
1.687080632
1.685200439
1.685406202
1.683230215
1.683130384
1.681984779
1.679524795
1.688880123
1.687936487
1.688177309
1.687403119
1.683432801
1.684170119
1.684646339
1.682343983
1.682116413
1.68638631
1.679524795
1.683643957
1.679524795
1.679524795
1.688233815
1.685770604
1.688576023
1.688842518
1.681376015
1.681577043
1.681381313
1.682302475
1.682596842
1.682657121
1.688394079
1.684323462
1.688023626
1.68320163
1.682500298
1.679524795
1.679524795
1.679524795
1.679524795
1.685462901
1.687154867
1.688273694
1.68220682
1.680061532
1.680930043
1.679935392
1.681483797
1.68470211
1.684492185
1.679524795
1.688504568
1.687316362
1.688468064
1.686695866
1.684195911
1.683004048
1.68315149
1.683369892
1.684834771
1.685863941
1.684033841
1.685773769
1.682840193
1.680548471
1.681700957
1.680041019
1.681594433
1.680761648
1.685990892
1.685725249
1.685752895
1.682594137
1.679524795
1.687106397
1.688714797
1.688540954
1.68779737
1.687186578
1.686601409
1.681593452
1.682298223
1.683606336
1.686691493
1.685556107
1.685142581
1.684061646
1.684662804
1.683516168
1.680957411
1.680655174
1.686518146
1.684896417
1.684689111
1.683667043
1.679524795
1.684738621
1.682138801
1.679524795
1.679524795
1.686259714
1.687842519
1.688507219
1.68873251
1.688853308
1.68823548
1.680334491
1.680575962
1.682566634
1.680373581
1.687558206
1.687457124
1.687271438
1.686717657
1.685347222
1.682525753
1.681509821
1.68491206
1.686762027
1.682945119
1.683200085
1.682832603
1.679524795
1.684400271
1.682866866
1.682268778
1.688517694
1.684469615
1.685723783
1.686626009
1.68769113
1.68884336
1.680393544
1.680930414
1.681416333
1.680741391
1.687756923
1.688156905
1.688182261
1.687566129
1.685270246
1.683614623
1.684342153
1.685475518
1.682200582
1.682259577
1.681807055
1.683333205
1.683244909
1.68518985
1.686951914
1.685877442
1.688310447
1.688296773
1.682234043
1.682822467
1.683920167
1.686020474
1.683055653
1.682683903
1.680664531
1.681807952
1.686263415
1.686958278
1.687587881
1.68752624
1.686702038
1.686140293
1.682648083
1.683066019
1.683592403
1.682800773
1.682034156
1.681263062
1.684669013
1.684629739
1.685158657
1.687271153
1.687553483
1.685352288
1.686673574
1.686647291
1.680260825
1.680369515
1.68170072
1.682368591
1.685680002
1.684507013
1.681585284
1.683779608
1.685133663
1.686887501
1.684417829
1.687433353
1.687605692
1.687714299
1.680911551
1.681033178
1.68470425
1.68383191
1.681802944
1.685349677
1.685271786
1.685126706
1.685724129
1.686075614
1.685023262
1.683726141
1.684382144
1.680143691
1.679698721
1.680429253
1.681651809
1.687274586
1.685257349
1.68318836
1.681797558
1.682167879
1.685801533
1.683334336
1.68657358
1.687169487
1.687831181
1.681004175
1.680713673
1.685986591
1.684730087
1.683552867
1.684536192
1.684340924
1.685093782
1.68592042
1.686746526
1.682471757
1.682421723
1.681729498
1.681191012
1.681518815
1.682128706
1.6877437
1.687556389
1.686618062
1.685234693
1.681075558
1.681674797
1.684051729
1.68229279
1.68438297
1.685359273
1.685235469
1.682716127
1.682270004
1.686995945
1.686903211
1.686399578
1.685659278
1.683586475
1.683586201
1.683517167
1.683899004
1.683277992
1.684331941
1.685324635
1.68284195
1.684055252
1.683419485
1.683308848
1.688054206
1.686777217
1.687691132
1.686831043
1.682084391
1.681803806
1.681706398
1.681881505
1.682332339
1.683635141
1.684210587
1.684910497
1.685308928
1.686327296
1.687512179
1.687398911
1.686960571
1.683287854
1.683742176
1.683972633
1.682856845
1.682979768
1.683185514
1.68496767
1.685834378
1.685200059
1.687606251
1.68546703
1.687641259
1.68698461
1.683262448
1.681792934
1.680834295
1.680509102
1.68116347
1.682844383
1.685597384
1.686416915
1.683735651
1.684767334
1.686784106
1.68682754
1.686819066
1.68411722
1.683051987
1.684598999
1.684651079
1.682316395
1.681825037
1.681788151
1.685792751
1.686096122
1.685565952
1.686108529
1.685809653
1.682680443
1.683907202
1.686138127
1.68245888
1.681379777
1.680916962
1.681268436
1.686874392
1.686861346
1.6824566
1.68431369
1.684930423
1.685437875
1.684976758
1.684295465
1.685377158
1.683431711
1.684781204
1.684863682
1.684500565
1.682487181
1.681742114
1.681485091
1.684441177
1.684953737
1.68375259
1.684065966
1.68380931
1.681625315
1.682107924
1.68519174
1.687014613
1.684169892
1.683147332
1.682075376
1.682615227
1.685906883
1.68674022
1.681995772
1.682566198
1.682981599
1.683601117
1.685060902
1.685473571
1.68516052
1.686032614
1.684513798
1.684207605
1.684094695
1.683663371
1.682721222
1.681924712
1.683628386
1.683011272
1.682629101
1.682844619
1.682155524
1.682425165
1.686845547
1.687431002
1.686269034
1.684843132
1.683568881
1.684528322
1.684745484
1.686341951
1.681807202
1.681739865
1.681819615
1.682417407
1.684607013
1.685425889
1.686183265
1.686185261
1.685911784
1.683680219
1.683668879
1.683794766
1.685235711
1.685511171
1.683035441
1.685061773
1.683243269
1.682965409
1.683446379
1.683925981
1.687762181
1.687230799
1.686303498
1.684668092
1.685352259
1.683822647
1.685933449
1.682543378
1.681981502
1.681575656
1.681795723
1.684141315
1.68516841
1.686478458
1.686536607
1.683714707
1.683069448
1.683253189
1.684066358
1.686452295
1.686415647
1.684682054
1.686161825
1.684652825
1.684999444
1.686748675
1.686622409
1.686146463
1.685588782
1.683243736
1.681632028
1.684456351
1.684115813
1.683053513
1.681968701
1.683545378
1.684888439
1.685674459
1.685984645
1.684134422
1.683497228
1.682559382
1.682863461
1.684635449
1.686244675
1.686591652
1.686485083
1.685444164
1.685451211
1.685110917
1.685440983
1.685521994
1.68201167
1.6822813
1.681658226
1.683066857
1.685714935
1.684617224
1.683733905
1.683144437
1.682416392
1.683874215
1.684748302
1.684353209
1.684655539
1.684181149
1.683559151
1.682875935
1.684904001
1.684920462
1.685407592
1.686437165
1.686770736
1.68474568
1.684884438
1.683805315
1.684489833
1.684091193
1.682926984
1.681958149
1.682364468
1.682572042
1.686572508
1.685970083
1.685056843
1.682902526
1.682594968
1.682586695
1.682813106
1.683417788
1.682957154
1.684844515
1.68456599
1.684173296
1.683932348
1.6846565
1.684797704
1.685025213
1.684705034
1.682800644
1.685697297
1.686379323
1.683678328
1.683572003
1.683304665
1.683964352
1.682787117
1.683061877
1.686685969
1.686515739
1.685774837
1.68365973
1.683200187
1.682441968
1.682246227
1.682023417
1.681978646
1.685121757
1.685111883
1.68506059
1.684922947
1.684187391
1.684475553
1.684122529
1.68479229
1.685105479
1.683682463
1.68222789
1.684612091
1.685470021
1.683672338
1.683520562
1.684556025
1.684050094
1.683970668
1.686115386
1.686329914
1.685813239
1.684496522
1.683300395
1.682685867
1.6823415
1.682108596
1.685350203
1.685529111
1.685654968
1.685596876
1.684006977
1.683992394
1.684349048
1.68396478
1.684640908
1.684934043
1.682761586
1.682102477
1.683385923
1.684242872
1.684420867
1.685141832
1.684700901
1.685049627
1.685807906
1.684745099
1.685488622
1.68498856
1.684399302
1.683904917
1.682637754
1.683324897
1.685196138
1.685413613
1.685677656
1.685831235
1.684281892
1.684740436
1.684995098
1.683979186
1.684032963
1.683783646
1.684153681
1.684314271
1.682160891
1.682553804
1.683045544
1.684827025
1.685030401
1.683447504
1.6848774
1.683879896
1.684717612
1.682990979
1.685751181
1.685554375
1.685082235
1.684202021
1.684362439
1.684509442
1.685520916
1.684531382
1.685889961
1.684897223
1.684999114
1.684909987
1.684300722
1.684712463
1.683863738
1.683562565
1.68361963
1.683286764
1.682531311
1.682444149
1.682595877
1.684325213
1.683018156
1.683797286
1.684039436
1.684540071
1.683701684
1.686185049
1.686200248
1.685729118
1.685694737
1.683202716
1.683092179
1.684766831
1.683355166
1.685238123
1.68494499
1.684698798
1.685026542
1.684762297
1.684281986
1.683314694
1.683704824
1.684990573
1.682750264
1.683097923
1.683246877
1.683033434
1.683035677
1.68375085
1.683259416
1.683605378
1.683657601
1.68503329
1.684549112
1.685923686
1.684686991
1.685657698
1.685749646
1.686110681
1.683608688
1.682470048
1.682300809
1.682600019
1.683374925
1.683466799
1.68249262
1.682776122
1.684802333
1.684539848
1.685065278
1.685002573
1.684779692
1.68422981
1.683632388
1.684993047
1.68479755
1.682675396
1.683131135
1.683560025
1.684265073
1.683977341
1.683985347
1.683838927
1.684375428
1.684491887
1.685305737
1.685445433
1.685428605
1.684462296
1.685039197
1.685090834
1.682869385
1.682342784
1.682489049
1.682225513
1.682290123
1.682524516
1.682391396
1.682247547
1.68462977
1.684430778
1.685115834
1.685034748
1.684133094
1.684874191
1.684540575
1.684096413
1.684877344
1.685049256
1.6847055
1.685141867
1.683268606
1.683915559
1.68409176
1.684359619
1.685084115
1.684690321
1.684848489
1.685029534
1.685383537
1.685403391
1.684679797
1.683811671
1.683631318
1.682690356
1.682478856
1.682272739
1.682455023
1.682321806
1.682334011
1.683018045
1.682188521
1.682248843
1.68270919
1.682178564
1.682182926
1.682253437
1.682439574
1.682694266
1.684541087
1.684694554
1.684423534
1.684366011
1.685150985
1.685061325
1.684534034
1.684838093
1.68470392
1.685196107
1.684964268
1.685123648
1.684886264
1.684109731
1.684926786
1.684702581
1.684946872
1.68516806
1.684816876
1.684883251
1.684789966
1.684804972
1.684457581
1.683538926
1.682707217
1.682819071
1.682567077
1.682783127
1.68248981
1.682750165
1.682577783
1.683368757
1.683638218
1.682220759
1.683710844
1.683095872
1.682590708
1.682230048
1.6822804
1.68247397
1.68307195
1.682699819
1.683018817
1.684791911
1.684497215
1.684628438
1.684321058
1.684381836
1.684401287
1.68517934
1.685089807
1.684945248
1.685082444
1.685250259
1.685193677
1.685072122
1.685006977
1.684930277
1.684555308
1.685136159
1.685478779
1.685252684
1.685310538
1.683114897
1.684550176
1.684362745
1.684156319
1.684116533
1.68395864
1.683550189
1.683174603
1.683219864
1.682905806
1.683553685
1.683314781
1.683053985
1.682972259
1.68416228
1.684506483
1.682439446
1.684202699
1.683469123
1.682808012
1.68242754
1.682571095
1.682722881
1.683511762
1.683430547
1.682986354
1.683047009
1.683413934
1.684700662
1.684549589
1.684461146
1.684292657
1.684335494
1.684274619
1.684356878
1.684857764
1.685229299
1.685190122
1.68526586
1.685314023
1.685269895
1.685165232
1.685074981
1.685280891
1.685625369
1.685493798
1.685740123
1.685508152
1.685595624
1.685434904
1.683849716
1.683790982
1.683941991
1.683849193
1.683672431
1.683459097
1.683794811
1.683479644
1.683380359
1.683967859
1.683786702
1.683567547
1.684834826
1.685385135
1.682683046
1.68470054
1.684003515
1.683475284
1.683069356
1.682737957
1.682803301
1.683029245
1.683009437
1.683448912
1.683215095
1.683012997
1.684105396
1.683937706
1.683831206
1.683384308
1.68384372
1.684288176
1.684487322
1.684592269
1.684701318
1.684394903
1.684303785
1.684278821
1.684265105
1.684318772
1.685016896
1.684892279
1.684745675
1.685323573
1.685377289
1.685387048
1.685338695
1.685266012
1.685189218
1.685139761
1.685392877
1.685739859
1.685810422
1.685784965
1.68573279
1.68558597
1.68570295
1.68563406
1.685548782
1.685493382
1.684358311
1.684428451
1.684424921
1.684118241
1.683987611
1.684000494
1.683702952
1.684597586
1.684249623
1.684063994
1.684641144
1.684403944
1.68424624
1.68521647
1.685539544
1.685308806
1.685841828
1.685023822
1.685379148
1.68376979
1.683026446
1.684675692
1.684318185
1.683861487
1.683425312
1.683092025
1.683014375
1.683234465
1.683218213
1.683507416
1.683344749
1.684668311
1.684678849
1.684531983
1.684264836
1.683912161
1.684218161
1.684657899
1.684387688
1.684431595
1.684515011
1.684603732
1.684330454
1.684284564
1.68426686
1.684259987
1.684291225
1.685040777
1.684914264
1.68478593
1.685424919
1.685476197
1.68543862
1.685175119
1.685323151
1.685234503
1.685381568
1.68591544
1.685895106
1.685862746
1.685677418
1.685800776
1.685697418
1.685636644
1.685647963
1.68557948
1.685535862
1.68486618
1.684839428
1.684927926
1.684688244
1.684646032
1.684921643
1.684398085
1.685069478
1.684896534
1.68511506
1.685162544
1.684802299
1.685043858
1.685155699
1.685738682
1.68563745
1.685676151
1.685951523
1.684180855
1.685045245
1.68538685
1.683888894
1.683434651
1.684685999
1.68427607
1.683840022
1.683385021
1.683432784
1.683406205
1.683418423
1.683642111
1.683595062
1.684943449
1.685008435
1.685000205
1.685301735
1.684587929
1.684614359
1.684985386
1.684636056
1.684642109
1.684345669
1.68437844
1.684448305
1.684501299
1.684299771
1.684258419
1.684269329
1.684259594
1.684273531
1.685064208
1.686300431
1.685507404
1.68493889
1.685472819
1.685507655
1.685432327
1.685181423
1.685285161
1.685795545
1.685360392
1.68581073
1.685834345
1.685821115
1.685620489
1.685643403
1.685546422
1.685533449
1.685511817
1.685606395
1.685571149
1.685211697
1.685260219
1.685241055
1.685076972
1.685045124
1.68509338
1.685381962
1.685304765
1.685219782
1.685274709
1.685234534
1.685078939
1.685501619
1.685465876
1.685364643
1.685659085
1.685906482
1.685831802
1.685846822
1.685862887
1.685911503
1.685916532
1.685803373
1.684309107
1.68506294
1.685388034
1.68565945
1.684249965
1.683926347
1.683822653
1.684693321
1.684254803
1.683671544
1.683924136
1.683821993
1.683622931
1.683617238
1.683828809
1.683849246
1.684052341
1.685323936
1.685253784
1.685299061
1.685509422
1.685031004
1.68531545
1.685376357
1.685018895
1.684708366
1.685760601
1.684311337
1.684336451
1.684388383
1.684278666
1.684258561
1.684261168
1.684258079
1.684263145
1.68853691
1.68890784
1.685905207
1.687713217
1.687950466
1.686944692
1.690790039
1.685499493
1.685465604
1.68546203
1.685390134
1.685425762
1.686965875
1.68583488
1.688205295
1.686264792
1.685630878
1.685637823
1.685478
1.68554763
1.685489375
1.685516115
1.685443884
1.685377883
1.685478411
1.685351169
1.685517459
1.685465496
1.6854433
1.685462647
1.685548887
1.685480733
1.68502878
1.684916465
1.685445876
1.685366923
1.685272416
1.685102689
1.684889172
1.68558174
1.685622759
1.685631092
1.685598789
1.685586322
1.68586108
1.685867169
1.685970719
1.685979164
1.685984596
1.685809523
1.685518727
1.685985507
1.684616083
1.685090396
1.685442958
1.68610359
1.685727833
1.684615767
1.684315078
1.684269706
1.684993134
1.684660189
1.684211019
1.684056928
1.684100626
1.684042186
1.68386626
1.684324389
1.684149179
1.684427976
1.685517285
1.685538558
1.685653904
1.685332816
1.685344052
1.685544782
1.685556904
1.685574166
1.685085494
1.685384808
1.684989005
1.686014372
1.688509643
1.684285127
1.685627686
1.68429944
1.684265074
1.684260699
1.684258078
1.684258423
1.684257936
1.692022861
1.691815318
1.691963087
1.68873245
1.689815818
1.693105426
1.694821327
1.685443449
1.685411732
1.685391276
1.685922626
1.690297383
1.692298994
1.69080333
1.688715318
1.688896308
1.685423528
1.685375302
1.685425423
1.685426259
1.685416339
1.685257562
1.68520734
1.68538162
1.685199932
1.685281919
1.685243294
1.685250033
1.685539947
1.685548635
1.685494647
1.684670832
1.684652777
1.685413655
1.685335375
1.685124092
1.684663425
1.68489313
1.684898578
1.685703994
1.685657922
1.685683139
1.685524885
1.685629922
1.685607713
1.685998666
1.685980186
1.685971049
1.685983046
1.696584305
1.685915903
1.685712807
1.68596688
1.685494824
1.685260479
1.685809519
1.684967829
1.686823347
1.685364855
1.696220751
1.711123191
1.688199162
1.689608129
1.684533606
1.684736879
1.684606174
1.684487429
1.684401832
1.697874514
1.695030767
1.691424028
1.685685598
1.685678375
1.685724403
1.685582233
1.685581812
1.685603778
1.68565056
1.685713008
1.685705278
1.685741742
1.685379775
1.685277388
1.685302852
1.688059389
1.687843047
1.691583336
1.684267988
1.688325923
1.686018074
1.68822689
1.684525448
1.684532315
1.684557708
1.685151057
1.686728039
1.696072821
1.696279419
1.692906916
1.698151291
1.699866678
1.68536205
1.686590129
1.687150704
1.689664857
1.695340497
1.695938002
1.698521212
1.694625035
1.693759043
1.685188285
1.685325442
1.685277098
1.68529512
1.68508513
1.685039337
1.685260314
1.68502376
1.685039727
1.685054024
1.685061702
1.685063777
1.685315487
1.685432684
1.685473067
1.684408442
1.684466218
1.685271505
1.685164427
1.684848466
1.684487859
1.684663253
1.68567087
1.68569726
1.685644161
1.685445402
1.685538436
1.686023028
1.686014612
1.685989973
1.685798037
1.685908786
1.705561031
1.718461894
1.68559995
1.685054794
1.68565616
1.685280246
1.685502913
1.685515859
1.68986229
1.694001288
1.707948218
1.728181947
1.723337815
1.717820663
1.697826637
1.714019043
1.694850675
1.702268374
1.704332166
1.707302744
1.703011602
1.685745989
1.685767527
1.685642621
1.68572151
1.686855938
1.685769388
1.685740968
1.685793871
1.687769345
1.685866995
1.68573643
1.685788268
1.685773826
1.685862606
1.685785176
1.685802253
1.685865742
1.690126579
1.687945401
1.691044562
1.690940211
1.697728863
1.694539553
1.686142883
1.690971689
1.688335642
1.690823744
1.690040271
1.687426919
1.686898072
1.687475671
1.690173484
1.700583229
1.700953595
1.700916931
1.704408436
1.705142695
1.687054794
1.691095885
1.691041779
1.696591582
1.704643178
1.704437248
1.70415178
1.705549474
1.686471909
1.685156923
1.685152552
1.685004112
1.684902645
1.684911393
1.684873382
1.685149202
1.68486534
1.684864195
1.68486697
1.684811744
1.6848985
1.685102519
1.685015383
1.685203609
1.684295896
1.684348804
1.684916575
1.684948305
1.684660119
1.68451905
1.684363402
1.684460114
1.685606771
1.685542565
1.685483617
1.685181187
1.685351822
1.684868992
1.708788348
1.689961999
1.690296733
1.685793692
1.722479487
1.728315123
1.685436352
1.685640495
1.68522802
1.685345393
1.685046624
1.684890113
1.685220313
1.685182653
1.695615913
1.700287209
1.722817673
1.733720609
1.733202102
1.72972217
1.72761336
1.705503994
1.724073395
1.717265951
1.716929722
1.714850899
1.710484295
1.685747868
1.685767828
1.685653843
1.691715863
1.69283162
1.685888466
1.689762879
1.68731762
1.685820975
1.685797938
1.685802484
1.685796227
1.686319286
1.685840312
1.685871323
1.685899656
1.695725672
1.691896153
1.693615706
1.694645729
1.694515031
1.698601869
1.692774568
1.690571938
1.693435246
1.692603357
1.693514536
1.691566233
1.690748487
1.693869271
1.705440911
1.703651674
1.708872167
1.709700025
1.709967453
1.705386087
1.692457157
1.697379767
1.71164455
1.71213274
1.712436131
1.711152908
1.684800167
1.684998622
1.684843451
1.68470965
1.684784633
1.684728455
1.684726585
1.687462862
1.694647268
1.684710258
1.68471176
1.684706172
1.684629178
1.684692044
1.684684832
1.684691832
1.684736187
1.684249993
1.684282905
1.684605535
1.684403796
1.684322178
1.684473053
1.68456429
1.685528872
1.685395896
1.685380978
1.685195672
1.685058304
1.684719452
1.714731316
1.698272759
1.736844668
1.729983869
1.685075251
1.700373034
1.686381376
1.684890945
1.685054026
1.684854928
1.684955314
1.68478275
1.684876341
1.700227154
1.704724509
1.728142029
1.730837637
1.735803647
1.73291793
1.73829716
1.709575637
1.726536979
1.723250357
1.720096879
1.714898412
1.685684242
1.685721562
1.685747965
1.685743354
1.685573492
1.690878595
1.695859584
1.694385061
1.691198571
1.685852781
1.685827625
1.685781561
1.69114685
1.688509886
1.685872144
1.699558207
1.695937348
1.696659305
1.698002505
1.697412531
1.702300056
1.696463936
1.696677461
1.696100151
1.69685547
1.69641764
1.696195374
1.695555
1.696934621
1.698431686
1.709233349
1.707321151
1.714199381
1.71447704
1.71436162
1.705463184
1.717461682
1.717658393
1.715780901
1.711247332
1.684840653
1.68891473
1.684670928
1.684719449
1.684564661
1.684628778
1.684621887
1.684560071
1.684576992
1.697274477
1.702327384
1.684576663
1.684574037
1.684553015
1.684522956
1.684590469
1.68453777
1.684480047
1.684424193
1.684236162
1.684257248
1.684346674
1.684277357
1.684453081
1.684340029
1.684389932
1.685383927
1.68543738
1.685201228
1.685195339
1.685136712
1.68494768
1.684846146
1.684586597
1.684415215
1.714544175
1.718898094
1.739766812
1.733086227
1.690427721
1.704593136
1.684725927
1.694537832
1.68474468
1.684676276
1.684625768
1.741221982
1.704118417
1.708566606
1.729692197
1.734930884
1.732874173
1.737160829
1.726761055
1.71289728
1.723642464
1.718291905
1.685595632
1.685653513
1.688679829
1.685662095
1.685455455
1.685481696
1.693766097
1.697893605
1.69539689
1.701034881
1.688603332
1.687460269
1.691292409
1.694878271
1.692861239
1.691260674
1.703917369
1.6994464
1.701649766
1.700628268
1.707294141
1.699584896
1.700106699
1.699969573
1.698588267
1.699730776
1.700722539
1.700400663
1.712495671
1.712886296
1.718390018
1.718714131
1.717854353
1.704951127
1.720751894
1.710315213
1.719916905
1.716128371
1.684708108
1.689399801
1.684567471
1.684576337
1.684591946
1.690331461
1.695704565
1.684481123
1.684452263
1.684392509
1.684471527
1.684465231
1.684460708
1.69974296
1.684461212
1.684457181
1.68445121
1.684461939
1.684404981
1.684396897
1.68429872
1.684269361
1.684239706
1.684239244
1.684242737
1.68426169
1.684246761
1.684344136
1.68432761
1.684296865
1.684244437
1.685307139
1.685258262
1.685294007
1.685015457
1.684845272
1.685057054
1.684835305
1.684676806
1.684488496
1.684279989
1.684349349
1.725669124
1.74342612
1.738019574
1.708804102
1.700084292
1.684616176
1.68446558
1.68445103
1.739897214
1.744552523
1.74633736
1.707763884
1.711816435
1.732469008
1.72993115
1.734301547
1.725464595
1.716034561
1.720860819
1.692835009
1.685643714
1.689223688
1.68617591
1.69701139
1.698582492
1.701804197
1.69617018
1.693820906
1.697172746
1.698391118
1.696541896
1.705384127
1.708686337
1.702357253
1.705525874
1.703871316
1.713128382
1.702620042
1.703015283
1.704160073
1.703761604
1.701501434
1.702286393
1.71747205
1.720309691
1.72237835
1.722657683
1.722247238
1.704176907
1.72359649
1.71055113
1.715617409
1.72080912
1.689047566
1.684484285
1.690160877
1.695044704
1.684405535
1.684393642
1.684378515
1.684332914
1.684300256
1.684364791
1.684349084
1.684354733
1.696803607
1.684354763
1.68435799
1.684341458
1.684346139
1.684299686
1.684308667
1.684296631
1.684239705
1.68423457
1.684244669
1.684239163
1.684237079
1.684235915
1.684236511
1.684255369
1.684228941
1.684227221
1.68649196
1.685142138
1.685088771
1.684689728
1.684884147
1.684717499
1.684905395
1.684570665
1.68454873
1.684421688
1.684242308
1.684280687
1.684329578
1.727318918
1.742057864
1.710281628
1.717858831
1.705111288
1.698274006
1.685248199
1.737203475
1.743603427
1.749674615
1.748858821
1.71182118
1.715367775
1.731317263
1.728523774
1.723584099
1.719106685
1.696513375
1.69285105
1.689141516
1.688800695
1.700094178
1.700631974
1.702564346
1.70049763
1.699763069
1.703011436
1.701980645
1.705737005
1.709463343
1.712472128
1.704760861
1.708195892
1.709725414
1.719468863
1.706444394
1.709803422
1.707646722
1.704781695
1.704603978
1.724379848
1.728789649
1.727703566
1.725382957
1.726338495
1.70290018
1.724978676
1.709678976
1.715857751
1.721062968
1.689035756
1.691230835
1.691210949
1.685472257
1.684325389
1.684318689
1.690686767
1.68428792
1.684254426
1.684254639
1.68425018
1.684255551
1.684268358
1.684260825
1.696064243
1.6842666
1.687477039
1.684235937
1.684229626
1.684231095
1.684251818
1.684243028
1.684239053
1.684235104
1.684223949
1.684226701
1.684230602
1.684227301
1.684230547
1.687843431
1.685716453
1.684961712
1.684897285
1.684577693
1.684742377
1.68459992
1.684754943
1.684443506
1.684458343
1.684355553
1.684230412
1.684277067
1.684235918
1.684246033
1.684291922
1.728224724
1.740416878
1.721614208
1.71352496
1.705194019
1.73394353
1.75002787
1.741413106
1.74915176
1.753859472
1.716302383
1.71947539
1.726965711
1.722664115
1.730842261
1.696230772
1.691759532
1.700562181
1.69003299
1.705450166
1.703424257
1.705407359
1.707123046
1.708036217
1.712756015
1.706644755
1.707161336
1.714112107
1.714355744
1.72566474
1.712016807
1.715885982
1.710962751
1.70953464
1.733634145
1.735531898
1.734044747
1.729596856
1.726960541
1.702498407
1.724644618
1.70927382
1.719599739
1.714985153
1.70280907
1.722454534
1.685518863
1.684278255
1.684272812
1.715666258
1.688142119
1.691297804
1.684247289
1.699578251
1.691173421
1.697125701
1.684234607
1.685698053
1.684228646
1.684227822
1.695432583
1.684231939
1.709917264
1.698577795
1.684234597
1.684239384
1.684252617
1.68425939
1.684248926
1.684243969
1.684232061
1.684236394
1.684241572
1.684241725
1.684230341
1.684239104
1.685662045
1.687243601
1.6847804
1.684478828
1.684497954
1.6846098
1.684633429
1.684366778
1.684383456
1.684303285
1.684229963
1.684253582
1.684235992
1.684261314
1.734250972
1.744769685
1.730304301
1.722818032
1.73842756
1.755074719
1.747903579
1.756301454
1.720483131
1.724852777
1.727461908
1.735010287
1.704404663
1.693730412
1.69794182
1.689346804
1.708368839
1.707509888
1.711309358
1.70919447
1.713244398
1.709960806
1.717046934
1.708235552
1.710885942
1.720243207
1.733850037
1.719905871
1.71718878
1.716591269
1.743673411
1.748718298
1.734765835
1.727704553
1.723914953
1.699932115
1.718551767
1.708003928
1.712964886
1.684253924
1.684248083
1.729540293
1.725964941
1.686429363
1.68937123
1.684233506
1.710417303
1.709991543
1.709539899
1.684228611
1.70365901
1.686723193
1.695973271
1.690443433
1.692055166
1.684504449
1.723434737
1.684265944
1.712828796
1.684246083
1.684251718
1.684260694
1.684256533
1.684245382
1.684249823
1.684255034
1.684254904
1.686789812
1.68425224
1.684237032
1.684248449
1.684234833
1.685286077
1.684403477
1.684483943
1.684312282
1.68432876
1.684457688
1.684387743
1.684239257
1.685715867
1.757312716
1.750495739
1.740907557
1.748686637
1.736066102
1.745091364
1.761178076
1.762098466
1.754373989
1.726046042
1.73321692
1.743196868
1.701559429
1.705776383
1.691497544
1.694616247
1.688141889
1.712419324
1.712681444
1.713619254
1.710613411
1.717746789
1.714126677
1.722373902
1.710460924
1.716256548
1.736576975
1.724140128
1.72582216
1.723951833
1.722998769
1.742685735
1.755414866
1.730774301
1.717947294
1.726331
1.692747433
1.699862606
1.711599479
1.703927428
1.684237012
1.714472487
1.738892896
1.738037431
1.689077912
1.687547833
1.686987531
1.685655495
1.722329379
1.722297183
1.69087686
1.707019507
1.700108492
1.697390449
1.690928966
1.691379407
1.736224853
1.684271798
1.724917331
1.684259322
1.684264055
1.684267811
1.684267502
1.684258953
1.684263103
1.684266862
1.684264843
1.686459479
1.684261383
1.68424477
1.684256693
1.6859107
1.685473377
1.685300486
1.685424199
1.687162527
1.68680904
1.761688325
1.755942712
1.746472321
1.754264475
1.767160306
1.764281333
1.733641888
1.754291848
1.74434155
1.687948228
1.698806135
1.702329063
1.692651307
1.689819829
1.705508521
1.716080937
1.718155266
1.71116388
1.727729541
1.728903009
1.720076955
1.687406899
1.713923116
1.73841128
1.729600369
1.730323091
1.729159049
1.743328735
1.75740519
1.725268801
1.714494445
1.693313973
1.694254974
1.702590965
1.716423797
1.751350061
1.750268633
1.691052686
1.690464124
1.7354181
1.734851497
1.698311897
1.719315395
1.709434775
1.703829141
1.694780346
1.696207343
1.751571258
1.684276648
1.699733241
1.737009386
1.728808964
1.684270631
1.684273914
1.684275847
1.684275017
1.684275937
1.684270278
1.684274133
1.684272428
1.686801707
1.684267645
1.68563707
1.685094268
1.687694402
1.687197342
1.687360346
1.689102264
1.766837558
1.774607144
1.762721323
1.782204897
1.763048706
1.770704593
1.746449772
1.762673636
1.688768958
1.698275093
1.694877805
1.690709864
1.70345704
1.71616338
1.722378697
1.709065904
1.742569781
1.733598491
1.724003661
1.727265031
1.68841396
1.688123445
1.721761757
1.73342215
1.733729026
1.73187887
1.738721995
1.744837445
1.74613846
1.710646474
1.718581358
1.701300775
1.696027336
1.695486242
1.764078686
1.695787767
1.74879467
1.747383821
1.722590688
1.704350761
1.711832137
1.701679826
1.70311645
1.766143925
1.778559567
1.684280573
1.706906506
1.712192819
1.749721228
1.73645967
1.684279223
1.684280842
1.684280135
1.684280915
1.684278923
1.684282136
1.684628313
1.685635792
1.689083805
1.68554605
1.687153975
1.68686195
1.689643945
1.691093139
1.690351903
1.794640531
1.785965284
1.798020314
1.78607179
1.771314707
1.771304555
1.758688961
1.689494185
1.696829963
1.692087875
1.702858234
1.712858335
1.697040352
1.743827976
1.713959642
1.733628627
1.727056372
1.689487563
1.689655529
1.691656632
1.733708914
1.748088386
1.727286714
1.732723826
1.743313019
1.726915148
1.729497682
1.708141419
1.700300707
1.703009919
1.696185208
1.722374597
1.761062665
1.712157505
1.711292718
1.78290865
1.800208473
1.684283578
1.721725681
1.731068562
1.773125926
1.762858895
1.749537613
1.684283465
1.684284035
1.684284301
1.684412734
1.684283696
1.686800793
1.686177624
1.687188272
1.692599165
1.68713884
1.69287906
1.688532023
1.691383742
1.821442877
1.818039861
1.799293051
1.782660204
1.767934946
1.690324836
1.692282571
1.690735046
1.692921598
1.703284584
1.706500435
1.698042425
1.757497015
1.712315703
1.733868218
1.722714407
1.691407768
1.694584353
1.694321971
1.771681826
1.752152814
1.725032091
1.752005303
1.718403856
1.719665555
1.708187114
1.701183392
1.700500789
1.708727903
1.808089414
1.684284297
1.731926371
1.744793329
1.784734635
1.76938625
1.830187716
1.684284289
1.684779392
1.684807656
1.688465616
1.68564465
1.6880748
1.687793076
1.694705161
1.688529786
1.692083732
1.690112648
1.689473326
1.84941355
1.837558407
1.823323654
1.806066268
1.782062213
1.692297538
1.691098956
1.694281629
1.693134999
1.69388828
1.772079314
1.707105009
1.702525521
1.698484656
1.71078275
1.739460352
1.719645321
1.697200972
1.696611229
1.700464429
1.795042501
1.771003572
1.768340688
1.806911075
1.725308081
1.712235643
1.723235213
1.705942214
1.70883827
1.720771421
1.826777869
1.837462338
1.806516594
1.684283446
1.750304183
1.764605081
1.78649475
1.838252967
1.68639594
1.687400877
1.688149638
1.689849929
1.688697687
1.689186059
1.691908487
1.690107916
1.690548646
1.691001272
1.870003629
1.862806522
1.842828666
1.844965984
1.809896567
1.694164386
1.696884833
1.695027472
1.695433377
1.760782486
1.703996273
1.698656339
1.714312594
1.698573505
1.69567921
1.693022282
1.699723766
1.704155889
1.813149192
1.762788171
1.846003683
1.724845174
1.718856345
1.738291404
1.719893798
1.740845789
1.837589167
1.822602836
1.859821741
1.820850652
1.833861152
1.808322489
1.772380715
1.687217601
1.774826278
1.796827081
1.834563718
1.689212461
1.690112367
1.69098919
1.691564051
1.692217363
1.690897993
1.692831267
1.691924863
1.876263072
1.874668579
1.866692957
1.851113155
1.795425694
1.69789548
1.702169821
1.70170917
1.69925515
1.702246822
1.715294301
1.703730061
1.695023113
1.693757289
1.696922784
1.700931377
1.705991272
1.7048447
1.781270279
1.735797592
1.81558033
1.770496409
1.792409693
1.758863436
1.767848378
1.794676111
1.804879261
1.817930594
1.816486906
1.793158843
1.82227092
1.883014204
1.869264846
1.823227334
1.853259436
1.68943829
1.818328227
1.877303137
1.69181418
1.693099169
1.6947053
1.692808922
1.69419089
1.912880473
1.870727195
1.797341499
1.728644751
1.705843146
1.705483959
1.707544816
1.710586618
1.694465169
1.695246282
1.696116716
1.698538873
1.702495021
1.70795258
1.771313499
1.824623041
1.773791274
1.827922227
1.780317233
1.843970995
1.817169551
1.832518435
1.795454055
1.824260382
1.821114205
1.841973184
1.861325647
1.914384073
1.960897067
1.929638739
1.899832159
1.9372625
1.853251711
1.807221226
1.691384417
1.891030634
1.909895404
1.693012239
1.696001811
1.697424531
1.696469841
1.88822291
1.802350437
1.760098888
1.732489098
1.706410855
1.706772696
1.710490166
1.696783019
1.697822228
1.69889547
1.701888111
1.705978952
1.705497592
1.709260294
1.835272219
1.863350897
1.84115969
1.829749394
1.894285229
1.905416536
1.89360969
1.84627351
1.796442178
1.802946376
1.846086726
1.908268183
1.872777789
1.861076832
1.897407253
1.898011706
1.871521392
1.833130829
1.940504572
1.941419553
1.695058961
1.698196727
1.700873349
1.700633837
1.815164366
1.750985053
1.731334104
1.714632902
1.71036169
1.700358726
1.70119975
1.702188823
1.706725024
1.711296153
1.714271459
1.89765672
1.90276064
1.930920509
1.883160335
1.893853476
1.926483297
1.965658389
1.919835962
1.823702198
1.817391286
1.923714578
1.813996675
1.913492299
1.933501181
1.89441082
1.898914014
1.900997321
1.897282789
1.80401367
1.940739867
1.80696503
1.697669943
1.701274442
1.705787019
1.746411725
1.729857384
1.727566804
1.723070724
1.706674496
1.705457766
1.711411063
1.720624933
1.972355874
1.945710988
1.928095829
1.897165282
1.892340247
1.931972056
1.956096806
1.943269371
1.881559371
1.854368627
1.947239824
1.841481409
1.939181231
1.902561566
1.826950002
1.874527597
1.920739668
1.831513387
1.756062232
1.826642502
1.700980869
1.704600059
1.705864074
1.710065163
1.754743164
1.760001264
1.749194414
1.732638912
1.712968876
1.712783623
1.715856536
1.718389166
1.949832796
1.97929787
1.897648958
1.88964214
1.913155529
1.914866369
2.000000001
1.899989194
1.977239266
1.983351355
1.884283266
1.883424206
1.901486015
1.827199728
1.836938863
1.897806799
1.774389383
1.789157874
1.805815163
1.705638544
1.708511847
1.715386728
1.776904479
1.746612446
1.725590521
1.723336802
1.719938506
1.908273834
1.9380743
1.91611599
1.901657824
1.912051868
1.83399368
1.979797464
1.946723683
1.981645361
1.892961223
1.880196846
1.890236226
1.883517741
1.857052373
1.893081675
1.773743486
1.780477909
1.766697365
1.712139507
1.716331098
1.726674901
1.736490262
1.737556582
1.741716602
1.72994726
1.926428489
1.947208971
1.947124565
1.912887966
1.848083267
1.778855491
1.955002607
1.981200777
1.934089145
1.946073435
1.9199837
1.876169943
1.889607812
1.910633774
1.91243112
1.92609496
1.75126135
1.753496237
1.718091364
1.72464263
1.735750172
1.735614379
1.756164501
1.770059651
1.759023001
1.941097133
1.93436505
1.952461585
1.923296847
1.815611196
1.78376756
1.962360338
1.956165116
1.922349835
1.925604946
1.921413861
1.931900337
1.943338801
1.924899534
1.930732257
1.937125721
1.743308645
1.731293872
1.753937545
1.763910114
1.762758821
1.77711801
1.784987402
1.758998217
1.969036055
1.958561741
1.96601341
1.879780323
1.80901837
1.952176348
1.93372678
1.928442572
1.939491841
1.939033818
1.920625624
1.95863422
1.961281213
1.786542215
1.76787005
1.73752672
1.764018473
1.785408507
1.773003094
1.772411046
1.953207603
1.970757474
1.837163739
1.896628129
1.955613526
1.954009684
1.96544118
1.966072431
1.975180653
1.968215202
1.937939454
1.785095322
1.78559033
1.740571442
1.75842373
1.765703322
1.8143198
1.966504163
1.966359525
1.813440338
1.900938426
1.97630003
1.964197064
1.950852341
1.963120377
1.962256928
1.945603687
1.929884351
1.771340777
1.755188147
1.759148475
1.846267351
1.768572051
1.980718242
1.938097963
1.862905
1.96868639
1.937631023
1.93117113
1.93780611
1.930493766
1.923971728
1.756258657
1.788742655
1.847563538
1.757035342
1.77175042
1.957616347
1.930827665
1.938073961
1.908913461
1.92890254
1.916754664
1.918217172
1.774214264
1.88482048
1.779994292
1.750388813
1.948006751
1.924684133
1.898149892
1.90871055
1.907530776
1.905224226
1.743625878
1.811811298
1.756885448
1.972105808
1.904685664
1.891546134
1.893480802
1.873327092
1.761273753
1.752945792
1.809543506
1.863872806
1.928102313
1.895837743
1.898052772
1.812216407
1.793824746
1.837394276
1.847877798
1.884189221
1.890647421
1.884250874
1.848224005
1.844608384
1.840034104
1.848964792
1.947499025
1.908119717
1.857648656
1.843012054
1.905415253
