1.884686515
1.878906682
1.90893324
1.894322116
1.87110292
1.868345161
1.911496092
1.89878987
1.878936089
1.914943257
1.872003698
1.924356378
1.872850432
1.868882333
1.891904093
1.912983436
1.867947869
1.914126245
1.908813574
1.891815751
1.878489667
1.916904188
1.9160308
1.925017584
1.932772413
1.918038256
1.875543215
1.874321082
1.869702981
1.872376762
1.885845806
1.910511507
1.876891008
1.920755322
1.917840478
1.906104961
1.913969418
1.892169165
1.917364308
1.917501404
1.919951812
1.923538745
1.928006623
1.848956702
1.857266974
1.873000568
1.880114683
1.85155829
1.887448802
1.888902713
1.902111634
1.919539925
1.922867931
1.924042861
1.91941111
1.932109855
1.921713969
1.925397416
1.93059662
1.934383023
1.939405834
1.947989216
1.943309342
1.819855526
1.822964872
1.855191928
1.862218419
1.880352855
1.896267568
1.83246778
1.913318805
1.933011597
1.92440001
1.926702576
1.930923801
1.935818204
1.943698145
1.93171987
1.935700468
1.935863587
1.936846624
1.94193841
1.950712991
1.945308028
1.954834052
1.958884836
1.801617275
1.795921137
1.813744046
1.843231386
1.873016577
1.899208671
1.922597294
1.817397715
1.947726154
1.934089762
1.929957445
1.935123596
1.937308672
1.94305575
1.946231547
1.954165858
1.940856543
1.941476567
1.943966288
1.948758455
1.953113827
1.958591102
1.959496554
1.957955534
1.961845385
1.963679018
1.968768493
1.790220134
1.781525909
1.786315152
1.855198592
1.829944603
1.887325652
1.914671073
1.950749744
1.808812676
1.938898797
1.944890356
1.940787252
1.944125994
1.948093381
1.954340942
1.959471952
1.954819495
1.95034317
1.954464663
1.962327116
1.965280951
1.972501878
1.969228843
1.966854355
1.967294327
1.968081852
1.970362689
1.968897387
1.964927675
1.914930962
1.953523352
1.946622887
1.785521456
1.775677544
1.77415211
1.836619973
1.868097975
1.812169852
1.900329042
1.939169319
1.79532758
1.949868358
1.950599964
1.956698374
1.953113155
1.959183496
1.958732806
1.9642767
1.966508184
1.958142299
1.946840061
1.962381089
1.969308533
1.977723697
1.979307782
1.978660075
1.978679969
1.973552716
1.972506824
1.970106257
1.959335693
1.951255337
1.898312479
1.917788444
1.932686007
1.946757887
1.941381955
1.894485097
1.780078151
1.777666614
1.773027196
1.858006721
1.82584213
1.883023245
1.801627162
1.918109361
1.787417422
1.963468472
1.962353907
1.961181324
1.967159691
1.965655166
1.96676761
1.96912936
1.967606883
1.960573012
1.938032137
1.919618081
1.97322563
1.977700411
1.979640924
1.980480788
1.977848485
1.975418239
1.971083725
1.96666947
1.95833234
1.949289677
1.943179771
1.891772708
1.903458217
1.937604134
1.925471297
1.940458863
1.896520617
1.905032057
1.911385748
1.77963524
1.779724366
1.782948326
1.861443297
1.839887286
1.812305583
1.89199603
1.791415521
1.78224048
1.97374493
1.971444471
1.971700927
1.967371485
1.974783672
1.974671072
1.977234428
1.948413259
1.928895375
1.901160172
1.885036871
1.976160255
1.973593709
1.973402091
1.966752018
1.963486189
1.960198682
1.954897582
1.953762369
1.946473451
1.940622557
1.937973569
1.894661757
1.889598114
1.912007235
1.935609656
1.927863986
1.898128381
1.908050868
1.908999124
1.910794493
1.780375736
1.783742921
1.912592089
1.783899733
1.866636037
1.847456539
1.825475582
1.801686266
1.787023113
1.78060818
1.981095085
1.981542552
1.98039493
1.974669212
1.948424481
1.980043535
1.977376994
1.972014492
1.913907915
1.894385744
1.869214002
1.857747653
1.965968924
1.965630404
1.959051204
1.954345607
1.951039447
1.946805568
1.943858501
1.937760451
1.935627618
1.932801666
1.887766343
1.900231621
1.886966961
1.917156751
1.925292318
1.899133561
1.905382529
1.920157387
1.779912833
1.789468807
1.787433439
1.919146065
1.789600318
1.848571063
1.832047714
1.813557235
1.793845113
1.782868674
1.778927347
1.983209658
1.984581872
1.975166828
1.980468737
1.958479089
1.912087811
1.975360478
1.969503856
1.960810595
1.869830952
1.844410227
1.835625124
1.957631135
1.953481192
1.949222149
1.946303774
1.942255318
1.939896316
1.935178802
1.934532825
1.932476807
1.891957314
1.880247647
1.906477172
1.884702069
1.918778065
1.922848131
1.894166598
1.912008106
1.933910343
1.935251451
1.77773566
1.788100352
1.934437343
1.937659997
1.928636331
1.786394753
1.828446701
1.81413091
1.800674203
1.787626573
1.782755789
1.777848252
1.973968268
1.981094885
1.978182152
1.953759055
1.974800682
1.925473609
1.878090749
1.969107166
1.961051236
1.955546524
1.843573208
1.820387692
1.814621665
1.953564777
1.947798594
1.945523644
1.940686972
1.934682957
1.932248293
1.928777895
1.909557132
1.887627191
1.874323655
1.879469927
1.918410783
1.920323647
1.909125441
1.928394797
1.940399272
1.777341156
1.7826274
1.937444849
1.930692363
1.91980247
1.919595289
1.926098075
1.919788481
1.776327173
1.810339901
1.799819366
1.793149705
1.786282028
1.781681317
1.776617302
1.977611843
1.94765947
1.980246939
1.974531521
1.916530901
1.968551424
1.889796018
1.843104152
1.96702737
1.962319478
1.963505572
1.820092644
1.80344673
1.79940223
1.959559339
1.960392316
1.953229101
1.942042134
1.937883831
1.929751613
1.916813109
1.897386242
1.8735319
1.868373383
1.887049878
1.919673098
1.92528445
1.912496034
1.93032746
1.927869809
1.773974794
1.774471524
1.921871223
1.916476809
1.920245369
1.930322872
1.928848981
1.915876127
1.766978357
1.796308918
1.791851244
1.784724996
1.78200686
1.778633194
1.981369715
1.964046188
1.912647129
1.977057333
1.971392724
1.874075636
1.973414389
1.849325612
1.81674818
1.971926929
1.975259333
1.975499965
1.802244289
1.79502486
1.791075215
1.981362071
1.971455183
1.959171686
1.949232151
1.943239922
1.89983551
1.919459813
1.8781446
1.861312829
1.866479486
1.887076551
1.92123776
1.942563772
1.907970411
1.913875335
1.908825493
1.775290566
1.773582893
1.902056969
1.918016356
1.940093175
1.93501622
1.896241254
1.760783006
1.791022336
1.790891115
1.788399063
1.786328606
1.782675503
1.970230942
1.975353073
1.929942256
1.878912243
1.97340199
1.976058685
1.841208644
1.977994644
1.819709565
1.795451914
1.979941239
1.98175625
1.993510395
1.785958731
1.783591836
1.786183928
1.991434949
1.983886501
1.967740016
1.968941798
1.880280671
1.913916754
1.85950972
1.853491634
1.864685382
1.890902509
1.943913224
1.964808357
1.902034742
1.897167884
1.908480276
1.770036689
1.779730028
1.898042642
1.935194518
1.948533536
1.880965079
1.895542972
1.762874754
1.777048695
1.757950356
1.788121438
1.78967428
1.789900459
1.785479091
1.787281484
1.943793362
1.961485116
1.968466015
1.897493095
1.849353939
1.969001838
1.968726721
1.820831815
1.811045146
1.967768012
1.793546135
1.975689462
1.986810949
1.996781741
1.77229928
1.771022742
1.776678324
2
1.987993186
1.98604977
1.860262513
1.932708934
1.84445037
1.848525723
1.87160708
1.894269544
1.965685023
1.985572331
1.891032415
1.890214726
1.917295439
1.771767453
1.900880522
1.93826149
1.872668594
1.907098961
1.759897763
1.774518919
1.765569643
1.839542575
1.753667781
1.783201439
1.785649065
1.7849595
1.784244015
1.776046818
1.903845357
1.937936746
1.958281256
1.962568484
1.860654342
1.824430749
1.959212375
1.955784169
1.79868046
1.788778025
1.960369286
1.967119488
1.989848208
1.975132692
1.996355202
1.762767087
1.763515979
1.773843718
1.993425112
1.99109316
1.853855269
1.841327494
1.956021329
1.859298235
1.886918645
1.893123754
1.981266037
1.992155386
1.885763161
1.894781923
1.917263373
1.762458569
1.902193586
1.87995593
1.928243087
1.75511436
1.764863317
1.774384977
1.759259742
1.838212938
1.852513576
1.74686756
1.779964963
1.780721187
1.777382203
1.77332072
1.764052551
1.904804086
1.870563107
1.936790934
1.954275434
1.953638445
1.832212571
1.801723708
1.951045884
1.951604185
1.783650069
1.95617714
1.964858956
1.984478772
1.976990882
1.990131881
1.756628645
1.768049228
1.757149534
1.997144542
1.860497172
1.841036581
1.963013813
1.879840675
1.884848821
1.881132601
1.981208523
1.997076531
1.898737582
1.905605475
1.75130197
1.755896734
1.894136436
1.93093763
1.761640707
1.768533058
1.777229764
1.756565094
1.835611984
1.84593224
1.867033844
1.742644974
1.737461708
1.77769615
1.775508885
1.767019429
1.759374059
1.752398792
1.914618516
1.877290092
1.844561057
1.932648347
1.949904961
1.949051388
1.813266847
1.790179438
1.945366691
1.947194573
1.951744673
1.960648878
1.968520497
1.986072797
1.753330944
1.762061238
1.751882062
1.995466805
1.866990076
1.845328631
1.956507678
1.876521393
1.871576838
1.886986812
1.978007382
1.991526091
1.90267641
1.743999462
1.901619278
1.927436618
1.764365978
1.770518476
1.779019151
1.790183167
1.757917655
1.835473252
1.833525578
1.849214686
1.863540586
1.731400612
1.727082921
1.77180485
1.761299181
1.753049211
1.745700406
1.742398298
1.898287306
1.917752863
1.862758216
1.829713433
1.922658076
1.93024104
1.931496076
1.937986586
1.801603093
1.938479275
1.938505164
1.945199102
1.952632071
1.978635275
1.753130528
1.752870037
1.749874598
1.98003792
1.848168753
1.879467043
1.952225258
1.860373678
1.866133769
1.882224549
1.974027132
1.978803356
1.735318233
1.915378046
1.932514821
1.781034142
1.770765362
1.787403914
1.791369634
1.796717321
1.762309281
1.828626622
1.837215792
1.838225244
1.850146725
1.854759502
1.7739647
1.844801814
1.726763943
1.722263076
1.719120853
1.755018985
1.747181315
1.738098969
1.735748665
1.734545369
1.911883031
1.884286634
1.920268028
1.84788127
1.818928795
1.920282871
1.920394592
1.923576279
1.931460834
1.932905116
1.933301827
1.937575302
1.95811921
1.755422908
1.746277621
1.752186982
1.963857151
1.857117662
1.886652582
1.955322672
1.849080055
1.858887236
1.96743935
1.970192307
1.916956268
1.935309038
1.790620253
1.783824738
1.794249773
1.796088731
1.801652131
1.814358965
1.763929202
1.828498188
1.827495109
1.836690099
1.845201722
1.841646912
1.77189572
1.763286746
1.834391295
1.840309116
1.719551321
1.725039447
1.715721565
1.713422824
1.741708957
1.73522799
1.730041072
1.729476619
1.729241258
1.903231014
1.917311953
1.86778659
1.920962508
1.833633692
1.922039801
1.91957507
1.920697848
1.922321141
1.928829312
1.928363072
1.940335427
1.756550743
1.744746729
1.753253277
1.948556809
1.866503323
1.891710919
1.951635183
1.843939194
1.967927155
1.961289011
1.905626223
1.929039717
1.788814438
1.776415282
1.794886582
1.795660292
1.806937645
1.823969624
1.757953157
1.826030956
1.835919791
1.826918792
1.830247418
1.852023838
1.759055861
1.756581337
1.748882559
1.836094981
1.82999612
1.839449049
1.7179012
1.714951878
1.721205814
1.711306629
1.709611523
1.736057318
1.730488929
1.724682472
1.722517894
1.887382318
1.916086239
1.928300697
1.852603418
1.932875815
1.927880578
1.921148729
1.917606945
1.917781062
1.924632431
1.928713748
1.921481211
1.752640706
1.741105871
1.74507064
1.937823444
1.864353234
1.872535911
1.877384586
1.95561852
1.840543071
1.960633998
1.939426488
1.896087642
1.926428827
1.768252063
1.777041538
1.782898382
1.800590581
1.820811155
1.845890146
1.746494873
1.831353776
1.822064335
1.843555072
1.823074262
1.747138887
1.75445136
1.743996944
1.737602111
1.837724162
1.829314215
1.713573611
1.7141978
1.711680738
1.716205368
1.708139501
1.706581369
1.733738043
1.72569545
1.719152538
1.912120855
1.877802056
1.93708492
1.940904406
1.932636977
1.925411365
1.916818565
1.91505637
1.91532723
1.919037981
1.7427328
1.736881155
1.734561939
1.920620403
1.85105213
1.861876637
1.856712768
1.865209368
1.933142128
1.845690898
1.936302019
1.920625802
1.885453188
1.904777746
1.763766915
1.773017638
1.791033128
1.812097903
1.834789552
1.865235516
1.738123322
1.839450933
1.82451814
1.824185087
1.742016392
1.749481506
1.759152439
1.73713423
1.730218144
1.843660044
1.83656273
1.829744667
1.711075423
1.708285464
1.709112309
1.709260096
1.713859125
1.703836871
1.705404708
1.727283869
1.72005267
1.900246849
1.938127623
1.954755023
1.947860192
1.937335919
1.924785617
1.917153253
1.912488801
1.911679779
1.731634496
1.727261898
1.725307576
1.908110745
1.842058841
1.850117856
1.83982539
1.838379098
1.852342223
1.888709707
1.907777981
1.852672411
1.912476108
1.901774808
1.869536956
1.771180972
1.791411788
1.821138679
1.855799711
1.899469649
1.728053334
1.830576295
1.825449038
1.750230255
1.741092973
1.761102559
1.772208201
1.731806387
1.724687819
1.848492714
1.83806295
1.830546212
1.707651793
1.708687477
1.706075764
1.70496748
1.704665106
1.714425556
1.702534351
1.699778113
1.701869862
1.705281962
1.709504631
1.703183469
1.701755046
1.702902037
1.718989183
1.93844516
1.955585032
1.955966355
1.946401621
1.934768865
1.924820657
1.917259436
1.907712
1.723758787
1.719827462
1.719131598
1.896477639
1.82913766
1.830777431
1.819228364
1.82319695
1.840112125
1.867397758
1.856227539
1.884772425
1.851695204
1.88390635
1.880386763
1.789570999
1.81685653
1.854710582
1.898240113
1.933733238
1.721541082
1.831577909
1.747882657
1.760477442
1.733021928
1.774931466
1.786411732
1.725017537
1.720296179
1.844677782
1.837132616
1.833411248
1.705083823
1.705651062
1.703239526
1.712858062
1.701655086
1.700650754
1.698800846
1.699258985
1.698081737
1.700784686
1.702622044
1.709199265
1.705463391
1.701272979
1.701344564
1.699901589
1.69980832
1.714070622
1.949886126
1.949572448
1.937944344
1.929528099
1.92304496
1.917965644
1.910404423
1.718838404
1.716230765
1.714998732
1.901624731
1.881891953
1.823121483
1.834766237
1.812578331
1.805701479
1.813240966
1.836216021
1.838376134
1.849940485
1.862003256
1.843229616
1.8552018
1.853947667
1.809560037
1.846516002
1.883905358
1.913740965
1.932298436
1.717478382
1.735214149
1.752123837
1.767143937
1.725401394
1.782741472
1.806650912
1.719096228
1.716675772
1.8402466
1.836660443
1.837930936
1.703129234
1.700148563
1.697054421
1.697585961
1.698145296
1.69670026
1.838183447
1.823143713
1.707060039
1.781387266
1.700931181
1.71181703
1.702587216
1.704693447
1.698884524
1.69974365
1.697951101
1.697663813
1.71423402
1.940541311
1.930585888
1.915870731
1.90869968
1.902362261
1.907166568
1.712938519
1.711117233
1.888644634
1.864563998
1.823869879
1.83556327
1.803373806
1.795850965
1.803022846
1.819453762
1.829376193
1.839764081
1.838310111
1.834487512
1.836638767
1.836706107
1.866404218
1.901606004
1.921155578
1.920438065
1.712929336
1.725717345
1.741305171
1.76159693
1.719087696
1.803489873
1.833101852
1.713386836
1.709251872
1.838833
1.839913536
1.699004885
1.69547144
1.695829613
1.695896592
1.696389944
1.697239331
1.695692176
1.83604163
1.803804035
1.804267702
1.70975894
1.707477589
1.80115702
1.778990355
1.706760914
1.694230224
1.69505153
1.700587637
1.709676784
1.702894666
1.705819612
1.696757493
1.697676301
1.695848259
1.695143756
1.919673479
1.911105582
1.897187162
1.884462107
1.884484441
1.706331748
1.705547295
1.861763258
1.839740493
1.815532736
1.831568632
1.793974007
1.778144491
1.789950057
1.789798681
1.807916516
1.817170679
1.833954475
1.810564308
1.812094487
1.866025313
1.894252593
1.90873974
1.911764756
1.900618816
1.719600436
1.732397844
1.750390593
1.713920661
1.825016444
1.850363754
1.708585863
1.704892672
1.839630351
1.836784917
1.698603326
1.694168654
1.694094745
1.694339212
1.694732006
1.696745614
1.830620147
1.782409
1.782697471
1.706680586
1.819807256
1.795267507
1.768973635
1.703051253
1.692744167
1.693429782
1.696694827
1.694785156
1.693264899
1.703466853
1.762896284
1.72496616
1.700912361
1.702782938
1.70341332
1.701473992
1.694668645
1.693336086
1.692288803
1.692713245
1.896342505
1.890124608
1.872090923
1.861091273
1.701731256
1.83792702
1.816878845
1.797805129
1.820839527
1.777535954
1.764782574
1.771697398
1.769212798
1.785012758
1.791355345
1.823896392
1.784863697
1.786047014
1.869680019
1.884237576
1.885102823
1.892267077
1.888368084
1.878492414
1.715627317
1.739502151
1.710486677
1.846560206
1.706167455
1.702589741
1.832844856
1.824000009
1.698819239
1.692333152
1.691976223
1.692251309
1.823592229
1.761334135
1.833677468
1.804212375
1.780544773
1.756572945
1.700979554
1.691798417
1.691398137
1.692962206
1.699015023
1.697031309
1.694892342
1.691398137
1.69990284
1.751850435
1.745539981
1.719907589
1.727758038
1.691398137
1.708926759
1.691398137
1.701368555
1.699247651
1.699331816
1.697819226
1.691398137
1.692301083
1.691398137
1.691398137
1.691398137
1.870842323
1.85426474
1.845177607
1.699441142
1.818661478
1.794853413
1.802211146
1.785052863
1.765267298
1.752089437
1.758560186
1.760030212
1.767390799
1.811533134
1.760222615
1.766719804
1.867100901
1.855379644
1.863979884
1.868100806
1.873239545
1.871083121
1.853776893
1.714947059
1.734966245
1.704119144
1.700927596
1.816587161
1.80398489
1.691398137
1.691398137
1.691398137
1.691398137
1.810536823
1.742103597
1.836732333
1.811250546
1.786061344
1.765770529
1.747901525
1.691398137
1.691398137
1.692851317
1.699223154
1.697183895
1.694938641
1.697422681
1.737728819
1.747949734
1.731968589
1.722415491
1.706969576
1.710911782
1.691398137
1.691398137
1.691398137
1.691398137
1.696992465
1.697222412
1.698013793
1.695899221
1.695869827
1.691398137
1.691398137
1.691398137
1.691398137
1.691398137
1.833727717
1.826651932
1.699616653
1.80218625
1.78236622
1.769352683
1.788696531
1.770994617
1.752159691
1.741229912
1.739168794
1.746637611
1.79056995
1.740820786
1.747708074
1.844533993
1.84930739
1.845839117
1.854154128
1.860947854
1.843398495
1.716097915
1.731552975
1.702840772
1.800463557
1.790047308
1.691398137
1.691398137
1.79058384
1.727705983
1.833228207
1.811965148
1.791612119
1.774020308
1.755623376
1.742694948
1.691398137
1.691398137
1.692604783
1.695876521
1.694302737
1.696711872
1.727752609
1.733166849
1.736680043
1.722468787
1.722661488
1.706708085
1.711180013
1.691398137
1.691398137
1.691398137
1.691398137
1.694477738
1.692780219
1.695346614
1.694039681
1.698567913
1.694325454
1.691398137
1.691398137
1.691398137
1.691398137
1.809281453
1.81751953
1.701453324
1.787215228
1.770689802
1.753852361
1.773241271
1.754982355
1.742193846
1.735760503
1.72900757
1.724235399
1.766389107
1.726549363
1.72099568
1.734098261
1.827190033
1.827032178
1.83058918
1.840099059
1.836151332
1.715935286
1.722111675
1.730333505
1.738395719
1.70533964
1.779755364
1.772651634
1.691398137
1.691398137
1.768498377
1.718087278
1.810992793
1.794166722
1.780235088
1.761892244
1.747413783
1.691398137
1.691398137
1.691538476
1.691398137
1.693296789
1.692149438
1.697274051
1.729661238
1.724526693
1.732717319
1.718471052
1.710351563
1.691398137
1.691398137
1.691398137
1.691398137
1.692451634
1.692350208
1.691398137
1.693831856
1.695439404
1.696373594
1.691398137
1.691398137
1.698414536
1.736877982
1.692558009
1.700826526
1.691398137
1.691398137
1.691398137
1.691398137
1.795498078
1.8127818
1.704941524
1.77328798
1.759909545
1.742139088
1.75627953
1.745798891
1.737842394
1.737152704
1.71532151
1.74783444
1.745911302
1.718349867
1.713669423
1.72428382
1.806264731
1.809223837
1.806747852
1.812643689
1.821634875
1.715144537
1.721680177
1.729946466
1.735124387
1.740553971
1.7092299
1.756171534
1.756223453
1.691398137
1.691398137
1.713557927
1.795762628
1.790018097
1.781860665
1.765947063
1.749051595
1.691398137
1.691398137
1.691398137
1.691398137
1.691398137
1.691398137
1.740900333
1.726063814
1.717841607
1.691398137
1.691398137
1.691398137
1.691398137
1.691398137
1.691398137
1.691398137
1.692472964
1.694014635
1.700394775
1.697151053
1.691398137
1.691398137
1.703590342
1.73723358
1.751353378
1.691398137
1.734344297
1.794060859
1.691398137
1.711611971
1.748537651
1.691398137
1.801568349
1.702374634
1.732232231
1.691398137
1.707095245
1.691398137
1.691398137
1.691398137
1.782591489
1.801408354
1.711558363
1.760179092
1.748499017
1.747152756
1.741341909
1.738617198
1.746411567
1.709966367
1.742945554
1.734178563
1.712548488
1.709922163
1.717189063
1.793793286
1.788269655
1.783395267
1.715374126
1.720903991
1.726863106
1.731961712
1.73759019
1.747206115
1.691398137
1.691398137
1.713334279
1.781890991
1.776306289
1.76702069
1.752097284
1.691398137
1.691398137
1.691398137
1.691398137
1.72287432
1.691398137
1.691398137
1.691398137
1.691398137
1.692107491
1.694671568
1.706216489
1.698568908
1.691398137
1.709209424
1.737509058
1.725991548
1.754498505
1.691398137
1.72706463
1.691398137
1.707407041
1.70820839
1.70713162
1.746807783
1.691398137
1.691398137
1.785536292
1.788975595
1.703608004
1.707319946
1.724656919
1.736723503
1.722775539
1.691398137
1.692628746
1.772125613
1.782593228
1.691398137
1.691398137
1.713474513
1.691398137
1.691398137
1.691398137
1.774106794
1.71852716
1.744415424
1.761174548
1.751961535
1.741722497
1.739534169
1.741339793
1.710825827
1.70721502
1.73837125
1.73360773
1.726414715
1.706721405
1.717900259
1.710370213
1.776066758
1.774999697
1.771568998
1.772869142
1.721918958
1.726681719
1.723629386
1.730824838
1.741175295
1.691398137
1.691398137
1.691398137
1.717989357
1.770575558
1.764072701
1.753649124
1.691398137
1.691398137
1.691398137
1.691398137
1.691398137
1.691398137
1.691398137
1.691398137
1.69534422
1.711419977
1.699147965
1.691398137
1.738032193
1.727443046
1.742091321
1.749756413
1.691398137
1.704161355
1.704076649
1.703456266
1.702859204
1.743027007
1.691398137
1.691398137
1.773931492
1.773703994
1.706574914
1.701735876
1.703550796
1.709240841
1.727223945
1.734184362
1.721638109
1.719849494
1.692544092
1.761068212
1.763677551
1.769917274
1.743494692
1.756091339
1.704278216
1.759602267
1.691398137
1.691398137
1.691398137
1.715405741
1.691398137
1.691398137
1.691398137
1.76051018
1.717864169
1.733201223
1.750097172
1.736074897
1.737316317
1.717787569
1.710036613
1.705463646
1.732234108
1.726971361
1.712828862
1.723071514
1.705358456
1.767055482
1.764590672
1.758201481
1.762081644
1.719107341
1.725616013
1.721550288
1.733205603
1.742389355
1.691398137
1.691398137
1.691398137
1.750221962
1.691398137
1.691398137
1.691398137
1.691398137
1.691398137
1.691398137
1.695761549
1.711385638
1.699326675
1.691398137
1.730518198
1.73546451
1.723973356
1.737902789
1.744047319
1.691398137
1.703751346
1.700180745
1.700397836
1.699857611
1.701820163
1.73735979
1.691398137
1.691398137
1.760847722
1.761193906
1.706543151
1.701309536
1.700973141
1.721735821
1.717993258
1.717559664
1.692492748
1.751361445
1.75078291
1.762643561
1.738655074
1.749489005
1.702042521
1.757223687
1.748325248
1.705119398
1.742320313
1.691398137
1.744957085
1.697916655
1.691398137
1.691398137
1.691398137
1.691398137
1.691398137
1.691398137
1.713514725
1.691398137
1.691398137
1.691398137
1.747956957
1.714788062
1.730706466
1.724187774
1.727954606
1.732252324
1.718297439
1.714438456
1.708340479
1.717736038
1.706133778
1.711392464
1.700884521
1.757657574
1.756616708
1.749720525
1.749522132
1.717146372
1.720936081
1.727372267
1.734434334
1.739397579
1.691398137
1.691398137
1.691398137
1.691398137
1.691398137
1.691398137
1.691398137
1.691398137
1.695604148
1.71068379
1.708105025
1.698313563
1.691398137
1.728229501
1.730989565
1.732425068
1.723676935
1.736511899
1.732063111
1.736708788
1.691398137
1.704955267
1.697102963
1.696806269
1.699387986
1.701927087
1.731309209
1.691398137
1.691398137
1.747952212
1.702267625
1.698459015
1.722297231
1.71752685
1.71532219
1.715376152
1.691398137
1.692200084
1.742489586
1.740624016
1.755354046
1.733707545
1.742920299
1.698052711
1.699877108
1.749781649
1.741156751
1.706545522
1.70413693
1.736232203
1.738030566
1.738739248
1.696795453
1.695721175
1.691398137
1.691398137
1.691398137
1.691398137
1.731593411
1.718889905
1.733834854
1.691398137
1.691398137
1.691398137
1.691398137
1.691398137
1.711236617
1.709073317
1.691398137
1.691398137
1.691398137
1.734859842
1.713572059
1.726639012
1.722277547
1.71587689
1.727752512
1.722731803
1.725060514
1.719871578
1.714838522
1.709555157
1.702707389
1.698073793
1.709190799
1.750350437
1.750229717
1.743083965
1.735944777
1.717054092
1.722768993
1.728245659
1.731565097
1.734379555
1.691398137
1.691398137
1.691398137
1.691398137
1.691398137
1.691398137
1.694681129
1.691799177
1.695271851
1.691398137
1.724288656
1.72832814
1.729681143
1.72922182
1.732110332
1.728127288
1.729566076
1.70413429
1.692735696
1.693851961
1.693478365
1.7000582
1.726449727
1.691398137
1.691398137
1.697956177
1.70169469
1.699956481
1.694840132
1.714101721
1.715905957
1.712971552
1.713101932
1.691398137
1.691398137
1.732566217
1.749138382
1.726711456
1.73670206
1.696247576
1.694312232
1.743071645
1.736911453
1.706413819
1.703806448
1.728092774
1.731431564
1.731266542
1.693562651
1.695257411
1.697083919
1.691398137
1.691398137
1.691398137
1.691398137
1.691398137
1.691398137
1.723491147
1.724725245
1.71922465
1.71595959
1.7257789
1.691398137
1.724147841
1.725573045
1.728417755
1.718703163
1.726211398
1.736097248
1.692089007
1.697160152
1.710829511
1.724964352
1.716443523
1.691398137
1.691398137
1.691398137
1.691398137
1.708656961
1.711372631
1.691398137
1.691398137
1.691398137
1.723332537
1.723595335
1.714849188
1.71594144
1.713040501
1.7042781
1.722991589
1.72033844
1.720043443
1.715132983
1.709460393
1.69339917
1.6986739
1.691398137
1.743422298
1.745976971
1.739968958
1.719229982
1.723240779
1.726320929
1.72974083
1.733002988
1.691398137
1.691398137
1.691398137
1.691398137
1.691398137
1.691398137
1.691398137
1.723380787
1.727677633
1.72772082
1.725840861
1.724019646
1.724503306
1.722962308
1.70385891
1.691398137
1.691398137
1.691398137
1.691398137
1.699172157
1.722442369
1.691398137
1.691398137
1.693896172
1.699194512
1.700907984
1.691398137
1.71160621
1.713214596
1.710589477
1.691398137
1.691398137
1.722637149
1.742808408
1.71306114
1.728361583
1.692196527
1.691398137
1.738195359
1.707004365
1.704082758
1.715064774
1.691398137
1.693552868
1.694870804
1.691398137
1.691398137
1.691398137
1.691398137
1.691398137
1.691398137
1.714883348
1.70998888
1.71317354
1.71700547
1.713293028
1.719148751
1.718709646
1.723123739
1.705237465
1.725389476
1.733143975
1.691398137
1.693912682
1.695838511
1.708829603
1.709574698
1.717164034
1.713727028
1.716937721
1.691398137
1.728800852
1.713157343
1.691398137
1.691398137
1.691398137
1.691398137
1.691398137
1.691398137
1.710099895
1.713350443
1.691398137
1.691398137
1.691398137
1.709623064
1.716446939
1.699189178
1.691398137
1.718109196
1.719361695
1.714157833
1.70991749
1.691398137
1.691398137
1.738911434
1.74010195
1.735806731
1.719163657
1.72211477
1.725471866
1.729531317
1.734378023
1.691398137
1.691398137
1.691398137
1.691398137
1.691398137
1.722043331
1.725928693
1.72493498
1.722216074
1.718364077
1.719133832
1.719446839
1.718088905
1.706109566
1.70219993
1.691398137
1.691398137
1.691398137
1.691398137
1.696160134
1.697951714
1.719052364
1.691398137
1.691398137
1.691398137
1.697581993
1.702049529
1.698961867
1.691398137
1.691398137
1.710569246
1.707899964
1.691398137
1.691398137
1.708140267
1.738132049
1.691398137
1.700452166
1.724267029
1.691398137
1.705414085
1.708351115
1.691398137
1.691798585
1.691398137
1.691398137
1.691398137
1.691398137
1.691398137
1.698482079
1.698972528
1.691398137
1.703262913
1.693287427
1.709353723
1.710864348
1.709590349
1.715121146
1.712026483
1.710275247
1.691984781
1.723584337
1.730171395
1.691398137
1.693373529
1.707587899
1.706879765
1.707927402
1.705913872
1.714376207
1.711321376
1.691398137
1.725614262
1.698686067
1.691398137
1.691398137
1.691398137
1.691398137
1.691398137
1.691398137
1.696232483
1.691398137
1.691398137
1.708974626
1.723877019
1.717252609
1.700142152
1.696862592
1.696593533
1.696410691
1.691398137
1.691398137
1.711072317
1.71472142
1.691398137
1.691398137
1.691398137
1.691398137
1.691398137
1.691398137
1.713730181
1.719563531
1.714334809
1.711670526
1.708903971
1.691398137
1.691398137
1.735171764
1.734938564
1.73115886
1.718067868
1.721835696
1.727854168
1.731373817
1.691398137
1.691398137
1.691398137
1.691398137
1.691398137
1.721430184
1.723573766
1.721215124
1.718385202
1.714027226
1.714933482
1.715157296
1.713872881
1.705532823
1.702012296
1.691398137
1.691398137
1.691398137
1.691398137
1.691680006
1.71497308
1.691398137
1.691398137
1.691398137
1.694962813
1.703529992
1.700076527
1.691398137
1.691398137
1.707552588
1.704766035
1.705998273
1.691398137
1.691398137
1.693455889
1.691398137
1.734091792
1.691398137
1.691398137
1.724017325
1.718186968
1.706792338
1.691398137
1.691398137
1.691398137
1.691398137
1.691398137
1.691398137
1.691398137
1.691398137
1.691398137
1.691398137
1.691398137
1.691398137
1.701909545
1.696089158
1.704614134
1.707711029
1.725758592
1.691398137
1.691398137
1.691649201
1.705225731
1.704870884
1.704721094
1.693862303
1.712143857
1.707997654
1.709745158
1.691398137
1.691398137
1.724694873
1.691398137
1.691398137
1.691398137
1.691398137
1.691398137
1.692856024
1.706278651
1.722235075
1.717022115
1.693625546
1.691398137
1.691538674
1.698005963
1.69381237
1.695633508
1.699884306
1.691398137
1.691398137
1.710140523
1.691398137
1.721658843
1.691398137
1.710534953
1.713950504
1.691398137
1.691398137
1.691398137
1.691398137
1.709984277
1.7102127
1.718830461
1.71429657
1.711153586
1.708204237
1.691398137
1.691398137
1.731684492
1.730491337
1.730786728
1.727182202
1.717953726
1.726584286
1.728971638
1.691398137
1.691398137
1.691398137
1.691398137
1.719622999
1.721441074
1.719323291
1.717127385
1.714112449
1.710446738
1.710294
1.711318421
1.710851005
1.704451171
1.700970039
1.691398137
1.691398137
1.691398137
1.691398137
1.691398137
1.710657163
1.691398137
1.691398137
1.691398137
1.691398137
1.691398137
1.702013351
1.691398137
1.702655312
1.7030886
1.701384081
1.691398137
1.691398137
1.691398137
1.691398137
1.730170586
1.691398137
1.691398137
1.691398137
1.71884044
1.712694331
1.705902197
1.691398137
1.691398137
1.691398137
1.691398137
1.691398137
1.691398137
1.691398137
1.691398137
1.691398137
1.691398137
1.691398137
1.691398137
1.691398137
1.693939379
1.702232383
1.721980816
1.691398137
1.691398137
1.701214108
1.702918386
1.7041375
1.706051134
1.707169811
1.691398137
1.691398137
1.72398016
1.691398137
1.691398137
1.691398137
1.691398137
1.691398137
1.691398137
1.720224354
1.71619127
1.691398137
1.691398137
1.691398137
1.691398137
1.692622196
1.696976607
1.695408562
1.691398137
1.691398137
1.706859968
1.707405328
1.691398137
1.721013655
1.723547229
1.691398137
1.691398137
1.691398137
1.712772353
1.691398137
1.709623369
1.713399907
1.691398137
1.691398137
1.691398137
1.705928223
1.717334661
1.712432576
1.707880496
1.704765003
1.691398137
1.691398137
1.727309645
1.728613407
1.726381798
1.726591707
1.717231922
1.725103684
1.691398137
1.691398137
1.691398137
1.691398137
1.691398137
1.718260764
1.716923808
1.714881873
1.70951963
1.706421201
1.706777477
1.707019108
1.707526873
1.700255759
1.691398137
1.691398137
1.691398137
1.691398137
1.691398137
1.691398137
1.705968217
1.691398137
1.691398137
1.691398137
1.691398137
1.691398137
1.691398137
1.701025905
1.698289799
1.699404469
1.700027683
1.700197575
1.698201604
1.691398137
1.691398137
1.691398137
1.691398137
1.691398137
1.725922113
1.691398137
1.691398137
1.691398137
1.709693958
1.714163795
1.704958434
1.691398137
1.691398137
1.691398137
1.691398137
1.691398137
1.691398137
1.691398137
1.691398137
1.691398137
1.691398137
1.691398137
1.691398137
1.697398596
1.717672769
1.691398137
1.697758883
1.700755851
1.703128375
1.691398137
1.722240923
1.691398137
1.691398137
1.691398137
1.691398137
1.691398137
1.714713137
1.691398137
1.691398137
1.691398137
1.691398137
1.691398137
1.694959477
1.694273632
1.691398137
1.691398137
1.7044614
1.70333384
1.691398137
1.719248427
1.720109954
1.691398137
1.691398137
1.691398137
1.691398137
1.707687088
1.709956271
1.703388449
1.691398137
1.707611384
1.691398137
1.711629875
1.691398137
1.691398137
1.708365325
1.712817903
1.691398137
1.691398137
1.691398137
1.700944468
1.713349341
1.706416959
1.700936494
1.691398137
1.691398137
1.72293481
1.724527497
1.721610848
1.721830053
1.71578417
1.720815121
1.691398137
1.691398137
1.691398137
1.691398137
1.714306383
1.710753085
1.704082608
1.703154053
1.703304136
1.703557037
1.702595258
1.694789817
1.691398137
1.691398137
1.691398137
1.691398137
1.691398137
1.691398137
1.701184268
1.691398137
1.691398137
1.691398137
1.691398137
1.691398137
1.691398137
1.698567567
1.696069677
1.695412165
1.696753941
1.697093493
1.695874463
1.691398137
1.691398137
1.691398137
1.691398137
1.691398137
1.691398137
1.691398137
1.720830361
1.691398137
1.691398137
1.691398137
1.701193361
1.708682736
1.700785688
1.691398137
1.691398137
1.691398137
1.691398137
1.691398137
1.691398137
1.691398137
1.691398137
1.691398137
1.712615601
1.695557199
1.698814003
1.696718372
1.718050532
1.691398137
1.691398137
1.691398137
1.691398137
1.691398137
1.71039239
1.691398137
1.691398137
1.691398137
1.691398137
1.691398137
1.691398137
1.691398137
1.691398137
1.700833339
1.700688226
1.691398137
1.714857264
1.714399135
1.691398137
1.691398137
1.691398137
1.691398137
1.702108021
1.704084017
1.705780908
1.700090904
1.691398137
1.703386026
1.701505914
1.691398137
1.691398137
1.691398137
1.691398137
1.699387957
1.691398137
1.703733571
1.710193591
1.691398137
1.691398137
1.691398137
1.698135845
1.697233136
1.705988724
1.705824545
1.708181166
1.698070127
1.698130652
1.691526818
1.692691115
1.691398137
1.691398137
1.717718041
1.719280151
1.715834463
1.715790406
1.715735408
1.691398137
1.691398137
1.691398137
1.703080489
1.698488395
1.699350005
1.699695836
1.69986333
1.698583241
1.691398137
1.691398137
1.691398137
1.691398137
1.697512321
1.691398137
1.691398137
1.691398137
1.691398137
1.691398137
1.69140201
1.694083608
1.694584125
1.693734474
1.694349903
1.694287123
1.69406526
1.691398137
1.691398137
1.691398137
1.691398137
1.691398137
1.691398137
1.712931802
1.691398137
1.691398137
1.691398137
1.694043487
1.691398137
1.702438699
1.695291613
1.691398137
1.691398137
1.691398137
1.691398137
1.691398137
1.691398137
1.691398137
1.691398137
1.691398137
1.702574634
1.695458371
1.711650229
1.691398137
1.691398137
1.691398137
1.691398137
1.691398137
1.691398137
1.691398137
1.691398137
1.691398137
1.691398137
1.691398137
1.697874471
1.707873212
1.691398137
1.691398137
1.691398137
1.697819289
1.699084257
1.700360685
1.696976231
1.691398137
1.69874887
1.697365056
1.691398137
1.691398137
1.691398137
1.691398137
1.697229081
1.696406612
1.691398137
1.691398137
1.692753319
1.691398137
1.691398137
1.691398137
1.69864051
1.702905137
1.691398137
1.691398137
1.691398137
1.695430684
1.69944972
1.699645146
1.69371118
1.692807274
1.691398137
1.691398137
1.691398137
1.691398137
1.691398137
1.710360471
1.711886346
1.706378614
1.691398137
1.691398137
1.691398137
1.697410561
1.695922869
1.695259627
1.696669085
1.695349792
1.691398137
1.691398137
1.691398137
1.691398137
1.691398137
1.691398137
1.691398137
1.691398137
1.692881922
1.692918822
1.69236857
1.692291882
1.693595703
1.692520672
1.691398137
1.691398137
1.691398137
1.691398137
1.691398137
1.691398137
1.701428923
1.697849715
1.691398137
1.691398137
1.691398137
1.691398137
1.691398137
1.691398137
1.691398137
1.691398137
1.691398137
1.691398137
1.691398137
1.691398137
1.691398137
1.691398137
1.691398137
1.691398137
1.691398137
1.693795992
1.700412137
1.691398137
1.691398137
1.691398137
1.691398137
1.691398137
1.691398137
1.691398137
1.691398137
1.691398137
1.691398137
1.691398137
1.696201353
1.695314265
1.696499558
1.694863894
1.694190177
1.693619435
1.691398137
1.691398137
1.694884376
1.695552891
1.694228947
1.691398137
1.691746093
1.691398137
1.691398137
1.691398137
1.691398137
1.691398137
1.691398137
1.691398137
1.691398137
1.691398137
1.691398137
1.691398137
1.691398137
1.691398137
1.691398137
1.693053288
1.694867554
1.694560375
1.691398137
1.691398137
1.691398137
1.691398137
1.691398137
1.691398137
1.691398137
1.694789372
1.691398137
1.691398137
1.691398137
1.691398137
1.691398137
1.691398137
1.69423657
1.693489839
1.693879648
1.693705857
1.693922699
1.692715682
1.691398137
1.691398137
1.691398137
1.691398137
1.691398137
1.691398137
1.691398137
1.691398137
1.691723872
1.691398137
1.691398137
1.691398137
1.691398137
1.691398137
1.691398137
1.691398137
1.691398137
1.691398137
1.691398137
1.691398137
1.691398137
1.691398137
1.691398137
1.691398137
1.691398137
1.691398137
1.691398137
1.691398137
1.691398137
1.691398137
1.691398137
1.691398137
1.691398137
1.691398137
1.691398137
1.691398137
1.691398137
1.691398137
1.691398137
1.691398137
1.691398137
1.693494623
1.693456651
1.691398137
1.691398137
1.691398137
1.693162371
1.691398137
1.691398137
1.691398137
1.691398137
1.691398137
1.691398137
1.691398137
1.691398137
1.691398137
1.691398137
1.691398137
1.691398137
1.691398137
1.691398137
1.691398137
1.691398137
1.691398137
1.691398137
1.691398137
1.691398137
1.691398137
1.691398137
1.691398137
1.692081603
1.691398137
1.691537801
1.692052509
1.691398137
1.691398137
1.691398137
1.691398137
1.691398137
1.691398137
1.691398137
1.691398137
1.691398137
1.691398137
1.691398137
1.69183775
1.692158745
1.691581102
1.692090337
1.691743574
1.691469106
1.691398137
1.691398137
1.691398137
1.691398137
1.691398137
1.691398137
1.691398137
1.691398137
1.691398137
1.691398137
1.691398137
1.691398137
1.691398137
1.691398137
1.691398137
1.691398137
1.691398137
1.691398137
1.691398137
1.691398137
1.691398137
1.691398137
1.691398137
1.691398137
1.691398137
1.691398137
1.691398137
1.691398137
1.691398137
1.691398137
1.691398137
1.691398137
1.691448958
1.691398137
1.691398137
1.691398137
1.691398137
1.691398137
1.691398137
1.691398137
1.691398137
1.691398137
1.691398137
1.691398137
1.691398137
1.691398137
1.691398137
1.691398137
1.691398137
1.691398137
1.691398137
1.691398137
1.691398137
1.691398137
1.691398137
1.691398137
1.691398137
1.691398137
1.691398137
1.691398137
1.691398137
1.691398137
1.691398137
1.691398137
1.691398137
1.691398137
1.691398137
1.691398137
1.691398137
1.691398137
1.691398137
1.691398137
1.691398137
1.691398137
1.691398137
1.691398137
1.691398137
1.691398137
1.691398137
1.691398137
1.691398137
1.691398137
1.691398137
1.691398137
1.691398137
1.691398137
1.691398137
1.691398137
1.691398137
1.691398137
1.691398137
1.691398137
1.691398137
1.691398137
1.691398137
1.691398137
1.691398137
1.691398137
1.691398137
1.691398137
1.691398137
1.691398137
1.691398137
1.691398137
1.691398137
1.691398137
1.691398137
1.691398137
1.691398137
1.691398137
1.691398137
1.691398137
1.691398137
1.691398137
1.691398137
1.691398137
1.691398137
1.691398137
1.691398137
1.691398137
1.691398137
1.691398137
1.691398137
1.691398137
1.691398137
1.691398137
1.691398137
1.691398137
1.691398137
1.691398137
1.691398137
1.691398137
1.691398137
1.691398137
1.691398137
1.691398137
1.691398137
1.691398137
1.691398137
1.691398137
1.691398137
1.691398137
1.691398137
1.691398137
1.691398137
1.691398137
1.691398137
1.691398137
1.691398137
1.691398137
1.691398137
1.691398137
1.691398137
1.691398137
1.691398137
1.691398137
1.691398137
1.691398137
1.691398137
1.691398137
1.691398137
1.691398137
1.691398137
1.691398137
1.691398137
1.691398137
1.691398137
1.691398137
1.691398137
1.691398137
1.691398137
1.691398137
1.691398137
1.691398137
1.691398137
1.691398137
1.691398137
1.691398137
1.691398137
1.691398137
1.691398137
1.691398137
1.691398137
1.691398137
1.691398137
1.691398137
1.691398137
1.691398137
1.691398137
1.691398137
1.691398137
1.691398137
1.691398137
1.691398137
1.691398137
1.691398137
1.691398137
1.691398137
1.691398137
1.691398137
1.691398137
1.691398137
1.691398137
1.691398137
1.691398137
1.691398137
1.691398137
1.691398137
1.691398137
1.691398137
1.691398137
1.691398137
1.691398137
1.691398137
1.691398137
1.691398137
1.691398137
1.691398137
1.691398137
1.691398137
1.691398137
1.691398137
1.691398137
1.691398137
1.691398137
1.691398137
1.691398137
1.691398137
1.691398137
1.691398137
1.691398137
1.691398137
1.691398137
1.691398137
1.691398137
1.691398137
1.691398137
1.691398137
1.691398137
1.691398137
1.691398137
1.691398137
1.691398137
1.691398137
1.691398137
1.691398137
1.691398137
1.691398137
1.691398137
1.691398137
1.691398137
1.691398137
1.691398137
1.691398137
1.691398137
1.691398137
1.691398137
1.691398137
1.691398137
1.691398137
1.691398137
1.691398137
1.691398137
1.691398137
1.691398137
1.691398137
1.691398137
1.691398137
1.691398137
1.691398137
1.691398137
1.691398137
1.691398137
1.691398137
1.691398137
1.691398137
1.691398137
1.691398137
1.691398137
1.691398137
1.691398137
1.691398137
1.691398137
1.691398137
1.691398137
1.691398137
1.691398137
1.691398137
1.691398137
1.691398137
1.691398137
1.691398137
1.691398137
1.691398137
1.691398137
1.691398137
1.691398137
1.691398137
1.691398137
1.691398137
1.691398137
1.691398137
1.691398137
1.691398137
1.691398137
1.691398137
1.691398137
1.691398137
1.691398137
1.691398137
1.691398137
1.691398137
1.691398137
1.691398137
1.691398137
1.691398137
1.691398137
1.691398137
1.691398137
1.691398137
1.691398137
1.691398137
1.691398137
1.691398137
1.691398137
1.691398137
1.691398137
1.691398137
1.691398137
1.691398137
1.691398137
1.691398137
1.691398137
1.691398137
1.691398137
1.691398137
1.691398137
1.691398137
1.691398137
1.691398137
1.691398137
1.691398137
1.691398137
1.691398137
1.691398137
1.691398137
1.691398137
1.691398137
1.691398137
1.691398137
1.691398137
1.691398137
1.691398137
1.691398137
1.691398137
1.691398137
1.691398137
1.691398137
1.691398137
1.691398137
1.691398137
1.691398137
1.691398137
1.691398137
1.691398137
1.691398137
1.691398137
1.691398137
1.691398137
1.691398137
1.691398137
1.691398137
1.691398137
1.691398137
1.691398137
1.691398137
1.691398137
1.691398137
1.691398137
1.691398137
1.691398137
1.691398137
1.691398137
1.691398137
1.691398137
1.691398137
1.691398137
1.691398137
1.691398137
1.691398137
1.691398137
1.691398137
1.691398137
1.691398137
1.691398137
1.691398137
1.691398137
1.691398137
1.691398137
1.691398137
1.691398137
1.691398137
1.691398137
1.691398137
1.691398137
1.691398137
1.691398137
1.691398137
1.691398137
1.691398137
1.691398137
1.691398137
1.691398137
1.691398137
1.691398137
1.691398137
1.691398137
1.691398137
1.691398137
1.691398137
1.691398137
1.691398137
1.691398137
1.691398137
1.691398137
1.691398137
1.691398137
1.691398137
1.691398137
1.691398137
1.691398137
1.691398137
1.691398137
1.691398137
1.691398137
1.691398137
1.691398137
1.691398137
1.691398137
1.691398137
1.691398137
1.691398137
1.691398137
1.691398137
1.691398137
1.691398137
1.691398137
1.691398137
1.691398137
1.691398137
1.691398137
1.691398137
1.691398137
1.691398137
1.691398137
1.691398137
1.691398137
1.691398137
1.691398137
1.691398137
1.691398137
1.691398137
1.691398137
1.691398137
1.691398137
1.691398137
1.691398137
1.691398137
1.691398137
1.691398137
1.691398137
1.691398137
1.691398137
1.691398137
1.691398137
1.691398137
1.691398137
1.691398137
1.691398137
1.691398137
1.691398137
1.691398137
1.691398137
1.691398137
1.691398137
1.691398137
1.691398137
1.691398137
1.691398137
1.691398137
1.691398137
1.691398137
1.691398137
1.691398137
1.691398137
1.691398137
1.691398137
1.691398137
1.691398137
1.691398137
1.691398137
1.691398137
1.691398137
1.691398137
1.691398137
1.691398137
1.691398137
1.691398137
1.691398137
1.691398137
1.691398137
1.691398137
1.691398137
1.691398137
1.691398137
1.691398137
1.691398137
1.691398137
1.691398137
1.691398137
1.691398137
1.691398137
1.691398137
1.691398137
1.691398137
1.691398137
1.691398137
1.691398137
1.691398137
1.691398137
1.691398137
1.691398137
1.691398137
1.691398137
1.691398137
1.691398137
1.691398137
1.691398137
1.691398137
1.691398137
1.691398137
1.691398137
1.691398137
1.691398137
1.691398137
1.691398137
1.691398137
1.691398137
1.691398137
1.691398137
1.691398137
1.691398137
1.691398137
1.691398137
1.691398137
1.691398137
1.691398137
1.691398137
1.691398137
1.691398137
1.691398137
1.691398137
1.691398137
1.691398137
1.691398137
1.691398137
1.691398137
1.691398137
1.691398137
1.691398137
1.691398137
1.691398137
1.691398137
1.691398137
1.691398137
1.691398137
1.691398137
1.691398137
1.691398137
1.691398137
1.691398137
1.691398137
1.691398137
1.691398137
1.691398137
1.691398137
1.691398137
1.691398137
1.691398137
1.691398137
1.691398137
1.691398137
1.691398137
1.691398137
1.691398137
1.691398137
1.691398137
1.691398137
1.691398137
1.691398137
1.691398137
1.691398137
1.691398137
1.691398137
1.691398137
1.691398137
1.691398137
1.691398137
1.691398137
1.691398137
1.691398137
1.691398137
1.691398137
1.691398137
1.691398137
1.691398137
1.691398137
1.691398137
1.691398137
1.691398137
1.691398137
1.691398137
1.691398137
1.691398137
1.691398137
1.691398137
1.691398137
1.691398137
1.691398137
1.691398137
1.691398137
1.691398137
1.691398137
1.691398137
1.691398137
1.691398137
1.691398137
1.691398137
1.691398137
1.691398137
1.691398137
1.691398137
1.691398137
1.691398137
1.691398137
1.691398137
1.691398137
1.691398137
1.691398137
1.691398137
1.691398137
1.691398137
1.691398137
1.691398137
1.691398137
1.691398137
1.691398137
1.691398137
1.691398137
1.691398137
1.691398137
1.691398137
1.691398137
1.691398137
1.691398137
1.691398137
1.691398137
1.691398137
1.691398137
1.691398137
1.691398137
1.691398137
1.691398137
1.691398137
1.691398137
1.691398137
1.691398137
1.691398137
1.691398137
1.691398137
1.691398137
1.691398137
1.691398137
1.691398137
1.691398137
1.691398137
1.691398137
1.691398137
1.691398137
1.691398137
1.691398137
1.691398137
1.691398137
1.691398137
1.691398137
1.691398137
1.691398137
1.691398137
1.691398137
1.691398137
1.691398137
1.691398137
1.691398137
1.691398137
1.691398137
1.691398137
1.691398137
1.691398137
1.691398137
1.691398137
1.691398137
1.691398137
1.691398137
1.691398137
1.691398137
1.691398137
1.691398137
1.691398137
1.691398137
1.691398137
1.691398137
1.691398137
1.691398137
1.691398137
1.691398137
1.691398137
1.691398137
1.691398137
1.691398137
1.691398137
1.691398137
1.691398137
1.691398137
1.691398137
1.691398137
1.691398137
1.691398137
1.691398137
1.691398137
1.691398137
1.691398137
1.691398137
1.691398137
1.691398137
1.691398137
1.691398137
1.691398137
1.691398137
1.691398137
1.691398137
1.691398137
1.691398137
1.691398137
1.691398137
1.691398137
1.691398137
1.691398137
1.691398137
1.691398137
1.691398137
1.691398137
1.691398137
1.691398137
1.691398137
1.691398137
1.691398137
1.691398137
1.691398137
1.691398137
1.691398137
1.691398137
1.691398137
1.691398137
1.691398137
1.691398137
1.691398137
1.691398137
1.691398137
1.691398137
1.691398137
1.691398137
1.691398137
1.691398137
1.691398137
1.691398137
1.691398137
1.691398137
1.691398137
1.691398137
1.691398137
1.691398137
1.691398137
1.691398137
1.691398137
1.691398137
1.691398137
1.691398137
1.691398137
1.691398137
1.691398137
1.691398137
1.691398137
1.691398137
1.691398137
1.691398137
1.691398137
1.691398137
1.691398137
1.691398137
1.691398137
1.691398137
1.691398137
1.691398137
1.691398137
1.691398137
1.691398137
1.691398137
1.691398137
1.691398137
1.691398137
1.691398137
1.691398137
1.691398137
1.691398137
1.691398137
1.691398137
1.691398137
1.691398137
1.691398137
1.691398137
1.691398137
1.691398137
1.691398137
1.691398137
1.691398137
1.691398137
1.691398137
1.691398137
1.691398137
1.691398137
1.691398137
1.691398137
1.691398137
1.691398137
1.691398137
1.691398136
1.691398137
1.691398137
1.691398137
1.691398137
1.691398137
1.691398137
1.691398137
1.691398137
1.691398137
1.691398137
1.691398137
1.691398137
1.691398137
1.691398137
1.691398137
1.691398137
1.691398137
1.691398137
1.691398137
1.691398137
1.691398137
1.691398137
1.691398137
1.691398137
1.691398137
1.691398136
1.691398136
1.691398136
1.691398136
1.691398136
1.691398136
1.691398136
1.691398136
1.691398136
1.691398136
1.691398136
1.691398136
1.691398136
1.691398137
1.691398137
1.691398137
1.691398137
1.691398137
1.691398137
1.691398137
1.691398137
1.691398136
1.691398136
1.691398136
1.691398136
1.691398135
1.691398137
1.691398137
1.691398137
1.691398137
1.691398137
1.691398137
1.691398137
1.691398136
1.691398137
1.691398136
1.691398136
1.691398136
1.691398137
1.691398137
1.691398137
1.691398137
1.691398137
1.691398137
1.691398137
1.691398137
1.691398137
1.691398137
1.691398137
1.691398137
1.691398136
1.691398135
1.691398136
1.691398135
1.691398135
1.691398135
1.691398135
1.691398136
1.691398135
1.691398135
1.691398136
1.691398136
1.691398137
1.691398137
1.691398137
1.691398137
1.691398137
1.691398137
1.691398135
1.691398134
1.691398135
1.691398133
1.691398133
1.691398133
1.691398137
1.691398137
1.691398137
1.691398137
1.691398136
1.691398136
1.691398137
1.691398136
1.691398136
1.691398136
1.691398137
1.691398135
1.691398135
1.691398135
1.691398137
1.691398137
1.691398137
1.691398137
1.691398137
1.691398137
1.691398136
1.691398137
1.691398137
1.691398137
1.691398137
1.691398134
1.691398133
1.691398134
1.691398133
1.691398133
1.691398132
1.691398133
1.691398133
1.691398132
1.691398133
1.691398137
1.691398137
1.691398137
1.691398137
1.691398137
1.691398132
1.691398131
1.691398127
1.691398133
1.691398126
1.691398125
1.691398126
1.691398137
1.691398137
1.691398137
1.691398136
1.691398136
1.691398136
1.691398136
1.691398137
1.691398135
1.691398135
1.691398134
1.691398137
1.691398132
1.691398132
1.691398131
1.691398137
1.691398137
1.691398137
1.691398137
1.691398137
1.691398137
1.691398134
1.691398137
1.691398137
1.691398137
1.691398129
1.691398127
1.691398128
1.691398127
1.691398125
1.691398124
1.691398127
1.691398124
1.691398122
1.691398137
1.691398137
1.691398137
1.691398137
1.691398121
1.691398124
1.691398112
1.691398108
1.691398127
1.691398105
1.691398105
1.691398137
1.691398137
1.691398137
1.691398137
1.691398136
1.691398136
1.691398135
1.691398136
1.691398133
1.691398137
1.691398132
1.691398131
1.691398128
1.691398137
1.691398124
1.691398125
1.69139812
1.691398137
1.691398137
1.691398137
1.691398137
1.691398137
1.691398129
1.691398137
1.691398137
1.691398115
1.69139811
1.691398113
1.691398109
1.691398104
1.691398101
1.691398106
1.691398095
1.691398137
1.691398137
1.691398137
1.691398072
1.691398098
1.691398103
1.691398062
1.691398055
1.69139811
1.691398048
1.691398027
1.691398137
1.691398137
1.691398137
1.691398137
1.691398137
1.69139811
1.691398133
1.691398134
1.691398135
1.691398131
1.691398136
1.691398127
1.691398136
1.691398122
1.69139812
1.691398107
1.691398137
1.691398105
1.691398093
1.691398137
1.691398137
1.691398137
1.691398137
1.691398137
1.691398119
1.691398137
1.691398079
1.691398065
1.691398074
1.691398063
1.691398049
1.69139804
1.691398056
1.691398137
1.691398137
1.69139803
1.691397942
1.691397947
1.691398049
1.69139793
1.691397908
1.691398066
1.69139785
1.691397926
1.691398137
1.691398137
1.691398137
1.691398137
1.691398137
1.691398137
1.691398127
1.691398129
1.691398133
1.691398135
1.691398121
1.691398136
1.691398111
1.691398098
1.691398093
1.691398058
1.691398137
1.691398136
1.691398049
1.691398022
1.691398137
1.691398137
1.691398137
1.691398137
1.691398011
1.691398077
1.691398137
1.691397984
1.691397943
1.691397972
1.691397933
1.691397903
1.691397885
1.691398137
1.69139772
1.691397872
1.691397643
1.691397625
1.691397932
1.691397573
1.691397432
1.691397595
1.6913975
1.691398137
1.691398137
1.691398137
1.691398137
1.691398137
1.691398137
1.691397701
1.691398115
1.691398111
1.691398125
1.691398131
1.691398134
1.691398093
1.691398135
1.691398069
1.691398037
1.691398023
1.691397928
1.691398136
1.691398136
1.691397907
1.691397838
1.691398137
1.691398137
1.691398137
1.691397837
1.691397966
1.691398137
1.691397744
1.691397702
1.691397589
1.691397614
1.69139754
1.691398137
1.69139702
1.6913972
1.691397532
1.69139692
1.691396801
1.691396468
1.691396812
1.691396557
1.691396665
1.691398137
1.691398137
1.691398137
1.691398137
1.691398137
1.691398137
1.691396824
1.691397184
1.691398137
1.691398082
1.691398074
1.691398108
1.691398122
1.691398129
1.691398132
1.691398029
1.691398135
1.691397964
1.691397881
1.69139784
1.691397604
1.691398136
1.691398136
1.691397545
1.691397365
1.691398137
1.691398137
1.691397452
1.691397683
1.691398137
1.691397081
1.691396851
1.691396982
1.691396831
1.691398137
1.691395406
1.691395666
1.691396094
1.691395108
1.691394238
1.691394686
1.691394883
1.69139463
1.691393805
1.691394988
1.691398137
1.691398137
1.691398137
1.691398137
1.691398137
1.691398137
1.691393942
1.691395362
1.69139613
1.691398137
1.691398137
1.69139806
1.691398004
1.691397969
1.691398098
1.691398117
1.691398124
1.691398131
1.691397867
1.691398134
1.691397704
1.691397479
1.691397371
1.691396793
1.691398136
1.691398136
1.691396643
1.69139618
1.691398137
1.691396666
1.691397003
1.691398137
1.691395542
1.691395017
1.691395291
1.691398137
1.691391467
1.691392185
1.691392855
1.691389424
1.691389854
1.691390318
1.691388677
1.691389483
1.691390697
1.691391409
1.691398137
1.691398136
1.691398137
1.691398137
1.691398137
1.691388413
1.691389631
1.691392447
1.691393953
1.691398137
1.691398137
1.691398137
1.691397945
1.691398036
1.69139781
1.691397719
1.691398085
1.691398104
1.69139812
1.69139813
1.691397475
1.691398134
1.691397096
1.691396477
1.691396471
1.691395859
1.691394681
1.691398135
1.691398136
1.691394484
1.69139339
1.691394884
1.691395005
1.691395778
1.691398137
1.691391937
1.691390791
1.691398137
1.69137961
1.691384099
1.691385696
1.691379916
1.691380837
1.691377323
1.691378955
1.691381059
1.691382746
1.691381747
1.691398136
1.691398136
1.691398137
1.691398137
1.691379095
1.691377653
1.691381175
1.691386699
1.691389396
1.691398137
1.691398137
1.691398137
1.691398137
1.691368242
1.691397665
1.691397885
1.691398004
1.691397345
1.691397123
1.691398048
1.691398094
1.691398118
1.691398129
1.69139653
1.691398132
1.691395531
1.69139423
1.691393911
1.69139218
1.691389812
1.691398135
1.691389476
1.691386964
1.691390542
1.691387549
1.691391859
1.691398137
1.691383846
1.691398136
1.691360069
1.691360224
1.691369166
1.691361774
1.69135437
1.691357067
1.691360997
1.691364244
1.691361761
1.691368498
1.691398135
1.691398134
1.691398137
1.691398136
1.6913606
1.691356886
1.691341958
1.691365338
1.691375951
1.691380426
1.691398137
1.691398137
1.691398136
1.691398136
1.691336209
1.691398135
1.691397518
1.691396995
1.691397806
1.691397907
1.691396262
1.69139569
1.691398016
1.691398077
1.691398117
1.691398094
1.691398124
1.69139425
1.691398131
1.69139193
1.691388908
1.691388089
1.691384013
1.69137895
1.691378331
1.691372562
1.691376177
1.691374684
1.691385476
1.691398137
1.691398135
1.691321636
1.691322243
1.691324466
1.691311747
1.691313615
1.691320109
1.691326324
1.691320176
1.691332776
1.691346064
1.691398133
1.69139813
1.691398135
1.691327075
1.69131875
1.69129109
1.691279483
1.691335893
1.691354862
1.691359324
1.691398136
1.691398137
1.691398136
1.69124749
1.691398135
1.691398133
1.691398133
1.691340924
1.691397327
1.691396608
1.691395486
1.691397567
1.691397831
1.691393581
1.691392333
1.69139798
1.691398029
1.691398085
1.691398104
1.691398122
1.691389006
1.691383759
1.69137709
1.691375247
1.691366326
1.691355555
1.691355362
1.691352983
1.691332649
1.691358543
1.69137162
1.691398137
1.691398132
1.691250033
1.69125434
1.691228735
1.691243018
1.691240153
1.69125219
1.69123839
1.691261143
1.69128525
1.691281089
1.691398126
1.691398119
1.691398131
1.69124977
1.691266413
1.691191747
1.691181405
1.691116035
1.691281894
1.691312995
1.691398136
1.691398137
1.691117
1.691398131
1.691398135
1.691398128
1.691398127
1.691302734
1.691396293
1.691396768
1.691394875
1.691394207
1.691391516
1.691397389
1.691397739
1.691387372
1.691384737
1.691397865
1.691398002
1.69139805
1.691398097
1.691377241
1.691365925
1.691352441
1.691347427
1.691328986
1.691306341
1.691318249
1.691280842
1.691247682
1.691327514
1.691346113
1.691398137
1.691398124
1.691125531
1.691076676
1.691099746
1.691125622
1.69106798
1.691113902
1.691082903
1.691124249
1.691166325
1.691159487
1.691201183
1.691398106
1.691398089
1.691398121
1.691128163
1.691026652
1.691161073
1.690974829
1.690892455
1.691186719
1.691398136
1.690895808
1.691398121
1.691398131
1.691398135
1.691398112
1.69139811
1.691203848
1.691393755
1.691394911
1.691396351
1.691390684
1.691388712
1.691382695
1.691397172
1.691397453
1.691373746
1.691368063
1.691397796
1.691397906
1.691398031
1.691351135
1.691330963
1.691298319
1.691289846
1.691251816
1.691188972
1.691260054
1.691143953
1.691033659
1.691275717
1.691300976
1.691398136
1.691398102
1.690811468
1.690841984
1.690875811
1.69079931
1.690832091
1.690794297
1.690869918
1.690943584
1.690916009
1.691011629
1.691004232
1.691398058
1.691398012
1.691398095
1.690928768
1.690760732
1.69066521
1.690983319
1.690597449
1.690517787
1.690365284
1.69139812
1.691398086
1.691398131
1.691398135
1.691398074
1.691097878
1.691387957
1.691390477
1.691393931
1.691395843
1.691381104
1.691376525
1.691363786
1.691396628
1.691397467
1.691344902
1.691335281
1.691397844
1.69129578
1.691302789
1.691250116
1.691189458
1.691175026
1.690919931
1.691043624
1.691166732
1.690721951
1.69119495
1.691226121
1.691398135
1.691398045
1.690402898
1.690445758
1.690316797
1.690366104
1.690270861
1.690414189
1.690540661
1.690515093
1.690674839
1.690795121
1.691397935
1.69139781
1.691398032
1.690330031
1.690606052
1.690158894
1.690040223
1.689939949
1.689640833
1.689680876
1.691398094
1.691398125
1.691398006
1.691397996
1.690950586
1.691375287
1.691380255
1.691388321
1.691392748
1.691394545
1.691359762
1.691350797
1.691324194
1.691396442
1.691397397
1.691285343
1.691262982
1.691204688
1.691181181
1.691095539
1.690983005
1.690421165
1.69063716
1.690837898
1.691029923
1.690128671
1.691077451
1.691113189
1.691398132
1.691397907
1.689729194
1.689453474
1.689610777
1.689390604
1.689623107
1.689845335
1.689800685
1.69005334
1.690325654
1.690538011
1.69139763
1.691397326
1.691397879
1.689668873
1.689364363
1.689164541
1.688972721
1.688491273
1.688516275
1.688569811
1.69139803
1.691398105
1.691397819
1.691397792
1.690601991
1.691355272
1.691374475
1.691385684
1.691389881
1.691394126
1.691321577
1.691297832
1.69124276
1.691396351
1.691161368
1.691121409
1.691010134
1.690961884
1.690805854
1.689866385
1.689460495
1.690208956
1.690530671
1.690828203
1.688688978
1.690906501
1.690717893
1.690926183
1.69139812
1.691397566
1.688165385
1.688281715
1.688315776
1.688674543
1.688607778
1.689006023
1.6894647
1.689847092
1.689927754
1.691396908
1.691396202
1.691397497
1.688170174
1.68771
1.687570693
1.686639055
1.686609976
1.686770216
1.68617799
1.691398054
1.691397877
1.691397313
1.691397396
1.690283547
1.691305143
1.691347258
1.691370105
1.691379791
1.691388993
1.691393943
1.691239542
1.691189199
1.691067071
1.690912836
1.690859507
1.690635506
1.69056368
1.689073046
1.688416614
1.687254075
1.689591227
1.690092371
1.690535898
1.686447943
1.690143521
1.690393393
1.690655131
1.691398083
1.691396675
1.686286484
1.686595465
1.686832041
1.686705882
1.68729529
1.688033483
1.68865426
1.688779325
1.689359847
1.691395136
1.691393647
1.691396501
1.685657791
1.684947658
1.683652026
1.684047816
1.683231946
1.683294703
1.691397931
1.69139754
1.691396265
1.691396487
1.689861462
1.691396853
1.691208175
1.691292579
1.691338869
1.691358883
1.691378333
1.691388657
1.691080038
1.690961093
1.690649469
1.690426969
1.690041437
1.687858595
1.687127584
1.685097888
1.684059768
1.688722898
1.68948207
1.682890609
1.688661586
1.689589634
1.689963318
1.690273596
1.69139798
1.691393803
1.683732851
1.684153528
1.683801427
1.684657249
1.685641322
1.686774447
1.686791126
1.687725268
1.688645661
1.691389756
1.691394473
1.681679041
1.680000376
1.680373041
1.679067808
1.678997216
1.679603941
1.691397701
1.691394032
1.691394586
1.688986629
1.691397143
1.691395328
1.691024822
1.69118585
1.691277675
1.691317244
1.691356986
1.691379052
1.690789454
1.690575195
1.689987974
1.689604462
1.684809226
1.68620276
1.680675261
1.680913211
1.6791295
1.68755347
1.677324952
1.687599546
1.686076682
1.688948046
1.689427429
1.689764114
1.691397749
1.691388045
1.680104442
1.679467269
1.680756717
1.682277664
1.683828426
1.684608792
1.686530609
1.687251589
1.691379437
1.691390152
1.674879027
1.675366002
1.673424147
1.673114415
1.673549694
1.674863694
1.691389428
1.691390683
1.688266861
1.691396276
1.691392562
1.690984506
1.69069878
1.691160239
1.691231875
1.69131427
1.691358077
1.690278528
1.689903945
1.688898514
1.682093496
1.684187233
1.675755225
1.674125103
1.67640886
1.671704904
1.668444994
1.685240777
1.683980162
1.687233414
1.681591773
1.688163567
1.688797049
1.689142653
1.691397088
1.691376814
1.672785065
1.675138466
1.677300516
1.679331206
1.680496058
1.683497182
1.684579306
1.686156142
1.691359414
1.691381354
1.668649489
1.666034959
1.665471724
1.665861101
1.667346239
1.691379993
1.691384097
1.687168504
1.691394206
1.691387277
1.690993377
1.690663763
1.690141143
1.69124025
1.691108929
1.691318219
1.689398619
1.688771877
1.678757314
1.667740272
1.670226776
1.664694677
1.671382062
1.660557006
1.660613056
1.683521624
1.681088589
1.678278074
1.685785745
1.674693046
1.687048574
1.687988549
1.688321903
1.687240922
1.691395588
1.691355071
1.667374303
1.661949843
1.670424211
1.673131646
1.674697399
1.679057779
1.680629128
1.682955086
1.68447672
1.691321278
1.691362781
1.656667918
1.656014523
1.65626473
1.657648406
1.691351224
1.691368302
1.69137189
1.686939549
1.691390174
1.691377485
1.69086854
1.690623437
1.690079797
1.689197672
1.691244924
1.69110205
1.687865773
1.660324784
1.656429214
1.663591244
1.651122014
1.665468582
1.650017709
1.648665323
1.681303284
1.678245337
1.674322892
1.6697789
1.684160694
1.685821399
1.686147436
1.687340681
1.684505647
1.691392351
1.691313471
1.661351912
1.656894111
1.649736463
1.664859548
1.666948273
1.672744409
1.674989486
1.678312987
1.680185231
1.683277321
1.691250992
1.691312322
1.643454307
1.644627901
1.644785269
1.64607494
1.691341833
1.691307778
1.691348881
1.685447427
1.691382636
1.6913598
1.690455901
1.690854629
1.690028204
1.689138402
1.687718747
1.691111911
1.685265813
1.651677124
1.647001298
1.640553766
1.655191008
1.638060153
1.658082599
1.636376243
1.631564182
1.678808165
1.674970044
1.670041872
1.664199314
1.682360956
1.685051826
1.68302446
1.686403107
1.680386035
1.691385701
1.691227965
1.649917267
1.654338331
1.644739922
1.63655731
1.656916504
1.664176409
1.667151734
1.671952785
1.674397767
1.678455687
1.681875936
1.691124734
1.691229742
1.630839023
1.631641611
1.632997759
1.691295494
1.691234072
1.691309376
1.691369476
1.691328457
1.691345808
1.690442365
1.689784733
1.690880118
1.689081878
1.68768706
1.685480794
1.681393225
1.641176839
1.636739238
1.629497635
1.626222208
1.643811895
1.624002509
1.65035573
1.618860042
1.617864107
1.671329916
1.676390502
1.665304113
1.658216868
1.684417161
1.681867856
1.678555205
1.686116764
1.674059688
1.691373267
1.691087249
1.641800484
1.636715414
1.64406538
1.630877597
1.622570874
1.650978101
1.656328132
1.658174212
1.664124751
1.666844969
1.67206513
1.676898562
1.69091194
1.691095399
1.617962461
1.619188049
1.691217754
1.691111856
1.691243853
1.691272455
1.691318824
1.689779805
1.690495885
1.688724925
1.687602775
1.685463917
1.682144466
1.676235845
1.625664672
1.628263048
1.618449978
1.614834288
1.612396406
1.633835645
1.607240473
1.642688251
1.605939767
1.605680843
1.660520619
1.668961709
1.652017353
1.681430538
1.684445305
1.67744697
1.672440261
1.686676902
1.666736515
1.691347357
1.690855748
1.627980454
1.630195793
1.622307197
1.636981664
1.615668682
1.608691149
1.64361559
1.646680593
1.653541377
1.657248181
1.663854265
1.670234104
1.690560806
1.690880988
1.606434278
1.691089056
1.69091205
1.691126385
1.691145154
1.691207067
1.691269613
1.689855146
1.688699548
1.687012984
1.685379571
1.682177956
1.677346356
1.66942045
1.607964437
1.614157424
1.617480623
1.604708668
1.602349039
1.598488918
1.624831815
1.5967455
1.634685017
1.596262083
1.596683885
1.660466632
1.651184285
1.644597634
1.68152674
1.677255229
1.684658924
1.671977864
1.66528216
1.685222707
1.687348002
1.657539695
1.691303448
1.690494921
1.614053234
1.616250792
1.622677909
1.607788926
1.629847084
1.601271493
1.597943355
1.63336159
1.641153918
1.645419987
1.653626839
1.661629784
1.690084163
1.690543444
1.690867969
1.690599646
1.690918382
1.690986083
1.691079545
1.691185056
1.689259281
1.688507656
1.686856839
1.684519747
1.682188907
1.67748961
1.670517952
1.660752812
1.596727172
1.599267026
1.604779421
1.608775676
1.595116758
1.592949
1.592473626
1.616575966
1.591768467
1.627029423
1.592089487
1.592519331
1.647963946
1.637438996
1.677639838
1.68194234
1.672437984
1.665437414
1.656956262
1.682329855
1.685359283
1.687630874
1.646855126
1.691228524
1.689949269
1.603865654
1.601931832
1.609251448
1.61585377
1.596294789
1.619456828
1.59354498
1.627674274
1.632176353
1.641606001
1.651235606
1.68932894
1.690026971
1.690536677
1.690131517
1.690632878
1.690749261
1.690891858
1.691060772
1.690897601
1.688032777
1.6868171
1.68442745
1.681106594
1.677785097
1.670978481
1.661502335
1.650372477
1.591814663
1.592156475
1.593466723
1.598036886
1.602437901
1.592241476
1.592587063
1.592755585
1.610907798
1.594783701
1.596067878
1.622349182
1.594642392
1.594005493
1.635002179
1.673342926
1.678194109
1.666680026
1.65835772
1.64909421
1.682416342
1.678698196
1.684872107
1.687162897
1.636299827
1.69111169
1.689104021
1.595437887
1.598735355
1.594307524
1.603701208
1.606548676
1.593154833
1.614422278
1.618163769
1.628194802
1.639168809
1.688164303
1.689250957
1.690058647
1.689424793
1.690218128
1.690411029
1.690627387
1.690712161
1.686243871
1.684445423
1.681094192
1.676552006
1.672070916
1.662520868
1.650777053
1.638343343
1.597606432
1.59364279
1.593116193
1.592724946
1.595465375
1.601253155
1.599885739
1.601591342
1.607978693
1.610457637
1.606934798
1.60878494
1.622854063
1.604378477
1.599792972
1.674465696
1.668582298
1.661044711
1.653367826
1.642134975
1.682126745
1.679643286
1.67596367
1.684590171
1.686358277
1.628396691
1.690921359
1.687821418
1.594049173
1.593678917
1.59556227
1.594596481
1.597782793
1.604510715
1.61391041
1.62586867
1.686475059
1.687943727
1.689362745
1.688367104
1.689628816
1.689934141
1.690224316
1.690394303
1.683843595
1.681294716
1.676710257
1.670749363
1.664992482
1.652354969
1.638977816
1.625477636
1.609954301
1.614919285
1.60165259
1.6010709
1.597988834
1.600371807
1.606602896
1.619168439
1.630638352
1.63321976
1.615894606
1.626732378
1.631811244
1.617755719
1.605298823
1.671165494
1.664509825
1.658315334
1.649484895
1.639846984
1.683461856
1.679511475
1.675615258
1.685158953
1.686459695
1.633944046
1.624750404
1.690648695
1.685263938
1.603008196
1.59776601
1.594303773
1.593911485
1.596100221
1.602704645
1.612762753
1.686101323
1.688381884
1.686931315
1.688813934
1.68926889
1.689706011
1.689949785
1.681118329
1.677143958
1.670998653
1.663346153
1.656102703
1.641167239
1.626671205
1.613083754
1.637108638
1.628991396
1.64481182
1.616755156
1.61666211
1.610637213
1.612227403
1.617388113
1.660373606
1.668655944
1.669244634
1.662998197
1.65070456
1.633831248
1.624146922
1.66918508
1.663948139
1.656562198
1.648714786
1.644236534
1.682364349
1.686459695
1.686459695
1.680140229
1.673912337
1.637566157
1.631538527
1.690260787
1.682393872
1.617598465
1.603766623
1.598521609
1.594232079
1.595518992
1.602148783
1.683856679
1.687067532
1.685106007
1.687698397
1.688371179
1.689015393
1.689364005
1.676969502
1.671622045
1.663337961
1.654379049
1.645361456
1.629303694
1.61467214
1.602647514
1.674074858
1.663016408
1.651990888
1.693330294
1.637523674
1.635479073
1.627683749
1.627896432
1.702382206
1.715577935
1.711000237
1.697763433
1.677310711
1.660067439
1.650647819
1.670438118
1.663966526
1.657630648
1.654671642
1.649903477
1.686459695
1.686459695
1.679011006
1.646150272
1.643977211
1.689735482
1.678858885
1.62437267
1.613683358
1.600925779
1.594494794
1.595422586
1.680927131
1.685256969
1.682624889
1.68597796
1.687140082
1.688126844
1.68863729
1.671725327
1.664096603
1.652161053
1.642040987
1.63073737
1.616622526
1.604169511
1.595755961
1.720150791
1.699702501
1.686769694
1.673922121
1.733811482
1.657262772
1.653517897
1.645154823
1.744748873
1.764772062
1.761148252
1.752168039
1.73246849
1.709969377
1.697353752
1.658149517
1.678084066
1.671908376
1.666801391
1.664715023
1.661135124
1.658585095
1.686459695
1.657858064
1.659697971
1.689089814
1.674521466
1.641038924
1.618200791
1.601564518
1.594486068
1.677593831
1.681546558
1.683682664
1.685602065
1.687017653
1.68770102
1.665578395
1.656248976
1.641607033
1.631220297
1.618634379
1.606211965
1.596859247
1.594070905
1.73270201
1.750822072
1.713494856
1.699375133
1.683191343
1.76821794
1.673467669
1.667667087
1.787032062
1.799190071
1.798593526
1.786608648
1.766358701
1.751990086
1.705417903
1.681157107
1.676879024
1.686459695
1.675979556
1.67178952
1.669158776
1.66885126
1.670122068
1.676694469
1.688229338
1.686880935
1.669498924
1.64726899
1.619481244
1.601420969
1.674196003
1.678138999
1.681321211
1.683873515
1.685726932
1.658577315
1.64759537
1.631462693
1.620668336
1.608608204
1.598824796
1.594227414
1.602996602
1.596847124
1.74915737
1.732051872
1.767995197
1.717313213
1.703462628
1.691726263
1.783949003
1.683011419
1.802969817
1.816651965
1.819258511
1.810284086
1.79909722
1.75898581
1.730246671
1.686144169
1.686459695
1.686459695
1.67773652
1.678222423
1.676746128
1.681192256
1.686487015
1.687147496
1.685097635
1.6840419
1.663767356
1.648120149
1.620073253
1.669369491
1.674521787
1.678629304
1.681836215
1.650794406
1.63835877
1.621424629
1.6109675
1.600692402
1.594585913
1.595479252
1.619393592
1.606136989
1.749949587
1.734688452
1.722126639
1.759878148
1.713260415
1.701652382
1.693585556
1.77900924
1.799801197
1.816265222
1.823141337
1.82003407
1.805873297
1.781973489
1.723401941
1.760535713
1.682557334
1.686459695
1.686459695
1.681348055
1.684322911
1.686552915
1.69162669
1.686176056
1.683963406
1.68130404
1.678872916
1.657154989
1.64616136
1.664331305
1.670478604
1.675364401
1.642161342
1.627992462
1.612011853
1.60277247
1.595391864
1.594290734
1.602835458
1.642836206
1.622336059
1.72736318
1.72472762
1.715451453
1.708875496
1.742688616
1.705096736
1.69635496
1.758774447
1.779425644
1.800569747
1.803573083
1.808531353
1.799785711
1.783042282
1.753591067
1.716259887
1.677048842
1.686459695
1.687772707
1.690413695
1.683246132
1.685912372
1.679742996
1.675888687
1.671591827
1.651419586
1.658983079
1.665995731
1.678871066
1.638453589
1.627421914
1.615063514
1.603017904
1.596783564
1.59395577
1.599791095
1.616755114
1.670238461
1.644831336
1.706416483
1.700085165
1.702334307
1.698736895
1.696948178
1.717195139
1.69657398
1.724262953
1.753663833
1.763036697
1.780355188
1.787955603
1.780158278
1.76642052
1.740154779
1.705996816
1.686459695
1.686459695
1.689967265
1.683257041
1.686462104
1.673949531
1.668261449
1.661377876
1.645086138
1.653218873
1.678590598
1.673083972
1.630226565
1.618806846
1.606900843
1.598341342
1.595119673
1.59944491
1.613111398
1.638524411
1.694936937
1.670365585
1.683099693
1.685559863
1.684926106
1.689256587
1.689509928
1.685867694
1.708362364
1.717162432
1.738145872
1.756089356
1.757083365
1.758803039
1.748018737
1.72523666
1.686459695
1.686459695
1.682802759
1.685088083
1.687148224
1.666209787
1.657752703
1.647797087
1.63808244
1.673177057
1.678711382
1.66593244
1.623453711
1.612413284
1.603108382
1.599438874
1.601074601
1.616675605
1.635459348
1.662279114
1.690354002
1.710962795
1.67228193
1.676948784
1.668620934
1.681863792
1.6859036
1.677141895
1.6824548
1.698843889
1.718362082
1.726367846
1.737589028
1.740203944
1.731127165
1.686459695
1.682967995
1.68419805
1.687289675
1.655976781
1.64446983
1.632939288
1.673724974
1.666909958
1.678899943
1.657507264
1.620005747
1.610430579
1.605604073
1.607694618
1.613901757
1.63688434
1.655606346
1.680193858
1.701755335
1.716645185
1.671539904
1.676772017
1.686459695
1.665968748
1.667269678
1.674834903
1.689040829
1.697796736
1.714016251
1.723162711
1.724917906
1.679840264
1.683793684
1.686857943
1.643765474
1.631324466
1.674762615
1.668516605
1.660431683
1.650541489
1.686242483
1.620753369
1.614223483
1.614411631
1.621396359
1.630799315
1.65504491
1.672190336
1.691409588
1.705364592
1.7137732
1.686459695
1.686459695
1.67216459
1.672038501
1.670475162
1.675602026
1.682097005
1.693475363
1.705444258
1.710712841
1.675952139
1.679994123
1.683857405
1.631727017
1.6417942
1.670443183
1.663143143
1.653790455
1.685410087
1.686459695
1.62646241
1.623075095
1.62746817
1.637207165
1.647894037
1.66919497
1.682903427
1.695631985
1.702451208
1.705513232
1.686459695
1.686459695
1.677225933
1.680591733
1.684056457
1.692514714
1.697917265
1.672893654
1.677587564
1.680890396
1.683965898
1.636914399
1.647324135
1.666636725
1.658515625
1.686459695
1.682929499
1.635702521
1.634886061
1.64246494
1.652004288
1.662662869
1.678142539
1.687740982
1.69467875
1.696489654
1.697119252
1.686459695
1.686459695
1.686532516
1.689829074
1.67548394
1.670031286
1.681286915
1.686459695
1.644897086
1.653803864
1.663499263
1.645950153
1.647631037
1.657757727
1.665503149
1.674995583
1.683230883
1.688347313
1.690761181
1.690883953
1.690051059
1.686459695
1.686459695
1.680651456
1.676324314
1.669923297
1.686459695
1.653442222
1.660896205
1.656154043
1.658449603
1.668385005
1.673801378
1.680820717
1.684628005
1.687460782
1.686459695
1.686459695
1.686459695
1.678301409
1.668778885
1.662161015
1.666242119
1.667982258
1.677339823
1.680890411
1.686459695
1.686459695
1.686459695
1.67749799
1.67109656
1.676999248
1.676586559
1.686459695
1.686459695
1.686459695
1.686459695
