1.884686515
1.878906682
1.90893324
1.894322116
1.87110292
1.868345161
1.911496092
1.89878987
1.878936089
1.914943257
1.872003698
1.924356378
1.872850432
1.868882333
1.891904093
1.912983436
1.867947869
1.914126245
1.908813574
1.891815751
1.878489667
1.916904188
1.9160308
1.925017584
1.932772413
1.918038256
1.875543215
1.874321082
1.869702981
1.872376762
1.885845806
1.910511507
1.876891008
1.920755322
1.917840478
1.906104961
1.913969418
1.892169165
1.917364308
1.917501404
1.919951812
1.923538745
1.928006623
1.848956702
1.857266974
1.873000568
1.880114683
1.85155829
1.887448802
1.888902713
1.902111634
1.919539925
1.922867931
1.924042861
1.91941111
1.932109855
1.921713969
1.925397416
1.93059662
1.934383023
1.939405834
1.947989216
1.943309342
1.819855526
1.822964872
1.855191928
1.862218419
1.880352855
1.896267568
1.83246778
1.913318805
1.933011597
1.92440001
1.926702576
1.930923801
1.935818204
1.943698145
1.93171987
1.935700468
1.935863587
1.936846624
1.94193841
1.950712991
1.945308028
1.954834052
1.958884836
1.801617275
1.795921137
1.813744046
1.843231386
1.873016577
1.899208671
1.922597294
1.817397715
1.947726154
1.934089762
1.929957445
1.935123596
1.937308672
1.94305575
1.946231547
1.954165858
1.940856543
1.941476567
1.943966288
1.948758455
1.953113827
1.958591102
1.959496554
1.957955534
1.961845385
1.963679018
1.968768493
1.790220134
1.781525909
1.786315152
1.855198592
1.829944603
1.887325652
1.914671073
1.950749744
1.808812676
1.938898797
1.944890356
1.940787252
1.944125994
1.948093381
1.954340942
1.959471952
1.954819495
1.95034317
1.954464663
1.962327116
1.965280951
1.972501878
1.969228843
1.966854355
1.967294327
1.968081852
1.970362689
1.968897387
1.964927675
1.914930962
1.953523352
1.946622887
1.785521456
1.775677544
1.77415211
1.836619973
1.868097975
1.812169852
1.900329042
1.939169319
1.79532758
1.949868358
1.950599964
1.956698374
1.953113155
1.959183496
1.958732806
1.9642767
1.966508184
1.958142299
1.946840061
1.962381089
1.969308533
1.977723697
1.979307782
1.978660075
1.978679969
1.973552716
1.972506824
1.970106257
1.959335693
1.951255337
1.898312479
1.917788444
1.932686007
1.946757887
1.941381955
1.894485097
1.780078151
1.777666614
1.773027196
1.858006721
1.82584213
1.883023245
1.801627162
1.918109361
1.787417422
1.963468472
1.962353907
1.961181324
1.967159691
1.965655166
1.96676761
1.96912936
1.967606883
1.960573012
1.938032137
1.919618081
1.97322563
1.977700411
1.979640924
1.980480788
1.977848485
1.975418239
1.971083725
1.96666947
1.95833234
1.949289677
1.943179771
1.891772708
1.903458217
1.937604134
1.925471297
1.940458863
1.896520617
1.905032057
1.911385748
1.77963524
1.779724366
1.782948326
1.861443297
1.839887286
1.812305583
1.89199603
1.791415521
1.78224048
1.97374493
1.971444471
1.971700927
1.967371485
1.974783672
1.974671072
1.977234428
1.948413259
1.928895375
1.901160172
1.885036871
1.976160255
1.973593709
1.973402091
1.966752018
1.963486189
1.960198682
1.954897582
1.953762369
1.946473451
1.940622557
1.937973569
1.894661757
1.889598114
1.912007235
1.935609656
1.927863986
1.898128381
1.908050868
1.908999124
1.910794493
1.780375736
1.783742921
1.912592089
1.783899733
1.866636037
1.847456539
1.825475582
1.801686266
1.787023113
1.78060818
1.981095085
1.981542552
1.98039493
1.974669212
1.948424481
1.980043535
1.977376994
1.972014492
1.913907915
1.894385744
1.869214002
1.857747653
1.965968924
1.965630404
1.959051204
1.954345607
1.951039447
1.946805568
1.943858501
1.937760451
1.935627618
1.932801666
1.887766343
1.900231621
1.886966961
1.917156751
1.925292318
1.899133561
1.905382529
1.920157387
1.779912833
1.789468807
1.787433439
1.919146065
1.789600318
1.848571063
1.832047714
1.813557235
1.793845113
1.782868674
1.778927347
1.983209658
1.984581872
1.975166828
1.980468737
1.958479089
1.912087811
1.975360478
1.969503856
1.960810595
1.869830952
1.844410227
1.835625124
1.957631135
1.953481192
1.949222149
1.946303774
1.942255318
1.939896316
1.935178802
1.934532825
1.932476807
1.891957314
1.880247647
1.906477172
1.884702069
1.918778065
1.922848131
1.894166598
1.912008106
1.933910343
1.935251451
1.77773566
1.788100352
1.934437343
1.937659997
1.928636331
1.786394753
1.828446701
1.81413091
1.800674203
1.787626573
1.782755789
1.777848252
1.973968268
1.981094885
1.978182152
1.953759055
1.974800682
1.925473609
1.878090749
1.969107166
1.961051236
1.955546524
1.843573208
1.820387692
1.814621665
1.953564777
1.947798594
1.945523644
1.940686972
1.934682957
1.932248293
1.928777895
1.909557132
1.887627191
1.874323655
1.879469927
1.918410783
1.920323647
1.909125441
1.928394797
1.940399272
1.777341156
1.7826274
1.937444849
1.930692363
1.91980247
1.919595289
1.926098075
1.919788481
1.776327173
1.810339901
1.799819366
1.793149705
1.786282028
1.781681317
1.776617302
1.977611843
1.94765947
1.980246939
1.974531521
1.916530901
1.968551424
1.889796018
1.843104152
1.96702737
1.962319478
1.963505572
1.820092644
1.80344673
1.79940223
1.959559339
1.960392316
1.953229101
1.942042134
1.937883831
1.929751613
1.916813109
1.897386242
1.8735319
1.868373383
1.887049878
1.919673098
1.92528445
1.912496034
1.93032746
1.927869809
1.773974794
1.774471524
1.921871223
1.916476809
1.920245369
1.930322872
1.928848981
1.915876127
1.766978357
1.796308918
1.791851244
1.784724996
1.78200686
1.778633194
1.981369715
1.964046188
1.912647129
1.977057333
1.971392724
1.874075636
1.973414389
1.849325612
1.81674818
1.971926929
1.975259333
1.975499965
1.802244289
1.79502486
1.791075215
1.981362071
1.971455183
1.959171686
1.949232151
1.943239922
1.89983551
1.919459813
1.8781446
1.861312829
1.866479486
1.887076551
1.92123776
1.942563772
1.907970411
1.913875335
1.908825493
1.775290566
1.773582893
1.902056969
1.918016356
1.940093175
1.93501622
1.896241254
1.760783006
1.791022336
1.790891115
1.788399063
1.786328606
1.782675503
1.970230942
1.975353073
1.929942256
1.878912243
1.97340199
1.976058685
1.841208644
1.977994644
1.819709565
1.795451914
1.979941239
1.98175625
1.993510395
1.785958731
1.783591836
1.786183928
1.991434949
1.983886501
1.967740016
1.968941798
1.880280671
1.913916754
1.85950972
1.853491634
1.864685382
1.890902509
1.943913224
1.964808357
1.902034742
1.897167884
1.908480276
1.770036689
1.779730028
1.898042642
1.935194518
1.948533536
1.880965079
1.895542972
1.762874754
1.777048695
1.757950356
1.788121438
1.78967428
1.789900459
1.785479091
1.787281484
1.943793362
1.961485116
1.968466015
1.897493095
1.849353939
1.969001838
1.968726721
1.820831815
1.811045146
1.967768012
1.793546135
1.975689462
1.986810949
1.996781741
1.77229928
1.771022742
1.776678324
2
1.987993186
1.98604977
1.860262513
1.932708934
1.84445037
1.848525723
1.87160708
1.894269544
1.965685023
1.985572331
1.891032415
1.890214726
1.917295439
1.771767453
1.900880522
1.93826149
1.872668594
1.907098961
1.759897763
1.774518919
1.765569643
1.839542575
1.753667781
1.783201439
1.785649065
1.7849595
1.784244015
1.776046818
1.903845357
1.937936746
1.958281256
1.962568484
1.860654342
1.824430749
1.959212375
1.955784169
1.79868046
1.788778025
1.960369286
1.967119488
1.989848208
1.975132692
1.996355202
1.762767087
1.763515979
1.773843718
1.993425112
1.99109316
1.853855269
1.841327494
1.956021329
1.859298235
1.886918645
1.893123754
1.981266037
1.992155386
1.885763161
1.894781923
1.917263373
1.762458569
1.902193586
1.87995593
1.928243087
1.75511436
1.764863317
1.774384977
1.759259742
1.838212938
1.852513576
1.74686756
1.779964963
1.780721187
1.777382203
1.77332072
1.764052551
1.904804086
1.870563107
1.936790934
1.954275434
1.953638445
1.832212571
1.801723708
1.951045884
1.951604185
1.783650069
1.95617714
1.964858956
1.984478772
1.976990882
1.990131881
1.756628645
1.768049228
1.757149534
1.997144542
1.860497172
1.841036581
1.963013813
1.879840675
1.884848821
1.881132601
1.981208523
1.997076531
1.898737582
1.905605475
1.75130197
1.755896734
1.894136436
1.93093763
1.761640707
1.768533058
1.777229764
1.756565094
1.835611984
1.84593224
1.867033844
1.742644974
1.737461708
1.77769615
1.775508885
1.767019429
1.759374059
1.752398792
1.914618516
1.877290092
1.844561057
1.932648347
1.949904961
1.949051388
1.813266847
1.790179438
1.945366691
1.947194573
1.951744673
1.960648878
1.968520497
1.986072797
1.753330944
1.762061238
1.751882062
1.995466805
1.866990076
1.845328631
1.956507678
1.876521393
1.871576838
1.886986812
1.978007382
1.991526091
1.90267641
1.743999462
1.901619278
1.927436618
1.764365978
1.770518476
1.779019151
1.790183167
1.757917655
1.835473252
1.833525578
1.849214686
1.863540586
1.731400612
1.727082921
1.77180485
1.761299181
1.753049211
1.745700406
1.742398298
1.898287306
1.917752863
1.862758216
1.829713433
1.922658076
1.93024104
1.931496076
1.937986586
1.801603093
1.938479275
1.938505164
1.945199102
1.952632071
1.978635275
1.753130528
1.752870037
1.749874598
1.98003792
1.848168753
1.879467043
1.952225258
1.860373678
1.866133769
1.882224549
1.974027132
1.978803356
1.735318233
1.915378046
1.932514821
1.781034142
1.770765362
1.787403914
1.791369634
1.796717321
1.762309281
1.828626622
1.837215792
1.838225244
1.850146725
1.854759502
1.7739647
1.844801814
1.726763943
1.722263076
1.719120853
1.755018985
1.747181315
1.738098969
1.735748665
1.734545369
1.911883031
1.884286634
1.920268028
1.84788127
1.818928795
1.920282871
1.920394592
1.923576279
1.931460834
1.932905116
1.933301827
1.937575302
1.95811921
1.755422908
1.746277621
1.752186982
1.963857151
1.857117662
1.886652582
1.955322672
1.849080055
1.858887236
1.96743935
1.970192307
1.916956268
1.935309038
1.790620253
1.783824738
1.794249773
1.796088731
1.801652131
1.814358965
1.763929202
1.828498188
1.827495109
1.836690099
1.845201722
1.841646912
1.77189572
1.763286746
1.834391295
1.840309116
1.719551321
1.725039447
1.715721565
1.713422824
1.741708957
1.73522799
1.730041072
1.729476619
1.729241258
1.903231014
1.917311953
1.86778659
1.920962508
1.833633692
1.922039801
1.91957507
1.920697848
1.922321141
1.928829312
1.928363072
1.940335427
1.756550743
1.744746729
1.753253277
1.948556809
1.866503323
1.891710919
1.951635183
1.843939194
1.967927155
1.961289011
1.905626223
1.929039717
1.788814438
1.776415282
1.794886582
1.795660292
1.806937645
1.823969624
1.757953157
1.826030956
1.835919791
1.826918792
1.830247418
1.852023838
1.759055861
1.756581337
1.748882559
1.836094981
1.82999612
1.839449049
1.7179012
1.714951878
1.721205814
1.711306629
1.709611523
1.736057318
1.730488929
1.724682472
1.722517894
1.887382318
1.916086239
1.928300697
1.852603418
1.932875815
1.927880578
1.921148729
1.917606945
1.917781062
1.924632431
1.928713748
1.921481211
1.752640706
1.741105871
1.74507064
1.937823444
1.864353234
1.872535911
1.877384586
1.95561852
1.840543071
1.960633998
1.939426488
1.896087642
1.926428827
1.768252063
1.777041538
1.782898382
1.800590581
1.820811155
1.845890146
1.746494873
1.831353776
1.822064335
1.843555072
1.823074262
1.747138887
1.75445136
1.743996944
1.737602111
1.837724162
1.829314215
1.713573611
1.7141978
1.711680738
1.716205368
1.708139501
1.706581369
1.733738043
1.72569545
1.719152538
1.912120855
1.877802056
1.93708492
1.940904406
1.932636977
1.925411365
1.916818565
1.91505637
1.91532723
1.919037981
1.7427328
1.736881155
1.734561939
1.920620403
1.85105213
1.861876637
1.856712768
1.865209368
1.933142128
1.845690898
1.936302019
1.920625802
1.885453188
1.904777746
1.763766915
1.773017638
1.791033128
1.812097903
1.834789552
1.865235516
1.738123322
1.839450933
1.82451814
1.824185087
1.742016392
1.749481506
1.759152439
1.73713423
1.730218144
1.843660044
1.83656273
1.829744667
1.711075423
1.708285464
1.709112309
1.709260096
1.713859125
1.703836871
1.705404708
1.727283869
1.72005267
1.900246849
1.938127623
1.954755023
1.947860192
1.937335919
1.924785617
1.917153253
1.912488801
1.911679779
1.731634496
1.727261898
1.725307576
1.908110745
1.842058841
1.850117856
1.83982539
1.838379098
1.852342223
1.888709707
1.907777981
1.852672411
1.912476108
1.901774808
1.869536956
1.771180972
1.791411788
1.821138679
1.855799711
1.899469649
1.728053334
1.830576295
1.825449038
1.750230255
1.741092973
1.761102559
1.772208201
1.731806387
1.724687819
1.848492714
1.83806295
1.830546212
1.707651793
1.708687477
1.706075764
1.70496748
1.704665106
1.714425556
1.702534351
1.699778113
1.701869862
1.705281962
1.709504631
1.703183469
1.701755046
1.702902037
1.718989183
1.93844516
1.955585032
1.955966355
1.946401621
1.934768865
1.924820657
1.917259436
1.907712
1.723758787
1.719827462
1.719131598
1.896477639
1.82913766
1.830777431
1.819228364
1.82319695
1.840112125
1.867397758
1.856227539
1.884772425
1.851695204
1.88390635
1.880386763
1.789570999
1.81685653
1.854710582
1.898240113
1.933733238
1.721541082
1.831577909
1.747882657
1.760477442
1.733021928
1.774931466
1.786411732
1.725017537
1.720296179
1.844677782
1.837132616
1.833411248
1.705083823
1.705651062
1.703239526
1.712858062
1.701655086
1.700650754
1.698800846
1.699258985
1.698081737
1.700784686
1.702622044
1.709199265
1.705463391
1.701272979
1.701344564
1.699901589
1.69980832
1.714070622
1.949886126
1.949572448
1.937944344
1.929528099
1.92304496
1.917965644
1.910404423
1.718838404
1.716230765
1.714998732
1.901624731
1.881891953
1.823121483
1.834766237
1.812578331
1.805701479
1.813240966
1.836216021
1.838376134
1.849940485
1.862003256
1.843229616
1.8552018
1.853947667
1.809560037
1.846516002
1.883905358
1.913740965
1.932298436
1.717478382
1.735214149
1.752123837
1.767143937
1.725401394
1.782741472
1.806650912
1.719096228
1.716675772
1.8402466
1.836660443
1.837930936
1.703129234
1.700148563
1.697054421
1.697585961
1.698145296
1.69670026
1.838183447
1.823143713
1.707060039
1.781387266
1.700931181
1.71181703
1.702587216
1.704693447
1.698884524
1.69974365
1.697951101
1.697663813
1.71423402
1.940541311
1.930585888
1.915870731
1.90869968
1.902362261
1.907166568
1.712938519
1.711117233
1.888644634
1.864563998
1.823869879
1.83556327
1.803373806
1.795850965
1.803022846
1.819453762
1.829376193
1.839764081
1.838310111
1.834487512
1.836638767
1.836706107
1.866404218
1.901606004
1.921155578
1.920438065
1.712929336
1.725717345
1.741305171
1.76159693
1.719087696
1.803489873
1.833101852
1.713386836
1.709251872
1.838833
1.839913536
1.699004885
1.69547144
1.695829613
1.695896592
1.696389944
1.697239331
1.695692176
1.83604163
1.803804035
1.804267702
1.70975894
1.707477589
1.80115702
1.778990355
1.706760914
1.694230224
1.69505153
1.700587637
1.709676784
1.702894666
1.705819612
1.696757493
1.697676301
1.695848259
1.695143756
1.919673479
1.911105582
1.897187162
1.884462107
1.884484441
1.706331748
1.705547295
1.861763258
1.839740493
1.815532736
1.831568632
1.793974007
1.778144491
1.789950057
1.789798681
1.807916516
1.817170679
1.833954475
1.810564308
1.812094487
1.866025313
1.894252593
1.90873974
1.911764756
1.900618816
1.719600436
1.732397844
1.750390593
1.713920661
1.825016444
1.850363754
1.708585863
1.704892672
1.839630351
1.836784917
1.698603326
1.694168654
1.694094745
1.694339212
1.694732006
1.696745614
1.830620147
1.782409
1.782697471
1.706680586
1.819807256
1.795267507
1.768973635
1.703051253
1.692744167
1.693429782
1.696694827
1.694785156
1.693264899
1.703466853
1.762896284
1.72496616
1.700912361
1.702782938
1.70341332
1.701473992
1.694668645
1.693336086
1.692288803
1.692713245
1.896342505
1.890124608
1.872090923
1.861091273
1.701731256
1.83792702
1.816878845
1.797805129
1.820839527
1.777535954
1.764782574
1.771697398
1.769212798
1.785012758
1.791355345
1.823896392
1.784863697
1.786047014
1.869680019
1.884237576
1.885102823
1.892267077
1.888368084
1.878492414
1.715627317
1.739502151
1.710486677
1.846560206
1.706167455
1.702589741
1.832844856
1.824000009
1.698819239
1.692333152
1.691976223
1.692251309
1.823592229
1.761334135
1.833677468
1.804212375
1.780544773
1.756572945
1.700979554
1.691798417
1.691398137
1.692962206
1.699015023
1.697031309
1.694892342
1.691398137
1.69990284
1.751850435
1.745539981
1.719907589
1.727758038
1.691398137
1.708926759
1.691398137
1.701368555
1.699247651
1.699331816
1.697819226
1.691398137
1.692301083
1.691398137
1.691398137
1.691398137
1.870842323
1.85426474
1.845177607
1.699441142
1.818661478
1.794853413
1.802211146
1.785052863
1.765267298
1.752089437
1.758560186
1.760030212
1.767390799
1.811533134
1.760222615
1.766719804
1.867100901
1.855379644
1.863979884
1.868100806
1.873239545
1.871083121
1.853776893
1.714947059
1.734966245
1.704119144
1.700927596
1.816587161
1.80398489
1.691398137
1.691398137
1.691398137
1.691398137
1.810536823
1.742103597
1.836732333
1.811250546
1.786061344
1.765770529
1.747901525
1.691398137
1.691398137
1.692851317
1.699223154
1.697183895
1.694938641
1.697422681
1.737728819
1.747949734
1.731968589
1.722415491
1.706969576
1.710911782
1.691398137
1.691398137
1.691398137
1.691398137
1.696992465
1.697222412
1.698013793
1.695899221
1.695869827
1.691398137
1.691398137
1.691398137
1.691398137
1.691398137
1.833727717
1.826651932
1.699616653
1.80218625
1.78236622
1.769352683
1.788696531
1.770994617
1.752159691
1.741229912
1.739168794
1.746637611
1.79056995
1.740820786
1.747708074
1.844533993
1.84930739
1.845839117
1.854154128
1.860947854
1.843398495
1.716097915
1.731552975
1.702840772
1.800463557
1.790047308
1.691398137
1.691398137
1.79058384
1.727705983
1.833228207
1.811965148
1.791612119
1.774020308
1.755623376
1.742694948
1.691398137
1.691398137
1.692604783
1.695876521
1.694302737
1.696711872
1.727752609
1.733166849
1.736680043
1.722468787
1.722661488
1.706708085
1.711180013
1.691398137
1.691398137
1.691398137
1.691398137
1.694477738
1.692780219
1.695346614
1.694039681
1.698567913
1.694325454
1.691398137
1.691398137
1.691398137
1.691398137
1.809281453
1.81751953
1.701453324
1.787215228
1.770689802
1.753852361
1.773241271
1.754982355
1.742193846
1.735760503
1.72900757
1.724235399
1.766389107
1.726549363
1.72099568
1.734098261
1.827190033
1.827032178
1.83058918
1.840099059
1.836151332
1.715935286
1.722111675
1.730333505
1.738395719
1.70533964
1.779755364
1.772651634
1.691398137
1.691398137
1.768498377
1.718087278
1.810992793
1.794166722
1.780235088
1.761892244
1.747413783
1.691398137
1.691398137
1.691538476
1.691398137
1.693296789
1.692149438
1.697274051
1.729661238
1.724526693
1.732717319
1.718471052
1.710351563
1.691398137
1.691398137
1.691398137
1.691398137
1.692451634
1.692350208
1.691398137
1.693831856
1.695439404
1.696373594
1.691398137
1.691398137
1.698414536
1.736877982
1.692558009
1.700826526
1.691398137
1.691398137
1.691398137
1.691398137
1.795498078
1.8127818
1.704941524
1.77328798
1.759909545
1.742139088
1.75627953
1.745798891
1.737842394
1.737152704
1.71532151
1.74783444
1.745911302
1.718349867
1.713669423
1.72428382
1.806264731
1.809223837
1.806747852
1.812643689
1.821634875
1.715144537
1.721680177
1.729946466
1.735124387
1.740553971
1.7092299
1.756171534
1.756223453
1.691398137
1.691398137
1.713557927
1.795762628
1.790018097
1.781860665
1.765947063
1.749051595
1.691398137
1.691398137
1.691398137
1.691398137
1.691398137
1.691398137
1.740900333
1.726063814
1.717841607
1.691398137
1.691398137
1.691398137
1.691398137
1.691398137
1.691398137
1.691398137
1.692472964
1.694014635
1.700394775
1.697151053
1.691398137
1.691398137
1.703590342
1.73723358
1.751353378
1.691398137
1.734344297
1.794060859
1.691398137
1.711611971
1.748537651
1.691398137
1.801568349
1.702374634
1.732232231
1.691398137
1.707095245
1.691398137
1.691398137
1.691398137
1.782591489
1.801408354
1.711558363
1.760179092
1.748499017
1.747152756
1.741341909
1.738617198
1.746411567
1.709966367
1.742945554
1.734178563
1.712548488
1.709922163
1.717189063
1.793793286
1.788269655
1.783395267
1.715374126
1.720903991
1.726863106
1.731961712
1.73759019
1.747206115
1.691398137
1.691398137
1.713334279
1.781890991
1.776306289
1.76702069
1.752097284
1.691398137
1.691398137
1.691398137
1.691398137
1.72287432
1.691398137
1.691398137
1.691398137
1.691398137
1.692107491
1.694671568
1.706216489
1.698568908
1.691398137
1.709209424
1.737509058
1.725991548
1.754498505
1.691398137
1.72706463
1.691398137
1.707407041
1.70820839
1.70713162
1.746807783
1.691398137
1.691398137
1.785536292
1.788975595
1.703608004
1.707319946
1.724656919
1.736723503
1.722775539
1.691398137
1.692628746
1.772125613
1.782593228
1.691398137
1.691398137
1.713474513
1.691398137
1.691398137
1.691398137
1.774106794
1.71852716
1.744415424
1.761174548
1.751961535
1.741722497
1.739534169
1.741339793
1.710825827
1.70721502
1.73837125
1.73360773
1.726414715
1.706721405
1.717900259
1.710370213
1.776066758
1.774999697
1.771568998
1.772869142
1.721918958
1.726681719
1.723629386
1.730824838
1.741175295
1.691398137
1.691398137
1.691398137
1.717989357
1.770575558
1.764072701
1.753649124
1.691398137
1.691398137
1.691398137
1.691398137
1.691398137
1.691398137
1.691398137
1.691398137
1.69534422
1.711419977
1.699147965
1.691398137
1.738032193
1.727443046
1.742091321
1.749756413
1.691398137
1.704161355
1.704076649
1.703456266
1.702859204
1.743027007
1.691398137
1.691398137
1.773931492
1.773703994
1.706574914
1.701735876
1.703550796
1.709240841
1.727223945
1.734184362
1.721638109
1.719849494
1.692544092
1.761068212
1.763677551
1.769917274
1.743494692
1.756091339
1.704278216
1.759602267
1.691398137
1.691398137
1.691398137
1.715405741
1.691398137
1.691398137
1.691398137
1.76051018
1.717864169
1.733201223
1.750097172
1.736074897
1.737316317
1.717787569
1.710036613
1.705463646
1.732234108
1.726971361
1.712828862
1.723071514
1.705358456
1.767055482
1.764590672
1.758201481
1.762081644
1.719107341
1.725616013
1.721550288
1.733205603
1.742389355
1.691398137
1.691398137
1.691398137
1.750221962
1.691398137
1.691398137
1.691398137
1.691398137
1.691398137
1.691398137
1.695761549
1.711385638
1.699326675
1.691398137
1.730518198
1.73546451
1.723973356
1.737902789
1.744047319
1.691398137
1.703751346
1.700180745
1.700397836
1.699857611
1.701820163
1.73735979
1.691398137
1.691398137
1.760847722
1.761193906
1.706543151
1.701309536
1.700973141
1.721735821
1.717993258
1.717559664
1.692492748
1.751361445
1.75078291
1.762643561
1.738655074
1.749489005
1.702042521
1.757223687
1.748325248
1.705119398
1.742320313
1.691398137
1.744957085
1.697916655
1.691398137
1.691398137
1.691398137
1.691398137
1.691398137
1.691398137
1.713514725
1.691398137
1.691398137
1.691398137
1.747956957
1.714788062
1.730706466
1.724187774
1.727954606
1.732252324
1.718297439
1.714438456
1.708340479
1.717736038
1.706133778
1.711392464
1.700884521
1.757657574
1.756616708
1.749720525
1.749522132
1.717146372
1.720936081
1.727372267
1.734434334
1.739397579
1.691398137
1.691398137
1.691398137
1.691398137
1.691398137
1.691398137
1.691398137
1.691398137
1.695604148
1.71068379
1.708105025
1.698313563
1.691398137
1.728229501
1.730989565
1.732425068
1.723676935
1.736511899
1.732063111
1.736708788
1.691398137
1.704955267
1.697102963
1.696806269
1.699387986
1.701927087
1.731309209
1.691398137
1.691398137
1.747952212
1.702267625
1.698459015
1.722297231
1.71752685
1.71532219
1.715376152
1.691398137
1.692200084
1.742489586
1.740624016
1.755354046
1.733707545
1.742920299
1.698052711
1.699877108
1.749781649
1.741156751
1.706545522
1.70413693
1.736232203
1.738030566
1.738739248
1.696795453
1.695721175
1.691398137
1.691398137
1.691398137
1.691398137
1.731593411
1.718889905
1.733834854
1.691398137
1.691398137
1.691398137
1.691398137
1.691398137
1.711236617
1.709073317
1.691398137
1.691398137
1.691398137
1.734859842
1.713572059
1.726639012
1.722277547
1.71587689
1.727752512
1.722731803
1.725060514
1.719871578
1.714838522
1.709555157
1.702707389
1.698073793
1.709190799
1.750350437
1.750229717
1.743083965
1.735944777
1.717054092
1.722768993
1.728245659
1.731565097
1.734379555
1.691398137
1.691398137
1.691398137
1.691398137
1.691398137
1.691398137
1.694681129
1.691799177
1.695271851
1.691398137
1.724288656
1.72832814
1.729681143
1.72922182
1.732110332
1.728127288
1.729566076
1.70413429
1.692735696
1.693851961
1.693478365
1.7000582
1.726449727
1.691398137
1.691398137
1.697956177
1.70169469
1.699956481
1.694840132
1.714101721
1.715905957
1.712971552
1.713101932
1.691398137
1.691398137
1.732566217
1.749138382
1.726711456
1.73670206
1.696247576
1.694312232
1.743071645
1.736911453
1.706413819
1.703806448
1.728092774
1.731431564
1.731266542
1.693562651
1.695257411
1.697083919
1.691398137
1.691398137
1.691398137
1.691398137
1.691398137
1.691398137
1.723491147
1.724725245
1.71922465
1.71595959
1.7257789
1.691398137
1.724147841
1.725573045
1.728417755
1.718703163
1.726211398
1.736097248
1.692089007
1.697160152
1.710829511
1.724964352
1.716443523
1.691398137
1.691398137
1.691398137
1.691398137
1.708656961
1.711372631
1.691398137
1.691398137
1.691398137
1.723332537
1.723595335
1.714849188
1.71594144
1.713040501
1.7042781
1.722991589
1.72033844
1.720043443
1.715132983
1.709460393
1.69339917
1.6986739
1.691398137
1.743422298
1.745976971
1.739968958
1.719229982
1.723240779
1.726320929
1.72974083
1.733002988
1.691398137
1.691398137
1.691398137
1.691398137
1.691398137
1.691398137
1.691398137
1.723380787
1.727677633
1.72772082
1.725840861
1.724019646
1.724503306
1.722962308
1.70385891
1.691398137
1.691398137
1.691398137
1.691398137
1.699172157
1.722442369
1.691398137
1.691398137
1.693896172
1.699194512
1.700907984
1.691398137
1.71160621
1.713214596
1.710589477
1.691398137
1.691398137
1.722637149
1.742808408
1.71306114
1.728361583
1.692196527
1.691398137
1.738195359
1.707004365
1.704082758
1.715064774
1.691398137
1.693552868
1.694870804
1.691398137
1.691398137
1.691398137
1.691398137
1.691398137
1.691398137
1.714883348
1.70998888
1.71317354
1.71700547
1.713293028
1.719148751
1.718709646
1.723123739
1.705237465
1.725389476
1.733143975
1.691398137
1.693912682
1.695838511
1.708829603
1.709574698
1.717164034
1.713727028
1.716937721
1.691398137
1.728800852
1.713157343
1.691398137
1.691398137
1.691398137
1.691398137
1.691398137
1.691398137
1.710099895
1.713350443
1.691398137
1.691398137
1.691398137
1.709623064
1.716446939
1.699189178
1.691398137
1.718109196
1.719361695
1.714157833
1.70991749
1.691398137
1.691398137
1.738911434
1.74010195
1.735806731
1.719163657
1.72211477
1.725471866
1.729531317
1.734378023
1.691398137
1.691398137
1.691398137
1.691398137
1.691398137
1.722043331
1.725928693
1.72493498
1.722216074
1.718364077
1.719133832
1.719446839
1.718088905
1.706109566
1.70219993
1.691398137
1.691398137
1.691398137
1.691398137
1.696160134
1.697951714
1.719052364
1.691398137
1.691398137
1.691398137
1.697581993
1.702049529
1.698961867
1.691398137
1.691398137
1.710569246
1.707899964
1.691398137
1.691398137
1.708140267
1.738132049
1.691398137
1.700452166
1.724267029
1.691398137
1.705414085
1.708351115
1.691398137
1.691798585
1.691398137
1.691398137
1.691398137
1.691398137
1.691398137
1.698482079
1.698972528
1.691398137
1.703262913
1.693287427
1.709353723
1.710864348
1.709590349
1.715121146
1.712026483
1.710275247
1.691984781
1.723584337
1.730171395
1.691398137
1.693373529
1.707587899
1.706879765
1.707927402
1.705913872
1.714376207
1.711321376
1.691398137
1.725614262
1.698686067
1.691398137
1.691398137
1.691398137
1.691398137
1.691398137
1.691398137
1.696232483
1.691398137
1.691398137
1.708974626
1.723877019
1.717252609
1.700142152
1.696862592
1.696593533
1.696410691
1.691398137
1.691398137
1.711072317
1.71472142
1.691398137
1.691398137
1.691398137
1.691398137
1.691398137
1.691398137
1.713730181
1.719563531
1.714334809
1.711670526
1.708903971
1.691398137
1.691398137
1.735171764
1.734938564
1.73115886
1.718067868
1.721835696
1.727854168
1.731373817
1.691398137
1.691398137
1.691398137
1.691398137
1.691398137
1.721430184
1.723573766
1.721215124
1.718385202
1.714027226
1.714933482
1.715157296
1.713872881
1.705532823
1.702012296
1.691398137
1.691398137
1.691398137
1.691398137
1.691680006
1.71497308
1.691398137
1.691398137
1.691398137
1.694962813
1.703529992
1.700076527
1.691398137
1.691398137
1.707552588
1.704766035
1.705998273
1.691398137
1.691398137
1.693455889
1.691398137
1.734091792
1.691398137
1.691398137
1.724017325
1.718186968
1.706792338
1.691398137
1.691398137
1.691398137
1.691398137
1.691398137
1.691398137
1.691398137
1.691398137
1.691398137
1.691398137
1.691398137
1.691398137
1.701909545
1.696089158
1.704614134
1.707711029
1.725758592
1.691398137
1.691398137
1.691649201
1.705225731
1.704870884
1.704721094
1.693862303
1.712143857
1.707997654
1.709745158
1.691398137
1.691398137
1.724694873
1.691398137
1.691398137
1.691398137
1.691398137
1.691398137
1.692856024
1.706278651
1.722235075
1.717022115
1.693625546
1.691398137
1.691538674
1.698005963
1.69381237
1.695633508
1.699884306
1.691398137
1.691398137
1.710140523
1.691398137
1.721658843
1.691398137
1.710534953
1.713950504
1.691398137
1.691398137
1.691398137
1.691398137
1.709984277
1.7102127
1.718830461
1.71429657
1.711153586
1.708204237
1.691398137
1.691398137
1.731684492
1.730491337
1.730786728
1.727182202
1.717953726
1.726584286
1.728971638
1.691398137
1.691398137
1.691398137
1.691398137
1.719622999
1.721441074
1.719323291
1.717127385
1.714112449
1.710446738
1.710294
1.711318421
1.710851005
1.704451171
1.700970039
1.691398137
1.691398137
1.691398137
1.691398137
1.691398137
1.710657163
1.691398137
1.691398137
1.691398137
1.691398137
1.691398137
1.702013351
1.691398137
1.702655312
1.7030886
1.701384081
1.691398137
1.691398137
1.691398137
1.691398137
1.730170586
1.691398137
1.691398137
1.691398137
1.71884044
1.712694331
1.705902197
1.691398137
1.691398137
1.691398137
1.691398137
1.691398137
1.691398137
1.691398137
1.691398137
1.691398137
1.691398137
1.691398137
1.691398137
1.691398137
1.693939379
1.702232383
1.721980816
1.691398137
1.691398137
1.701214108
1.702918386
1.7041375
1.706051134
1.707169811
1.691398137
1.691398137
1.72398016
1.691398137
1.691398137
1.691398137
1.691398137
1.691398137
1.691398137
1.720224354
1.71619127
1.691398137
1.691398137
1.691398137
1.691398137
1.692622196
1.696976607
1.695408562
1.691398137
1.691398137
1.706859968
1.707405328
1.691398137
1.721013655
1.723547229
1.691398137
1.691398137
1.691398137
1.712772353
1.691398137
1.709623369
1.713399907
1.691398137
1.691398137
1.691398137
1.705928223
1.717334661
1.712432576
1.707880496
1.704765003
1.691398137
1.691398137
1.727309645
1.728613407
1.726381798
1.726591707
1.717231922
1.725103684
1.691398137
1.691398137
1.691398137
1.691398137
1.691398137
1.718260764
1.716923808
1.714881873
1.70951963
1.706421201
1.706777477
1.707019108
1.707526873
1.700255759
1.691398137
1.691398137
1.691398137
1.691398137
1.691398137
1.691398137
1.705968217
1.691398137
1.691398137
1.691398137
1.691398137
1.691398137
1.691398137
1.701025905
1.698289799
1.699404469
1.700027683
1.700197575
1.698201604
1.691398137
1.691398137
1.691398137
1.691398137
1.691398137
1.725922113
1.691398137
1.691398137
1.691398137
1.709693958
1.714163795
1.704958434
1.691398137
1.691398137
1.691398137
1.691398137
1.691398137
1.691398137
1.691398137
1.691398137
1.691398137
1.691398137
1.691398137
1.691398137
1.697398596
1.717672769
1.691398137
1.697758883
1.700755851
1.703128375
1.691398137
1.722240923
1.691398137
1.691398137
1.691398137
1.691398137
1.691398137
1.714713137
1.691398137
1.691398137
1.691398137
1.691398137
1.691398137
1.694959477
1.694273632
1.691398137
1.691398137
1.7044614
1.70333384
1.691398137
1.719248427
1.720109954
1.691398137
1.691398137
1.691398137
1.691398137
1.707687088
1.709956271
1.703388449
1.691398137
1.707611384
1.691398137
1.711629875
1.691398137
1.691398137
1.708365325
1.712817903
1.691398137
1.691398137
1.691398137
1.700944468
1.713349341
1.706416959
1.700936494
1.691398137
1.691398137
1.72293481
1.724527497
1.721610848
1.721830053
1.71578417
1.720815121
1.691398137
1.691398137
1.691398137
1.691398137
1.714306383
1.710753085
1.704082608
1.703154053
1.703304136
1.703557037
1.702595258
1.694789817
1.691398137
1.691398137
1.691398137
1.691398137
1.691398137
1.691398137
1.701184268
1.691398137
1.691398137
1.691398137
1.691398137
1.691398137
1.691398137
1.698567567
1.696069677
1.695412165
1.696753941
1.697093493
1.695874463
1.691398137
1.691398137
1.691398137
1.691398137
1.691398137
1.691398137
1.691398137
1.720830361
1.691398137
1.691398137
1.691398137
1.701193361
1.708682736
1.700785688
1.691398137
1.691398137
1.691398137
1.691398137
1.691398137
1.691398137
1.691398137
1.691398137
1.691398137
1.712615601
1.695557199
1.698814003
1.696718372
1.718050532
1.691398137
1.691398137
1.691398137
1.691398137
1.691398137
1.71039239
1.691398137
1.691398137
1.691398137
1.691398137
1.691398137
1.691398137
1.691398137
1.691398137
1.700833339
1.700688226
1.691398137
1.714857264
1.714399135
1.691398137
1.691398137
1.691398137
1.691398137
1.702108021
1.704084017
1.705780908
1.700090904
1.691398137
1.703386026
1.701505914
1.691398137
1.691398137
1.691398137
1.691398137
1.699387957
1.691398137
1.703733571
1.710193591
1.691398137
1.691398137
1.691398137
1.698135845
1.697233136
1.705988724
1.705824545
1.708181166
1.698070127
1.698130652
1.691526818
1.692691115
1.691398137
1.691398137
1.717718041
1.719280151
1.715834463
1.715790406
1.715735408
1.691398137
1.691398137
1.691398137
1.703080489
1.698488395
1.699350005
1.699695836
1.69986333
1.698583241
1.691398137
1.691398137
1.691398137
1.691398137
1.697512321
1.691398137
1.691398137
1.691398137
1.691398137
1.691398137
1.69140201
1.694083608
1.694584125
1.693734474
1.694349903
1.694287123
1.69406526
1.691398137
1.691398137
1.691398137
1.691398137
1.691398137
1.691398137
1.712931802
1.691398137
1.691398137
1.691398137
1.694043487
1.691398137
1.702438699
1.695291613
1.691398137
1.691398137
1.691398137
1.691398137
1.691398137
1.691398137
1.691398137
1.691398137
1.691398137
1.702574634
1.695458371
1.711650229
1.691398137
1.691398137
1.691398137
1.691398137
1.691398137
1.691398137
1.691398137
1.691398137
1.691398137
1.691398137
1.691398137
1.697874471
1.707873212
1.691398137
1.691398137
1.691398137
1.697819289
1.699084257
1.700360685
1.696976231
1.691398137
1.69874887
1.697365056
1.691398137
1.691398137
1.691398137
1.691398137
1.697229081
1.696406612
1.691398137
1.691398137
1.692753319
1.691398137
1.691398137
1.691398137
1.69864051
1.702905137
1.691398137
1.691398137
1.691398137
1.695430684
1.69944972
1.699645146
1.69371118
1.692807274
1.691398137
1.691398137
1.691398137
1.691398137
1.691398137
1.710360471
1.711886346
1.706378614
1.691398137
1.691398137
1.691398137
1.697410561
1.695922869
1.695259627
1.696669085
1.695349792
1.691398137
1.691398137
1.691398137
1.691398137
1.691398137
1.691398137
1.691398137
1.691398137
1.692881922
1.692918822
1.69236857
1.692291882
1.693595703
1.692520672
1.691398137
1.691398137
1.691398137
1.691398137
1.691398137
1.691398137
1.701428923
1.697849715
1.691398137
1.691398137
1.691398137
1.691398137
1.691398137
1.691398137
1.691398137
1.691398137
1.691398137
1.691398137
1.691398137
1.691398137
1.691398137
1.691398137
1.691398137
1.691398137
1.691398137
1.693795992
1.700412137
1.691398137
1.691398137
1.691398137
1.691398137
1.691398137
1.691398137
1.691398137
1.691398137
1.691398137
1.691398137
1.691398137
1.696201353
1.695314265
1.696499558
1.694863894
1.694190177
1.693619435
1.691398137
1.691398137
1.694884376
1.695552891
1.694228947
1.691398137
1.691746093
1.691398137
1.691398137
1.691398137
1.691398137
1.691398137
1.691398137
1.691398137
1.691398137
1.691398137
1.691398137
1.691398137
1.691398137
1.691398137
1.691398137
1.693053288
1.694867554
1.694560375
1.691398137
1.691398137
1.691398137
1.691398137
1.691398137
1.691398137
1.691398137
1.694789372
1.691398137
1.691398137
1.691398137
1.691398137
1.691398137
1.691398137
1.69423657
1.693489839
1.693879648
1.693705857
1.693922699
1.692715682
1.691398137
1.691398137
1.691398137
1.691398137
1.691398137
1.691398137
1.691398137
1.691398137
1.691723872
1.691398137
1.691398137
1.691398137
1.691398137
1.691398137
1.691398137
1.691398137
1.691398137
1.691398137
1.691398137
1.691398137
1.691398137
1.691398137
1.691398137
1.691398137
1.691398137
1.691398137
1.691398137
1.691398137
1.691398137
1.691398137
1.691398137
1.691398137
1.691398137
1.691398137
1.691398137
1.691398137
1.691398137
1.691398137
1.691398137
1.691398137
1.691398137
1.693494623
1.693456651
1.691398137
1.691398137
1.691398137
1.693162371
1.691398137
1.691398137
1.691398137
1.691398137
1.691398137
1.691398137
1.691398137
1.691398137
1.691398137
1.691398137
1.691398137
1.691398137
1.691398137
1.691398137
1.691398137
1.691398137
1.691398137
1.691398137
1.691398137
1.691398137
1.691398137
1.691398137
1.691398137
1.692081603
1.691398137
1.691537801
1.692052509
1.691398137
1.691398137
1.691398137
1.691398137
1.691398137
1.691398137
1.691398137
1.691398137
1.691398137
1.691398137
1.691398137
1.69183775
1.692158745
1.691581102
1.692090337
1.691743574
1.691469106
1.691398137
1.691398137
1.691398137
1.691398137
1.691398137
1.691398137
1.691398137
1.691398137
1.691398137
1.691398137
1.691398137
1.691398137
1.691398137
1.691398137
1.691398137
1.691398137
1.691398137
1.691398137
1.691398137
1.691398137
1.691398137
1.691398137
1.691398137
1.691398137
1.691398137
1.691398137
1.691398137
1.691398137
1.691398137
1.691398137
1.691398137
1.691398137
1.691448958
1.691398137
1.691398137
1.691398137
1.691398137
1.691398137
1.691398137
1.691398137
1.691398137
1.691398137
1.691398137
1.691398137
1.691398137
1.691398137
1.691398137
1.691398137
1.691398137
1.691398137
1.691398137
1.691398137
1.691398137
1.691398137
1.691398137
1.691398137
1.691398137
1.691398137
1.691398137
1.691398137
1.691398137
1.691398137
1.691398137
1.691398137
1.691398137
1.691398137
1.691398137
1.691398137
1.691398137
1.691398137
1.691398137
1.691398137
1.691398137
1.691398137
1.691398137
1.691398137
1.691398137
1.691398137
1.691398137
1.691398137
1.691398137
1.691398137
1.691398137
1.691398137
1.691398137
1.691398137
1.691398137
1.691398137
1.691398137
1.691398137
1.691398137
1.691398137
1.691398137
1.691398137
1.691398137
1.691398137
1.691398137
1.691398137
1.691398137
1.691398137
1.691398137
1.691398137
1.691398137
1.691398137
1.691398137
1.691398137
1.691398137
1.691398137
1.691398137
1.691398137
1.691398137
1.691398137
1.691398137
1.691398137
1.691398137
1.691398137
1.691398137
1.691398137
1.691398137
1.691398137
1.691398137
1.691398137
1.691398137
1.691398137
1.691398137
1.691398137
1.691398137
1.691398137
1.691398137
1.691398137
1.691398137
1.691398137
1.691398137
1.691398137
1.691398137
1.691398137
1.691398137
1.691398137
1.691398137
1.691398137
1.691398137
1.691398137
1.691398137
1.691398137
1.691398137
1.691398137
1.691398137
1.691398137
1.691398137
1.691398137
1.691398137
1.691398137
1.691398137
1.691398137
1.691398137
1.691398137
1.691398137
1.691398137
1.691398137
1.691398137
1.691398137
1.691398137
1.691398137
1.691398137
1.691398137
1.691398137
1.691398137
1.691398137
1.691398137
1.691398137
1.691398137
1.691398137
1.691398137
1.691398137
1.691398137
1.691398137
1.691398137
1.691398137
1.691398137
1.691398137
1.691398137
1.691398137
1.691398137
1.691398137
1.691398137
1.691398137
1.691398137
1.691398137
1.691398137
1.691398137
1.691398137
1.691398137
1.691398137
1.691398137
1.691398137
1.691398137
1.691398137
1.691398137
1.691398137
1.691398137
1.691398137
1.691398137
1.691398137
1.691398137
1.691398137
1.691398137
1.691398137
1.691398137
1.691398137
1.691398137
1.691398137
1.691398137
1.691398137
1.691398137
1.691398137
1.691398137
1.691398137
1.691398137
1.691398137
1.691398137
1.691398137
1.691398137
1.691398137
1.691398137
1.691398137
1.691398137
1.691398137
1.691398137
1.691398137
1.691398137
1.691398137
1.691398137
1.691398137
1.691398137
1.691398137
1.691398137
1.691398137
1.691398137
1.691398137
1.691398137
1.691398137
1.691398137
1.691398137
1.691398137
1.691398137
1.691398137
1.691398137
1.691398137
1.691398137
1.691398137
1.691398137
1.691398137
1.691398137
1.691398137
1.691398137
1.691398137
1.691398137
1.691398137
1.691398137
1.691398137
1.691398137
1.691398137
1.691398137
1.691398137
1.691398137
1.691398137
1.691398137
1.691398137
1.691398137
1.691398137
1.691398137
1.691398137
1.691398137
1.691398137
1.691398137
1.691398137
1.691398137
1.691398137
1.691398137
1.691398137
1.691398137
1.691398137
1.691398137
1.691398137
1.691398137
1.691398137
1.691398137
1.691398137
1.691398137
1.691398137
1.691398137
1.691398137
1.691398137
1.691398137
1.691398137
1.691398137
1.691398137
1.691398137
1.691398137
1.691398137
1.691398137
1.691398137
1.691398137
1.691398137
1.691398137
1.691398137
1.691398137
1.691398137
1.691398137
1.691398137
1.691398137
1.691398137
1.691398137
1.691398137
1.691398137
1.691398137
1.691398137
1.691398137
1.691398137
1.691398137
1.691398137
1.691398137
1.691398137
1.691398137
1.691398137
1.691398137
1.691398137
1.691398137
1.691398137
1.691398137
1.691398137
1.691398137
1.691398137
1.691398137
1.691398137
1.691398137
1.691398137
1.691398137
1.691398137
1.691398137
1.691398137
1.691398137
1.691398137
1.691398137
1.691398137
1.691398137
1.691398137
1.691398137
1.691398137
1.691398137
1.691398137
1.691398137
1.691398137
1.691398137
1.691398137
1.691398137
1.691398137
1.691398137
1.691398137
1.691398137
1.691398137
1.691398137
1.691398137
1.691398137
1.691398137
1.691398137
1.691398137
1.691398137
1.691398137
1.691398137
1.691398137
1.691398137
1.691398137
1.691398137
1.691398137
1.691398137
1.691398137
1.691398137
1.691398137
1.691398137
1.691398137
1.691398137
1.691398137
1.691398137
1.691398137
1.691398137
1.691398137
1.691398137
1.691398137
1.691398137
1.691398137
1.691398137
1.691398137
1.691398137
1.691398137
1.691398137
1.691398137
1.691398137
1.691398137
1.691398137
1.691398137
1.691398137
1.691398137
1.691398137
1.691398137
1.691398137
1.691398137
1.691398137
1.691398137
1.691398137
1.691398137
1.691398137
1.691398137
1.691398137
1.691398137
1.691398137
1.691398137
1.691398137
1.691398137
1.691398137
1.691398137
1.691398137
1.691398137
1.691398137
1.691398137
1.691398137
1.691398137
1.691398137
1.691398137
1.691398137
1.691398137
1.691398137
1.691398137
1.691398137
1.691398137
1.691398137
1.691398137
1.691398137
1.691398137
1.691398137
1.691398137
1.691398137
1.691398137
1.691398137
1.691398137
1.691398137
1.691398137
1.691398137
1.691398137
1.691398137
1.691398137
1.691398137
1.691398137
1.691398137
1.691398137
1.691398137
1.691398137
1.691398137
1.691398137
1.691398137
1.691398137
1.691398137
1.691398137
1.691398137
1.691398137
1.691398137
1.691398137
1.691398137
1.691398137
1.691398137
1.691398137
1.691398137
1.691398137
1.691398137
1.691398137
1.691398137
1.691398137
1.691398137
1.691398137
1.691398137
1.691398137
1.691398137
1.691398137
1.691398137
1.691398137
1.691398137
1.691398137
1.691398137
1.691398137
1.691398137
1.691398137
1.691398137
1.691398137
1.691398137
1.691398137
1.691398137
1.691398137
1.691398137
1.691398137
1.691398137
1.691398137
1.691398137
1.691398137
1.691398137
1.691398137
1.691398137
1.691398137
1.691398137
1.691398137
1.691398137
1.691398137
1.691398137
1.691398137
1.691398137
1.691398137
1.691398137
1.691398137
1.691398137
1.691398137
1.691398137
1.691398137
1.691398137
1.691398137
1.691398137
1.691398137
1.691398137
1.691398137
1.691398137
1.691398137
1.691398137
1.691398137
1.691398137
1.691398137
1.691398137
1.691398137
1.691398137
1.691398137
1.691398137
1.691398137
1.691398137
1.691398137
1.691398137
1.691398137
1.691398137
1.691398137
1.691398137
1.691398137
1.691398137
1.691398137
1.691398137
1.691398137
1.691398137
1.691398137
1.691398137
1.691398137
1.691398137
1.691398137
1.691398137
1.691398137
1.691398137
1.691398137
1.691398137
1.691398137
1.691398137
1.691398137
1.691398137
1.691398137
1.691398137
1.691398137
1.691398137
1.691398137
1.691398137
1.691398137
1.691398137
1.691398137
1.691398137
1.691398137
1.691398137
1.691398137
1.691398137
1.691398137
1.691398137
1.691398137
1.691398137
1.691398137
1.691398137
1.691398137
1.691398137
1.691398137
1.691398137
1.691398137
1.691398137
1.691398137
1.691398137
1.691398137
1.691398137
1.691398137
1.691398137
1.691398137
1.691398137
1.691398137
1.691398137
1.691398137
1.691398137
1.691398137
1.691398137
1.691398137
1.691398137
1.691398137
1.691398137
1.691398137
1.691398137
1.691398137
1.691398137
1.691398137
1.691398137
1.691398137
1.691398137
1.691398137
1.691398137
1.691398137
1.691398137
1.691398137
1.691398137
1.691398137
1.691398137
1.691398137
1.691398137
1.691398137
1.691398137
1.691398137
1.691398137
1.691398137
1.691398137
1.691398137
1.691398137
1.691398137
1.691398137
1.691398137
1.691398137
1.691398137
1.691398137
1.691398137
1.691398137
1.691398137
1.691398137
1.691398137
1.691398137
1.691398137
1.691398137
1.691398137
1.691398137
1.691398137
1.691398137
1.691398137
1.691398137
1.691398137
1.691398137
1.691398137
1.691398137
1.691398137
1.691398137
1.691398137
1.691398137
1.691398137
1.691398137
1.691398137
1.691398137
1.691398137
1.691398137
1.691398137
1.691398137
1.691398137
1.691398137
1.691398137
1.691398137
1.691398137
1.691398137
1.691398137
1.691398137
1.691398137
1.691398137
1.691398137
1.691398137
1.691398137
1.691398137
1.691398137
1.691398137
1.691398137
1.691398137
1.691398137
1.691398137
1.691398137
1.691398137
1.691398137
1.691398137
1.691398137
1.691398137
1.691398137
1.691398137
1.691398137
1.691398137
1.691398137
1.691398137
1.691398137
1.691398137
1.691398137
1.691398137
1.691398137
1.691398137
1.691398137
1.691398137
1.691398137
1.691398137
1.691398137
1.691398137
1.691398137
1.691398137
1.691398137
1.691398137
1.691398137
1.691398137
1.691398137
1.691398137
1.691398137
1.691398137
1.691398137
1.691398137
1.691398137
1.691398137
1.691398137
1.691398137
1.691398137
1.691398137
1.691398137
1.691398137
1.691398137
1.691398137
1.691398137
1.691398137
1.691398137
1.691398137
1.691398137
1.691398137
1.691398137
1.691398137
1.691398137
1.691398137
1.691398137
1.691398137
1.691398137
1.691398137
1.691398137
1.691398137
1.691398137
1.691398137
1.691398137
1.691398137
1.691398137
1.691398137
1.691398137
1.691398137
1.691398137
1.691398137
1.691398137
1.691398137
1.691398137
1.691398136
1.691398136
1.691398136
1.691398136
1.691398136
1.691398137
1.691398136
1.691398136
1.691398136
1.691398137
1.691398136
1.691398136
1.691398137
1.691398137
1.691398137
1.691398137
1.691398137
1.691398137
1.691398137
1.691398137
1.691398137
1.691398137
1.691398137
1.691398137
1.691398136
1.691398136
1.691398136
1.691398137
1.691398137
1.691398137
1.691398137
1.691398137
1.691398137
1.691398137
1.691398136
1.691398136
1.691398136
1.691398137
1.691398137
1.691398137
1.691398137
1.691398137
1.691398137
1.691398137
1.691398137
1.691398137
1.691398137
1.691398137
1.691398137
1.691398137
1.691398137
1.691398137
1.691398136
1.691398136
1.691398136
1.691398136
1.691398136
1.691398136
1.691398136
1.691398136
1.691398136
1.691398136
1.691398136
1.691398136
1.691398136
1.691398136
1.691398136
1.691398137
1.691398137
1.691398137
1.691398137
1.691398137
1.691398137
1.691398137
1.691398136
1.691398135
1.691398135
1.691398135
1.691398134
1.691398137
1.691398137
1.691398136
1.691398137
1.691398136
1.691398136
1.691398136
1.691398137
1.691398136
1.691398136
1.691398135
1.691398137
1.691398137
1.691398137
1.691398137
1.691398137
1.691398137
1.691398137
1.691398136
1.691398137
1.691398137
1.691398137
1.691398137
1.691398137
1.691398137
1.691398135
1.691398134
1.691398134
1.691398134
1.691398133
1.691398134
1.691398134
1.691398134
1.691398134
1.691398134
1.691398134
1.691398134
1.691398134
1.691398137
1.691398137
1.691398137
1.691398137
1.691398137
1.691398137
1.691398137
1.691398136
1.691398132
1.691398133
1.691398132
1.69139813
1.691398129
1.691398137
1.691398136
1.691398136
1.691398136
1.691398136
1.691398135
1.691398135
1.691398135
1.691398137
1.691398134
1.691398134
1.691398132
1.691398137
1.691398137
1.691398137
1.691398137
1.691398137
1.691398137
1.691398136
1.691398137
1.691398137
1.691398137
1.691398137
1.691398137
1.691398131
1.691398129
1.69139813
1.691398129
1.691398127
1.691398129
1.691398127
1.69139813
1.691398129
1.691398128
1.69139813
1.69139813
1.691398137
1.691398137
1.691398137
1.691398137
1.691398137
1.691398137
1.691398126
1.691398124
1.691398129
1.691398117
1.691398116
1.691398116
1.691398137
1.691398137
1.691398135
1.691398136
1.691398134
1.691398134
1.691398136
1.691398133
1.691398133
1.691398131
1.691398136
1.691398128
1.691398128
1.691398125
1.691398137
1.691398137
1.691398137
1.691398137
1.691398137
1.691398137
1.691398132
1.691398137
1.691398137
1.691398137
1.691398137
1.691398121
1.691398117
1.691398119
1.691398115
1.691398114
1.691398112
1.691398118
1.691398115
1.691398111
1.691398117
1.691398137
1.691398137
1.691398137
1.691398137
1.691398137
1.691398111
1.691398105
1.691398086
1.691398116
1.69139808
1.691398078
1.691398082
1.691398137
1.691398137
1.691398137
1.691398134
1.691398132
1.691398135
1.69139813
1.691398136
1.691398126
1.691398126
1.691398121
1.691398136
1.691398114
1.691398114
1.691398106
1.691398137
1.691398137
1.691398137
1.691398137
1.691398137
1.691398137
1.691398123
1.691398137
1.691398137
1.691398137
1.691398095
1.691398085
1.691398091
1.691398086
1.691398077
1.691398071
1.691398083
1.691398072
1.691398062
1.691398137
1.691398137
1.691398137
1.691398137
1.691398055
1.691398071
1.691398009
1.69139799
1.691398084
1.691397981
1.691397979
1.691398137
1.691398137
1.691398137
1.691398137
1.69139813
1.691398131
1.691398125
1.691398134
1.691398118
1.691398135
1.691398109
1.691398107
1.691398092
1.691398136
1.691398073
1.691398077
1.691398053
1.691398136
1.691398137
1.691398137
1.691398137
1.691398137
1.691398095
1.691398137
1.691398137
1.691398029
1.691398005
1.691398022
1.691398004
1.691397979
1.691397964
1.691397988
1.691397936
1.691398137
1.691398137
1.691398137
1.691397823
1.691397943
1.691397969
1.691397781
1.691397751
1.691398004
1.691397723
1.691397632
1.691398137
1.691398137
1.691398137
1.691398137
1.691398137
1.691398004
1.691398118
1.691398122
1.691398128
1.691398106
1.691398132
1.691398088
1.691398135
1.691398065
1.691398054
1.691397995
1.691398135
1.691397983
1.691397929
1.691398136
1.691398137
1.691398137
1.691398137
1.691398137
1.69139804
1.691398137
1.691397864
1.691397804
1.691397841
1.691397794
1.69139773
1.691397693
1.691397758
1.691398137
1.691398137
1.691397636
1.691397266
1.691397289
1.691397721
1.691397214
1.691397123
1.691397796
1.691396884
1.691397196
1.691398137
1.691398137
1.691398137
1.691398137
1.691398137
1.691398137
1.691398087
1.691398097
1.691398115
1.691398126
1.691398058
1.691398132
1.691398011
1.691397954
1.691397929
1.691397773
1.691398135
1.691398133
1.691397735
1.691397614
1.691398136
1.691398136
1.691398137
1.691398137
1.691397556
1.691397841
1.691398137
1.691397453
1.691397278
1.691397401
1.691397232
1.691397108
1.69139703
1.691398137
1.69139635
1.691396966
1.691396047
1.691395971
1.691397221
1.691395757
1.691395203
1.691395831
1.691395461
1.691398137
1.691398137
1.691398137
1.691398137
1.691398137
1.691398137
1.691396278
1.691398032
1.691398012
1.691398079
1.691398108
1.691398122
1.691397932
1.691398127
1.691397823
1.691397683
1.69139762
1.69139722
1.691398132
1.691398135
1.69139713
1.691396845
1.691398136
1.691398136
1.691398137
1.691396841
1.691397362
1.691398137
1.691396465
1.691396285
1.691395847
1.691395926
1.691395627
1.691398137
1.691393594
1.691394286
1.691395581
1.691393209
1.691392756
1.691391532
1.691392798
1.691391845
1.691392264
1.691398137
1.691398137
1.691398137
1.691398137
1.691398137
1.691398137
1.691392815
1.691394224
1.691398137
1.691397883
1.691397848
1.691397997
1.691398062
1.691398099
1.691398112
1.691397653
1.691398125
1.691397375
1.691397026
1.691396851
1.691395908
1.691398132
1.691398135
1.69139567
1.691394967
1.691398136
1.691398136
1.691395309
1.691396225
1.691398137
1.691393877
1.691392996
1.691393468
1.691392893
1.691398137
1.691387593
1.691388552
1.691390111
1.691386521
1.691383504
1.691385063
1.691385755
1.691384897
1.691382038
1.691386143
1.691398136
1.691398136
1.691398137
1.691398137
1.691398137
1.691398137
1.691382448
1.691387378
1.691390178
1.691398137
1.691398137
1.691397788
1.691397548
1.691397398
1.691397953
1.69139804
1.691398073
1.691398105
1.691396974
1.691398123
1.691396315
1.691395425
1.691394995
1.691392813
1.691398131
1.691398133
1.691392231
1.691390497
1.691398135
1.69139224
1.691393563
1.691398137
1.691388154
1.69138626
1.691387205
1.691398136
1.691373918
1.691376365
1.69137869
1.691367195
1.691368555
1.691370046
1.691364625
1.691367256
1.691371276
1.691373646
1.691398136
1.691398135
1.691398137
1.691398137
1.691398136
1.691363852
1.69136786
1.691377143
1.691382271
1.691398137
1.691398137
1.691398136
1.691397298
1.691397685
1.691396748
1.691396379
1.691397896
1.691397979
1.691398057
1.691398101
1.691395422
1.691398121
1.691393973
1.691391644
1.691391649
1.691389384
1.691385173
1.691398127
1.691398133
1.69138441
1.691380532
1.691385588
1.691386096
1.691388738
1.691398137
1.691375504
1.691371616
1.691398135
1.691335745
1.69134982
1.691354967
1.691336497
1.691339151
1.691328049
1.691333018
1.691339656
1.691345101
1.691342119
1.691398134
1.691398132
1.691398137
1.691398135
1.691333907
1.691329331
1.691340511
1.691358031
1.691366778
1.691398136
1.691398137
1.691398136
1.691398136
1.691300744
1.691396164
1.691397052
1.691397548
1.691394923
1.69139407
1.691397735
1.691397938
1.691398043
1.691398096
1.691391863
1.691398112
1.691388235
1.691383616
1.691382457
1.691376479
1.691368489
1.691398125
1.691367263
1.691358952
1.691370524
1.691360702
1.691375098
1.691398137
1.691348837
1.691398133
1.691276183
1.69127626
1.691303356
1.691280456
1.691258357
1.691266032
1.691277711
1.691287665
1.691280684
1.691301025
1.691398129
1.691398123
1.691398137
1.691398133
1.691276876
1.691265871
1.69122281
1.691291335
1.691323797
1.691337902
1.691398136
1.691398136
1.691398135
1.691398133
1.691206237
1.691398129
1.691395588
1.691393597
1.691396732
1.691397146
1.691390902
1.69138882
1.691397602
1.691397863
1.691398039
1.691397938
1.691398074
1.691383709
1.691398107
1.691375687
1.691365509
1.691362698
1.691349442
1.691333429
1.691331376
1.691313501
1.691324373
1.691319907
1.691353678
1.691398137
1.691398128
1.69116501
1.691166261
1.691172079
1.691136552
1.691141341
1.691159422
1.691177046
1.691160292
1.691195918
1.691234164
1.691398116
1.691398102
1.691398128
1.691178418
1.691154923
1.6910798
1.691048122
1.691204004
1.691259445
1.691273279
1.691398135
1.691398136
1.691398132
1.690962587
1.691398126
1.691398118
1.691398117
1.691219873
1.691394859
1.691392166
1.691388121
1.691395793
1.69139684
1.691381468
1.691377131
1.691397448
1.691397658
1.691397897
1.691397981
1.691398062
1.691365912
1.691348752
1.691327597
1.691321695
1.691294482
1.691262516
1.691261747
1.691254097
1.691194816
1.691270572
1.691309835
1.691398136
1.691398114
1.690968917
1.690980055
1.690913009
1.690950133
1.690942314
1.690973918
1.690937805
1.690997716
1.691062807
1.691052446
1.691398082
1.691398049
1.691398108
1.690965763
1.691010337
1.690815658
1.690790523
1.690623664
1.691052453
1.691138322
1.691398132
1.691398135
1.690625911
1.691398107
1.691398126
1.691398091
1.691398086
1.691111895
1.69139103
1.691392771
1.691385983
1.691383627
1.691374439
1.691395103
1.691396471
1.691360683
1.691352011
1.691396976
1.691397543
1.691397744
1.691397949
1.691328164
1.69129338
1.691253285
1.691238507
1.691185725
1.691122329
1.691153078
1.691049751
1.690959547
1.691179783
1.691233039
1.691398136
1.691398072
1.690647171
1.69052642
1.690583066
1.690647097
1.690505773
1.69061779
1.690541048
1.69064275
1.690748656
1.690733176
1.690840473
1.691397993
1.691397916
1.691398061
1.690651319
1.690401573
1.690734662
1.690275399
1.69007935
1.690800408
1.691398133
1.690086837
1.691398059
1.691398106
1.691398127
1.691398019
1.691398006
1.690847967
1.691382055
1.691386088
1.691391234
1.691371639
1.691365044
1.691345537
1.691394273
1.691395353
1.6913175
1.691299958
1.691396698
1.691397142
1.691397665
1.691249359
1.691191162
1.691100348
1.691076903
1.690974321
1.690804525
1.690991946
1.690691362
1.690415774
1.691035419
1.691104045
1.691398133
1.691397971
1.689889888
1.68996042
1.690039655
1.68986316
1.689938285
1.689850631
1.690025689
1.690198881
1.690135495
1.690365805
1.690346205
1.691397779
1.69139758
1.691397943
1.690161294
1.689768049
1.68954873
1.690293178
1.689395316
1.689216442
1.688880926
1.691398051
1.691397899
1.691398107
1.691398126
1.691397845
1.690577305
1.691362556
1.691370897
1.691382637
1.691389382
1.69134051
1.691326012
1.691287091
1.691392248
1.691395394
1.691231444
1.691203563
1.691396883
1.691092466
1.691112342
1.690969461
1.690810873
1.69077306
1.690138806
1.690438344
1.690746867
1.689675777
1.690820922
1.690901213
1.691398129
1.691397722
1.688962261
1.689055933
1.688778973
1.688884966
1.688677324
1.688989077
1.689268348
1.689212934
1.689570831
1.689847369
1.691397256
1.691396741
1.691397664
1.688795218
1.689408487
1.688424794
1.688172258
1.687959091
1.687339494
1.68742043
1.691397931
1.691398079
1.691397547
1.691397509
1.690214863
1.691322309
1.691337761
1.691363705
1.691378554
1.691384795
1.691275278
1.691248494
1.691171921
1.691391545
1.691395109
1.691064006
1.691003154
1.690849246
1.690787901
1.690571116
1.690294214
1.688994358
1.689480887
1.689943639
1.69040346
1.688351111
1.690522582
1.690607623
1.69139811
1.691397137
1.687519198
1.686960397
1.68728672
1.686828604
1.687302224
1.68776214
1.6876713
1.688201339
1.688786317
1.689255221
1.691396021
1.691394829
1.691397019
1.687382404
1.686757684
1.686361137
1.685978222
1.685038706
1.685084922
1.685190011
1.691397647
1.691397984
1.691396767
1.691396662
1.689400915
1.691261783
1.691319657
1.691355083
1.691368938
1.69138332
1.691164872
1.691098156
1.690948728
1.691391187
1.690736666
1.690635185
1.6903601
1.690241617
1.689870768
1.687797418
1.686945272
1.688530594
1.689235901
1.689917504
1.685405838
1.690104613
1.689655252
1.690145078
1.69139805
1.691395765
1.684420567
1.684640671
1.684702472
1.685390652
1.685261998
1.686043224
1.686964126
1.687752602
1.687923574
1.69139323
1.691390621
1.691395491
1.684399174
1.68352841
1.683286313
1.68156445
1.681508089
1.681802046
1.680747364
1.691397756
1.691397
1.691394766
1.691395075
1.688688778
1.691118623
1.691238107
1.691306128
1.691336309
1.691365965
1.691382639
1.690940807
1.690807915
1.690497782
1.690123586
1.689998586
1.689479501
1.689312709
1.686174107
1.684870833
1.68267646
1.687218816
1.688266435
1.689239146
1.68120578
1.688363761
1.688912834
1.689501555
1.691397881
1.691392342
1.680944034
1.681493988
1.681911802
1.681681469
1.682754451
1.684137383
1.68533105
1.685575835
1.686737242
1.691386737
1.691381557
1.691391678
1.679797549
1.678550908
1.676360603
1.677020516
1.6756629
1.67577491
1.691397228
1.691395635
1.69139079
1.691391599
1.687779816
1.691392967
1.690857475
1.69108331
1.691213467
1.691272236
1.691331651
1.691364784
1.690531032
1.690238347
1.689509443
1.68900724
1.688168261
1.683807073
1.682463617
1.678811411
1.677039535
1.685463529
1.686976969
1.675077164
1.685329279
1.687187618
1.687973394
1.68863746
1.691397432
1.691382003
1.676504913
1.67719978
1.676603257
1.678045433
1.679750847
1.681784515
1.681804999
1.68353373
1.685308175
1.691368255
1.691384276
1.673091583
1.670425832
1.670999038
1.668971976
1.668872391
1.669825241
1.69139628
1.691382727
1.691384691
1.685991481
1.69139408
1.691387356
1.69039355
1.690798337
1.691041892
1.691151438
1.691266451
1.69133379
1.689831178
1.68933688
1.688054674
1.687247824
1.678332749
1.680767237
1.67149178
1.671888133
1.66905755
1.683225273
1.666297542
1.683296667
1.680537592
1.685892528
1.686854448
1.687545879
1.691396446
1.691362513
1.670588439
1.669581137
1.671600282
1.674039002
1.67660174
1.67794458
1.681331758
1.682662607
1.691334865
1.691369356
1.662676373
1.663362232
1.660566438
1.660139792
1.660776583
1.662701716
1.691366986
1.691371271
1.684583429
1.691390813
1.691377695
1.690294156
1.689620735
1.69073186
1.690917632
1.691143166
1.691269684
1.68867988
1.687871696
1.685822244
1.673790882
1.677259129
1.663971943
1.661569833
1.664964136
1.658130219
1.653663945
1.679080662
1.67690044
1.682620923
1.672958564
1.684362961
1.685580644
1.686229734
1.691393832
1.691326596
1.659626243
1.663035059
1.666232685
1.669323706
1.671155587
1.676042573
1.677898218
1.680672678
1.691273658
1.691340651
1.653896094
1.650428706
1.649727007
1.650260429
1.652226988
1.691336427
1.69134973
1.682519849
1.691383391
1.691359991
1.690313566
1.689539074
1.688382688
1.69094175
1.690602367
1.691154743
1.68682678
1.685566574
1.668510669
1.652706262
1.656101249
1.648699323
1.657723506
1.643493354
1.643530626
1.67611299
1.672138488
1.667737283
1.67999049
1.662416063
1.682241703
1.683974934
1.684557036
1.682546949
1.691388264
1.691260837
1.652220293
1.645238644
1.656335347
1.660109961
1.662358372
1.668879047
1.671366931
1.675161843
1.677740698
1.691163524
1.691283441
1.638718355
1.638011021
1.63833735
1.640003954
1.691249469
1.69130046
1.691311291
1.68209216
1.691369558
1.691328549
1.690015899
1.689445941
1.688249876
1.686420838
1.690954591
1.690584981
1.683817555
1.643205258
1.638494726
1.647319704
1.632428531
1.64975218
1.631156532
1.629660616
1.672405223
1.667633419
1.661826256
1.655463982
1.677103095
1.679978213
1.680881811
1.683032377
1.677915419
1.691376843
1.691141795
1.644495316
1.639100661
1.630963596
1.648924502
1.651647681
1.659534038
1.662779446
1.667768367
1.670699638
1.675710648
1.690971159
1.691138575
1.624306972
1.625429946
1.62561437
1.627005772
1.691222136
1.691126056
1.691242457
1.6794329
1.691344862
1.691274563
1.689069496
1.689982875
1.688136816
1.686298461
1.683541796
1.690610275
1.679097865
1.633076434
1.627956248
1.621388928
1.63710555
1.618940362
1.640494893
1.617333115
1.613051507
1.66853806
1.662686598
1.655715228
1.648026143
1.674194153
1.67968958
1.676203655
1.682112996
1.671735477
1.691354597
1.690910814
1.631212433
1.636169822
1.625689026
1.617641252
1.639175201
1.648040156
1.651902202
1.658463848
1.66197181
1.668017379
1.673409991
1.69064337
1.690915974
1.612422813
1.6131016
1.614343564
1.6910923
1.690927753
1.691130381
1.691303818
1.691183623
1.691233419
1.689038115
1.687620988
1.690043165
1.686179494
1.683472618
1.679461761
1.672619772
1.622020001
1.61774219
1.611366325
1.608678955
1.624633969
1.606922859
1.631504395
1.603296493
1.602623724
1.65792521
1.66560015
1.649492652
1.640533324
1.679038247
1.675127983
1.670087225
1.681827535
1.663728433
1.6913149
1.690550934
1.622838301
1.617930999
1.625129053
1.612668011
1.606071518
1.632398701
1.638474178
1.640687786
1.648009621
1.651542226
1.658651371
1.665660365
1.690120287
1.690572755
1.602716389
1.603599523
1.690885181
1.690614668
1.690953165
1.691028741
1.691155923
1.687609442
1.68915692
1.685468571
1.68330816
1.679424919
1.67381415
1.664658655
1.608192692
1.610203855
1.603074873
1.600859255
1.599494034
1.614968782
1.597164919
1.623552044
1.596687845
1.596664747
1.644616509
1.656102641
1.633909623
1.674508191
1.678725982
1.669149304
1.66275187
1.681830144
1.655312938
1.69123721
1.68999012
1.61049806
1.612345214
1.606126692
1.618254438
1.601688934
1.598127509
1.624641001
1.627782499
1.635236161
1.639528645
1.647655181
1.656102862
1.689305964
1.690052333
1.597067663
1.690557398
1.690126808
1.690649751
1.690697348
1.690855257
1.691019645
1.687766467
1.685418665
1.682211728
1.679272039
1.673858843
1.666291003
1.654971236
1.597347333
1.60025875
1.60253389
1.59634891
1.595904985
1.595965164
1.608400442
1.59630347
1.617589386
1.596605321
1.596771954
1.646988499
1.636821153
1.628283775
1.674044477
1.66871676
1.678274226
1.662500197
1.65499641
1.67830738
1.681601828
1.646361253
1.691111632
1.689163656
1.601148618
1.602449677
1.606568361
1.598214132
1.612018355
1.596734907
1.596771886
1.614978646
1.622148606
1.62642003
1.635319283
1.644850248
1.688263219
1.689274084
1.690020928
1.68940055
1.690139381
1.690301102
1.690529701
1.690795537
1.686546444
1.685048371
1.681926845
1.677776175
1.673865204
1.666490707
1.656443468
1.643748128
1.596488956
1.596168016
1.596862439
1.600215873
1.597348426
1.600458811
1.601488862
1.60643085
1.604227103
1.615670881
1.60447678
1.603773684
1.636967901
1.626211492
1.668694711
1.67388961
1.662907127
1.655801615
1.647627653
1.674153131
1.678236161
1.681396961
1.639151535
1.690907986
1.687976916
1.597670696
1.597374959
1.599123295
1.602242774
1.598674937
1.604420735
1.601800919
1.610264851
1.61393064
1.622579611
1.632637951
1.686686978
1.688141779
1.689255079
1.688362997
1.68947012
1.68973568
1.690069462
1.690479066
1.690081413
1.684132751
1.681853722
1.677613107
1.672100174
1.666918109
1.657061472
1.644637011
1.631669038
1.605445804
1.603727177
1.601985294
1.599952052
1.604420959
1.612033967
1.614240385
1.615462649
1.61052182
1.621772833
1.625065086
1.619079194
1.620589875
1.617049722
1.629228525
1.663936078
1.669126532
1.657477833
1.650202808
1.643420454
1.675069148
1.670266278
1.67863064
1.681743525
1.634763144
1.690602652
1.686230418
1.600538969
1.598217591
1.602072188
1.597806712
1.598440702
1.610387816
1.601579741
1.603613092
1.610674209
1.620234226
1.684382861
1.686522845
1.688200686
1.686870733
1.688541873
1.688962556
1.689445832
1.689637628
1.680808447
1.67764217
1.67207344
1.665044606
1.658560913
1.645884684
1.632081035
1.619440029
1.630439331
1.620718885
1.619768694
1.612782198
1.611847985
1.615418466
1.635116578
1.638897802
1.650666709
1.619887767
1.648953606
1.652389636
1.62653311
1.64340079
1.632862663
1.665838545
1.660057426
1.65369166
1.648705597
1.641783646
1.677378521
1.672980501
1.66922424
1.680610429
1.683755264
1.635978394
1.690129427
1.683722389
1.61373406
1.606271136
1.600921703
1.617266076
1.599011652
1.597935629
1.601260422
1.608881389
1.681228847
1.683942539
1.686740879
1.684756878
1.687285983
1.687922051
1.68854079
1.688908638
1.676617422
1.672398764
1.665280099
1.656708615
1.649005771
1.633813586
1.620006123
1.608575331
1.653333439
1.660121061
1.641016553
1.640126407
1.631347514
1.629081507
1.629979714
1.666616799
1.681899945
1.687198185
1.631779142
1.680643236
1.687096508
1.666774454
1.644325083
1.664100032
1.658136818
1.654392959
1.64931576
1.645129028
1.682394054
1.675663999
1.67134066
1.6844153
1.689128184
1.646166986
1.64390309
1.68948064
1.679049596
1.639153686
1.62684476
1.614080612
1.608318263
1.600628061
1.597920331
1.600702908
1.680540731
1.684788804
1.682050757
1.685632269
1.686535509
1.687425434
1.687930364
1.672119588
1.665940976
1.657065561
1.646920297
1.638081679
1.622084427
1.609443079
1.600856959
1.683772577
1.675547614
1.692327717
1.662686233
1.660955478
1.650600482
1.646607838
1.644740037
1.707115605
1.718486409
1.724272819
1.722390306
1.711214885
1.690643702
1.676321873
1.664364923
1.660982717
1.65657793
1.653523814
1.654884621
1.681889388
1.689128184
1.689128184
1.679499006
1.67138437
1.655966241
1.657759948
1.688598665
1.674192023
1.665752655
1.640557915
1.628262845
1.612386839
1.601652115
1.597961696
1.676636263
1.682303411
1.678788801
1.683470599
1.684739284
1.685998244
1.686693313
1.665693852
1.657953601
1.646930645
1.636135735
1.626281168
1.611482958
1.60161779
1.597938588
1.70919902
1.700539343
1.69241148
1.720878205
1.681299869
1.676786987
1.666759135
1.661329403
1.731599786
1.746277502
1.75264892
1.750405095
1.73747899
1.721425518
1.710548709
1.669162707
1.664397009
1.661536422
1.663070819
1.664487749
1.689128184
1.689128184
1.679260664
1.667586584
1.671849716
1.687457152
1.668567384
1.676317019
1.658996728
1.634251853
1.613965803
1.601900076
1.671819464
1.679048473
1.674587699
1.680290803
1.682389594
1.684239686
1.685215744
1.658103093
1.647906298
1.633636882
1.623003008
1.612682666
1.602694587
1.597985627
1.601214813
1.720010541
1.713810998
1.707120528
1.701161518
1.729267734
1.69204056
1.686595242
1.67788524
1.740291351
1.745925783
1.758754565
1.766823996
1.76686444
1.758516203
1.750173191
1.717703896
1.679486813
1.673287235
1.67021771
1.670876992
1.671695243
1.674202985
1.689128184
1.67832065
1.683826168
1.686063857
1.662075582
1.697490948
1.666019156
1.635714638
1.613841702
1.666626912
1.672779546
1.676309937
1.679600574
1.682127251
1.683380469
1.649810885
1.63829804
1.622580926
1.61312366
1.603883453
1.598298624
1.599758926
1.612175892
1.707274107
1.711666329
1.707282546
1.703269101
1.70048904
1.719193375
1.695823158
1.690494208
1.719513337
1.733184074
1.750989045
1.764499203
1.769904949
1.767718926
1.751569679
1.733607092
1.679759388
1.689128184
1.680423499
1.678488805
1.679444503
1.682081924
1.686185985
1.690890926
1.68431097
1.681883439
1.655011427
1.702170804
1.667143463
1.63526287
1.661577379
1.667432256
1.672400501
1.676574779
1.679762252
1.641061703
1.62866712
1.61330033
1.60513686
1.598905694
1.598557657
1.606597975
1.63817401
1.622985173
1.687373368
1.690010186
1.687617264
1.696580159
1.696470046
1.697484585
1.679943285
1.694879959
1.68838287
1.706632696
1.729333027
1.747389067
1.753190099
1.761970858
1.752956217
1.73091739
1.689128184
1.689128184
1.683664948
1.685311162
1.686738251
1.689677078
1.692171771
1.682689849
1.679161227
1.677007494
1.647456945
1.699861194
1.666767385
1.654804421
1.662010094
1.66812068
1.67322082
1.632083422
1.619373719
1.605506029
1.599685034
1.597974591
1.604083686
1.619724235
1.664825024
1.644508078
1.657314065
1.665344937
1.674940447
1.643869141
1.685952492
1.689642476
1.692964502
1.640916856
1.651923957
1.672816938
1.69831825
1.707165851
1.734068152
1.745512048
1.740173337
1.742964885
1.722377669
1.689128184
1.689128184
1.687508691
1.688998494
1.689882009
1.689468693
1.681736599
1.677979563
1.673294406
1.669018629
1.639299278
1.694901255
1.648122705
1.656314547
1.663420206
1.622928307
1.610260459
1.600456298
1.598262606
1.602739316
1.616523983
1.639835209
1.689631101
1.668302593
1.620190252
1.637552013
1.652173656
1.666583931
1.610344928
1.678939272
1.685880714
1.604769118
1.614893862
1.639471836
1.650432641
1.681885684
1.708493242
1.717964034
1.730642075
1.729623493
1.714290417
1.689128184
1.68886484
1.68607049
1.677182918
1.68137903
1.671856237
1.665840397
1.659144555
1.632810327
1.641771701
1.65100897
1.670960101
1.619929397
1.610411919
1.602869161
1.600783347
1.603178125
1.614957885
1.635449142
1.662116666
1.706955052
1.689749224
1.596658088
1.614739725
1.632863145
1.65210545
1.667566688
1.584232612
1.678634608
1.576159784
1.590111251
1.601375887
1.63010451
1.662208085
1.680108675
1.706067197
1.720857849
1.720621974
1.689128184
1.689128184
1.680285936
1.676773458
1.681288193
1.664350954
1.656580792
1.647230781
1.627070694
1.636728974
1.67028168
1.663703491
1.614784449
1.607257859
1.604247834
1.608699238
1.615692418
1.634972349
1.657803514
1.683929952
1.713147331
1.703900137
1.605161039
1.584306515
1.628333473
1.645629587
1.66914252
1.571811209
1.567531988
1.573345195
1.592906276
1.621488688
1.643428342
1.67534503
1.700872832
1.713986922
1.689128184
1.689128184
1.675383623
1.678400062
1.681073384
1.655630609
1.645743096
1.634302206
1.623432363
1.663749794
1.669939149
1.656133041
1.614624094
1.609981156
1.612598478
1.622803792
1.635265032
1.66085671
1.680287515
1.698135221
1.707561294
1.709066504
1.607690094
1.635657345
1.593491917
1.656949328
1.666353113
1.571284699
1.571469644
1.578602591
1.597135929
1.618118399
1.649194462
1.677901906
1.699019303
1.689128184
1.674972841
1.676691584
1.680840465
1.646154985
1.635051805
1.624043534
1.664310395
1.657570767
1.67002097
1.649051993
1.619384942
1.618067301
1.625636434
1.639555035
1.653834427
1.678489163
1.692535213
1.702800613
1.703745981
1.698712518
1.637030614
1.649956622
1.689128184
1.599007395
1.594873393
1.589670004
1.594990103
1.610354957
1.631677387
1.659477189
1.681354304
1.671564881
1.677212095
1.681391217
1.638030245
1.628350501
1.665848187
1.659711523
1.65279243
1.645214695
1.68371196
1.627387352
1.629684319
1.640364685
1.655368007
1.669253407
1.688284149
1.697734608
1.70122869
1.696332175
1.686267326
1.689128184
1.689128184
1.640773538
1.64035884
1.624929826
1.614947233
1.623752235
1.631531943
1.647327126
1.666557669
1.668516911
1.673611313
1.679744452
1.633980588
1.640988734
1.662677722
1.656424451
1.649730798
1.685072686
1.689128184
1.637783452
1.642177197
1.653923425
1.667640228
1.679600325
1.692372391
1.697576642
1.69650146
1.689294255
1.678972032
1.689128184
1.689128184
1.650708244
1.655172139
1.650296916
1.653150988
1.665041113
1.667086801
1.673241395
1.677180994
1.683091946
1.642536707
1.647743976
1.661152817
1.655218863
1.689128184
1.682337929
1.648028491
1.653518584
1.665050136
1.675644575
1.685537099
1.692496691
1.69466471
1.691570142
1.685271255
1.677167831
1.689128184
1.689128184
1.668940885
1.674426409
1.67256396
1.66670187
1.680621486
1.689128184
1.650797833
1.654571204
1.661325716
1.656983581
1.663457705
1.674428332
1.682412551
1.688274375
1.690934331
1.691453423
1.688847544
1.682185799
1.686905508
1.689128184
1.689128184
1.68089305
1.675828162
1.669323992
1.689128184
1.658560356
1.661893124
1.664832438
1.670400919
1.679660377
1.684639848
1.688252909
1.689352148
1.689523496
1.689128184
1.689128184
1.689128184
1.679473499
1.670233927
1.666387657
1.672689819
1.67659955
1.684015259
1.687069152
1.689128184
1.689128184
1.689128184
1.679928482
1.674680546
1.680948164
1.682034915
1.689128184
1.689128184
1.689128184
1.689128184
