1.681341152
1.681341152
1.681341152
1.680562464
1.681341152
1.679376007
1.681341152
1.680334068
1.681294835
1.683310917
1.680955648
1.67937929
1.681341152
1.679910877
1.684962224
1.685335767
1.686417605
1.681341152
1.681341152
1.681341152
1.68243007
1.68647632
1.681425706
1.680033016
1.688247656
1.688852329
1.687382614
1.687712653
1.686646824
1.679724175
1.679460758
1.681341152
1.68539324
1.688682245
1.683995854
1.682494351
1.687790673
1.688835264
1.689465475
1.685679654
1.685152118
1.680998169
1.681341152
1.679625329
1.681341152
1.681341152
1.688103786
1.68955507
1.687104537
1.685402739
1.686556672
1.685233021
1.687536385
1.688632819
1.683539427
1.683646712
1.683373196
1.679911982
1.683788741
1.679883557
1.679878987
1.681341152
1.681341152
1.681341152
1.681341152
1.68963939
1.688984364
1.688145835
1.683368035
1.684182245
1.683671478
1.685422237
1.687684777
1.683933297
1.683764177
1.681341152
1.68754535
1.68259121
1.686382636
1.681691551
1.679660345
1.679318056
1.67973711
1.688807521
1.689318
1.689577855
1.683202394
1.684526665
1.682341805
1.68217982
1.681806786
1.684187668
1.681785558
1.685958274
1.68649081
1.685899005
1.685538635
1.679883116
1.681341152
1.689219231
1.686606818
1.684291588
1.682577602
1.682013779
1.681499578
1.687308882
1.688423621
1.689405933
1.685520036
1.683371032
1.682319775
1.681403269
1.681968396
1.681975245
1.682973666
1.684174723
1.687345123
1.687256962
1.686930333
1.686947089
1.681341152
1.680108599
1.679761347
1.681341152
1.681341152
1.689427646
1.688370669
1.687255506
1.686419103
1.685433048
1.683091325
1.685233099
1.686712607
1.688630435
1.685663593
1.685564724
1.684268712
1.683860608
1.683540149
1.682851637
1.682279103
1.682490727
1.688007696
1.688097697
1.687048289
1.686059537
1.685794358
1.681341152
1.679430074
1.679679404
1.68027941
1.683709103
1.68913814
1.689169894
1.689210245
1.688960867
1.687391207
1.683084049
1.683034606
1.687007022
1.684018813
1.687559253
1.687112764
1.686496962
1.68514884
1.682716894
1.682015442
1.688413293
1.688904085
1.685286205
1.686932871
1.685214224
1.68483045
1.68484795
1.681337675
1.681846111
1.681703865
1.687692916
1.685569581
1.687839385
1.688685754
1.68954467
1.689618163
1.681965871
1.682234823
1.684753327
1.682770351
1.689073979
1.688919407
1.687952319
1.685665865
1.684001365
1.683280923
1.687843395
1.688458476
1.684643852
1.684310391
1.684205217
1.685564583
1.685163947
1.68531408
1.68572212
1.685361211
1.684947552
1.689031101
1.68798607
1.686942581
1.685412782
1.686754923
1.688206294
1.687587483
1.682952708
1.682490635
1.682258765
1.688974182
1.689088326
1.688111542
1.688537782
1.686803769
1.686041892
1.685620427
1.685850371
1.686603338
1.684889145
1.684024996
1.683534305
1.686669336
1.686657996
1.687622621
1.687334992
1.686773509
1.687272586
1.687718675
1.687276061
1.6828555
1.684061428
1.685066139
1.685781747
1.684631113
1.682665814
1.681607989
1.687493606
1.687051566
1.688289371
1.687706811
1.688116799
1.688244547
1.687710741
1.683807311
1.684437234
1.685726445
1.684099752
1.683321098
1.687630764
1.687968991
1.688436283
1.688685858
1.688308398
1.685399487
1.685728196
1.681574621
1.682409178
1.68352797
1.684257385
1.685447585
1.688268257
1.683403283
1.682213309
1.68500888
1.685718746
1.688126286
1.686659505
1.688688586
1.689331397
1.689130431
1.683191524
1.683508907
1.689326468
1.686665381
1.685400194
1.684618976
1.68754022
1.687254527
1.686993314
1.688354784
1.687513854
1.689145121
1.689963715
1.683479257
1.682065829
1.682729227
1.683455748
1.68651485
1.688700708
1.684957676
1.684082115
1.684085243
1.684832424
1.68648561
1.687472256
1.68806701
1.688598058
1.684181036
1.684270554
1.690392546
1.690486606
1.68846857
1.687614881
1.686920194
1.686783232
1.686730435
1.686846132
1.687785324
1.68881706
1.689629458
1.684219247
1.683976066
1.684292156
1.687811652
1.688782415
1.68706573
1.686263048
1.684066036
1.68419999
1.684605267
1.685236872
1.68639511
1.687829716
1.685390803
1.686319568
1.690329832
1.690675201
1.69018088
1.689757221
1.689092088
1.686683275
1.686482235
1.687254162
1.687342435
1.686849375
1.687466793
1.68835898
1.68638065
1.686156593
1.688778379
1.688167469
1.687494589
1.68740712
1.683982536
1.685823061
1.683188674
1.683009379
1.683762336
1.685423355
1.688291231
1.688262441
1.689404615
1.69054802
1.690359865
1.690200828
1.687463019
1.686404697
1.687454798
1.685826325
1.688231277
1.688151999
1.688547201
1.685654999
1.686016399
1.686952926
1.686995897
1.687194637
1.687921366
1.687513851
1.68686058
1.685181758
1.686180708
1.684185533
1.686836067
1.683097067
1.682836939
1.683521286
1.683903631
1.690028749
1.689561039
1.688445282
1.689100663
1.689481565
1.689971634
1.688560421
1.688633697
1.686455958
1.688068499
1.68561409
1.688540528
1.688640966
1.685184285
1.685304423
1.686158836
1.685396463
1.685887903
1.686255078
1.685754684
1.684565451
1.684875417
1.685558557
1.688380718
1.684682609
1.683916907
1.684259616
1.684446356
1.690438831
1.690377426
1.686808101
1.687308907
1.6880565
1.689155817
1.689118502
1.689378854
1.687266661
1.688950314
1.686559629
1.688788444
1.688190064
1.688142553
1.685888709
1.686405048
1.685486277
1.686004165
1.684577093
1.684691549
1.684395454
1.68459504
1.688534298
1.687008932
1.686150401
1.685019333
1.685463767
1.690321677
1.690620948
1.685582963
1.685904697
1.686742575
1.688243306
1.689490085
1.689876362
1.689036254
1.688198155
1.687863155
1.688681457
1.688108662
1.687842688
1.687987104
1.687806143
1.685677873
1.687148457
1.684816698
1.685418088
1.689783989
1.688608547
1.687395839
1.686388433
1.69002203
1.687843264
1.690349663
1.685353749
1.685251755
1.685736341
1.689490733
1.689960693
1.689772741
1.689613446
1.687801993
1.687589434
1.688208074
1.687669327
1.688141693
1.689500926
1.689045782
1.687310696
1.686453262
1.686891294
1.689788545
1.688840944
1.687839813
1.685960178
1.688904213
1.686771169
1.689113184
1.686262149
1.685501685
1.685278992
1.68922743
1.687862624
1.689684984
1.690113085
1.689910911
1.688142896
1.687630935
1.687239709
1.687074971
1.688771247
1.688760602
1.690212846
1.689597801
1.688614641
1.687554623
1.687815481
1.688823413
1.688397908
1.687865242
1.685385847
1.687302214
1.685907892
1.687552414
1.687550969
1.686577214
1.685856445
1.687008524
1.688462358
1.687238726
1.68887127
1.689786196
1.689236148
1.68824726
1.687685782
1.687198285
1.686959125
1.689213663
1.689158477
1.688913597
1.690305091
1.689377992
1.690154186
1.689602836
1.687347218
1.687332867
1.687733897
1.685573775
1.686000961
1.686700387
1.688778704
1.687795393
1.686798258
1.686846021
1.686850635
1.68744559
1.68757951
1.688006062
1.687797037
1.688512335
1.688090697
1.687768733
1.687490245
1.689149387
1.689294111
1.689161778
1.689347122
1.689243071
1.689959634
1.688526259
1.690176778
1.690081524
1.686796237
1.686911503
1.686144781
1.686382846
1.686762195
1.689654246
1.688755409
1.687502205
1.687104091
1.686623085
1.686557876
1.686542471
1.686846204
1.689068039
1.688898176
1.688737377
1.68831094
1.688848309
1.688884487
1.689411338
1.689143566
1.689586538
1.689693653
1.68912817
1.687621936
1.689568925
1.689918893
1.686992793
1.687167004
1.687221159
1.689888046
1.688935438
1.689388527
1.688283526
1.687357139
1.686729555
1.686311778
1.68647048
1.686163864
1.689752752
1.689810644
1.689768065
1.688828279
1.68880433
1.689252765
1.690016705
1.688796973
1.689424798
1.688980926
1.689679346
1.689910209
1.68767214
1.688480436
1.689014108
1.687897713
1.688066655
1.689064898
1.688977833
1.688912975
1.688589149
1.686514183
1.688130552
1.687471288
1.686871323
1.686446998
1.69010117
1.690284944
1.689980332
1.690381916
1.689715902
1.690604619
1.690127054
1.689587347
1.688809733
1.689163077
1.688670854
1.689036118
1.689422057
1.689382496
1.686986584
1.687406269
1.687746404
1.688368165
1.688064422
1.688534453
1.688342844
1.686783374
1.686577879
1.689272427
1.688555551
1.687717144
1.688041301
1.689599454
1.689738506
1.69044075
1.690051109
1.690590689
1.690503137
1.690847746
1.689848678
1.689058934
1.688673265
1.688756016
1.688521595
1.690360838
1.688592385
1.688460494
1.686604671
1.686756486
1.687078196
1.687875528
1.687618254
1.687794726
1.687109365
1.687320872
1.686960277
1.690108496
1.690531931
1.688665123
1.689337255
1.689593842
1.690313617
1.688663153
1.68875163
1.689337979
1.690123676
1.690157096
1.68923623
1.689607163
1.690741828
1.690926632
1.689972961
1.689482369
1.688965029
1.688497275
1.688305145
1.690428941
1.690747064
1.687971199
1.687877215
1.688080754
1.686851556
1.686893179
1.687414504
1.687360271
1.68751166
1.687386
1.687906463
1.688107872
1.689178386
1.69056892
1.689886376
1.690193489
1.68970857
1.688751569
1.68781126
1.688600746
1.687872682
1.689290774
1.689068041
1.688650133
1.690874097
1.690944843
1.689851162
1.689348584
1.688350189
1.688953991
1.688607425
1.688195494
1.690650498
1.690296471
1.690829746
1.690059707
1.687591733
1.687902132
1.687803534
1.688174271
1.687763297
1.687816244
1.688126143
1.688203907
1.68894613
1.689221288
1.689706089
1.689739249
1.690045796
1.689169598
1.688353328
1.688127372
1.68773687
1.68817796
1.688453445
1.687446453
1.688443171
1.687847476
1.687430952
1.688466408
1.688276096
1.688003954
1.687653683
1.687512177
1.690911314
1.690834029
1.690939891
1.690945874
1.689646126
1.689185681
1.688481486
1.68877875
1.688484421
1.689866392
1.690553456
1.690213681
1.690659699
1.687676846
1.688306208
1.688232604
1.688546596
1.688900735
1.688665599
1.688823287
1.689421907
1.689605408
1.68966579
1.689408799
1.688131681
1.689000858
1.687844466
1.687748985
1.687806011
1.687560941
1.687745609
1.687310025
1.687431852
1.687855223
1.687362467
1.687289616
1.687400203
1.687859024
1.687815695
1.687557157
1.687436193
1.687440276
1.687395251
1.690746201
1.690923563
1.690868675
1.690952505
1.690946353
1.690942172
1.689422807
1.689055625
1.688781774
1.688795284
1.689637611
1.690086403
1.690383771
1.690516677
1.690611432
1.687874138
1.688426307
1.688970181
1.688750043
1.688961439
1.687740027
1.689182207
1.688997953
1.68915956
1.689402432
1.68948744
1.689277492
1.687909546
1.688667764
1.688525374
1.687683891
1.687579192
1.687523808
1.687493091
1.687581119
1.687753219
1.687516506
1.687538164
1.687268658
1.687282234
1.687541276
1.687440967
1.687390054
1.687465496
1.687417372
1.687325643
1.687353652
1.687377703
1.69080561
1.690898305
1.690928578
1.690966371
1.69095482
1.690988651
1.690949809
1.690682285
1.689280416
1.689046561
1.689043499
1.689522805
1.689860959
1.690248182
1.690438808
1.688512334
1.689131576
1.689292241
1.689610351
1.689218414
1.689313626
1.689257901
1.687924134
1.687780379
1.688779149
1.688830491
1.688980016
1.688961172
1.688029664
1.688481794
1.688152641
1.687751717
1.68761019
1.687508336
1.687972301
1.688583838
1.687339404
1.687833865
1.687424687
1.687254876
1.68723087
1.687323246
1.687323486
1.687261543
1.68728163
1.687319842
1.687292061
1.68729188
1.687669509
1.687567117
1.68750196
1.687328458
1.687482138
1.687719162
1.690913926
1.69085994
1.69078409
1.690939628
1.690967592
1.690992942
1.691020873
1.690959532
1.690517541
1.690645368
1.690748225
1.689314271
1.68928443
1.689536574
1.68975363
1.690020871
1.690238108
1.690357381
1.689764502
1.689267325
1.689695513
1.690000205
1.690084146
1.689546228
1.689804135
1.6895913
1.689541164
1.689479993
1.688241977
1.68816203
1.688057573
1.688568905
1.688572774
1.688495822
1.688603693
1.688491979
1.688357169
1.688374261
1.688828155
1.68794122
1.687776675
1.688342495
1.688771036
1.688422807
1.689443088
1.688116989
1.688492501
1.687399351
1.687236345
1.687808884
1.687574
1.68735211
1.687234381
1.687231744
1.68724721
1.687238313
1.687255553
1.687311616
1.687273791
1.688038241
1.687985948
1.68789878
1.687679989
1.687482132
1.687615085
1.687937852
1.690935702
1.690918506
1.690879237
1.69082106
1.690952249
1.69098495
1.691024836
1.691061486
1.690975866
1.690494884
1.690620213
1.690712295
1.68949399
1.689548757
1.689727542
1.690324899
1.689981737
1.690186751
1.689955519
1.690071013
1.689893288
1.689883051
1.690072348
1.69019596
1.690309982
1.690308321
1.689861668
1.689752173
1.689720999
1.688392804
1.68859014
1.688567433
1.688920131
1.688952975
1.689283508
1.688700432
1.688998258
1.688922006
1.68944942
1.689965723
1.688214921
1.688444112
1.68870563
1.689081818
1.688880779
1.688917461
1.68992007
1.687569459
1.688115577
1.688487926
1.687417529
1.687234876
1.687800453
1.687532245
1.687331921
1.6872299
1.687244643
1.687251524
1.687267134
1.687325264
1.687299773
1.688227091
1.688323922
1.688253588
1.688780908
1.687851794
1.687853942
1.688199039
1.687852661
1.690789077
1.690940886
1.690922411
1.690886902
1.69084955
1.690964045
1.691112078
1.69101521
1.691076221
1.691000253
1.690471391
1.692354013
1.691389749
1.690592515
1.689730918
1.689796958
1.689936033
1.690333621
1.690160876
1.690831072
1.690088859
1.69046458
1.690344379
1.690275204
1.690231141
1.690459281
1.690463664
1.689939321
1.690432394
1.690036395
1.689963619
1.689114075
1.688964009
1.689051465
1.689765596
1.689610126
1.690258615
1.689553763
1.689510739
1.68952034
1.689940522
1.690218544
1.690512152
1.689195085
1.689314854
1.688964841
1.688880902
1.689545151
1.689294304
1.68928657
1.689341663
1.689551506
1.690283535
1.69053788
1.68762131
1.688118996
1.688479327
1.688875486
1.687572843
1.687416952
1.687320212
1.687795815
1.687510377
1.687284919
1.687360191
1.687332243
1.687280864
1.687290002
1.687365395
1.68735778
1.687456953
1.688755152
1.68859268
1.688610488
1.689114339
1.688211711
1.688586449
1.688635003
1.688182051
1.687890037
1.692020155
1.690949092
1.690926424
1.690891333
1.690983292
1.691168833
1.691056161
1.691135407
1.691033959
1.694699536
1.694913103
1.691297088
1.693187441
1.693783576
1.692579842
1.696599976
1.689952178
1.689946791
1.690044759
1.6901084
1.690052632
1.692192066
1.690737716
1.693294616
1.691122542
1.690568342
1.690519225
1.690405117
1.69028836
1.690050619
1.690139668
1.690549239
1.690520078
1.690148816
1.690486997
1.690270354
1.690626883
1.689582201
1.689480437
1.689761421
1.689877874
1.690528518
1.690672522
1.689983647
1.690002897
1.690361538
1.690588542
1.690734006
1.689517827
1.689491439
1.689885639
1.689941142
1.689625087
1.689298683
1.689299905
1.690020427
1.68973425
1.689912101
1.690574523
1.690651362
1.690237043
1.687808909
1.688136587
1.688545417
1.689565125
1.688993137
1.687794337
1.687593885
1.687514419
1.688047166
1.68776656
1.687490419
1.687413533
1.687443347
1.687429517
1.687351679
1.687568538
1.687484911
1.687652537
1.689031553
1.689013855
1.689439924
1.688547643
1.68854524
1.68896756
1.688934748
1.688917015
1.688228477
1.688579854
1.688117595
1.692441038
1.694840584
1.690963962
1.692208386
1.690937483
1.69101316
1.691236412
1.691101586
1.691170163
1.691078293
1.69800694
1.698057657
1.698089112
1.694114956
1.695410406
1.698808458
1.700734156
1.690137408
1.690137711
1.690208674
1.690773369
1.695597989
1.697565581
1.695941954
1.693728842
1.693904473
1.690589033
1.690445759
1.690205595
1.690336998
1.690297214
1.690546022
1.69051178
1.690294783
1.690489919
1.690455191
1.690568264
1.690592738
1.68999686
1.690212635
1.690116929
1.690855566
1.69082591
1.690366406
1.690397357
1.690640424
1.690807491
1.690758782
1.690750051
1.689819984
1.689880241
1.689822094
1.690396974
1.690183095
1.690202943
1.689972958
1.689690567
1.690336597
1.689688963
1.700277553
1.690362449
1.690642572
1.690307863
1.690673994
1.690614781
1.690584891
1.688088665
1.689936511
1.688443067
1.699474016
1.71470836
1.691314648
1.692661156
1.687675297
1.687822853
1.687729258
1.687651165
1.68760756
1.700960089
1.698133292
1.694538838
1.689424368
1.689337447
1.689755507
1.688907893
1.688890328
1.68889832
1.689168555
1.689384844
1.68921771
1.689240533
1.688548028
1.688415019
1.692324068
1.694552464
1.694452348
1.697979369
1.690988803
1.694991762
1.692691197
1.694928747
1.691279328
1.691467766
1.691427337
1.691977856
1.693748109
1.702170553
1.702546231
1.698461068
1.703998272
1.705915277
1.69027122
1.691527543
1.692179011
1.694732364
1.700844778
1.701287615
1.704042064
1.699878107
1.698975887
1.690469206
1.690326557
1.690428147
1.69038566
1.690490948
1.690458102
1.690385807
1.690442672
1.69044409
1.690444309
1.690493011
1.690506579
1.690619668
1.69048118
1.690370192
1.690859048
1.690822193
1.6906052
1.690652278
1.690774688
1.690793949
1.690789211
1.690134545
1.690103494
1.690239434
1.690556696
1.690431754
1.689994499
1.690050463
1.690286728
1.69062194
1.690494529
1.709537023
1.72240425
1.690715237
1.690512457
1.690700271
1.690641384
1.690714187
1.690707966
1.6930001
1.697119097
1.711157057
1.732139826
1.727015203
1.721262135
1.700922855
1.717214275
1.697890399
1.705315787
1.707380087
1.710405325
1.706108679
1.689759555
1.689697297
1.690328329
1.690080162
1.690147056
1.689271012
1.689189904
1.689289089
1.69121951
1.689564102
1.68938301
1.689858804
1.689638124
1.689576608
1.689490417
1.689457146
1.689671738
1.693367603
1.695065869
1.697595104
1.697581906
1.704109553
1.70100368
1.692878573
1.697653619
1.695073807
1.697561543
1.697160723
1.694259018
1.693863673
1.694389292
1.697238293
1.706778442
1.707278396
1.7067071
1.71041724
1.711294348
1.692173426
1.696260241
1.696266166
1.701913633
1.71041613
1.710078265
1.709700798
1.711119942
1.691679125
1.690438589
1.690430856
1.690430533
1.690392038
1.690392674
1.690365318
1.690472027
1.690363083
1.69036881
1.690378257
1.690312985
1.690387112
1.690714955
1.690723948
1.690678651
1.690827417
1.690790067
1.690744587
1.690747505
1.690762648
1.690757778
1.690759446
1.690766796
1.690389601
1.690502982
1.690547275
1.690695575
1.690642448
1.690719301
1.713032916
1.694247088
1.694872321
1.690642244
1.726772585
1.7325176
1.690698618
1.690714222
1.690630544
1.690673861
1.690514436
1.690382909
1.690632591
1.690611167
1.698873197
1.703531909
1.72624164
1.738051342
1.737328954
1.733575566
1.731261993
1.708739938
1.727486843
1.720459113
1.720123282
1.718069937
1.713727482
1.690052904
1.690049212
1.690352252
1.695156362
1.696503252
1.689590328
1.693476133
1.691234959
1.689703161
1.690021156
1.689700487
1.690117567
1.690298451
1.689675583
1.689788537
1.689935733
1.699170084
1.699131039
1.700829477
1.701239628
1.701168415
1.705099151
1.699696038
1.69740074
1.700153473
1.699398674
1.7006765
1.698528861
1.697763514
1.700978191
1.711712045
1.710049777
1.714840521
1.715805617
1.71619051
1.710981708
1.697817145
1.702769516
1.717555391
1.717979449
1.718241519
1.716924688
1.690299048
1.690432966
1.690380687
1.69020948
1.690290664
1.69024666
1.690253487
1.692943647
1.70015496
1.690252148
1.690270065
1.69028394
1.69011134
1.69018421
1.690190434
1.690720797
1.690749768
1.69083257
1.690777419
1.690742977
1.690712629
1.690728841
1.6906507
1.690660111
1.690537266
1.690631095
1.690644398
1.690716491
1.690719866
1.690685789
1.719298478
1.703115799
1.741435113
1.734563799
1.690530588
1.705502041
1.691723135
1.690384452
1.690526103
1.690349451
1.690446029
1.690283079
1.690379351
1.703679075
1.70815873
1.731774241
1.734654537
1.740099888
1.736909985
1.742869883
1.713012776
1.730164528
1.726673847
1.723526537
1.718332313
1.690316285
1.690265472
1.690289967
1.69025379
1.690501407
1.69500346
1.699534349
1.698308872
1.695189972
1.689943408
1.689973997
1.690252536
1.695371501
1.692707226
1.689966687
1.703243316
1.703268434
1.703934477
1.704618699
1.704101255
1.708843501
1.703404971
1.703693094
1.702982653
1.703689134
1.703186827
1.703397777
1.702629377
1.704088047
1.705725069
1.715562312
1.71376834
1.720256475
1.720651462
1.720639802
1.711113728
1.723470028
1.72361961
1.721696214
1.717098188
1.690395875
1.694487822
1.690276406
1.69032459
1.690035686
1.690134555
1.69014242
1.690060185
1.690106822
1.702980933
1.708021372
1.690129522
1.690154177
1.690168997
1.689962035
1.690050972
1.690011387
1.690691785
1.690655132
1.69087381
1.690778418
1.690676289
1.690708099
1.690589203
1.690604161
1.690592584
1.690646042
1.690620398
1.690702515
1.690699676
1.690724501
1.690705347
1.690698471
1.690620754
1.690540617
1.719716399
1.72380476
1.744643808
1.738009625
1.695916066
1.709970875
1.690198703
1.699996153
1.690235196
1.690162291
1.690087642
1.74606103
1.707791472
1.712247267
1.733519893
1.739224921
1.736908411
1.741727586
1.730581175
1.716570898
1.727317406
1.721968628
1.690494481
1.69042377
1.693436275
1.690438321
1.690612805
1.690592873
1.698006379
1.701845287
1.699580873
1.704988863
1.692952261
1.691866918
1.696001676
1.699279614
1.697240857
1.695651907
1.707845835
1.706855719
1.708287586
1.707374894
1.713864451
1.706656558
1.707074276
1.706830626
1.705818198
1.706897923
1.7080979
1.707708671
1.718870367
1.719378039
1.72451519
1.724943933
1.724179552
1.710768466
1.726828046
1.716225671
1.725943683
1.722100841
1.690340448
1.695052035
1.689990865
1.690228115
1.690275092
1.696055118
1.701499276
1.690145474
1.689867552
1.689746857
1.689929439
1.689946052
1.689969427
1.705593958
1.690004417
1.690037576
1.690073994
1.689844795
1.689755787
1.689793649
1.690638717
1.690612711
1.690953025
1.69086687
1.69078822
1.690677521
1.690736968
1.690546381
1.690511725
1.690563827
1.690590894
1.690664067
1.690686781
1.690674521
1.690707374
1.690666424
1.690699387
1.690675418
1.690634554
1.690550073
1.690504736
1.690481708
1.73096265
1.748552184
1.743249601
1.71428675
1.705499977
1.690038177
1.689840849
1.689802193
1.744719628
1.749614008
1.75158268
1.711715411
1.715760694
1.736782909
1.733985249
1.738861665
1.729460317
1.719977071
1.724805772
1.697801668
1.690688235
1.694249325
1.691473708
1.701414942
1.702853972
1.706068698
1.701098939
1.698466536
1.701756452
1.702988558
1.70116527
1.709606698
1.712913416
1.709837249
1.712210136
1.710708525
1.719725631
1.709747466
1.710052018
1.711122417
1.710968791
1.708767109
1.709676265
1.723890536
1.726829143
1.728557854
1.728935346
1.728616809
1.710084395
1.729725482
1.716519423
1.721639671
1.72688688
1.694393608
1.690198026
1.695931739
1.700884415
1.69013058
1.690072364
1.690009649
1.689646831
1.689554229
1.689768042
1.689776986
1.689828577
1.702687588
1.689875449
1.689932637
1.689610385
1.689608635
1.689532133
1.689623574
1.689628963
1.690673483
1.690657229
1.691038361
1.690936671
1.690852572
1.690741504
1.690810803
1.690543936
1.690604656
1.690674642
1.691985608
1.690672661
1.690686831
1.690603244
1.690667999
1.690599653
1.690658866
1.690567394
1.690530268
1.690488209
1.690539874
1.690469481
1.690444452
1.732757535
1.747453712
1.715681493
1.723291076
1.710439295
1.703537784
1.69050265
1.742020128
1.748660734
1.755060294
1.754104419
1.716051884
1.71958467
1.73589247
1.732821533
1.727837849
1.723336313
1.701663405
1.698065003
1.694402139
1.694249776
1.704622719
1.705305314
1.707116076
1.705632889
1.70464936
1.70786096
1.706819182
1.710265463
1.713934793
1.716994162
1.712309992
1.715122815
1.716482174
1.726117194
1.71354912
1.716861186
1.714874129
1.712105017
1.712045641
1.730841605
1.735340717
1.734118852
1.731609697
1.732661709
1.708844409
1.731154291
1.715684973
1.721923817
1.727194082
1.694823522
1.697059293
1.696403643
1.691234195
1.690021052
1.689947057
1.696531532
1.689861999
1.689521808
1.689487503
1.689447226
1.689591103
1.689721292
1.689653569
1.701980039
1.689783811
1.692620319
1.689541944
1.690744522
1.690785836
1.691134769
1.691004893
1.690934517
1.690862607
1.690643015
1.690725911
1.690799506
1.690613758
1.690753304
1.693460097
1.691373955
1.690643639
1.690638706
1.69052258
1.690592777
1.690511962
1.690579146
1.69047189
1.690449186
1.690422618
1.690577307
1.690435042
1.690517022
1.690490148
1.690401562
1.733662569
1.745850372
1.726939984
1.718770128
1.710379287
1.738756742
1.75544904
1.746463835
1.754417126
1.759251218
1.720816818
1.723983229
1.731521866
1.727191043
1.735663847
1.701591005
1.697187574
1.705904584
1.695621498
1.710214515
1.708255615
1.710522272
1.712175005
1.712791276
1.717532731
1.71426105
1.714670838
1.721132054
1.721204125
1.732389385
1.719205339
1.723048427
1.718272488
1.716948842
1.740124855
1.742145169
1.740481652
1.735963951
1.733233515
1.70848106
1.730867564
1.715319644
1.725766625
1.721091734
1.707921765
1.727692328
1.691291718
1.689984967
1.68991261
1.720758779
1.693938591
1.697151013
1.689851843
1.704684014
1.696383831
1.702285824
1.689756585
1.691010035
1.689648936
1.689706947
1.701352477
1.689830735
1.714985645
1.703901803
1.690868471
1.69094599
1.69114482
1.691243363
1.691091088
1.691016232
1.690803329
1.690881163
1.690966144
1.690922282
1.690702043
1.690857778
1.691424552
1.692975355
1.690572128
1.690431836
1.690416999
1.690493372
1.69048943
1.690392478
1.690367756
1.690369123
1.690611003
1.690424001
1.690477953
1.690373866
1.739582311
1.750123572
1.735534379
1.727989705
1.743478866
1.760470338
1.753170027
1.761713025
1.725254746
1.729650688
1.732265601
1.740048418
1.709743261
1.699266656
1.703456942
1.69503631
1.713432554
1.712509329
1.71654895
1.714465818
1.718219375
1.714953386
1.722033739
1.715920406
1.718453554
1.727391939
1.740633824
1.726858064
1.724507412
1.724073319
1.750216374
1.755375798
1.741170049
1.734021128
1.730180295
1.705917981
1.724758098
1.714083894
1.719106955
1.690016186
1.689933106
1.734627392
1.731009155
1.692180671
1.695202012
1.689918285
1.715556601
1.715339756
1.714799891
1.689859468
1.709163127
1.692200875
1.701491996
1.696039393
1.697964718
1.690119633
1.728534708
1.691356733
1.718323187
1.691039102
1.691127182
1.691268442
1.691203443
1.690993934
1.691073957
1.691165047
1.691121724
1.692584102
1.691057673
1.690791625
1.690974482
1.690709377
1.691126357
1.690345408
1.690377575
1.690333024
1.690306571
1.690502856
1.690586301
1.690418993
1.691775232
1.762575716
1.755725703
1.746119957
1.7538462
1.741219324
1.750345055
1.766502366
1.767469534
1.759758947
1.731053918
1.738285746
1.748434828
1.70705799
1.711223733
1.697164043
1.700250429
1.693911199
1.717631354
1.717867208
1.718981927
1.716029499
1.722907223
1.719295037
1.72753892
1.718216909
1.723898404
1.743470841
1.731412998
1.732887389
1.731370916
1.730597481
1.749205153
1.762147225
1.73718646
1.724191089
1.732644643
1.698736492
1.705902325
1.717782659
1.710033445
1.689993244
1.720104227
1.743917848
1.743105502
1.694937672
1.693272008
1.69275944
1.691351698
1.727576673
1.727743623
1.69657814
1.71269093
1.705809008
1.703179145
1.696899459
1.697170059
1.741436428
1.691473973
1.730635923
1.691241633
1.691327542
1.691397602
1.691354687
1.69120615
1.691291958
1.691373357
1.691280649
1.692296316
1.691193284
1.69088667
1.691090837
1.692233804
1.691351951
1.691234749
1.691442807
1.693191276
1.692927579
1.766834003
1.760996249
1.751512894
1.759636074
1.772356105
1.769632624
1.738850405
1.759642276
1.749627326
1.693742145
1.70440315
1.707895328
1.698344872
1.695562131
1.711053064
1.721413787
1.723469186
1.7166505
1.733026261
1.734249603
1.725373794
1.693231783
1.721750343
1.745406174
1.736835544
1.737822615
1.736865273
1.749932608
1.764272306
1.731776898
1.720805868
1.699456392
1.7003796
1.708796799
1.72219466
1.756382118
1.755438798
1.69697801
1.696313394
1.740833689
1.740516527
1.704215896
1.725230625
1.715254406
1.709705097
1.700893127
1.70217015
1.756946403
1.691598695
1.706065441
1.742995875
1.734835684
1.691456657
1.691534224
1.691588133
1.691525055
1.691572561
1.691429435
1.691530302
1.691432705
1.692668025
1.691300359
1.692147254
1.691824402
1.693953493
1.693130541
1.693339481
1.695175452
1.771842183
1.779617502
1.767745687
1.787264535
1.768407609
1.775917312
1.75178634
1.768038973
1.694547521
1.703912899
1.700550517
1.696443102
1.709045101
1.7216053
1.727782654
1.714601756
1.747925308
1.738961792
1.729439257
1.732642723
1.69421949
1.69398043
1.72966073
1.741236666
1.740906628
1.739323159
1.74637919
1.751607328
1.753213775
1.717134786
1.725293783
1.70766844
1.702385719
1.70178601
1.769286926
1.701836799
1.754431868
1.753301304
1.728734708
1.710381704
1.717815561
1.707938524
1.709274332
1.771704139
1.783881379
1.691737703
1.713459119
1.718680172
1.755996163
1.742791303
1.691693609
1.691766407
1.691687207
1.691743279
1.691682029
1.691826565
1.691900661
1.693151321
1.694976489
1.692526133
1.693628888
1.693568593
1.695880597
1.697071658
1.696375625
1.799750172
1.791096908
1.803072997
1.791141685
1.776560013
1.776578825
1.764021686
1.695252146
1.702473054
1.697790383
1.708437977
1.71836463
1.702656039
1.749140315
1.71943343
1.739001711
1.732472575
1.695281245
1.695479699
1.697546009
1.741667926
1.755941411
1.734686825
1.740338669
1.751087014
1.734299406
1.736539664
1.715022714
1.706951472
1.709655172
1.702728915
1.728760317
1.767004282
1.718319517
1.71760855
1.788707198
1.80575703
1.691918652
1.728525708
1.737730908
1.77938159
1.76946654
1.756215169
1.691926389
1.691998709
1.692001566
1.692020372
1.691909209
1.694489826
1.693446256
1.694714128
1.698591005
1.694089776
1.699027628
1.695084724
1.697654346
1.826918529
1.823371745
1.804291596
1.787765465
1.773150787
1.696059251
1.697959584
1.696489972
1.698575921
1.708828554
1.711983549
1.703617843
1.76269175
1.717726655
1.739160925
1.728103641
1.697230328
1.700660474
1.700271756
1.779622093
1.76016599
1.732694584
1.759860035
1.725768804
1.727295868
1.715388632
1.708209261
1.707421138
1.715639214
1.814139807
1.692134177
1.73902888
1.751821658
1.791366593
1.776351724
1.836362573
1.692160945
1.692623425
1.692709802
1.69613359
1.693428226
1.695868228
1.695143094
1.700958925
1.695444821
1.698541984
1.696742653
1.697099214
1.855434986
1.843460369
1.828517342
1.811088688
1.787146998
1.697995612
1.696802397
1.700120264
1.699011851
1.699526649
1.777198313
1.712536757
1.70802432
1.704038352
1.716149166
1.744665762
1.724956711
1.703311939
1.702982244
1.70671252
1.803014806
1.779027663
1.77625464
1.814880022
1.733128629
1.71979625
1.731046099
1.713375941
1.716208825
1.72810359
1.834717885
1.845483806
1.813260642
1.692265873
1.757782167
1.77194762
1.793727173
1.845109479
1.694391325
1.695331954
1.696152344
1.697707027
1.696610914
1.696507186
1.698695238
1.6970992
1.698132491
1.698828254
1.876842091
1.869511668
1.848696409
1.850301505
1.815012812
1.699882457
1.702849786
1.700968011
1.701067449
1.76596683
1.709430809
1.704208932
1.719604323
1.705077272
1.702404641
1.699974915
1.706464503
1.710597374
1.821117939
1.770705588
1.853942
1.732777372
1.726718418
1.746327459
1.72765517
1.748702156
1.845508779
1.83056634
1.867959415
1.828915247
1.84203614
1.815673412
1.780059426
1.695269024
1.782814961
1.80459745
1.842237271
1.697270923
1.69812812
1.699052942
1.69955859
1.699488953
1.698290227
1.700793894
1.699697636
1.883819934
1.881674718
1.87292881
1.856803596
1.80092725
1.703785443
1.708429484
1.707958134
1.705094565
1.708055422
1.720827642
1.709242719
1.702093967
1.70117999
1.704124179
1.707907935
1.712607972
1.711723554
1.789165377
1.743681506
1.823423424
1.778485886
1.800588492
1.767039795
1.776162801
1.802527355
1.81282994
1.826098128
1.824674803
1.801255834
1.8303726
1.891479588
1.877278244
1.831367717
1.859934709
1.69752914
1.826586001
1.885433131
1.699911833
1.701184748
1.70276314
1.700510668
1.702151807
1.920764954
1.878252121
1.803755227
1.734934815
1.712168951
1.712167533
1.713839025
1.716740566
1.702261023
1.702911342
1.703641759
1.705991576
1.709779155
1.715061196
1.779081685
1.832416565
1.781492666
1.835919444
1.788686393
1.852478975
1.82494027
1.840473501
1.803662451
1.832502763
1.829237768
1.85002303
1.869310308
1.922809401
1.969257865
1.938009203
1.907849402
1.945427155
1.861438472
1.814519868
1.699498167
1.899535183
1.918310791
1.701141596
1.704119622
1.705501887
1.70447701
1.896491793
1.81038243
1.767530556
1.739603406
1.713269709
1.713949032
1.71746638
1.704706669
1.705646436
1.706609374
1.709571401
1.71377296
1.713028015
1.716808553
1.842869997
1.871014214
1.848728112
1.837761789
1.901877469
1.91371308
1.902059195
1.854094607
1.804718342
1.81126937
1.854198828
1.916639588
1.880850853
1.869029204
1.905683071
1.906169971
1.879532918
1.841358841
1.949008438
1.949921337
1.703193533
1.70632862
1.708996397
1.708705288
1.82360555
1.75918459
1.739291317
1.722383947
1.717928761
1.708387356
1.709185037
1.710074564
1.714683129
1.719195863
1.722169629
1.905071246
1.910298428
1.938270717
1.890983212
1.901262047
1.934496315
1.97380203
1.927690238
1.832035003
1.825798283
1.931907213
1.822328719
1.921690444
1.941802063
1.902410265
1.906817093
1.909042376
1.905216626
1.812140857
1.948980828
1.815305862
1.705791534
1.709404694
1.713916201
1.754809449
1.738180155
1.735785275
1.731170044
1.714788179
1.713545415
1.719526872
1.728744853
1.979705725
1.953307655
1.93533211
1.904668631
1.899575972
1.939559148
1.963807049
1.951252645
1.889985922
1.862836286
1.955583979
1.849782262
1.94722539
1.910782209
1.834880807
1.882356481
1.92860807
1.839571259
1.764212144
1.834471614
1.709074509
1.712697713
1.713994244
1.718208146
1.762965385
1.768240914
1.757434903
1.740853037
1.721124194
1.720949688
1.723990428
1.726585895
1.957206371
1.987046902
1.904851737
1.896808839
1.920399658
1.922175085
2.008203422
1.90845086
1.985766714
1.99188213
1.892554503
1.891308991
1.909622444
1.835038658
1.844684949
1.905793106
1.782103866
1.797006979
1.813154973
1.713685044
1.716587471
1.72348319
1.784839497
1.754618145
1.733684622
1.731437821
1.727981442
1.915763929
1.946049248
1.923348005
1.908814255
1.919194337
1.84114096
1.988252704
1.955266047
1.990270415
1.901225676
1.888061079
1.898309648
1.89127818
1.864761725
1.901017913
1.781165569
1.788070072
1.7738959
1.720114628
1.724314597
1.734657034
1.744085295
1.745323327
1.74956908
1.737859967
1.93405038
1.955322141
1.954575585
1.920259707
1.855409757
1.786166502
1.963484669
1.989849806
1.942541372
1.954632859
1.928092508
1.883967552
1.897630992
1.918343
1.920101063
1.933875685
1.758592857
1.760831348
1.725958829
1.732517795
1.743572987
1.743028218
1.763711451
1.777712416
1.766743507
1.949483015
1.942301158
1.960304794
1.931083699
1.823346971
1.791426676
1.971008175
1.964793863
1.930591843
1.93395671
1.929277115
1.939874711
1.951070846
1.932516411
1.938339339
1.94507537
1.750862794
1.739051424
1.761677904
1.771665992
1.770350919
1.78476804
1.792685374
1.766902926
1.977635766
1.966897084
1.974331352
1.888038018
1.8171996
1.960852152
1.942197057
1.936391204
1.947560152
1.946672557
1.928264548
1.966188402
1.969206331
1.794807723
1.775724602
1.745345095
1.77192169
1.793260367
1.780863743
1.780611994
1.961877393
1.979383148
1.845697946
1.905210311
1.964232754
1.962306162
1.973328131
1.973721181
1.98269457
1.975878342
1.94588263
1.793538247
1.793754645
1.748652812
1.766559214
1.773827346
1.822756681
1.975165992
1.975015739
1.821993004
1.909558481
1.984700738
1.972200507
1.958498067
1.970703221
1.969761171
1.953245339
1.937865954
1.779682446
1.76350366
1.767468139
1.854715923
1.776974661
1.989156191
1.946538084
1.87134472
1.976756168
1.945357702
1.938723427
1.945315651
1.938158742
1.932012469
1.76462117
1.79709067
1.855817778
1.765319523
1.780026802
1.965702845
1.938964118
1.945818207
1.916480751
1.936483681
1.924484897
1.926332011
1.78237992
1.89279887
1.788048756
1.758486265
1.955776378
1.932292831
1.90580824
1.916541582
1.915723035
1.912993851
1.751600838
1.819671277
1.764813319
1.979781906
1.912440463
1.899510207
1.901749181
1.881086858
1.769195656
1.76093381
1.817379739
1.871690779
1.935980131
1.903909786
1.906410648
1.820403104
1.801855307
1.845360593
1.855905089
1.892377764
1.899077073
1.892667323
1.856458539
1.852792065
1.848328617
1.857443938
1.95601157
1.916549167
1.866029667
1.851512756
1.913918015
