1.687815612
1.687815612
1.687815612
1.688233065
1.687815612
1.6893129
1.687815612
1.6881009
1.687116571
1.685081538
1.687296681
1.689078643
1.687815612
1.688695615
1.683505148
1.683145163
1.682443243
1.687815612
1.687815612
1.687815612
1.685733053
1.682143084
1.686758672
1.688352552
1.681129736
1.680696663
1.682058311
1.682014693
1.683789096
1.688755044
1.689157149
1.687815612
1.682986049
1.680543673
1.684255254
1.685665105
1.68282781
1.681689044
1.680951775
1.68472238
1.685846083
1.687113245
1.687815612
1.688716583
1.687815612
1.687815612
1.680900325
1.68048536
1.681645182
1.682990957
1.684859831
1.686128585
1.683886212
1.682535363
1.687344455
1.687668176
1.684696533
1.688295672
1.684346285
1.68847055
1.688578513
1.687815612
1.687815612
1.687815612
1.687815612
1.680549939
1.680619664
1.680944632
1.688220266
1.687784883
1.688132664
1.686534702
1.683812162
1.687229927
1.687681772
1.687815612
1.681262238
1.685405962
1.682098941
1.686243485
1.688446541
1.688962845
1.688566427
1.682183161
1.681221966
1.680536611
1.68839128
1.687072888
1.68941511
1.689943472
1.690139831
1.68792765
1.690313917
1.685971334
1.685356967
1.685678799
1.686102374
1.688560296
1.687815612
1.680269686
1.681790522
1.683696274
1.685255673
1.685829099
1.686394219
1.684386777
1.68299631
1.681478552
1.6861257
1.688218514
1.689313935
1.690382266
1.689824323
1.690022809
1.689237085
1.688075449
1.684546992
1.684965238
1.685199447
1.685599616
1.687815612
1.688007083
1.688794936
1.687815612
1.687815612
1.680363503
1.680671524
1.681319281
1.681854519
1.682609113
1.684777067
1.687016898
1.685315197
1.682584681
1.686494407
1.68597593
1.687218022
1.687665998
1.688110437
1.689024708
1.689915956
1.689884185
1.684311748
1.683816191
1.685717205
1.686485458
1.686991033
1.687815612
1.688745559
1.688831156
1.68841353
1.684284089
1.681354476
1.680770541
1.680274407
1.680057772
1.681065947
1.689417303
1.689386848
1.684692945
1.688279123
1.684120014
1.684475837
1.685087012
1.686524843
1.689252495
1.690207041
1.684047531
1.683316082
1.687766401
1.685989152
1.687945711
1.687848533
1.688071101
1.687044039
1.68625257
1.686598705
1.681044256
1.682852617
1.683452991
1.682236126
1.680904515
1.680096333
1.690339707
1.690083242
1.687379367
1.689543389
1.682986112
1.683013241
1.683856227
1.686096371
1.687874682
1.688691558
1.68495655
1.684234405
1.688496929
1.688931769
1.689089597
1.687614336
1.687616892
1.687732168
1.687605619
1.683181877
1.683526558
1.680885401
1.681336995
1.682139467
1.686592791
1.684954774
1.682956034
1.683336139
1.689084814
1.689643614
1.690049921
1.683578877
1.683218488
1.683861817
1.683908406
1.685063402
1.685806863
1.686224941
1.687333446
1.686507877
1.688462274
1.689339377
1.689827347
1.686703173
1.686500487
1.686170592
1.686365242
1.686861289
1.68216525
1.682652337
1.682650668
1.689419026
1.688015217
1.686643323
1.685424551
1.68724134
1.689341983
1.690506954
1.685446796
1.685843648
1.683912417
1.684959647
1.683962584
1.683757811
1.68417777
1.689564076
1.688889417
1.687811171
1.689321534
1.690091041
1.68615804
1.686279437
1.685769796
1.685462541
1.685668374
1.684901562
1.684990664
1.690543052
1.689551847
1.688101786
1.686927306
1.686342645
1.683645157
1.68839151
1.689607805
1.688215842
1.687355118
1.684401515
1.686239273
1.683774487
1.682972309
1.683160566
1.690219533
1.689860677
1.684871846
1.68700822
1.688152985
1.68888745
1.687109135
1.687144496
1.687945247
1.686334786
1.687447527
1.685603347
1.684714749
1.687286554
1.689738503
1.688940942
1.687900725
1.685211267
1.683306742
1.686687685
1.687551067
1.689195832
1.688330432
1.686470853
1.685380375
1.684674245
1.683916185
1.689223352
1.689197438
1.68443143
1.68413649
1.685510089
1.68623938
1.686848095
1.688393945
1.688092256
1.688295244
1.687382694
1.686425172
1.685680263
1.686860614
1.687639494
1.687195973
1.683996809
1.683426034
1.684663712
1.685453776
1.68924263
1.688989204
1.688532503
1.687831949
1.686515081
1.684807094
1.688114056
1.687346573
1.684950229
1.684403562
1.684302946
1.684630336
1.685129638
1.688606023
1.688820714
1.687922895
1.688020881
1.688581119
1.688105316
1.687284591
1.685188826
1.685565345
1.683408664
1.68388322
1.684528192
1.685269836
1.689312203
1.68770052
1.690016622
1.690139446
1.689313351
1.687518489
1.685698745
1.685708523
1.686161754
1.684638753
1.684615699
1.684575649
1.687991837
1.688906249
1.687964385
1.689535331
1.687396543
1.687511839
1.687443894
1.689841899
1.689621098
1.688757627
1.68513831
1.684930929
1.684570163
1.684889541
1.685545992
1.687750114
1.686622635
1.689115161
1.686802586
1.690064627
1.690245554
1.689515562
1.689112871
1.684568638
1.684735535
1.687190923
1.68641568
1.685929577
1.685299424
1.687228606
1.687066154
1.688843317
1.687392425
1.689696112
1.687559191
1.687626584
1.690215097
1.690218775
1.689475194
1.690024028
1.686626877
1.686425836
1.686862015
1.688375312
1.687939196
1.687822421
1.685510179
1.688530521
1.689180167
1.688759499
1.688662799
1.684571049
1.684181429
1.688840049
1.688345646
1.68759324
1.686402441
1.686994361
1.686505937
1.688051024
1.686664543
1.688716086
1.687691663
1.688357265
1.688300274
1.689401608
1.688893138
1.689996616
1.689299638
1.687994751
1.688007482
1.688492226
1.688162094
1.685269209
1.686482051
1.687205315
1.688038158
1.687759572
1.684949021
1.68404287
1.68996193
1.689732605
1.688980861
1.687453816
1.686850068
1.686177918
1.686531683
1.687219627
1.688831413
1.688017877
1.688609364
1.688785308
1.687394789
1.687536654
1.689645994
1.688144773
1.687779874
1.68752056
1.684428506
1.685294112
1.68622866
1.686943508
1.685341854
1.68785913
1.684622537
1.690031704
1.690276529
1.689950096
1.687048659
1.686184
1.686110875
1.686140474
1.688975519
1.689243223
1.688656475
1.689216394
1.68862696
1.686147043
1.686448039
1.687966322
1.686482889
1.686445109
1.684811209
1.685378945
1.685975859
1.689706708
1.68659446
1.688891501
1.686082407
1.689036905
1.689889085
1.690197947
1.687407373
1.689042415
1.68672787
1.686022084
1.686348525
1.688738198
1.689260577
1.689695342
1.68990341
1.688206091
1.688295366
1.685736441
1.686017736
1.686819479
1.686023029
1.686058249
1.686008822
1.685997556
1.686490317
1.690151254
1.68820471
1.68963278
1.687705069
1.687800822
1.688754885
1.68949964
1.689962611
1.688324183
1.689699096
1.6878102
1.686676838
1.687366313
1.688742602
1.689285152
1.689777022
1.690015486
1.688064665
1.688114174
1.688251877
1.68583365
1.687213488
1.685732914
1.686076124
1.686885772
1.687336894
1.687166812
1.689824943
1.689406607
1.688508724
1.686729621
1.6875904
1.688526026
1.690109213
1.690081248
1.689445286
1.689281535
1.688816319
1.689017214
1.688575189
1.688949118
1.689237558
1.68947786
1.6884746
1.688211654
1.688606668
1.688048502
1.688042859
1.686434013
1.688202142
1.686008213
1.685882912
1.687866758
1.688052835
1.689163612
1.688867044
1.68836012
1.6860831
1.686760874
1.687841253
1.689820629
1.690275369
1.690324734
1.690322396
1.689995108
1.688137419
1.688246524
1.688349133
1.68869106
1.6891056
1.689147479
1.688238139
1.6887622
1.687953957
1.687761704
1.687479911
1.689168297
1.68689905
1.686334262
1.687954189
1.688124975
1.687992452
1.68610197
1.686657824
1.686561873
1.687184492
1.689536443
1.690108312
1.690487245
1.690327863
1.69062244
1.687635136
1.687525289
1.687484619
1.688204118
1.689467987
1.689375165
1.689047207
1.68937029
1.688388584
1.689059891
1.688061201
1.68776829
1.689096378
1.688169927
1.687479798
1.687349415
1.687340932
1.687263827
1.686803617
1.687214683
1.687086642
1.690239947
1.688772286
1.689325604
1.689859077
1.690274988
1.687562212
1.687344209
1.687324965
1.687238116
1.687444652
1.688914871
1.689047526
1.68928993
1.689577915
1.689480174
1.689547992
1.688984016
1.688481353
1.688557561
1.68975907
1.689281863
1.688828901
1.687253062
1.688323867
1.687533463
1.687543251
1.689914324
1.690123771
1.687726744
1.688286309
1.689024521
1.688729268
1.688328115
1.688203598
1.687113125
1.687836592
1.686845071
1.688955202
1.689019611
1.689169306
1.689561947
1.689726987
1.689303345
1.689668156
1.68899873
1.689451577
1.689597249
1.690076015
1.689867452
1.689438316
1.688065383
1.688700353
1.688344867
1.689322729
1.689387414
1.689704062
1.6870636
1.687024285
1.688220548
1.687680648
1.687417615
1.687514692
1.689400586
1.689333081
1.688694762
1.687761519
1.687702315
1.688829136
1.688397021
1.688991748
1.68919052
1.689118291
1.689335469
1.689596332
1.68982733
1.689840168
1.688985616
1.689012367
1.690089729
1.690173217
1.690006263
1.689761841
1.689657664
1.688745505
1.688939876
1.688932291
1.689142979
1.688807559
1.688672581
1.687866704
1.687035416
1.687423196
1.687166241
1.688273572
1.689353755
1.690258678
1.689497241
1.690216521
1.688758107
1.689009302
1.689464371
1.689131542
1.689359326
1.689146387
1.68937663
1.689884871
1.689572878
1.689770037
1.689966954
1.688996338
1.689009741
1.689081204
1.689052235
1.69042827
1.690154711
1.690216839
1.689954173
1.688885075
1.688587922
1.688506947
1.688499687
1.687975922
1.687808781
1.687683574
1.687953703
1.687729009
1.688849364
1.689756502
1.690004518
1.690386046
1.689954425
1.689668528
1.690573269
1.689663639
1.690248992
1.690610907
1.689647199
1.689845885
1.690122313
1.690456804
1.690590078
1.689241777
1.689099195
1.689407648
1.689497319
1.689213305
1.689423537
1.689804683
1.689639123
1.689760421
1.689102892
1.688968934
1.689002854
1.68899512
1.690305423
1.689757168
1.68985792
1.689648127
1.688023697
1.6881466
1.68812147
1.687829049
1.687695546
1.687792827
1.688368121
1.689983258
1.688987878
1.690293056
1.690391893
1.690325175
1.690552363
1.690388733
1.690671951
1.690543503
1.690250213
1.690597101
1.690716195
1.690654932
1.690252935
1.690299149
1.690539456
1.690657835
1.690646196
1.690684093
1.689049786
1.689306866
1.689164877
1.689609063
1.689488994
1.689462778
1.68928237
1.689447632
1.689588599
1.689513014
1.689161749
1.689014111
1.688967179
1.688960021
1.688983959
1.69009965
1.689625273
1.689218425
1.689432418
1.689328204
1.690408517
1.688095847
1.688292631
1.688420451
1.688215156
1.688189249
1.688529338
1.690245578
1.689362341
1.689519232
1.690470514
1.690559629
1.690603881
1.690621335
1.690366694
1.69019032
1.69056357
1.690397195
1.690704603
1.69075231
1.690548933
1.690639184
1.690683564
1.690626878
1.690656585
1.690732796
1.690711867
1.690677935
1.689121499
1.689253802
1.689366663
1.68969595
1.68959194
1.689762362
1.689550177
1.689018709
1.689299257
1.689388974
1.689335755
1.68916117
1.689059766
1.688963552
1.688944403
1.689518716
1.689054902
1.689092678
1.68876838
1.689108471
1.68900768
1.689154246
1.690284678
1.690400855
1.688952144
1.689066048
1.688953191
1.689004481
1.690198132
1.689680196
1.690025257
1.690409243
1.690521721
1.690602674
1.689968084
1.689432774
1.69071487
1.690093678
1.690516465
1.690719796
1.69077983
1.690731265
1.690733318
1.690771375
1.69075904
1.690708151
1.690744319
1.690753564
1.690436547
1.690515219
1.690560226
1.690710868
1.690565509
1.690358858
1.689336846
1.689223181
1.689138302
1.689477524
1.689677034
1.689757754
1.689808886
1.689641205
1.688956256
1.689004419
1.689104971
1.689222855
1.68919137
1.689101644
1.68905449
1.68899381
1.68895122
1.688933432
1.689008202
1.688911977
1.68866381
1.688531078
1.6885366
1.688928401
1.688712122
1.688867105
1.688963426
1.689035232
1.690041777
1.690088429
1.690156615
1.689517496
1.689619743
1.689817981
1.689563933
1.68986469
1.689972178
1.689943526
1.689667795
1.690231956
1.690356672
1.689624309
1.689260085
1.689543934
1.688750292
1.689823174
1.689475938
1.690617791
1.690782708
1.690117747
1.690356119
1.690597582
1.690746674
1.690784828
1.690781363
1.690773338
1.69076575
1.69070524
1.690744828
1.690110362
1.690119313
1.690214107
1.690375848
1.690551619
1.690411116
1.690142805
1.68949792
1.689426521
1.68931715
1.68923693
1.689617479
1.689740347
1.689808266
1.68984127
1.689721634
1.688947282
1.688996532
1.689078041
1.689087079
1.689024755
1.688987111
1.688921083
1.688968237
1.688941373
1.688933526
1.688360838
1.688482714
1.688520304
1.688595186
1.688401909
1.68842609
1.688486433
1.688737847
1.688850764
1.688904539
1.689862652
1.68975732
1.689746796
1.689497022
1.68954049
1.689383215
1.689727854
1.689477248
1.689573383
1.689249069
1.688976988
1.689981725
1.689777262
1.689597724
1.688991349
1.689144791
1.689104736
1.688413414
1.690440318
1.689820324
1.689476788
1.690584692
1.690748967
1.690124335
1.690399345
1.690621272
1.690762376
1.690748363
1.690749683
1.690739735
1.690677866
1.690698096
1.689910733
1.689849703
1.689869978
1.689499775
1.690199474
1.690180456
1.689896558
1.690168101
1.689202424
1.689585858
1.689524497
1.689417307
1.689364256
1.689699031
1.689860279
1.689799354
1.689849499
1.68978395
1.68893939
1.690770476
1.689771408
1.688988446
1.688956601
1.688897514
1.688899662
1.68891159
1.688913759
1.689455031
1.688886419
1.688208553
1.68826978
1.688329701
1.688555823
1.688368075
1.688456242
1.688806175
1.688514787
1.688684789
1.688758464
1.689363593
1.689420428
1.689382451
1.689037657
1.689173076
1.688844859
1.689069074
1.689132781
1.689169444
1.688939781
1.688823188
1.688756242
1.689192633
1.689145738
1.6893793
1.689133183
1.68863939
1.688814524
1.688807688
1.688768548
1.688625117
1.688225262
1.688163185
1.690378079
1.689815674
1.689483373
1.689136822
1.690416559
1.690575592
1.690637379
1.690129475
1.690423761
1.690688225
1.690595166
1.690635264
1.690701532
1.690699349
1.690621738
1.690621132
1.690524601
1.689501082
1.689611185
1.689574919
1.689229425
1.689862974
1.689571484
1.689511909
1.689868594
1.690120608
1.690511055
1.689670196
1.689615075
1.689523659
1.689766548
1.689871123
1.68984061
1.689869246
1.689830252
1.693181142
1.693346668
1.689768176
1.691637583
1.692185261
1.690989135
1.695025726
1.68883042
1.688864729
1.688818346
1.688849718
1.688846957
1.690723065
1.689409307
1.69186597
1.689774087
1.68829145
1.688325326
1.688568059
1.688587806
1.688788293
1.688712055
1.688477714
1.688564299
1.688743569
1.688619255
1.688630272
1.688386912
1.689020232
1.68906021
1.688865128
1.688848658
1.688706309
1.688760855
1.688818763
1.688858165
1.68872875
1.688715835
1.688784606
1.688977864
1.68897084
1.688748792
1.688738949
1.688918641
1.688793168
1.688789135
1.688331097
1.688476768
1.688375508
1.688125046
1.688316818
1.6881784
1.690187587
1.689799594
1.689424902
1.688986006
1.689038109
1.690190969
1.690385678
1.690422245
1.689888394
1.690160801
1.690453271
1.69053868
1.690512628
1.69053703
1.690619101
1.690391811
1.690485429
1.690318683
1.689267727
1.689260347
1.688980916
1.689564634
1.689550403
1.689273172
1.689274148
1.689268227
1.689811169
1.689505992
1.689899667
1.691058227
1.693423551
1.68974617
1.690955141
1.689707613
1.689821182
1.689870834
1.689864521
1.689874699
1.689862707
1.696469136
1.696625545
1.696595682
1.692588186
1.693840322
1.697254003
1.699209444
1.688784178
1.68881412
1.688791916
1.68938632
1.694090491
1.696063399
1.694470582
1.692300843
1.692452242
1.688458868
1.688634827
1.688760487
1.688671016
1.688708614
1.688644357
1.688723468
1.688744758
1.688754235
1.688717123
1.688631906
1.688599509
1.688748186
1.688621592
1.688713822
1.688833254
1.688924658
1.688632105
1.688670343
1.688680071
1.688959121
1.688795408
1.688786127
1.688741825
1.688735704
1.68875353
1.688529556
1.688581094
1.688585926
1.688324041
1.68849955
1.68812477
1.68849767
1.699100891
1.688164621
1.688150629
1.688152976
1.688313993
1.688565857
1.688094899
1.689916784
1.691762488
1.689519277
1.699558161
1.713756397
1.69345766
1.694021475
1.690258548
1.690108226
1.690209025
1.690292264
1.690378961
1.703010849
1.700314675
1.69680704
1.688970729
1.689017127
1.688765689
1.689260276
1.689260484
1.689234521
1.689111879
1.68896928
1.689048006
1.689006818
1.689517526
1.68962379
1.690866325
1.693265766
1.693257783
1.696667547
1.689808996
1.693840331
1.691524491
1.69377297
1.690084796
1.690106122
1.690135523
1.690727908
1.692295606
1.700713171
1.70118835
1.696907686
1.70249291
1.704491231
1.688780388
1.690066231
1.690664623
1.693236506
1.699309052
1.699773702
1.702526225
1.698361336
1.697459
1.688786622
1.688778308
1.688745348
1.688762175
1.688843255
1.688919732
1.688797682
1.688954189
1.688945539
1.688938107
1.688855073
1.688834511
1.688552165
1.688549236
1.688586536
1.689170483
1.689160793
1.688595328
1.688648559
1.68882927
1.689178141
1.688992421
1.688581537
1.688582657
1.688538061
1.688487559
1.688495572
1.688292281
1.688265573
1.688138535
1.688073812
1.688067654
1.707812148
1.720727429
1.688169875
1.688830379
1.688150824
1.688520216
1.688259407
1.68825876
1.694057473
1.698252782
1.711436071
1.730430872
1.725871455
1.720718916
1.702198772
1.717562877
1.699506339
1.706890236
1.708992754
1.711488023
1.707278153
1.688749767
1.68877175
1.688484012
1.688580394
1.690423484
1.68896729
1.689017558
1.688927991
1.69094065
1.688748458
1.688951895
1.688665343
1.688797071
1.688751398
1.688862588
1.688862377
1.688702383
1.693785444
1.693492614
1.696404878
1.696442584
1.702876683
1.699798022
1.691703809
1.696521262
1.693906349
1.69640136
1.695592721
1.693013203
1.692475469
1.693060075
1.69574038
1.705436699
1.706043583
1.705221691
1.709035178
1.709995671
1.690622584
1.694733759
1.694731255
1.700396398
1.708971743
1.70861064
1.70822863
1.709697921
1.690121406
1.688851238
1.68886465
1.689002692
1.68907839
1.689085349
1.689153126
1.688944963
1.689171121
1.689175134
1.689171978
1.689227892
1.689093292
1.688664619
1.68873605
1.688603493
1.689423756
1.689380861
1.688802293
1.68876816
1.689027646
1.689182413
1.689393887
1.68924973
1.68847175
1.688445709
1.688462332
1.688609973
1.688502884
1.688870813
1.710912553
1.692086027
1.692420329
1.688058634
1.724581684
1.730442293
1.68832046
1.688132608
1.688558081
1.688424078
1.688829938
1.689090096
1.68857295
1.688619722
1.69915521
1.703820353
1.725752222
1.735816028
1.735366223
1.732070982
1.730179481
1.709034513
1.727037925
1.720827646
1.72051723
1.718354037
1.713950644
1.688579123
1.688567885
1.68846099
1.694849952
1.695620192
1.688715158
1.692532671
1.689953621
1.688726087
1.688564413
1.688742763
1.688506425
1.688944329
1.68872507
1.688637477
1.688528267
1.698800379
1.697418886
1.699148772
1.700120685
1.700061913
1.703980269
1.698368551
1.696165933
1.699015396
1.698198233
1.69906348
1.697154515
1.696326901
1.699432936
1.71050004
1.708928271
1.713503085
1.714553391
1.715018558
1.709618877
1.696308157
1.701269037
1.716250035
1.716696083
1.717001408
1.715740168
1.689260703
1.689011454
1.689200608
1.689423111
1.689290274
1.689389351
1.689394626
1.691564044
1.698772373
1.689420169
1.689411912
1.689413789
1.689587621
1.689453866
1.689470882
1.689033185
1.688964733
1.689588347
1.689552514
1.689103611
1.689376787
1.68949441
1.689350236
1.6892161
1.68843259
1.688474009
1.688475142
1.68857714
1.688697901
1.689038171
1.716832849
1.700511003
1.738948317
1.732081106
1.688774105
1.702944731
1.689495442
1.689066692
1.688801219
1.689146495
1.688965964
1.689273757
1.68909126
1.703247153
1.707746288
1.730741556
1.733227162
1.737908721
1.735155448
1.740408395
1.712562879
1.729152406
1.726203815
1.723047528
1.71786444
1.688461817
1.688467322
1.688432539
1.688459176
1.68842265
1.693387709
1.698603829
1.696935313
1.693737793
1.68856661
1.688568805
1.688431908
1.693647523
1.691079379
1.68853619
1.702240177
1.701436903
1.702179645
1.703542109
1.702993034
1.707790954
1.702060538
1.70226317
1.701700821
1.702457868
1.702016152
1.701738128
1.701128841
1.702491498
1.703950744
1.714463839
1.712734223
1.719054914
1.719529436
1.719586501
1.709833368
1.722320537
1.7225309
1.720674876
1.716115411
1.689199417
1.693277644
1.689464185
1.689377871
1.689728568
1.689584142
1.689594508
1.689729506
1.689680386
1.70196732
1.706882996
1.689670004
1.689661499
1.689683404
1.689833793
1.689672857
1.689786349
1.689299708
1.689403143
1.689677966
1.689645685
1.689495883
1.689617037
1.6894074
1.689582222
1.689511803
1.688470019
1.688444989
1.688580118
1.688585394
1.688618747
1.688805461
1.688906561
1.68922974
1.689502355
1.717205604
1.721169586
1.742018785
1.735374221
1.694473692
1.707882944
1.689384891
1.699216429
1.689336728
1.689477454
1.689591027
1.743465266
1.706776755
1.711186467
1.732073398
1.737049217
1.735093651
1.739287523
1.729160936
1.71550045
1.726200856
1.720868537
1.688410421
1.688414229
1.691384981
1.688398131
1.688435394
1.688428634
1.696217123
1.700394051
1.697828185
1.703499796
1.691202999
1.690081604
1.693958923
1.697342985
1.695376384
1.693824181
1.70635228
1.704926918
1.707224123
1.706230511
1.712850699
1.705161813
1.705702068
1.705575459
1.704127041
1.705286731
1.706219253
1.705919093
1.71787035
1.718406838
1.723452544
1.723948804
1.723232396
1.709888373
1.725832274
1.71545864
1.725027064
1.721276082
1.689384341
1.694034291
1.689735907
1.689617234
1.689568842
1.695276516
1.700833545
1.689803428
1.690009986
1.690194256
1.689942062
1.689943121
1.689938412
1.704990985
1.689918045
1.689905336
1.689893444
1.690002068
1.690161404
1.690154639
1.689617587
1.689704702
1.689710326
1.689714529
1.689713587
1.689688956
1.689720055
1.689626385
1.689680955
1.689703939
1.68979097
1.688514349
1.688540489
1.688518533
1.688736248
1.688924624
1.688702221
1.688929937
1.689122782
1.689399922
1.689793505
1.68965347
1.728564493
1.745991225
1.74077036
1.712922158
1.705189306
1.689742404
1.689994745
1.690040604
1.742151724
1.74704997
1.74921182
1.710146726
1.714177941
1.734599925
1.732148253
1.73644496
1.727731376
1.71837381
1.723177096
1.695644587
1.688524726
1.692085508
1.689307597
1.69943243
1.700971968
1.704167046
1.698941513
1.696438396
1.699706511
1.700892246
1.69911891
1.707713131
1.710980001
1.707820949
1.71112578
1.709480251
1.71871838
1.708185846
1.708599448
1.709757303
1.709309114
1.707033212
1.707783081
1.722967774
1.725890155
1.727630465
1.728053571
1.727752755
1.709537588
1.728876235
1.715929236
1.720988625
1.726143673
1.694605779
1.68976634
1.695422513
1.700504696
1.689933041
1.689990234
1.69005732
1.690381118
1.690529237
1.690231596
1.690256824
1.690212696
1.702443628
1.690183823
1.690141542
1.690388522
1.690373686
1.690544139
1.690454185
1.690478274
1.689774465
1.689810623
1.689721353
1.689743883
1.689756032
1.689778392
1.689770166
1.689824443
1.689866081
1.689859912
1.689944731
1.688643377
1.688680454
1.689131713
1.688882523
1.689100211
1.688865835
1.689287569
1.689341891
1.689538472
1.689886441
1.689814951
1.689720149
1.731031627
1.745420778
1.715451634
1.722672844
1.710713594
1.704196699
1.691256968
1.73947778
1.746121037
1.753056508
1.751737825
1.714076533
1.717595618
1.733485807
1.730666654
1.725758201
1.721307198
1.699496522
1.695900723
1.692240003
1.692190035
1.702513249
1.703146974
1.704963778
1.703465353
1.70248953
1.705673172
1.704649094
1.708100242
1.711777828
1.714773708
1.710209048
1.71379775
1.715337313
1.725080335
1.712015546
1.715383143
1.713189442
1.710299924
1.710088968
1.729964842
1.734398843
1.733304446
1.730801644
1.731866886
1.708514401
1.730431675
1.715241777
1.721376393
1.726574452
1.694556626
1.696928188
1.697484527
1.691217278
1.690151788
1.690214339
1.696540436
1.690340604
1.690685972
1.690711869
1.690758873
1.69060806
1.690478575
1.690546257
1.701885912
1.690441807
1.693879509
1.690732651
1.689840208
1.689820456
1.689711916
1.68974922
1.68977307
1.689796925
1.689914158
1.689888574
1.689859706
1.689933194
1.689916577
1.691626683
1.689561357
1.688821747
1.688886047
1.689312435
1.689074984
1.68929102
1.689068295
1.689521078
1.689516574
1.689692266
1.689946225
1.689849077
1.68995243
1.689910525
1.689834111
1.732796706
1.744682737
1.727177977
1.719486131
1.711441977
1.736239739
1.754116125
1.743952337
1.752119052
1.757342024
1.718559573
1.721695724
1.729143828
1.724862224
1.733174214
1.699517416
1.695138448
1.703846432
1.693789269
1.707976031
1.706035788
1.708353698
1.70999796
1.710514684
1.715209188
1.712077794
1.712630516
1.719696946
1.719965095
1.731283225
1.717568042
1.721441
1.716484704
1.715030556
1.739251976
1.741155452
1.739678327
1.735221191
1.73251829
1.708261929
1.73024469
1.714972479
1.725235113
1.720642898
1.709227736
1.728419339
1.691445726
1.690285266
1.690348266
1.722090607
1.69410322
1.697225677
1.69046684
1.706069358
1.697632557
1.703612416
1.690582176
1.692096421
1.690692439
1.69064783
1.701320954
1.690548705
1.716412824
1.704991418
1.689831222
1.689801805
1.689719405
1.689685793
1.689743058
1.689772551
1.689891372
1.689857128
1.689820471
1.689863966
1.68994038
1.689895369
1.689904616
1.69145318
1.689044299
1.689500751
1.689483838
1.68928946
1.689261088
1.689695864
1.689687685
1.68983364
1.689973496
1.689930898
1.689975631
1.689941662
1.73965556
1.749856598
1.736276093
1.729079047
1.7410027
1.759654448
1.750928122
1.760122339
1.722875678
1.727220988
1.729800225
1.737602959
1.707714026
1.697400006
1.701623759
1.693483372
1.711255895
1.710292853
1.71449021
1.712402429
1.715947828
1.71271528
1.719728256
1.713656842
1.71634347
1.725798035
1.739463424
1.725498716
1.722707185
1.722071098
1.749309049
1.754345923
1.740423105
1.733357287
1.729594895
1.705785154
1.724261438
1.713786093
1.718713244
1.690340273
1.690413856
1.735960245
1.732468332
1.692467208
1.695357782
1.690492615
1.71692227
1.716399861
1.71599454
1.690577782
1.709971464
1.693021342
1.702267458
1.696677155
1.698001626
1.690695022
1.72995439
1.689653254
1.719152851
1.689787663
1.689750206
1.689687912
1.689717028
1.689830137
1.689793078
1.689751993
1.689786269
1.691373149
1.689817438
1.68992744
1.689856257
1.689961743
1.689992637
1.689673218
1.689527222
1.689842009
1.689829803
1.69011502
1.690065806
1.689999223
1.69141175
1.762849778
1.756316217
1.746907978
1.754924822
1.742370507
1.748136448
1.766300191
1.766698485
1.758124915
1.728703662
1.735906747
1.746250958
1.705261474
1.709384696
1.695638936
1.698732001
1.692738485
1.715566295
1.715793162
1.717137719
1.714205666
1.720796078
1.717202415
1.72540517
1.715875292
1.721700294
1.742168572
1.729662883
1.731388127
1.729442582
1.728451581
1.748338431
1.761029463
1.736459171
1.723676206
1.7320262
1.69867503
1.705718601
1.717367033
1.709746314
1.690430527
1.720711974
1.745390934
1.744566339
1.695096039
1.693678005
1.693063626
1.691784259
1.728793602
1.728652784
1.697042994
1.713230377
1.706295057
1.703516237
1.69689928
1.697487567
1.742704732
1.689616537
1.731104583
1.689717042
1.689679475
1.689648587
1.689688804
1.689747247
1.689708007
1.689671573
1.689721995
1.691512582
1.689761638
1.689897319
1.689808332
1.691573297
1.690732828
1.690800393
1.691089548
1.692874701
1.692520146
1.76788485
1.762373474
1.752924574
1.758014582
1.772976864
1.768995271
1.736741445
1.757993308
1.747654736
1.692890767
1.702881106
1.706383987
1.697144349
1.694449992
1.709593152
1.719569902
1.7216478
1.71512065
1.731267799
1.732811845
1.723568036
1.692770798
1.719339585
1.743973875
1.735121372
1.735788654
1.734597577
1.748971242
1.762981645
1.730942619
1.720232681
1.699200033
1.700124637
1.708391339
1.722575583
1.757887059
1.75676377
1.697065354
1.696527644
1.741790518
1.741072454
1.704365607
1.725374603
1.715552906
1.709907518
1.700692671
1.702219747
1.757962121
1.689575558
1.705518584
1.743021559
1.734795532
1.689635407
1.689602854
1.689589072
1.689618533
1.689599906
1.689655446
1.689613017
1.689655961
1.692313227
1.68971369
1.69124422
1.690622709
1.693384058
1.692910577
1.693077211
1.694838992
1.773345829
1.781084267
1.769263373
1.788623425
1.767535381
1.776322285
1.750224986
1.766925086
1.693918194
1.702838302
1.699437927
1.695632259
1.707952944
1.720102105
1.726322525
1.713471001
1.746793406
1.737974036
1.728368541
1.731317211
1.694016231
1.693839797
1.727193749
1.738863278
1.739237763
1.737339038
1.744157273
1.750428427
1.751639953
1.716334554
1.724180793
1.707045228
1.701796194
1.701273682
1.770553336
1.701743687
1.755030151
1.753439004
1.728500167
1.71033018
1.717845597
1.707511696
1.709013467
1.77242263
1.78497156
1.689530678
1.712554463
1.717880045
1.755536466
1.742242128
1.68954878
1.689527005
1.689552543
1.689534295
1.689558057
1.689508133
1.689946796
1.690862403
1.694855715
1.690977461
1.69277737
1.692400518
1.695351696
1.696873867
1.696112145
1.801131177
1.792465913
1.804521488
1.792364865
1.776689413
1.776453728
1.76337815
1.694918792
1.70179901
1.697207732
1.707730851
1.717411508
1.702353267
1.748869821
1.718947865
1.738425511
1.731764079
1.695273629
1.695479205
1.697477573
1.739189413
1.753542673
1.732722106
1.738139855
1.748746601
1.732307773
1.734972325
1.713653162
1.705912509
1.708604416
1.701848086
1.728124208
1.767097782
1.718055099
1.717090565
1.789031973
1.806479143
1.68947839
1.727207312
1.736632001
1.77894434
1.768442262
1.755082421
1.689478067
1.689461648
1.689458651
1.689610479
1.689479968
1.691970661
1.691493845
1.692407958
1.698397013
1.692580326
1.69862825
1.694131634
1.697090211
1.827746775
1.824405659
1.805783811
1.788709726
1.773476374
1.695981475
1.697770333
1.696603501
1.698653783
1.708526744
1.711995106
1.703696901
1.763289298
1.717862591
1.739381904
1.727963125
1.697277387
1.700370012
1.700155756
1.777203358
1.757723618
1.730408484
1.757459583
1.723746509
1.724965938
1.713545283
1.706589582
1.705944016
1.714156563
1.814035631
1.689441151
1.737209511
1.750106232
1.790288296
1.774723924
1.83603628
1.689437824
1.689932374
1.689957407
1.693635152
1.690799029
1.693220964
1.693072002
1.700428861
1.693983282
1.697722796
1.695682477
1.69464996
1.855350493
1.843552989
1.829747964
1.812531172
1.78829858
1.698221552
1.696989829
1.700180069
1.699011011
1.699815213
1.77839287
1.712971484
1.708302499
1.704467884
1.716799455
1.745586572
1.725484971
1.702987311
1.702290655
1.706196606
1.800663157
1.776763852
1.77386156
1.813011771
1.730673318
1.717444724
1.72843259
1.711135037
1.714013225
1.725934199
1.833217694
1.844133903
1.811979982
1.689446696
1.755327315
1.769687535
1.791628722
1.843621918
1.69156026
1.692547861
1.693312628
1.694982025
1.6938378
1.694470251
1.697407413
1.695525927
1.695732966
1.696129456
1.875364014
1.868236053
1.848823444
1.851288779
1.816312408
1.700117293
1.702745468
1.700896614
1.701428022
1.76710589
1.710079528
1.704707822
1.720520505
1.704191847
1.701199129
1.698443514
1.705225314
1.709794584
1.818914365
1.768354368
1.852045374
1.730201052
1.723874909
1.743390448
1.724868318
1.745685228
1.843841581
1.829044281
1.866689181
1.827457291
1.840987008
1.81335368
1.777251501
1.692409489
1.779530022
1.801603293
1.839358001
1.694407424
1.695274507
1.696183579
1.696706487
1.697505134
1.696139122
1.697959971
1.697050401
1.88111139
1.879869117
1.872413363
1.857183076
1.801590701
1.703793771
1.70788374
1.707435368
1.705180736
1.708190531
1.72141089
1.70983424
1.700381027
1.698968149
1.7022112
1.706309066
1.711529663
1.710256973
1.787102841
1.741450212
1.821668319
1.775897268
1.797468943
1.76366155
1.772458332
1.800960001
1.811289687
1.824733551
1.823525506
1.799694394
1.829727286
1.890735689
1.877002384
1.830496641
1.858654637
1.694668124
1.82283319
1.881821269
1.69705431
1.698304851
1.699878642
1.697935031
1.699307338
1.91750242
1.875548501
1.802898783
1.73428207
1.711511395
1.71096669
1.713214995
1.716324884
1.699562645
1.700366922
1.701265797
1.703695429
1.707709569
1.71322369
1.777280188
1.830415669
1.780004436
1.833374008
1.785169781
1.848529852
1.823507269
1.838909507
1.802117712
1.831122779
1.827532542
1.849517942
1.869054242
1.92206834
1.968637982
1.93735477
1.907710942
1.945105024
1.860394656
1.812186949
1.696658384
1.89545932
1.914293754
1.698335453
1.701263909
1.702608977
1.701580989
1.892645408
1.806868207
1.764965819
1.737599506
1.711764665
1.711973018
1.7157335
1.701858519
1.702882555
1.703966038
1.706931981
1.710962046
1.710568158
1.714280397
1.841425837
1.869307373
1.847512526
1.83519589
1.900301074
1.910453838
1.898385394
1.85262618
1.802955491
1.809678977
1.852395777
1.915930979
1.880227767
1.868916196
1.905140636
1.905825993
1.879401418
1.840230957
1.945125461
1.945940097
1.700448584
1.703546779
1.7061135
1.705778653
1.819614225
1.755461413
1.735947713
1.719413765
1.715305478
1.70543818
1.706238765
1.707205822
1.71170053
1.716213214
1.719127939
1.904005474
1.909177419
1.937277988
1.888852044
1.900073837
1.931906328
1.970879385
1.926147388
1.830056847
1.823950629
1.929933092
1.820872015
1.921241844
1.941163982
1.902018759
1.906759695
1.908848472
1.905187327
1.811339363
1.945794238
1.811825594
1.703157976
1.706695495
1.711006398
1.751035619
1.734461603
1.732230323
1.727825665
1.711808564
1.710492555
1.716387086
1.725516552
1.978833852
1.952101853
1.934593044
1.903230913
1.898762726
1.937910106
1.961867542
1.949489256
1.88782736
1.860890941
1.953375225
1.848467061
1.947006823
1.910242119
1.834645345
1.882435836
1.928679176
1.838953628
1.761206622
1.832255861
1.706583736
1.710166075
1.711266216
1.715402552
1.759752055
1.76496893
1.754147259
1.737618036
1.718209789
1.717938085
1.721221701
1.723529594
1.956313592
1.985584505
1.904189425
1.896109683
1.919505614
1.921135006
2.006093522
1.906619231
1.98350902
1.989457165
1.891343658
1.891336362
1.909196843
1.835003088
1.844923876
1.905343713
1.780150574
1.794760138
1.812058051
1.711378826
1.714145075
1.720934253
1.782430651
1.752101296
1.731009487
1.728849899
1.725544928
1.914667512
1.944208403
1.922624055
1.908183413
1.918574359
1.840518278
1.985781386
1.953219283
1.987866664
1.900029675
1.888104412
1.89796341
1.891400897
1.86505446
1.900663381
1.779919499
1.786486937
1.77319553
1.718063506
1.722202396
1.732514122
1.742602115
1.743543382
1.747683237
1.735892894
1.932708798
1.953237544
1.953485662
1.919295636
1.85453567
1.785347371
1.960946829
1.987283943
1.940813393
1.952572296
1.927285136
1.8840984
1.897345776
1.918546419
1.920433032
1.933867498
1.757660052
1.760004192
1.724273719
1.730761555
1.741960011
1.742067467
1.762549136
1.776420877
1.76538934
1.947006762
1.940446734
1.958583669
1.929462938
1.821841646
1.790099686
1.96834392
1.962488249
1.929428022
1.932489362
1.92904495
1.939656342
1.95129275
1.932912993
1.938716573
1.944886948
1.749760733
1.737798596
1.760424106
1.7705416
1.769255394
1.783654324
1.791566437
1.765267991
1.974948113
1.96446121
1.971917018
1.885734477
1.815063636
1.958327829
1.940390473
1.935934292
1.946799776
1.946946602
1.928637107
1.966687532
1.969046573
1.792660254
1.774271047
1.744236739
1.770699367
1.791921471
1.779611663
1.778668891
1.95912345
1.976668512
1.843210352
1.902575593
1.961953948
1.960960448
1.972997755
1.973955791
1.983263057
1.976192349
1.945678681
1.791283597
1.791997743
1.747302094
1.765088893
1.772258104
1.820685416
1.972723226
1.972567279
1.819768166
1.907193796
1.983081702
1.97159825
1.958748935
1.971090015
1.97034859
1.953590443
1.93758691
1.777883779
1.761982769
1.765852776
1.852904729
1.775286979
1.987442537
1.944820561
1.869615454
1.976008128
1.945442391
1.939221428
1.945906769
1.938461031
1.93162773
1.763088228
1.795787527
1.854637764
1.764153545
1.778818876
1.964933842
1.93808685
1.94589512
1.916985541
1.936968861
1.924675921
1.925823648
1.781675932
1.892364829
1.78747474
1.757881861
1.955833952
1.932760092
1.906185095
1.91656842
1.915097371
1.913113218
1.751456753
1.819627863
1.764693758
1.980173324
1.912681183
1.899328721
1.901023317
1.881320134
1.76922398
1.760898746
1.817532529
1.871885713
1.93604247
1.903580687
1.905562275
1.820089802
1.801759747
1.845343851
1.855750714
1.891893242
1.898154488
1.89200615
1.856042938
1.852418222
1.847718322
1.856500671
1.95525417
1.915831053
1.865335529
1.85061038
1.91309569
