1.679825045
1.679825045
1.679825045
1.680340491
1.679825045
1.679545907
1.679825045
1.681405984
1.682359218
1.684901
1.682723321
1.68022668
1.679825045
1.680205281
1.686695508
1.686601585
1.687311523
1.679825045
1.679825045
1.679825045
1.684526181
1.687973817
1.683193538
1.680973653
1.688468474
1.688773873
1.686989561
1.687245398
1.68539052
1.680322802
1.679589179
1.679825045
1.687170379
1.689058269
1.685819865
1.684359496
1.686237823
1.687297786
1.687952267
1.684329416
1.683707141
1.6827888
1.679825045
1.680494502
1.679825045
1.679825045
1.688779691
1.688567566
1.688222178
1.68712877
1.684192132
1.683392683
1.684860243
1.68610038
1.682838158
1.682835809
1.685463949
1.681027598
1.685590214
1.680476031
1.680141395
1.679825045
1.679825045
1.679825045
1.679825045
1.688443187
1.688818261
1.688789111
1.68230397
1.681680708
1.681803186
1.682494649
1.684937466
1.6841454
1.683828686
1.679825045
1.688494252
1.684393917
1.68766233
1.683446906
1.68078081
1.679969528
1.680355725
1.686715842
1.687846118
1.688588299
1.68309146
1.684996296
1.681763027
1.680367508
1.680719892
1.681577874
1.680560498
1.683245451
1.686683336
1.686152496
1.685839389
1.680203982
1.679825045
1.688993714
1.687950223
1.686207694
1.684621584
1.683936649
1.683296603
1.684677891
1.685888335
1.687313683
1.68618752
1.683925218
1.682856986
1.681563602
1.68226672
1.681668253
1.681105831
1.681853651
1.687548815
1.686807269
1.686514697
1.686003909
1.679825045
1.681393467
1.679901549
1.679825045
1.679825045
1.688717281
1.688771479
1.688324643
1.687866516
1.687240271
1.685252512
1.682502417
1.683752811
1.686218531
1.682877302
1.686595769
1.685498187
1.685060249
1.684515374
1.683288755
1.681394616
1.681053945
1.687321003
1.68820754
1.685644359
1.685235897
1.684740444
1.679825045
1.680739252
1.680198337
1.680363976
1.685853045
1.687586798
1.688283341
1.688818186
1.689214169
1.688671851
1.680946509
1.681187628
1.684427932
1.681834642
1.688230285
1.688052979
1.687570267
1.686213235
1.683171511
1.681802849
1.687307617
1.688196568
1.683872785
1.685144087
1.683520925
1.684394305
1.684157111
1.682565898
1.683753791
1.683156906
1.688652146
1.68713248
1.685499065
1.686481458
1.687728097
1.688880761
1.681475515
1.681476503
1.682373681
1.681442717
1.688688557
1.688893578
1.688444331
1.686629857
1.68492873
1.684076424
1.686009433
1.686674666
1.683941119
1.683204381
1.682719609
1.683511959
1.685229249
1.685091242
1.685389254
1.686573839
1.686361271
1.688147208
1.688092773
1.687377593
1.682715392
1.683838821
1.685648954
1.685565061
1.683562776
1.682600333
1.680972729
1.687414146
1.688159665
1.688255293
1.687390086
1.687506768
1.686986021
1.686680034
1.683556645
1.684205565
1.684398016
1.683269967
1.682018972
1.686396529
1.686583524
1.687018992
1.686835662
1.686382944
1.686905948
1.686405687
1.686490347
1.680759287
1.681501684
1.682667557
1.683871222
1.685659965
1.683129925
1.681319971
1.68527969
1.685093463
1.687881049
1.686194227
1.68812347
1.688496843
1.688369943
1.68187541
1.682250492
1.685435286
1.68361436
1.682491718
1.687002761
1.687050625
1.687461296
1.687789538
1.687710108
1.684215222
1.684308323
1.680606605
1.681005166
1.682053562
1.682975052
1.686533351
1.688668975
1.684401301
1.682816852
1.682872074
1.683730282
1.686888351
1.684810087
1.68750085
1.688471592
1.688240286
1.682020319
1.682075357
1.688516694
1.68645347
1.6852388
1.684298799
1.686629772
1.686505193
1.686507179
1.687064795
1.686465888
1.687600506
1.688425634
1.682826707
1.682129699
1.682332304
1.682873347
1.687527889
1.688626715
1.686132689
1.68501873
1.682466403
1.68298987
1.684396276
1.685310066
1.686007206
1.687037331
1.683311074
1.683688757
1.688667385
1.689092053
1.688031007
1.687297156
1.686539637
1.686210611
1.686599097
1.686943947
1.686280432
1.686816157
1.687341782
1.68425186
1.684426768
1.684352412
1.688308255
1.688038976
1.687713934
1.686733672
1.682845047
1.682428838
1.6824109
1.682822642
1.684075631
1.686008328
1.684726551
1.685804666
1.687986202
1.688606159
1.689007755
1.688656925
1.68807968
1.686839871
1.68573607
1.687925792
1.68798952
1.685363959
1.685374813
1.685854128
1.686177695
1.686178212
1.688051866
1.687803573
1.687101499
1.685566343
1.682987203
1.68522888
1.681820498
1.681282896
1.681740567
1.683279833
1.687417838
1.687345423
1.686796657
1.688301077
1.688335529
1.688327944
1.688102379
1.686523476
1.688028808
1.685369554
1.689249
1.689010163
1.689402549
1.684560376
1.68429914
1.684729607
1.686027381
1.686437046
1.686490114
1.686322262
1.685699753
1.683230534
1.684323526
1.683605372
1.686316465
1.682383289
1.68181096
1.681982851
1.682536512
1.688314005
1.688256861
1.685914754
1.686550743
1.686907721
1.687422452
1.689241553
1.689148674
1.686820483
1.688595176
1.685616
1.689603659
1.689393921
1.684694056
1.684203654
1.684355827
1.684642313
1.684617519
1.684689427
1.684459251
1.683003964
1.683511873
1.685290892
1.687643185
1.684418923
1.683318096
1.683298119
1.683684169
1.688156856
1.688718573
1.684707881
1.684966839
1.685446199
1.686397601
1.689478463
1.689569894
1.68772922
1.689198976
1.686821604
1.68917217
1.689218535
1.689433595
1.685826964
1.68624147
1.684404803
1.685723616
1.683883842
1.683744513
1.683563402
1.68412575
1.68790385
1.686583614
1.685642594
1.684487431
1.684892224
1.6877478
1.68876594
1.684226972
1.68416119
1.684513688
1.685593665
1.689394758
1.689619046
1.68908769
1.688205331
1.689285295
1.688737989
1.688864754
1.689652969
1.68785196
1.687633276
1.685327732
1.687048022
1.684845565
1.685219233
1.688493845
1.687643
1.686687165
1.685934043
1.687364264
1.68534854
1.688093752
1.684859025
1.684308763
1.684152102
1.688980901
1.689310255
1.689138502
1.688915916
1.689782433
1.68905416
1.688157206
1.688438319
1.69048608
1.688813637
1.688600766
1.687350653
1.686531814
1.68657422
1.688013951
1.687577556
1.687066932
1.684438611
1.686363261
1.684865414
1.686898842
1.686331212
1.685368374
1.684906937
1.688431967
1.687739854
1.688602277
1.688740202
1.688643162
1.69065244
1.689873267
1.689043469
1.688209675
1.691424023
1.691585381
1.688974025
1.68896812
1.68850947
1.687150929
1.687131212
1.687112426
1.687216939
1.686978007
1.684731542
1.685454285
1.684907107
1.686019421
1.687800192
1.686997567
1.686249778
1.688018069
1.687698052
1.687549623
1.687680188
1.68803121
1.687693823
1.69108612
1.690412501
1.689668623
1.689167109
1.691940463
1.692079633
1.692000385
1.688794041
1.687573376
1.689176089
1.689230724
1.686725949
1.686685617
1.686576928
1.685711427
1.685433664
1.686132175
1.688980082
1.688441371
1.687641264
1.688626249
1.687946383
1.687222153
1.686900732
1.686716994
1.686601869
1.691710167
1.691314407
1.690919403
1.690418021
1.691892876
1.692197269
1.692052585
1.692446361
1.69254317
1.688320456
1.687049818
1.688972272
1.689455773
1.686708409
1.686657155
1.686754441
1.686803823
1.687109316
1.689679719
1.689425678
1.688554415
1.689523535
1.687775368
1.686977592
1.686568887
1.686480944
1.69252738
1.69243671
1.692264438
1.691657818
1.691706678
1.691824202
1.692424778
1.692095647
1.692764093
1.69303856
1.687709583
1.686809273
1.6883902
1.689160937
1.687746894
1.68824001
1.688207627
1.689751265
1.689706683
1.689647108
1.689430161
1.690084658
1.688915932
1.688075323
1.686959571
1.687407784
1.693223928
1.693348604
1.693346706
1.692293617
1.691820161
1.69226586
1.692747867
1.691797058
1.692436698
1.691951134
1.692772086
1.693091438
1.687039888
1.687748395
1.688412205
1.689199223
1.689351179
1.688849077
1.689773898
1.689246959
1.689782829
1.687474122
1.691441916
1.690609008
1.689668172
1.688571369
1.693308081
1.693521609
1.693476337
1.693605416
1.693326457
1.692880797
1.692763648
1.692481123
1.691880578
1.692209689
1.691704367
1.691992208
1.692412656
1.692330353
1.687352018
1.687534565
1.687878694
1.689837012
1.688449611
1.689340602
1.689659365
1.689285158
1.68842435
1.692990598
1.692250142
1.691107802
1.691534234
1.692527043
1.692626706
1.693747739
1.692985235
1.69408369
1.692842367
1.692748825
1.692636327
1.69215495
1.691793663
1.691745894
1.691590175
1.692797985
1.691565864
1.691513882
1.688065955
1.687978497
1.688169109
1.689612593
1.688680443
1.689248458
1.68887697
1.690396076
1.689710592
1.693865975
1.693920391
1.692360902
1.69308526
1.693444993
1.693399295
1.691569023
1.691606487
1.692187075
1.693084464
1.693177266
1.692169731
1.692548239
1.692775442
1.69256925
1.69268516
1.692447602
1.692114541
1.69169034
1.691468672
1.692799072
1.692743254
1.69110702
1.691150963
1.691365172
1.689367014
1.689083289
1.689670324
1.68930508
1.68993112
1.689950153
1.691353531
1.691675167
1.692930545
1.693926667
1.693514547
1.693779674
1.692689175
1.691744254
1.69095907
1.691495445
1.690959681
1.692158702
1.69197242
1.691622314
1.692616165
1.69241019
1.692652519
1.692395874
1.691617054
1.692150584
1.691858032
1.691554274
1.692758798
1.692770921
1.692654888
1.692734845
1.691048895
1.691404879
1.69144538
1.691672869
1.690939376
1.690506931
1.690919482
1.691250012
1.69256071
1.692990056
1.693288366
1.69303781
1.693227312
1.692189542
1.691454676
1.691238529
1.691011228
1.6912906
1.691500965
1.690898862
1.691383677
1.690948814
1.690806186
1.691418705
1.691299629
1.691135877
1.690946091
1.690933902
1.692500225
1.692625345
1.692355914
1.692295293
1.692572714
1.692336191
1.691823651
1.692066305
1.691919878
1.692677143
1.692781946
1.692767633
1.692732518
1.691418496
1.692055337
1.691885778
1.692099314
1.692228144
1.691386516
1.691783661
1.692761196
1.6931406
1.693185293
1.692680147
1.691331086
1.69208784
1.691095642
1.691073193
1.691065252
1.690978319
1.691038156
1.690977596
1.691130749
1.690965426
1.691155403
1.690878086
1.690762332
1.690992303
1.690995723
1.690882686
1.691000607
1.690888339
1.690966592
1.692659624
1.692428291
1.692549001
1.692210737
1.692284161
1.692296586
1.692491107
1.69230277
1.692133732
1.692235409
1.692610529
1.692750942
1.692782882
1.692766402
1.692723846
1.691730638
1.69223858
1.69261716
1.692375262
1.692453335
1.691146639
1.692170641
1.691624281
1.692158161
1.692605144
1.692794926
1.692552149
1.691267535
1.69189081
1.691708043
1.691242816
1.691114287
1.691015004
1.69098987
1.691454886
1.691677955
1.690809003
1.691465563
1.691015199
1.690774991
1.690839776
1.690829685
1.690857946
1.691154347
1.69111454
1.690913624
1.690952943
1.691095687
1.692575806
1.69245499
1.692364817
1.692154544
1.692206726
1.692120424
1.692224005
1.692672436
1.692464079
1.692367006
1.692427638
1.69260062
1.692701358
1.692781531
1.692771874
1.692385514
1.692795302
1.692680353
1.69299996
1.692680033
1.692785391
1.692615735
1.691449693
1.691356781
1.691462375
1.691829636
1.692110948
1.692157078
1.691484528
1.691720195
1.691473667
1.691419421
1.691293747
1.691179
1.691965303
1.692502113
1.69078163
1.691852297
1.691329092
1.69101798
1.690847055
1.690801951
1.690836112
1.690878302
1.690887903
1.691081755
1.690976539
1.690898701
1.691469824
1.691369808
1.691310861
1.691061843
1.691313371
1.691594626
1.69237404
1.692468631
1.69254508
1.69226716
1.692148672
1.692112292
1.692107203
1.692157977
1.692741069
1.692676527
1.69256839
1.692537882
1.692571367
1.692651567
1.692695831
1.692749805
1.692779839
1.69277386
1.692730517
1.692950165
1.693106005
1.693154783
1.693117995
1.692822031
1.693005566
1.692881775
1.692785117
1.692718861
1.691777672
1.69177697
1.691736949
1.691495497
1.691700359
1.691761287
1.691784803
1.691971726
1.691778309
1.691728295
1.692107312
1.691688308
1.691560993
1.692340323
1.6926855
1.692437706
1.693108671
1.692156314
1.692520435
1.691253152
1.690843496
1.691839138
1.691554803
1.691237488
1.690993086
1.690871856
1.690857761
1.690939926
1.690950024
1.691100482
1.691013201
1.691872644
1.691883923
1.691765383
1.691581546
1.691346371
1.691545672
1.691867283
1.692244278
1.692290947
1.692373611
1.692439778
1.692164387
1.692109489
1.692095839
1.692108301
1.69210884
1.692739175
1.692674262
1.692584831
1.692666074
1.692722518
1.692747615
1.692774674
1.69276121
1.692778287
1.69278261
1.693347334
1.693266107
1.693218802
1.69305483
1.69323474
1.693152782
1.693083918
1.692963377
1.692868498
1.692821022
1.692088217
1.692134135
1.69217924
1.692010968
1.692110068
1.692409691
1.69193372
1.692392469
1.692265721
1.692567377
1.69280029
1.691995649
1.692217345
1.692365516
1.692943583
1.692822591
1.692875005
1.693353253
1.691513966
1.692177211
1.692533277
1.691313886
1.691004045
1.6918491
1.691522095
1.691224305
1.690987289
1.691019936
1.691018004
1.691035784
1.691161774
1.691126816
1.692110759
1.692165531
1.69216213
1.692488192
1.691811695
1.691836408
1.692145227
1.691854099
1.692461602
1.692175221
1.69220867
1.692281396
1.69232013
1.692110579
1.692123495
1.692086917
1.692099555
1.692080467
1.692737601
1.694095528
1.693285169
1.692673277
1.692773147
1.692819563
1.692806302
1.69277122
1.692787475
1.693338441
1.692804206
1.693346854
1.69333102
1.693288367
1.693042952
1.693144252
1.69303451
1.692881267
1.69298666
1.692972466
1.692920422
1.692520097
1.692511485
1.692523359
1.692692129
1.692613724
1.692899197
1.692764507
1.692697583
1.692648766
1.692823895
1.692904178
1.692919676
1.6927504
1.692760165
1.692582665
1.692859903
1.69322557
1.693103373
1.693130266
1.693154267
1.693247289
1.693421973
1.693366533
1.691599935
1.692196597
1.692538636
1.69286616
1.691552056
1.691330219
1.691216467
1.691857481
1.691507171
1.691139053
1.691286698
1.691232433
1.691121127
1.69112765
1.691260833
1.691263922
1.691406216
1.692499688
1.692409726
1.692454539
1.69273465
1.692188849
1.692468368
1.692532359
1.692185076
1.691912018
1.693568567
1.692116472
1.692139772
1.692192676
1.692075329
1.69214693
1.692084021
1.692119342
1.692070083
1.696325882
1.696681786
1.693562422
1.695382854
1.695703888
1.694661283
1.698522317
1.692857479
1.692831364
1.692854704
1.692823192
1.692832195
1.694565558
1.693330261
1.695751986
1.693736497
1.693171676
1.693160686
1.69294316
1.692985522
1.692875553
1.692919278
1.692944124
1.692859
1.692890815
1.69282157
1.692952704
1.692996949
1.692818668
1.692805831
1.692952773
1.692931086
1.693004779
1.692895129
1.69293685
1.692892074
1.692942101
1.692902138
1.692805757
1.692906369
1.692929363
1.693051734
1.693043227
1.692941543
1.693150523
1.693163348
1.69341801
1.693372645
1.693416422
1.693393077
1.693071325
1.693516506
1.691834967
1.692226509
1.692605423
1.693415595
1.692961988
1.691831909
1.691593871
1.691521356
1.692139012
1.691832362
1.691486369
1.69137766
1.691416398
1.691385939
1.691265336
1.691586424
1.691463657
1.691677066
1.692718341
1.692734973
1.69293884
1.692488712
1.692505378
1.692734352
1.692743547
1.692757923
1.692248639
1.692551111
1.692157888
1.69380731
1.696295031
1.692072352
1.693403189
1.69207955
1.692058026
1.692182516
1.69209414
1.692132132
1.692076204
1.699776616
1.699586675
1.699731619
1.696370041
1.69750614
1.700802313
1.702550021
1.692862373
1.692841746
1.692839798
1.693385546
1.6979012
1.699880286
1.698349303
1.696228673
1.696398645
1.692932854
1.692844566
1.692861711
1.692878909
1.692866468
1.692719156
1.692652444
1.692839481
1.692644886
1.692749724
1.692704792
1.692718798
1.693011022
1.693076364
1.693008543
1.692791759
1.692661552
1.693013796
1.692973593
1.692882723
1.692576333
1.69270135
1.692751445
1.693089257
1.693071212
1.69307365
1.693103038
1.693134883
1.693122899
1.693460282
1.693370195
1.693534413
1.693379211
1.703981652
1.693460209
1.693307204
1.693510431
1.693052451
1.692737976
1.693417907
1.692139439
1.693995752
1.692521127
1.70345438
1.718487601
1.695381562
1.696756825
1.691732235
1.691903254
1.691797496
1.691702841
1.691641723
1.705046604
1.702211904
1.698610591
1.692959549
1.692932159
1.693086543
1.692769309
1.692772287
1.692800628
1.692871444
1.692975204
1.692934757
1.692977389
1.692545014
1.692441282
1.693237766
1.695828995
1.695601863
1.699342625
1.692047132
1.696068695
1.693768086
1.69596222
1.692282673
1.692403704
1.692380254
1.692943809
1.694651974
1.703818978
1.704028076
1.700569703
1.705852345
1.707586294
1.692825588
1.694066969
1.694638745
1.697171793
1.70297574
1.703521121
1.706141137
1.70218325
1.701299472
1.692633015
1.692800189
1.692746151
1.692766587
1.692484971
1.692425932
1.692742083
1.692413658
1.692450086
1.692483432
1.692447415
1.692448076
1.692959446
1.693041579
1.693056429
1.692454994
1.6924128
1.692941841
1.692880719
1.69262794
1.692350266
1.692493278
1.693152054
1.693164094
1.693161352
1.693067149
1.693118412
1.693503195
1.693504623
1.693546826
1.69342192
1.693516303
1.713048754
1.725943086
1.693211363
1.692433299
1.693264598
1.692772166
1.693084657
1.693095579
1.697029304
1.701166581
1.715165917
1.73566971
1.730734768
1.725132296
1.704989145
1.721232148
1.701996077
1.709418359
1.711482463
1.714472817
1.710177151
1.693104776
1.693104031
1.693176833
1.693176316
1.694061487
1.693014362
1.692977263
1.693052144
1.695021952
1.693173641
1.692997009
1.693166909
1.693094126
1.693168086
1.693067979
1.69307896
1.693191293
1.69732265
1.695944552
1.698790565
1.698685649
1.705457544
1.702275251
1.693885868
1.698694211
1.696073483
1.698558503
1.698030141
1.695214583
1.694779086
1.695317426
1.698119444
1.708309277
1.708672298
1.708591467
1.712100174
1.712842583
1.694549562
1.698610669
1.698553629
1.70413609
1.712290805
1.712052227
1.711735829
1.713108563
1.693967119
1.692617577
1.692626152
1.692437894
1.692191273
1.692226216
1.692181516
1.692637498
1.69218766
1.692206919
1.692233909
1.692032972
1.69219391
1.692757675
1.692680371
1.692879825
1.692252312
1.692218323
1.692615584
1.69267649
1.692394629
1.692276227
1.692161933
1.692254207
1.693164738
1.693127898
1.693092145
1.692826869
1.692988118
1.692491423
1.716346491
1.697525264
1.697913235
1.693428221
1.730051775
1.735867169
1.692995528
1.693264051
1.692697164
1.692867346
1.692419072
1.692161093
1.692692147
1.692632519
1.702824972
1.707498551
1.730123074
1.74130105
1.74073383
1.737176559
1.735001055
1.712718254
1.731373386
1.72447792
1.724140092
1.722068383
1.717706599
1.693189466
1.693203926
1.693190091
1.698974674
1.700155605
1.693203878
1.697090748
1.694688458
1.693154114
1.693220028
1.693136153
1.693243493
1.693700353
1.693165246
1.693224202
1.693290022
1.702993956
1.699971142
1.701669111
1.702376158
1.70222831
1.706315994
1.700615427
1.69835294
1.701158645
1.70036411
1.701527758
1.699435775
1.698656279
1.701842515
1.713140777
1.711349191
1.716534294
1.717371536
1.717643386
1.712922028
1.699969177
1.704913619
1.719275553
1.719732991
1.720003641
1.71868515
1.692023119
1.692453137
1.692228501
1.69185995
1.692013235
1.691933672
1.691951812
1.694932854
1.702141391
1.691948008
1.691978504
1.691998027
1.691702361
1.691812171
1.691830595
1.692315997
1.692405003
1.692152794
1.692095346
1.692297786
1.692098792
1.692060647
1.692039893
1.692122778
1.693118674
1.693018768
1.692999428
1.692833377
1.692688727
1.692291461
1.722352836
1.705914185
1.744469258
1.737608908
1.692451056
1.707986643
1.693893716
1.692143659
1.692425914
1.692093313
1.692266228
1.691971852
1.692129483
1.707505504
1.712005012
1.735521635
1.738278496
1.743374484
1.740412824
1.745914562
1.716864434
1.73391122
1.730551208
1.727395752
1.722192947
1.693204156
1.693221128
1.693244499
1.693234487
1.693148489
1.698301003
1.703192472
1.701774509
1.698596314
1.693246171
1.693232084
1.69326347
1.698587134
1.69593747
1.693270188
1.706904039
1.704075866
1.704753352
1.705709903
1.705122732
1.710003585
1.704318202
1.704583611
1.703915382
1.704640043
1.704163805
1.704235273
1.703502558
1.704938815
1.706536283
1.716910804
1.715003138
1.721839719
1.722125162
1.7220151
1.712976191
1.725069366
1.72523015
1.723314092
1.718742635
1.692257075
1.696357832
1.691968917
1.69206509
1.691591503
1.691743426
1.69175754
1.691630283
1.691697597
1.704709928
1.709803333
1.691728343
1.691759633
1.691767069
1.691488035
1.691609616
1.691557611
1.692113708
1.692011115
1.692125057
1.692032713
1.691989276
1.691967939
1.691941842
1.691870139
1.691896174
1.692995769
1.69304004
1.692816023
1.692801198
1.69275852
1.692536564
1.692426548
1.692089747
1.691852784
1.722141627
1.726543957
1.747408957
1.740730002
1.697710675
1.712062124
1.691836544
1.701635746
1.691883399
1.691768741
1.691660147
1.748855985
1.711470258
1.715929371
1.737133346
1.742496002
1.740377436
1.744770302
1.734194541
1.720266437
1.731027304
1.725670059
1.693161964
1.693194957
1.696213161
1.693201652
1.693049906
1.693065272
1.701216747
1.705297412
1.702842665
1.708447461
1.696059793
1.69492874
1.698815547
1.702354086
1.700328604
1.698727149
1.711334034
1.70763601
1.709342545
1.708363263
1.714980941
1.707531691
1.707981175
1.707772607
1.706646928
1.707745187
1.708884313
1.708514344
1.720155228
1.720561845
1.726006501
1.726339695
1.725490042
1.712399531
1.728333686
1.71777196
1.727459429
1.723625371
1.692079109
1.696807738
1.691531861
1.691850199
1.691914546
1.697700104
1.703078416
1.691698168
1.691364913
1.691220646
1.691444623
1.691463918
1.691491657
1.707126025
1.691532969
1.69156869
1.691605379
1.691336881
1.691229154
1.691273706
1.691887953
1.69182054
1.692151167
1.692070601
1.691994589
1.69189532
1.691937951
1.691800113
1.691746451
1.691779992
1.691762036
1.692891452
1.692860839
1.692888558
1.692599185
1.692376612
1.69263484
1.692379082
1.692184212
1.691923068
1.691694518
1.691732996
1.733227415
1.751034851
1.745601603
1.716060795
1.707053345
1.691585317
1.691333102
1.691290545
1.747521273
1.75216267
1.753883726
1.715196132
1.719256299
1.740031282
1.737434041
1.741901537
1.732944099
1.723483414
1.728319327
1.700388163
1.693217706
1.69678784
1.693756366
1.704494132
1.706050352
1.709277769
1.703714145
1.701332148
1.704673082
1.705894216
1.704047943
1.712860212
1.716172346
1.71059203
1.713231638
1.711662302
1.720805204
1.710607795
1.710939877
1.712034484
1.711805895
1.709585749
1.710456832
1.725122388
1.727972777
1.729972067
1.730266033
1.729874314
1.711574561
1.731154632
1.717986607
1.723089324
1.728323535
1.695888268
1.691754068
1.69748261
1.702373881
1.691633293
1.691570844
1.691502238
1.691113293
1.691032267
1.691243498
1.691252718
1.691308268
1.704129444
1.691357354
1.69141564
1.691079544
1.691077023
1.691010814
1.691096524
1.691105767
1.691846811
1.691813497
1.692190105
1.692093257
1.692015139
1.691905463
1.691968407
1.69171291
1.691743804
1.691804612
1.694043848
1.692700099
1.692654627
1.692159446
1.692415448
1.69218005
1.692427628
1.692010961
1.69195291
1.691799749
1.691687824
1.691658927
1.691677153
1.734676487
1.749501163
1.717227108
1.724906741
1.711931929
1.705012153
1.691972689
1.744816856
1.751203179
1.757105997
1.756400628
1.719317983
1.722872878
1.738909409
1.736075523
1.731116301
1.72662439
1.704064915
1.700411093
1.696711019
1.696349231
1.707597689
1.708143199
1.710075238
1.708040186
1.707297441
1.710533587
1.709506047
1.713252337
1.716981608
1.720002125
1.713039498
1.716050664
1.717472498
1.727165261
1.714418915
1.717748943
1.715707337
1.712906893
1.712809264
1.732029765
1.736451327
1.735333446
1.73296027
1.733940033
1.710271989
1.732521305
1.717100152
1.723324342
1.72856882
1.696314102
1.698509616
1.697889095
1.692694191
1.69148538
1.691416415
1.697959643
1.691331994
1.691035772
1.691002853
1.690976211
1.691082651
1.691199325
1.691138569
1.703390733
1.691257556
1.694123579
1.69107835
1.691869838
1.691914583
1.692243947
1.692125305
1.692055832
1.691986782
1.691757674
1.691831599
1.691899717
1.691730533
1.6918422
1.695339226
1.693216287
1.692472359
1.692399638
1.691971759
1.692197055
1.691982257
1.692197265
1.691801688
1.69179289
1.691677679
1.691700048
1.691621234
1.691653176
1.691642827
1.691602535
1.735336847
1.747608572
1.728439221
1.720248122
1.711864063
1.741545764
1.757261536
1.749001041
1.756668577
1.761258244
1.723843414
1.727028058
1.734546459
1.730229623
1.738431999
1.703763208
1.699296576
1.708081117
1.697520333
1.712971586
1.710943433
1.71293839
1.714642837
1.715563905
1.720292511
1.714964261
1.715411348
1.722037226
1.722165646
1.733408185
1.720053889
1.723909474
1.719081976
1.71772295
1.741274467
1.7432257
1.741663197
1.737200835
1.734532664
1.709875675
1.732184347
1.716698225
1.727104468
1.72245206
1.709436751
1.729174466
1.692732912
1.691437428
1.691376613
1.722280054
1.695369229
1.698566821
1.69133323
1.70624372
1.697970375
1.703870719
1.691270809
1.692595287
1.69119945
1.69124346
1.70274943
1.691341471
1.716540616
1.705521554
1.691964254
1.692035505
1.692226551
1.692309327
1.692171577
1.692101857
1.691887336
1.691956395
1.692031567
1.691981217
1.69179838
1.691927171
1.693088153
1.694661794
1.692217255
1.691795882
1.691800861
1.691975383
1.691996038
1.691659425
1.691652086
1.691582968
1.691723439
1.691588558
1.691619249
1.691551209
1.741115438
1.751717052
1.737018925
1.729483073
1.746001031
1.762159058
1.75539997
1.763601536
1.728035492
1.732419595
1.735041862
1.742571298
1.711906988
1.701215997
1.705409143
1.696763263
1.715879113
1.715018655
1.718795094
1.71669318
1.720758184
1.717468771
1.72456454
1.716594948
1.719173201
1.728262916
1.741642659
1.727793523
1.725318287
1.724826921
1.751338582
1.756453936
1.742368353
1.735278731
1.731461381
1.707293118
1.726064487
1.715436069
1.720435719
1.691465583
1.691401968
1.736155863
1.732575012
1.69363109
1.696631943
1.691417272
1.717160887
1.716984647
1.716432843
1.691410399
1.710800914
1.693786702
1.703107993
1.697626929
1.699376944
1.691655968
1.730144323
1.692378123
1.719980438
1.692097205
1.692174545
1.692304522
1.692243099
1.692042135
1.692110018
1.692186607
1.692141153
1.694129576
1.692090043
1.691873434
1.692024184
1.6918074
1.692615181
1.691652201
1.691754371
1.691559583
1.69155196
1.691691888
1.691715541
1.691572211
1.69294056
1.764130294
1.757236281
1.747610978
1.755366266
1.742726119
1.752574461
1.768095331
1.769164101
1.761684635
1.73357409
1.740751836
1.750669633
1.709008643
1.713226037
1.698898652
1.702006674
1.695463576
1.719894418
1.72014696
1.721044115
1.718046558
1.725207043
1.721587108
1.729833446
1.718859934
1.724589034
1.744452522
1.732247855
1.733795634
1.732152427
1.731308078
1.750351299
1.763211942
1.738391558
1.725471411
1.733890439
1.700145659
1.70726777
1.719088002
1.711371994
1.691471952
1.721762893
1.745483458
1.744721833
1.696401429
1.694801606
1.694245808
1.692860735
1.729226616
1.729416518
1.698149752
1.714331094
1.707426794
1.704773824
1.698360098
1.698723358
1.743095496
1.692449363
1.732311412
1.692251958
1.692323902
1.692384392
1.692318495
1.692208568
1.692277326
1.692342057
1.69226378
1.69369486
1.692198952
1.691956127
1.692120917
1.693345638
1.692681949
1.692494697
1.692649215
1.694366477
1.694074153
1.768358315
1.76254344
1.753058309
1.761568431
1.773886903
1.771308034
1.741089565
1.761602004
1.751746787
1.695190224
1.706187682
1.709698485
1.699961659
1.697116614
1.7128553
1.723493265
1.725548601
1.718514135
1.735077784
1.736163446
1.727450937
1.694565531
1.722358795
1.746365622
1.737695164
1.738579826
1.737530058
1.751066439
1.765308067
1.732972525
1.722070447
1.700910801
1.701772702
1.710123573
1.723849448
1.758001273
1.757104104
1.698478768
1.697837421
1.742519787
1.742209483
1.705796122
1.726879191
1.716889284
1.711315744
1.702387615
1.703724076
1.758644115
1.692523616
1.707548496
1.744671947
1.736490539
1.692408162
1.692469279
1.692491656
1.692441244
1.692472657
1.692374674
1.692448589
1.692378995
1.693953227
1.692285185
1.693231719
1.69287085
1.695080609
1.694357835
1.694536868
1.696334975
1.773441748
1.781204282
1.769382264
1.788842505
1.770135786
1.777469354
1.753734173
1.769826994
1.69595226
1.705534957
1.702157557
1.69792442
1.710707923
1.723490543
1.729676592
1.716311351
1.749736268
1.740735313
1.731199013
1.734507379
1.695518934
1.695241393
1.730230064
1.741847908
1.741813028
1.740115169
1.747070859
1.752712705
1.754199441
1.718379504
1.726463916
1.708976682
1.703821175
1.703162628
1.77097579
1.703363858
1.756140761
1.75499757
1.730359857
1.711970319
1.719437949
1.709459201
1.710830145
1.773428089
1.785601347
1.692603356
1.714927477
1.720201895
1.757655235
1.744412544
1.692565374
1.692602133
1.692553238
1.692586156
1.692545897
1.692636459
1.692815317
1.693980347
1.696200511
1.693523097
1.694725228
1.694625946
1.697019758
1.698263062
1.697550407
1.80144244
1.792795609
1.804756297
1.792712056
1.778138585
1.77819503
1.76571759
1.696609336
1.70398795
1.699238486
1.710007586
1.720045261
1.704108517
1.750771284
1.721022623
1.740670964
1.73414976
1.696566965
1.696734686
1.698771651
1.742194163
1.756530592
1.735521068
1.741060016
1.751719289
1.73517557
1.73759207
1.716190212
1.70821953
1.711069345
1.704089645
1.730340867
1.768715266
1.719915057
1.719168431
1.790445022
1.80750634
1.692700338
1.729988052
1.739267788
1.781070809
1.771077472
1.757783756
1.69269754
1.692732396
1.692734672
1.69280843
1.692686232
1.695245446
1.694368375
1.695542886
1.699789976
1.695101365
1.700201226
1.696177996
1.698800012
1.8286871
1.825142754
1.805939892
1.78932623
1.774726668
1.69739061
1.699345282
1.697777203
1.699941812
1.71033089
1.713469754
1.705033225
1.764253162
1.719238324
1.740723114
1.729673566
1.698491674
1.701864523
1.701504131
1.780147448
1.76064207
1.733403762
1.760438524
1.726707322
1.728065304
1.716458114
1.709409573
1.70871387
1.717000789
1.81587867
1.692797697
1.74040983
1.753281986
1.793002832
1.777873928
1.838101241
1.6928072
1.693290156
1.69334199
1.696904856
1.694132419
1.696573039
1.696048128
1.702134188
1.696472946
1.699674133
1.697832252
1.697894703
1.857208507
1.845261122
1.830278461
1.812751398
1.788730998
1.699319068
1.698111891
1.701437834
1.700288064
1.700895551
1.778804374
1.71400716
1.709465426
1.705454152
1.717649993
1.74622516
1.726476494
1.704544041
1.70415828
1.707953119
1.803495438
1.779458048
1.776770595
1.815301624
1.733737689
1.720695944
1.731738628
1.71442577
1.71736912
1.729347662
1.835192412
1.846029493
1.814891403
1.692840748
1.759047979
1.773324748
1.795186651
1.846732787
1.69495751
1.695948729
1.696715668
1.698381571
1.697243749
1.697430649
1.699778241
1.698119714
1.698952674
1.699525894
1.878491302
1.871200673
1.850511745
1.852097101
1.816731119
1.701236336
1.704188964
1.70226433
1.702467585
1.767615791
1.710907442
1.705670823
1.72116393
1.706254955
1.703520359
1.701034481
1.707614323
1.711836912
1.821562834
1.771175786
1.854376887
1.733273177
1.727508101
1.746864136
1.728602063
1.749710946
1.84598012
1.83109187
1.868551471
1.829498325
1.842660912
1.817118119
1.781274387
1.695785674
1.78383534
1.805820887
1.843569647
1.697783027
1.698685274
1.699563578
1.700141001
1.700448754
1.699201638
1.701405781
1.700433883
1.885225098
1.883300205
1.874721039
1.858612708
1.802680524
1.705173789
1.709777599
1.709262042
1.706538419
1.709569893
1.722483377
1.710792637
1.703141479
1.702098924
1.705150212
1.709023437
1.713854215
1.712889656
1.78958872
1.744067989
1.823869896
1.77883259
1.800969134
1.767696481
1.776859492
1.803048748
1.813427153
1.826716074
1.825306498
1.80189674
1.831043712
1.892268418
1.878024772
1.832013151
1.861636988
1.698003029
1.827497962
1.886497392
1.700379075
1.701677476
1.703291544
1.701295421
1.702773335
1.922013294
1.879697972
1.805479774
1.736609394
1.713557878
1.713452193
1.715299073
1.718320206
1.7030041
1.703729222
1.704540847
1.706945251
1.710824365
1.716207636
1.779472874
1.832715177
1.781978022
1.836136491
1.78900004
1.852947868
1.825552464
1.841150013
1.804317252
1.833142654
1.829957404
1.850701211
1.870027505
1.923648741
1.970100819
1.938857918
1.908672138
1.946287036
1.862058933
1.816023599
1.699938026
1.90017087
1.919102873
1.701550547
1.704567255
1.706014511
1.705073987
1.897444743
1.811514325
1.768959345
1.741045352
1.714588604
1.715130457
1.718839685
1.705380516
1.70639869
1.707434265
1.710443602
1.714610293
1.714006055
1.717825492
1.843262073
1.871261296
1.849308525
1.837893586
1.902086388
1.913863149
1.902292136
1.854842308
1.805416875
1.811903337
1.854990655
1.917532677
1.881479278
1.869778332
1.906573045
1.90703916
1.880353771
1.84192875
1.949350828
1.950389958
1.70357245
1.706729781
1.709453856
1.709244486
1.824247862
1.760116055
1.740349871
1.723471862
1.71901904
1.708990036
1.709841145
1.71081564
1.715400125
1.720000721
1.723026677
1.905522962
1.911013756
1.938683287
1.891082369
1.901531499
1.934570839
1.97390125
1.928532756
1.832768449
1.826422934
1.9327377
1.822864154
1.922615866
1.942749235
1.903030361
1.907526732
1.909929051
1.906027985
1.812661032
1.949128771
1.815547798
1.706141684
1.709778653
1.714380039
1.755275136
1.738788636
1.736477581
1.73192081
1.715303106
1.714130036
1.720119043
1.72937969
1.980359601
1.954154891
1.935892461
1.904851525
1.90000239
1.939701733
1.963919135
1.952151197
1.890699548
1.863400908
1.956387335
1.85024539
1.948176661
1.911781524
1.835462726
1.883063636
1.929456588
1.840039131
1.764386415
1.83456138
1.709403216
1.713038336
1.714377391
1.71860628
1.763233383
1.768583743
1.757849471
1.741321415
1.721550554
1.721400693
1.724339018
1.726989722
1.958014613
1.987982079
1.905561379
1.897266783
1.920755628
1.922455993
2.009091237
1.908929124
1.986388055
1.992572493
1.892952774
1.892262929
1.910661743
1.835616927
1.845451651
1.90623753
1.782233606
1.797144644
1.813409566
1.714004768
1.716917349
1.723820658
1.785007489
1.754818271
1.733939196
1.731762718
1.728257806
1.916688906
1.947014237
1.924153866
1.909515011
1.919816241
1.841695635
1.989056786
1.955713923
1.990798171
1.901584188
1.889068781
1.899383898
1.891890509
1.86560546
1.901459781
1.781392377
1.788261036
1.774371424
1.720435249
1.724632993
1.734964648
1.744297372
1.745531423
1.749808957
1.738142296
1.935033841
1.956284372
1.95552505
1.921164901
1.856261647
1.786937379
1.964281279
1.990432561
1.942897287
1.955011917
1.928451368
1.884988275
1.898735406
1.918987802
1.920966334
1.934404216
1.758958036
1.76146617
1.726313905
1.732853853
1.743910746
1.7434644
1.764053739
1.778034304
1.767085684
1.950365857
1.943308781
1.961319406
1.932084782
1.824305671
1.792284089
1.971651979
1.965214997
1.930910911
1.934262675
1.929720303
1.941005732
1.952105108
1.93332033
1.939052743
1.946213064
1.751534298
1.739499459
1.762102086
1.772174398
1.770891974
1.785245304
1.793153306
1.767717581
1.978369478
1.967821382
1.975270911
1.888983628
1.818116028
1.961351737
1.942522874
1.936766858
1.947882279
1.947279572
1.92930724
1.967064781
1.970388739
1.795624201
1.776421932
1.745923502
1.772517875
1.793880059
1.781450587
1.781363393
1.962563973
1.980127863
1.846446697
1.905981324
1.964649914
1.962605955
1.973700665
1.974260284
1.98356296
1.976978802
1.947084528
1.794260015
1.79444702
1.749291574
1.767201271
1.77448175
1.823425309
1.975656224
1.97555228
1.822602089
1.91012848
1.985027708
1.972532065
1.959017211
1.97131593
1.970639126
1.954356882
1.939076049
1.780339496
1.764130971
1.768109542
1.855283399
1.777585582
1.989520563
1.946949643
1.871823896
1.977089004
1.945816656
1.939403962
1.946193684
1.939281884
1.933216479
1.765248596
1.79770319
1.856318287
1.765940296
1.78060134
1.966066936
1.93938348
1.946285594
1.91716919
1.937416305
1.92560972
1.927514756
1.783043161
1.893307918
1.788633439
1.759138278
1.956275462
1.932993624
1.906743388
1.917656228
1.91686875
1.913594376
1.752376613
1.820317232
1.765534481
1.980529085
1.913365412
1.900600364
1.902837771
1.881803325
1.770020999
1.76180849
1.818165893
1.872523074
1.936902379
1.904945669
1.907460493
1.821298427
1.802734519
1.846233503
1.856826851
1.893367468
1.900068296
1.893506347
1.857346337
1.853699089
1.849270502
1.858375316
1.956776407
1.917400261
1.866919966
1.852385222
1.914736904
