1.901810865
1.895979259
1.926217566
1.911475092
1.888120833
1.885352557
1.928327533
1.915629985
1.89580784
1.931773919
1.888929348
1.941827232
1.889912477
1.885884266
1.909068694
1.930250259
1.884912935
1.931058114
1.925743978
1.908724628
1.89542166
1.933840996
1.932870731
1.942475707
1.950457613
1.934891557
1.892689614
1.891316246
1.886756088
1.889342496
1.903115612
1.927837008
1.893840086
1.937723891
1.934793186
1.923039914
1.930902864
1.909104441
1.934346037
1.935009653
1.936921651
1.940402623
1.944877771
1.866098477
1.874527255
1.889980505
1.897056526
1.868603969
1.904371392
1.90631787
1.919017286
1.936489389
1.939778017
1.940937441
1.936322738
1.948975801
1.938695926
1.942398703
1.947582854
1.951253654
1.956261678
1.964796781
1.960143118
1.83699774
1.840221646
1.8725801
1.879183887
1.89726524
1.913147627
1.849509648
1.930167445
1.949858714
1.941230179
1.943571606
1.947704036
1.952599172
1.960462794
1.948643532
1.952631759
1.952810667
1.953824741
1.958889124
1.967596493
1.962226633
1.971616316
1.975637418
1.818761549
1.81318082
1.831130944
1.860194626
1.889908766
1.916048535
1.939386813
1.834444311
1.964491521
1.950743416
1.9466587
1.951800378
1.954053737
1.95967902
1.962880902
1.97082812
1.957594786
1.958270326
1.960816072
1.965612346
1.969974683
1.975441592
1.976347715
1.974797983
1.978660092
1.980420801
1.985489729
1.807373239
1.798779762
1.803705146
1.872097507
1.846932105
1.904148657
1.931429349
1.967447511
1.825885453
1.955398815
1.961372408
1.957259254
1.96063019
1.964587508
1.970831454
1.976015896
1.971418987
1.966898294
1.971082336
1.978931316
1.981956214
1.989151112
1.98594198
1.98361912
1.984056576
1.984876367
1.987151314
1.985670896
1.981662257
1.931781549
1.970263784
1.963391011
1.802721387
1.792947984
1.791539769
1.853572689
1.884950424
1.829229317
1.917107905
1.955858013
1.812472911
1.966211008
1.966899879
1.973069642
1.969409984
1.975445877
1.975038417
1.980701417
1.983003362
1.974715268
1.963486891
1.978738033
1.985653993
1.994140041
1.995777302
1.995218512
1.995245478
1.990200207
1.989205123
1.986812176
1.976095376
1.968034801
1.915230442
1.93467451
1.949503556
1.963555244
1.958203694
1.911448483
1.797361331
1.794977498
1.790411461
1.874952685
1.842910919
1.899893599
1.818815474
1.934860802
1.804685793
1.979685171
1.978635498
1.97736069
1.983521273
1.981774496
1.982881551
1.985262137
1.984069842
1.977116735
1.954703187
1.936373291
1.989337374
1.993857824
1.995870418
1.996778418
1.994159232
1.991825706
1.987576573
1.983183759
1.97493222
1.965924174
1.959896489
1.908739103
1.920367852
1.954434166
1.942272355
1.95723075
1.913526954
1.922054128
1.928452211
1.797031677
1.797102276
1.800343377
1.87848426
1.857003064
1.829562472
1.90889039
1.808786601
1.799705502
1.990010355
1.98759033
1.988053127
1.983858212
1.990842058
1.990684047
1.993211585
1.965051008
1.945615039
1.918040015
1.902001509
1.992136002
1.989604004
1.98946518
1.982819375
1.979637116
1.976440883
1.971158627
1.970136688
1.962868729
1.957142214
1.954599569
1.911540331
1.906532325
1.928775785
1.952299618
1.944487691
1.915146518
1.925112261
1.9260924
1.927909166
1.797933027
1.801205344
1.929721178
1.80133759
1.883762404
1.864744722
1.84283101
1.819165429
1.804615949
1.798285045
1.997401211
1.998017212
1.996552501
1.991242949
1.965194949
1.996095218
1.993372992
1.987946945
1.930860914
1.91139117
1.886409692
1.87500867
1.981874225
1.981540627
1.97495892
1.970296332
1.967057449
1.962854959
1.960013483
1.954029843
1.95203364
1.949283825
1.904549805
1.916946179
1.903870726
1.933727619
1.941702515
1.916131594
1.922432475
1.937323729
1.797642581
1.807069838
1.804935066
1.936268511
1.807110883
1.866000973
1.849635612
1.831182646
1.811580254
1.800693011
1.796805332
1.999828589
2.000996026
1.991992783
1.996723764
1.975430802
1.929328455
1.991551781
1.985568886
1.976780063
1.88719667
1.861964078
1.853241817
1.973540014
1.96938163
1.965100934
1.962196334
1.958169493
1.955871673
1.951250936
1.950715401
1.948740852
1.908547949
1.896980295
1.922999846
1.901558306
1.93514817
1.939072087
1.911098513
1.929042033
1.951086077
1.952464552
1.795616048
1.805800449
1.951559339
1.954927515
1.945970932
1.804015637
1.846216728
1.832034927
1.818586537
1.805615259
1.800795312
1.795894551
1.991024632
1.997912514
1.994800473
1.971034179
1.991355329
1.942865053
1.895791873
1.985480997
1.977259429
1.971623283
1.861377531
1.838339633
1.832608868
1.969601043
1.963734577
1.961452394
1.956612303
1.95064488
1.948280649
1.944878605
1.925946398
1.904172018
1.891017019
1.896260183
1.93464877
1.936445625
1.92604517
1.945429466
1.957600351
1.795352595
1.80045786
1.954572157
1.947946643
1.937128157
1.937015621
1.943623016
1.93744641
1.794055735
1.828446247
1.81802238
1.811313557
1.804497326
1.799885462
1.794780411
1.994948003
1.965219916
1.997335482
1.991602465
1.934299636
1.985382522
1.90766084
1.861253235
1.983646116
1.978765556
1.979876438
1.838307719
1.821760922
1.817722133
1.975719429
1.976513125
1.96927356
1.95804047
1.953890067
1.945802975
1.933099246
1.913796274
1.890079624
1.885033136
1.903852095
1.935866598
1.941434596
1.929432428
1.94737671
1.945061317
1.792058529
1.79239945
1.939001218
1.933750108
1.937627234
1.947806537
1.946441393
1.933688071
1.784773041
1.81469758
1.810234898
1.803082811
1.800298304
1.796834574
1.998997771
1.981897762
1.930711211
1.994672328
1.988755614
1.89232028
1.990555596
1.867639856
1.835267794
1.98887155
1.992112959
1.992050188
1.820790184
1.81360971
1.809631529
1.997843316
1.987791984
1.975387433
1.965360812
1.959414981
1.916204319
1.935763925
1.894613621
1.877892262
1.883195152
1.903931308
1.937526496
1.958904043
1.924944847
1.930945818
1.926052806
1.793373562
1.791541846
1.919243982
1.935352128
1.957558733
1.952687972
1.912685229
1.778558471
1.809558695
1.809379157
1.806798862
1.804609139
1.800819552
1.988403857
1.993479869
1.94827951
1.897413013
1.991350453
1.993773376
1.859846851
1.99550643
1.838370677
1.814216283
1.997352871
1.998826032
2.010483517
1.80470805
1.802316301
1.804845596
2.008204408
2.000458452
1.984138605
1.985490666
1.896772694
1.930376822
1.876094249
1.87018132
1.881506973
1.907860859
1.96044266
1.981496342
1.91911
1.914337507
1.92578146
1.787973428
1.797713536
1.915321969
1.952618221
1.966119708
1.897579095
1.912200819
1.780675553
1.795897563
1.775581494
1.806709301
1.80815182
1.808234386
1.803643568
1.80525464
1.962394837
1.980054938
1.986905446
1.916200889
1.868153583
1.987258438
1.986798981
1.839700114
1.829900435
1.985746979
1.812415468
1.993334241
2.004357719
2.014074606
1.791099173
1.78974014
1.795317853
2.017046291
2.004808061
2.003075725
1.876971924
1.949452278
1.861196583
1.865364493
1.888562532
1.91134185
1.982578869
2.002697723
1.908210878
1.907488213
1.934697728
1.789560583
1.9182592
1.955801448
1.889520329
1.924059328
1.777530986
1.793368403
1.784332788
1.856477207
1.77102433
1.801714784
1.804002384
1.803124419
1.802196122
1.793780925
1.922718415
1.956798415
1.977072963
1.981245154
1.879572482
1.843370275
1.977757526
1.974279947
1.817604257
1.807679878
1.9786552
1.985224929
2.00766956
1.993213123
2.013927396
1.78146533
1.78206959
1.792338687
2.01073825
2.008622264
1.870864936
1.858231557
1.973137185
1.876314622
1.904041608
1.9103368
1.998594943
2.00976525
1.903065715
1.912157574
1.934784485
1.779951294
1.919643469
1.897126525
1.945573595
1.77248389
1.783532679
1.79315734
1.77780622
1.855321518
1.869653266
1.763837916
1.798294272
1.798858623
1.795300243
1.791003374
1.781488131
1.923770135
1.889522603
1.955751949
1.973200349
1.972499258
1.851149654
1.820605462
1.96988374
1.970329101
1.802453721
1.974757833
1.983388999
2.002564583
1.995325145
2.007958089
1.775102587
1.786341913
1.775392173
2.015154314
1.877845428
1.858192667
1.9805461
1.897066126
1.902137196
1.898492204
1.998993267
2.01516418
1.916172555
1.92312666
1.768393911
1.773041818
1.911664597
1.94865427
1.780026823
1.787050156
1.795779116
1.774813301
1.852956382
1.863252516
1.884399926
1.759370907
1.753971969
1.795779078
1.79337171
1.78464408
1.77674565
1.769501678
1.933560784
1.896173377
1.863419478
1.951624115
1.968889337
1.968034134
1.83204442
1.808845677
1.964314228
1.966068491
1.970580057
1.979350451
1.987031334
2.004356551
1.771498359
1.780061939
1.769789611
2.013872176
1.884673816
1.862774309
1.974442028
1.893924681
1.889018723
1.904472202
1.996207547
2.009986465
1.920216493
1.760786294
1.919492787
1.945497919
1.782425537
1.788712617
1.7972516
1.808536968
1.775839737
1.85301302
1.851133334
1.866765917
1.881065156
1.747718916
1.743134352
1.789593911
1.778861296
1.770362675
1.762752211
1.759170777
1.917034621
1.936597034
1.881400429
1.848323049
1.94150222
1.949163899
1.950429829
1.956955179
1.820093584
1.95744987
1.957454939
1.964091796
1.971411299
1.997250235
1.770983578
1.770569426
1.767487177
1.998687633
1.865919011
1.89745294
1.970486996
1.877932467
1.883694825
1.899802409
1.992513747
1.997435956
1.751781554
1.933535581
1.950828278
1.798904921
1.788511475
1.805303021
1.809408779
1.814861143
1.779942854
1.846395144
1.8549706
1.856090554
1.867843661
1.872403091
1.791454904
1.862517705
1.742927417
1.738231616
1.734837593
1.772515289
1.764452115
1.755105449
1.752489879
1.750979427
1.930448298
1.90272669
1.938855354
1.866196824
1.837210067
1.93897356
1.939113958
1.942388649
1.950341647
1.951787447
1.952196264
1.956441684
1.976902163
1.772995823
1.763706404
1.769559979
1.982583111
1.875152662
1.904866527
1.973786438
1.86673592
1.876524316
1.986019262
1.988817493
1.935294065
1.95375151
1.808243125
1.801422604
1.811973838
1.813923423
1.819489433
1.832319217
1.781337078
1.846471754
1.845436565
1.854561485
1.863279661
1.859446411
1.789296538
1.780585828
1.852246611
1.858059189
1.735485953
1.741200731
1.731466828
1.728960088
1.758948268
1.752260974
1.746858007
1.746148926
1.745662005
1.921456379
1.935568427
1.885886801
1.939335103
1.851613291
1.940434951
1.938099717
1.939339667
1.940978762
1.947578683
1.947138037
1.959112386
1.773902863
1.761952492
1.770439628
1.967194779
1.884742427
1.910040983
1.97015033
1.861655026
1.986434343
1.979760152
1.924025325
1.947475953
1.806319612
1.793850798
1.812467449
1.813257885
1.824612606
1.841671721
1.775196452
1.84411732
1.854041067
1.844934883
1.848187965
1.870220118
1.776383111
1.773868381
1.76606482
1.853957277
1.847962331
1.857231492
1.73388749
1.730742932
1.737397945
1.72691395
1.725037841
1.753081192
1.747306526
1.741275656
1.738939337
1.905290681
1.934015413
1.94635706
1.870403578
1.950926704
1.946048713
1.939466753
1.935950518
1.936246171
1.943196494
1.947330799
1.940016314
1.76979756
1.758131021
1.762091077
1.956243881
1.882609114
1.890834833
1.895719203
1.974028255
1.858340621
1.978935442
1.957649019
1.914430377
1.944735331
1.78563403
1.794474225
1.800354759
1.818098833
1.838343292
1.863486888
1.763612481
1.849523759
1.840178585
1.861760533
1.841121689
1.764398961
1.771775899
1.761198412
1.754662486
1.855661285
1.847354093
1.729447232
1.730236109
1.727387674
1.732426445
1.723659876
1.721929145
1.750575526
1.742319866
1.735538246
1.929829428
1.895477798
1.954874692
1.958743011
1.950626199
1.943441389
1.934959551
1.933304106
1.933574066
1.937373585
1.759741106
1.753738137
1.751416932
1.938749731
1.869263267
1.880107098
1.87496279
1.883446625
1.951285145
1.8635672
1.95434001
1.938564634
1.9036451
1.922884992
1.781141979
1.790428685
1.808484765
1.829581132
1.852306998
1.88279823
1.755097362
1.857633399
1.842671332
1.842292926
1.759185891
1.766755694
1.776506604
1.754215014
1.747082266
1.861622889
1.854589274
1.847824884
1.727146789
1.723925222
1.724913148
1.725186839
1.730055781
1.719129447
1.720883064
1.743932733
1.736485776
1.917843593
1.955770355
1.972428874
1.965623371
1.955122907
1.942648708
1.935101629
1.930436928
1.929712401
1.74845984
1.743922781
1.74193957
1.925949323
1.860183294
1.868264567
1.857947529
1.856500724
1.870407466
1.906595987
1.925638293
1.870595746
1.93024544
1.919457202
1.887509635
1.788598605
1.808892886
1.838681068
1.8733664
1.917072809
1.744804253
1.848704242
1.843562804
1.767369216
1.75806728
1.778391698
1.789595381
1.748653257
1.741224269
1.866480733
1.856096195
1.848603332
1.723604913
1.724690459
1.721825727
1.720639697
1.72025421
1.730660025
1.718212386
1.715396533
1.717481976
1.721120894
1.725535399
1.71859274
1.717019914
1.718412591
1.735386289
1.956071016
1.973227746
1.973622842
1.964062873
1.95245483
1.942546415
1.934982187
1.925478617
1.740309553
1.736210959
1.735439643
1.914083406
1.847181005
1.848803948
1.837203787
1.841141167
1.857965926
1.885049554
1.873971806
1.902391871
1.869616442
1.901458246
1.897892997
1.807069048
1.83444118
1.872345322
1.915923435
1.951436029
1.737934816
1.849638981
1.764656374
1.777554684
1.749614056
1.792168713
1.803834625
1.741371993
1.736307498
1.862640338
1.855117322
1.85139422
1.720953832
1.721518181
1.718989602
1.728974105
1.717374246
1.716321385
1.714365534
1.714888125
1.713677745
1.716333411
1.718394036
1.725053285
1.721213716
1.716701593
1.716692578
1.715152821
1.715292815
1.730100902
1.967602208
1.967247005
1.955606525
1.94716422
1.940667035
1.935566961
1.928016283
1.734964065
1.732270207
1.730816306
1.919161279
1.899368869
1.841051035
1.852726682
1.830449892
1.823500519
1.830990169
1.853859211
1.855916249
1.867407117
1.879446492
1.861081889
1.872619386
1.871374852
1.827116368
1.864200068
1.901665971
1.931547532
1.950130953
1.733340391
1.751448349
1.768823018
1.784048613
1.741440105
1.799917386
1.824014114
1.73480692
1.732025257
1.858135083
1.854552493
1.855797844
1.718861677
1.715803411
1.712617514
1.713100093
1.713705809
1.712238491
1.855966047
1.840538909
1.722622957
1.798093631
1.716534122
1.727454603
1.718108344
1.720080593
1.71428187
1.715092259
1.713196857
1.71309699
1.729872218
1.958324634
1.948348379
1.933573156
1.926341952
1.919968247
1.924722875
1.728423554
1.726361285
1.906174862
1.882064442
1.841648924
1.853394007
1.821080017
1.813476344
1.820590323
1.836912319
1.846719427
1.857111937
1.856023629
1.851861712
1.854091446
1.854327521
1.884143932
1.919451786
1.93905626
1.938353057
1.728094411
1.741241322
1.757421056
1.777949945
1.734409567
1.820433481
1.850451984
1.728336955
1.72385193
1.856590387
1.857635806
1.714479801
1.710994176
1.711357747
1.71139174
1.711837238
1.712673193
1.711126222
1.853674841
1.821098967
1.821613318
1.725075719
1.722647828
1.817397146
1.79500022
1.721272799
1.709666762
1.710337646
1.715931323
1.724796961
1.718046441
1.720730016
1.712120033
1.712985806
1.711100031
1.710532458
1.937562068
1.928942412
1.914941707
1.902167531
1.902096789
1.721052404
1.72025287
1.879378219
1.857329653
1.833155091
1.84924665
1.811523599
1.795616786
1.807370816
1.807117849
1.82520344
1.834493945
1.851459827
1.827965074
1.829617447
1.883533941
1.911977207
1.926555789
1.929682362
1.918576412
1.73430581
1.747737546
1.765971911
1.728413928
1.841715217
1.867412135
1.722723077
1.718842735
1.857222675
1.85434315
1.71386091
1.709670252
1.709592507
1.70982108
1.710169942
1.712004967
1.848061348
1.799648439
1.799952923
1.721553233
1.835647273
1.81063496
1.784110697
1.717098059
1.708179656
1.708741098
1.711743867
1.709880636
1.708700737
1.718034517
1.780077556
1.739436227
1.715919656
1.717231009
1.718107818
1.715855803
1.709992039
1.708605554
1.707657217
1.708109255
1.914284773
1.908011286
1.88992487
1.878821394
1.715849936
1.855647146
1.83452731
1.815279916
1.838358586
1.794942882
1.782123802
1.788996943
1.786430096
1.802275107
1.808683571
1.841148556
1.802291244
1.803559659
1.886581447
1.901605492
1.902605144
1.909972672
1.906223818
1.896426129
1.729483577
1.754116342
1.724168973
1.862885422
1.719676127
1.71606105
1.850247368
1.841383673
1.713828854
1.707807698
1.70744044
1.70770354
1.840822045
1.778514197
1.849090144
1.81909238
1.794956954
1.770763761
1.71462597
1.707124922
1.706818672
1.708105757
1.713777168
1.711835403
1.709756527
1.706814217
1.714001148
1.768960509
1.762611752
1.733398923
1.741564619
1.706852326
1.722099316
1.706578815
1.715961488
1.713050407
1.713532278
1.7117052
1.706749248
1.707613908
1.706708947
1.706807195
1.706791141
1.888777083
1.872159201
1.863003623
1.71289747
1.836411151
1.812429085
1.819587259
1.802380931
1.782538874
1.769302058
1.775748171
1.777240511
1.784681567
1.828508839
1.777548174
1.784053101
1.883820763
1.871395786
1.880888672
1.8853238
1.890742597
1.888792709
1.871599897
1.728052677
1.748437103
1.71721327
1.714100899
1.833781562
1.821220722
1.706829348
1.70683395
1.706835635
1.706827284
1.827556866
1.75916071
1.851747999
1.825660484
1.799963259
1.779263389
1.761196203
1.706722775
1.706768282
1.707774764
1.713700766
1.711733043
1.709547094
1.71099521
1.754674415
1.765001474
1.74884103
1.735404783
1.719833846
1.723786981
1.706502952
1.706602545
1.706340708
1.706815696
1.711195741
1.711288818
1.711287632
1.709626508
1.709306422
1.706761968
1.70681136
1.706791856
1.706827915
1.706824411
1.851507346
1.84444623
1.7126634
1.819808387
1.799780151
1.786625219
1.805915514
1.788171877
1.769282887
1.758281295
1.756222482
1.763774168
1.807267891
1.757827539
1.764687615
1.860548049
1.86514835
1.862292894
1.871021624
1.878175181
1.860912961
1.728779948
1.744281018
1.715732612
1.817464451
1.807110185
1.706782308
1.706815254
1.807395894
1.744512
1.848082965
1.825958313
1.805068742
1.787067641
1.768380206
1.755386839
1.706663437
1.706706692
1.70726034
1.710138669
1.708664494
1.709886147
1.744408633
1.749956773
1.753557965
1.738995842
1.735292236
1.719489705
1.723880997
1.706428614
1.706512147
1.706237982
1.706130108
1.708372909
1.70706191
1.708511339
1.707649124
1.711552305
1.707694396
1.706853657
1.70684711
1.706876925
1.70682898
1.826857344
1.83493526
1.714342628
1.804557712
1.787853843
1.770818154
1.790290464
1.771979079
1.759117407
1.75251058
1.745831354
1.740931146
1.782826749
1.743114551
1.737478784
1.75073134
1.842641978
1.841930454
1.84659705
1.856599487
1.853175036
1.728568992
1.734662964
1.742816179
1.750829713
1.718160387
1.796551248
1.789531937
1.706750176
1.706791563
1.785114413
1.734452968
1.824789828
1.807266835
1.792939721
1.774363901
1.75980893
1.706584271
1.706647738
1.705962854
1.705923515
1.707298879
1.706226538
1.710298653
1.746059837
1.740740365
1.749270536
1.734497813
1.723087288
1.706326875
1.706417672
1.706129172
1.706019393
1.706222653
1.705914178
1.705590904
1.707031066
1.708543819
1.709538861
1.705170458
1.706870851
1.711490528
1.752757157
1.705889977
1.713800728
1.706904442
1.706828498
1.706860941
1.706941531
1.812687363
1.829705916
1.717880718
1.790299296
1.776784949
1.758807655
1.773118433
1.762556226
1.754469851
1.753519791
1.731565022
1.764255526
1.762144757
1.734541044
1.729744493
1.740577223
1.820583569
1.824245765
1.820619856
1.828241448
1.838020127
1.727927474
1.73437155
1.742525549
1.747611593
1.752985784
1.722096456
1.77274256
1.77290772
1.706712217
1.706769245
1.729385676
1.808847292
1.802751497
1.794288513
1.77826183
1.761393622
1.706495709
1.706591666
1.705699263
1.705815226
1.705289818
1.705384393
1.757022339
1.741721857
1.733307128
1.706223222
1.70632566
1.706033758
1.705924022
1.704982326
1.70481312
1.705486856
1.705725523
1.707208509
1.713637516
1.710458584
1.705101297
1.706898824
1.716753718
1.752533104
1.766991915
1.706992867
1.75044229
1.80873453
1.705755219
1.727341573
1.763726669
1.704866399
1.817271596
1.71586112
1.748624458
1.70474144
1.720203612
1.706951867
1.70682577
1.706884516
1.799378941
1.817841962
1.724624274
1.77682165
1.76508666
1.763747339
1.757814531
1.754898038
1.762358093
1.725564423
1.759319599
1.750414884
1.728391258
1.72565377
1.733144708
1.806962053
1.802108262
1.797935222
1.72835007
1.73381512
1.739679607
1.744641206
1.750182306
1.763678717
1.7066523
1.706748133
1.728542735
1.794374877
1.788578886
1.779299828
1.764511155
1.706428226
1.705607013
1.705207131
1.705317309
1.738004482
1.706144558
1.705867665
1.70497692
1.705428639
1.70541418
1.708030677
1.719649645
1.712104706
1.705080499
1.72256341
1.752326121
1.740800715
1.769954801
1.707041268
1.743071622
1.705671773
1.722844457
1.723700169
1.722556633
1.761686942
1.704845753
1.704926181
1.800712171
1.80489909
1.717384596
1.721061002
1.740788108
1.753065934
1.738708769
1.706932402
1.706073185
1.786105277
1.795562521
1.704884773
1.704854773
1.726790519
1.706985968
1.706825285
1.706895719
1.790492516
1.731733387
1.760737833
1.777475274
1.768264825
1.758060826
1.755702405
1.757263045
1.725712106
1.72239162
1.754644739
1.749821837
1.742519561
1.722099252
1.733756844
1.725934455
1.788484499
1.787999164
1.784871872
1.787420359
1.735044934
1.739662797
1.736716734
1.743750227
1.753984695
1.706500259
1.706604187
1.706705038
1.732776542
1.782807229
1.776427879
1.766224802
1.70623901
1.705528642
1.705187337
1.705301501
1.705951313
1.705681203
1.705023647
1.705415197
1.708935655
1.725056644
1.712949544
1.705126733
1.752494053
1.741883278
1.757693711
1.764866739
1.707084175
1.719173767
1.719258589
1.718573055
1.717831256
1.757608485
1.704956173
1.705046697
1.789204832
1.789607363
1.720656473
1.715707443
1.717701428
1.723242156
1.743323538
1.750335184
1.737639891
1.735720535
1.70619793
1.774931097
1.777013313
1.782306908
1.759565136
1.769150826
1.718689335
1.772047236
1.705062647
1.705014707
1.705136439
1.728986717
1.707017902
1.70691742
1.706808158
1.776414024
1.731354416
1.749196013
1.766030976
1.752156679
1.753191537
1.732243327
1.724535787
1.720266318
1.748348162
1.743048036
1.728426721
1.738970326
1.720599887
1.779281019
1.777071732
1.770802814
1.776538767
1.732542264
1.738944675
1.734932556
1.746474345
1.755519004
1.70634309
1.70646046
1.706585335
1.763069168
1.706052283
1.70551595
1.705231943
1.705342049
1.70575599
1.705141113
1.709666502
1.725357775
1.713484752
1.705232978
1.744662562
1.749637589
1.738106068
1.753298741
1.758850761
1.707121032
1.718293651
1.715074031
1.715262496
1.714480649
1.716331206
1.75166114
1.705147452
1.705233978
1.775772337
1.776636732
1.720932528
1.715818125
1.715305935
1.737700313
1.733902233
1.733377849
1.706483591
1.764705368
1.76469191
1.774868737
1.754505032
1.762139273
1.716730196
1.769748313
1.761340519
1.719725481
1.757967355
1.706689054
1.757857156
1.712444219
1.706530823
1.705245434
1.705309279
1.705213401
1.705433815
1.705444467
1.727412707
1.706930292
1.707050669
1.706801914
1.763394177
1.728623932
1.746500471
1.739969363
1.743902847
1.7480566
1.732419797
1.728497176
1.722513073
1.733424453
1.721365771
1.726844386
1.715828701
1.770123222
1.768851643
1.761992735
1.763932491
1.730933787
1.734708865
1.741098313
1.748108734
1.752921597
1.706177616
1.706301442
1.70640861
1.705873093
1.705614199
1.705433552
1.705319349
1.705315207
1.709888123
1.724830814
1.722455772
1.712829647
1.705370465
1.74213607
1.744889002
1.746386846
1.737554174
1.751476477
1.747502787
1.75113003
1.707152237
1.719062949
1.711719244
1.711483451
1.713504572
1.71607848
1.745329518
1.705394792
1.705472182
1.762881379
1.717087858
1.713210018
1.738186197
1.733397999
1.731160864
1.7311471
1.705735885
1.706557004
1.755905538
1.754541528
1.767787778
1.749306395
1.755280882
1.712995834
1.714794694
1.76281393
1.754771105
1.72112623
1.718941215
1.751579761
1.750585506
1.751691111
1.710900727
1.710100751
1.706398945
1.706248196
1.706654763
1.706375424
1.745428378
1.734681386
1.747275465
1.705512918
1.705538095
1.70558132
1.705765119
1.705804565
1.725486321
1.723436674
1.706800439
1.706962359
1.707179978
1.749770926
1.727798005
1.742188574
1.737869719
1.731387114
1.743425729
1.73851147
1.74079288
1.733669813
1.728615224
1.723344786
1.717710223
1.712845996
1.724467999
1.763353748
1.762611375
1.755351361
1.750319543
1.731263835
1.736976932
1.742434443
1.745711317
1.748504587
1.706001154
1.706128199
1.705730049
1.705533852
1.705423224
1.705514319
1.7093332
1.706472479
1.710095336
1.705510286
1.737953509
1.742029912
1.743397701
1.742987134
1.746805245
1.743349532
1.743699054
1.717925325
1.706979852
1.708272375
1.707975034
1.713821501
1.740277608
1.705669298
1.705725409
1.713088407
1.71672351
1.715032853
1.709874433
1.729890915
1.731688462
1.728744846
1.728830638
1.706122446
1.706089202
1.745564296
1.762122133
1.742019982
1.748982871
1.71141646
1.709516667
1.756687141
1.751011236
1.721210653
1.718816969
1.743193381
1.743782328
1.743911773
1.707652396
1.709195201
1.710805549
1.70624514
1.706561391
1.706012366
1.706076026
1.706489332
1.706257035
1.737380328
1.738154072
1.734906671
1.731654019
1.738826952
1.705405064
1.739023277
1.737862188
1.742886512
1.733872171
1.739766096
1.748431031
1.707187852
1.712450954
1.726547425
1.737406863
1.732026504
1.705862179
1.705849932
1.706152355
1.706180161
1.723369433
1.726081115
1.706750552
1.706984536
1.707194075
1.737966905
1.737936485
1.729555763
1.731182951
1.728311201
1.719246364
1.73842972
1.735906605
1.733620107
1.728666717
1.722988849
1.707916165
1.713428419
1.705714123
1.757052433
1.758829245
1.752742132
1.733927407
1.737948733
1.741030915
1.744347486
1.747575525
1.705827529
1.705629385
1.705532065
1.705758215
1.706425679
1.706476096
1.705644144
1.736849464
1.741215559
1.741293577
1.739470784
1.738985408
1.738650819
1.736849908
1.717375752
1.705194391
1.705357913
1.705578936
1.705368579
1.712655784
1.736137197
1.705959749
1.706003725
1.709311256
1.714450355
1.716221092
1.706801916
1.72732441
1.728921333
1.72627723
1.706463259
1.706515302
1.735321703
1.756403025
1.727845956
1.740629643
1.707636945
1.706878344
1.752345999
1.722201119
1.719342655
1.729695867
1.705153683
1.707289482
1.708367832
1.706092899
1.705881463
1.705954279
1.706545068
1.706311075
1.706142831
1.728560653
1.723849014
1.726541999
1.730006111
1.728903712
1.731404859
1.730998209
1.737661284
1.719953377
1.738815909
1.745928561
1.706775333
1.70941867
1.711315668
1.724496821
1.725235099
1.729579811
1.729214829
1.732394255
1.706805156
1.743740693
1.725680005
1.706081407
1.705838299
1.707115245
1.706412816
1.706207458
1.706504079
1.725312036
1.728598189
1.706940287
1.706758016
1.707191815
1.723846474
1.731628845
1.713836647
1.705744001
1.733362289
1.732761563
1.727524424
1.723217876
1.7054503
1.705098006
1.75307004
1.753636978
1.749293315
1.734396891
1.737334063
1.740622447
1.744628245
1.749032069
1.705715359
1.705662594
1.705828003
1.706073725
1.706883871
1.73539504
1.739359191
1.738426507
1.735760754
1.733180252
1.733453636
1.733438273
1.731880617
1.719408884
1.715500546
1.704845408
1.704891939
1.704965793
1.704734802
1.709485813
1.711164288
1.732673007
1.706290449
1.706342053
1.70715096
1.713074513
1.717718203
1.714665109
1.707055789
1.707175614
1.726194202
1.723547191
1.706741733
1.706903573
1.720765962
1.75229128
1.705276238
1.714658515
1.73704608
1.707177713
1.721093336
1.724020833
1.704839213
1.705023668
1.706019071
1.705908148
1.706649312
1.706271147
1.706180627
1.711796496
1.712748956
1.704527478
1.716243941
1.706303743
1.722203511
1.726390052
1.722093681
1.728121034
1.724269587
1.722552906
1.706241232
1.736930689
1.743644748
1.707179885
1.709081914
1.723196191
1.722496689
1.723499302
1.718230312
1.729712974
1.726715974
1.707109994
1.741029205
1.711071492
1.706386215
1.705830098
1.70738816
1.707382447
1.706549631
1.706460111
1.712133087
1.704965423
1.704552059
1.724422376
1.737290659
1.730546892
1.712839367
1.713143831
1.712695856
1.709461889
1.706596984
1.706788194
1.726806254
1.730393642
1.70692024
1.70716534
1.704757746
1.705384819
1.705136705
1.705161352
1.728780184
1.732838747
1.727557489
1.724819812
1.722070389
1.704756491
1.704480554
1.749830316
1.74917781
1.745289948
1.733754461
1.737466017
1.74329079
1.746474428
1.70583137
1.705945547
1.706154267
1.70642426
1.707218495
1.734709909
1.736920262
1.734659733
1.731905166
1.728610212
1.729028371
1.728855368
1.727721719
1.71867152
1.715129915
1.70453666
1.704584128
1.704470638
1.704308763
1.704716548
1.728572701
1.706684914
1.706697163
1.707501445
1.710753088
1.719586825
1.716163451
1.707373744
1.707488793
1.723052128
1.720370613
1.72160385
1.706996519
1.70712259
1.706082377
1.703786383
1.748798851
1.704426397
1.704558553
1.737622028
1.731772904
1.722879988
1.704554532
1.704373434
1.706043931
1.706201484
1.706033987
1.706732512
1.706477022
1.706389348
1.706424079
1.704081351
1.704125706
1.704027703
1.714134834
1.708459673
1.717770031
1.721442167
1.739951739
1.707498713
1.707350138
1.707554569
1.720749714
1.720427906
1.720177969
1.706121856
1.727389121
1.723327642
1.725004099
1.707296598
1.707321701
1.740396152
1.70368842
1.706715655
1.707562554
1.706673758
1.706643537
1.708999242
1.721672545
1.735605037
1.730231624
1.707016904
1.704250744
1.707938948
1.714449312
1.710279745
1.708596146
1.712937918
1.704312351
1.703654675
1.72476008
1.704371088
1.737571334
1.707002565
1.726652024
1.730045508
1.707097404
1.706882564
1.704125161
1.704589835
1.725083251
1.725098113
1.732055715
1.727451735
1.724271651
1.721287317
1.704293379
1.704165153
1.746843985
1.745155207
1.745718727
1.74184993
1.734018264
1.74228215
1.744456594
1.706185127
1.706397907
1.706726174
1.707531736
1.732885652
1.734741348
1.732729892
1.730604468
1.727666883
1.724750841
1.724289658
1.725001423
1.724637766
1.717498063
1.713979975
1.704259557
1.704326416
1.704210224
1.704096884
1.704247466
1.724296192
1.707039976
1.707046024
1.70769898
1.707684891
1.707554031
1.71841642
1.707673125
1.717996093
1.718627307
1.716936128
1.70729069
1.703785307
1.703651795
1.703700913
1.745401144
1.703992011
1.704126953
1.704255768
1.733172296
1.72687926
1.7223305
1.704241101
1.70630367
1.706568852
1.706442308
1.706727081
1.706679975
1.70682883
1.703845478
1.703826254
1.703935875
1.703645969
1.703939377
1.703760806
1.707955065
1.71665061
1.736699615
1.707649337
1.707562259
1.716602373
1.7183977
1.719406724
1.721248997
1.722278496
1.707461004
1.707463224
1.73991799
1.70365379
1.707053665
1.706819907
1.706857833
1.706897187
1.707796646
1.733566422
1.729379021
1.705058989
1.704560571
1.70796609
1.708029093
1.70927724
1.713626592
1.708362718
1.704287751
1.704240875
1.721602638
1.721887594
1.704200401
1.737150045
1.738628738
1.704133838
1.705607125
1.707091186
1.726336922
1.707347903
1.726064582
1.729806605
1.706988579
1.703868874
1.704133749
1.720872719
1.730582981
1.725590472
1.720995741
1.71782736
1.704047588
1.704000956
1.743040446
1.744141544
1.741576693
1.742060499
1.733565603
1.741061646
1.706619853
1.706845944
1.707079724
1.707759247
1.707628296
1.731573024
1.730324366
1.728370971
1.723169016
1.720628449
1.720695573
1.720747694
1.72129936
1.713281207
1.704109962
1.704165571
1.704054219
1.703983295
1.704197767
1.704171476
1.719708894
1.707359929
1.707361379
1.70781633
1.707821524
1.707802655
1.707806313
1.717683697
1.713558007
1.714596461
1.715515167
1.715633949
1.713701896
1.707601738
1.703669888
1.70370486
1.703676675
1.703731054
1.741649082
1.703826663
1.703908996
1.704008767
1.724418986
1.729128824
1.721632254
1.706747026
1.707050533
1.706906009
1.707065071
1.707162527
1.703788596
1.703735005
1.703729723
1.703750616
1.704256748
1.704017129
1.706139409
1.71236788
1.73290918
1.707806829
1.713102479
1.715864608
1.71817071
1.707648641
1.738423194
1.707376493
1.706896999
1.706984295
1.70716214
1.707988488
1.727958014
1.70511576
1.708065453
1.708148766
1.708112434
1.708166472
1.71174486
1.707297431
1.704347837
1.704269274
1.719010514
1.718117863
1.704105684
1.735607282
1.735615992
1.704043706
1.705988906
1.707402365
1.707388251
1.721411648
1.723597251
1.717747031
1.704477502
1.721003907
1.707372032
1.724890275
1.707384846
1.707627499
1.725059088
1.729417563
1.706886706
1.703769373
1.703952499
1.715835289
1.726735338
1.719695264
1.714143519
1.703924542
1.703926821
1.739088908
1.74049344
1.737321303
1.737763812
1.732305337
1.737144663
1.707115856
1.707326478
1.707825569
1.707910105
1.727731958
1.724336537
1.71792392
1.717253157
1.717193578
1.717377508
1.716434141
1.707956774
1.704060373
1.704129895
1.703992541
1.703965139
1.704290872
1.704186566
1.71510172
1.707633815
1.707643322
1.707918749
1.707922425
1.707907869
1.708001716
1.715374499
1.711233258
1.710662222
1.711821542
1.712505788
1.711330886
1.707808479
1.707832337
1.703700521
1.703746466
1.70370293
1.704031092
1.703967281
1.736992497
1.703781487
1.703815451
1.7038739
1.716490112
1.724164239
1.71762805
1.707221162
1.707515513
1.707360562
1.707492515
1.703735856
1.703731954
1.7045052
1.706706533
1.706563659
1.728342647
1.710888038
1.713767934
1.711689927
1.734543885
1.707648533
1.706935173
1.70711486
1.707326587
1.708102663
1.723802724
1.706111576
1.705311418
1.70812511
1.708153581
1.708130317
1.7081776
1.708201601
1.704444799
1.715442482
1.715465844
1.704107879
1.731476373
1.73035092
1.704037057
1.707629077
1.707607287
1.707508874
1.716083771
1.717989177
1.719609109
1.714442976
1.704664106
1.717035505
1.71510506
1.707669577
1.707643285
1.707634152
1.708121912
1.713314824
1.707848304
1.720595515
1.726954949
1.706796329
1.703772963
1.703868907
1.712851369
1.712021174
1.719631502
1.719546973
1.721843958
1.711714471
1.711601664
1.704933819
1.706260941
1.70389792
1.703975816
1.734215666
1.735635214
1.73198109
1.732112149
1.73234251
1.707604659
1.707969479
1.707999377
1.717026317
1.712628732
1.713407746
1.7137651
1.713784785
1.712573339
1.704119252
1.704192981
1.70404398
1.704381882
1.711617657
1.707848705
1.707856737
1.708017412
1.708020317
1.708095939
1.708202117
1.709243094
1.70963885
1.708993228
1.709267989
1.709640682
1.709484857
1.707962903
1.703820966
1.703772704
1.703972042
1.704537903
1.704314001
1.729487253
1.703840183
1.703824142
1.703833945
1.709826731
1.707094876
1.718360454
1.712119624
1.708154344
1.707634296
1.707827338
1.707780626
1.703795015
1.703852302
1.705219414
1.707091221
1.706931759
1.718771527
1.710271001
1.728413246
1.707855843
1.706954381
1.707165548
1.707336359
1.708104247
1.706083039
1.706701105
1.708045001
1.708059685
1.708064329
1.704677583
1.712403484
1.72419057
1.707696251
1.707545159
1.707411148
1.712047872
1.713275796
1.714483674
1.711273692
1.704915567
1.712671828
1.71122847
1.707831332
1.707859213
1.707836312
1.707959689
1.711213949
1.710457405
1.707417347
1.708035288
1.707929846
1.707168991
1.707980015
1.70817072
1.715511371
1.719792587
1.706716529
1.703887151
1.703883493
1.709998832
1.713438751
1.713720692
1.707666085
1.70660012
1.705111782
1.705325396
1.703969513
1.704156921
1.70411997
1.727130135
1.728573565
1.722931552
1.707858082
1.708036029
1.708071796
1.711697765
1.710179915
1.709634667
1.710736042
1.709521399
1.704236584
1.704327854
1.704636538
1.707989366
1.707983726
1.708083462
1.708083965
1.707983607
1.707950541
1.707883216
1.707645082
1.707133442
1.708321703
1.707907813
1.708024699
1.704044399
1.703997079
1.704333964
1.705324551
1.704819597
1.718254346
1.714650161
1.704012545
1.703947256
1.703898862
1.707623321
1.707572171
1.708027367
1.70787138
1.707879303
1.707931878
1.707763332
1.707662193
1.703976916
1.704084494
1.706094368
1.707566748
1.707217157
1.707923307
1.710360596
1.7173232
1.707977428
1.706923662
1.707080385
1.707990021
1.706885878
1.707872766
1.707845207
1.705016265
1.707449761
1.707207085
1.707099399
1.710561315
1.709761741
1.710877956
1.709150799
1.708421917
1.707764898
1.707966722
1.707939588
1.708965103
1.709611371
1.708391083
1.708062523
1.706879084
1.706835028
1.706790413
1.706772813
1.707657515
1.706631787
1.704376988
1.708035778
1.707928502
1.707883416
1.708201682
1.708242206
1.706622845
1.704148107
1.704013122
1.707551439
1.709170035
1.708986423
1.705629896
1.705534043
1.705413728
1.705697753
1.704143687
1.704442684
1.704337718
1.711722738
1.708204122
1.707961897
1.708043163
1.708049462
1.708067955
1.708048664
1.708764324
1.707845864
1.708314141
1.708233684
1.708045806
1.70698469
1.704534678
1.704974524
1.708021774
1.70800705
1.707961891
1.707689569
1.706373233
1.706756786
1.706397726
1.706207077
1.704393168
1.704905808
1.705733599
1.70834315
1.708327569
1.70420592
1.704084786
1.707923206
1.707718655
1.707617973
1.707703517
1.707830123
1.707313073
1.707206448
1.704428174
1.706593103
1.707967827
1.707507279
1.708103123
1.708206297
1.708254012
1.707994074
1.706796255
1.707777541
1.707193583
1.707670402
1.707626027
1.70538473
1.706913182
1.706614691
1.706524137
1.708091234
1.707745489
1.705848771
1.705907567
1.707969914
1.707319235
1.708029384
1.706513908
1.706315858
1.7063978
1.706242566
1.706591745
1.707973004
1.706633652
1.704748199
1.704659786
1.708056899
1.707908678
1.707988883
1.707972718
1.707584208
1.708038426
1.707779284
1.707685456
1.707545223
1.707923964
1.706485682
1.704461339
1.704299009
1.706371517
1.705877381
1.706132288
1.706704007
1.7058759
1.70577434
1.706057511
1.704954454
1.704626637
1.708269115
1.708341169
1.707726493
1.70799593
1.707939676
1.707914783
1.706569392
1.706714571
1.706021174
1.706752235
1.705950689
1.705721171
1.705752946
1.705610986
1.707949488
1.707931182
1.707715855
1.707491735
1.707467275
1.706309644
1.706426377
1.706733716
1.706046015
1.706177186
1.705292382
1.706578109
1.708335745
1.704529694
1.708221111
1.707056298
1.707390971
1.706622696
1.706484688
1.704926241
1.705430977
1.708193212
1.707850588
1.70795506
1.708107854
1.707474777
1.707569425
1.706140621
1.705834172
1.705820472
1.70621041
1.706088041
1.706108479
1.706187857
1.707705417
1.707893268
1.706563269
1.705655865
1.705939394
1.706334414
1.705648622
1.708228803
1.708209458
1.705178679
1.705114554
1.705058107
1.707776151
1.707728613
1.707193028
1.70824621
1.707832667
1.707852161
1.707799204
1.707389954
1.707325812
1.707608367
1.707300962
1.706257118
1.705005775
1.704685337
1.705720268
1.705877752
1.70622873
1.706242253
1.706161938
1.706433753
1.705658795
1.705083425
1.708052248
1.708340117
1.708348169
1.707012365
1.707167335
1.707848201
1.707691457
1.707637009
1.706298986
1.706134292
1.706043253
1.705916916
1.706240391
1.705717344
1.705841027
1.706148457
1.707757713
1.70740463
1.707273715
1.706428445
1.706296639
1.706712282
1.70604246
1.706153666
1.706424945
1.705084674
1.7061318
1.706606788
1.705723475
1.705602127
1.705868945
1.708142466
1.707821972
1.707208504
1.707876383
1.705241881
1.705009751
1.705119999
1.706312795
1.706428354
1.706381084
1.706475833
1.707323783
1.707612823
1.706562554
1.704974413
1.705439029
1.705965358
1.705073538
1.708333683
1.708339863
1.708311772
1.705731627
1.705559749
1.705567066
1.707585653
1.707395217
1.707550928
1.708279045
1.708139108
1.706073764
1.706031225
1.706123875
1.707561776
1.707565923
1.70757991
1.707479386
1.707127338
1.70735514
1.707086511
1.70705735
1.705944303
1.705771387
1.705347799
1.705797848
1.705933788
1.706465167
1.706607875
1.706576156
1.706783839
1.706419926
1.705832238
1.707965421
1.708341877
1.706273934
1.706058614
1.706704028
1.707329545
1.707267974
1.707285441
1.706394366
1.706283568
1.706000185
1.705899166
1.707019876
1.70702037
1.706420354
1.706297217
1.706696592
1.706183028
1.707065505
1.705912923
1.705161528
1.705606971
1.704822058
1.704715013
1.706774893
1.70830928
1.708138862
1.707658942
1.704400831
1.704432942
1.706619618
1.706778595
1.706581978
1.706732889
1.707233755
1.706540877
1.704454918
1.704977955
1.705541303
1.704607836
1.708329307
1.706244435
1.706313432
1.707391898
1.706979775
1.707942467
1.708187237
1.706020031
1.706585328
1.706374082
1.706182624
1.706391459
1.707188066
1.707192535
1.706842592
1.706882876
1.707128353
1.706766287
1.705564957
1.706696249
1.706292774
1.705927475
1.706554315
1.706746993
1.706997588
1.706925062
1.706881996
1.706743933
1.707955714
1.707772551
1.70821028
1.70514108
1.705632806
1.705008528
1.706119466
1.706877177
1.706890999
1.706847351
1.706169481
1.706094858
1.706769767
1.706410066
1.706310907
1.706687069
1.70616734
1.707862796
1.706844386
1.704310189
1.704647825
1.704105333
1.704083212
1.707511263
1.708298994
1.708279449
1.707428658
1.703953562
1.704042619
1.706943456
1.707083705
1.706995666
1.7067941
1.706534389
1.704157231
1.704637059
1.705138715
1.70433356
1.708195574
1.706905621
1.706949299
1.707163073
1.706332425
1.706747114
1.708180955
1.70607172
1.707127886
1.706622194
1.706459072
1.704465424
1.706637319
1.70649404
1.706590429
1.706896814
1.706624774
1.706474674
1.705186567
1.70757638
1.707272135
1.706105067
1.706825058
1.707029609
1.707191851
1.707262201
1.707251979
1.70747046
1.707604824
1.707547352
1.707962878
1.704135045
1.704552918
1.705077287
1.704161156
1.705504207
1.706441811
1.706343793
1.706392885
1.706327312
1.706469066
1.706329837
1.706685933
1.70622373
1.708254579
1.708088672
1.70762211
1.703748752
1.70388554
1.703710205
1.703766537
1.708059605
1.708275891
1.707098071
1.703840549
1.703964406
1.707208356
1.70723827
1.706254761
1.70412561
1.704832469
1.704286401
1.707237829
1.707459978
1.706139316
1.706208152
1.707451635
1.70688395
1.70667973
1.704489104
1.70465823
1.705756101
1.706276925
1.705984373
1.706310665
1.706643853
1.706009272
1.704894339
1.708071101
1.707958431
1.706299064
1.707087526
1.707261671
1.707421852
1.707393202
1.707459979
1.70782981
1.707614743
1.707161595
1.707137724
1.703555066
1.70374401
1.703534435
1.7040533
1.704469226
1.704713296
1.705449881
1.705863846
1.705682905
1.706688699
1.706543378
1.706700234
1.706513136
1.706469375
1.706339197
1.708175951
1.708133578
1.70357669
1.703521478
1.703700246
1.703814222
1.707725354
1.706665389
1.70405656
1.704175916
1.707418826
1.704338498
1.70444971
1.707700482
1.706395315
1.707606854
1.707139954
1.706931538
1.704660302
1.704635091
1.705205513
1.707721456
1.704543171
1.70596439
1.705431398
1.705539704
1.706109936
1.704787232
1.70805488
1.70790825
1.706552526
1.707328572
1.707433146
1.707538869
1.707554032
1.707635345
1.707785326
1.707094549
1.706606005
1.703409502
1.703321973
1.703385061
1.703285002
1.703592268
1.703803804
1.705264793
1.704713176
1.706799237
1.706992876
1.70673688
1.706639362
1.706630854
1.706510011
1.70778293
1.707762189
1.707818779
1.703794663
1.703568516
1.704052844
1.704188046
1.70718294
1.704500198
1.704583881
1.707510113
1.704705818
1.704748943
1.706653147
1.707377648
1.707204483
1.704918875
1.704742935
1.707638776
1.706065334
1.707449752
1.703565591
1.703790763
1.704930915
1.704772778
1.705478224
1.704942653
1.704861895
1.707594146
1.707475899
1.707347766
1.706888085
1.707504994
1.707563884
1.707484573
1.707390289
1.70641018
1.70351799
1.703677655
1.703305895
1.703167445
1.703151633
1.703193983
1.704162454
1.70709825
1.707273093
1.706815168
1.706788348
1.706778685
1.706866027
1.707116893
1.706975646
1.703960098
1.704267568
1.704582355
1.704623795
1.704818467
1.706338104
1.705024128
1.705036385
1.707497024
1.705092488
1.705073034
1.706969797
1.705164518
1.704955763
1.707438472
1.705591135
1.707482082
1.707521927
1.703142128
1.703053777
1.703195169
1.70346886
1.704294566
1.704271001
1.70484247
1.704204154
1.705079358
1.70665921
1.70675561
1.706742304
1.706504667
1.707230002
1.707438441
1.707206445
1.707086231
1.707285475
1.706925166
1.705498692
1.70401474
1.703705405
1.704204048
1.703399871
1.703186317
1.703102588
1.703765567
1.707370802
1.706961175
1.707008762
1.707119726
1.707120467
1.706082252
1.705914056
1.704530342
1.704859504
1.705105114
1.705167338
1.705304607
1.705315975
1.705386858
1.705360887
1.705350889
1.705286305
1.705300579
1.705184216
1.707526432
1.707513221
1.707336408
1.707260768
1.703079168
1.703102434
1.703245816
1.703081252
1.703244553
1.703608563
1.704478477
1.703994341
1.703556688
1.705334946
1.705364113
1.705665482
1.705881327
1.705888938
1.706163746
1.705549552
1.707359603
1.707467709
1.707052793
1.706483085
1.706755721
1.706438694
1.704292826
1.704586285
1.703941014
1.704766419
1.70361843
1.703483489
1.707126664
1.707231299
1.707333729
1.704839809
1.704829704
1.705038452
1.705262116
1.705394716
1.705444599
1.705474373
1.705447725
1.705428548
1.705340603
1.705347403
1.705295599
1.705264243
1.705332922
1.707504356
1.707442516
1.707143278
1.706883939
1.706733171
1.705338338
1.703237965
1.703451046
1.703535566
1.703818121
1.703113392
1.703131533
1.70391778
1.703633105
1.703363787
1.703211959
1.705495547
1.704322346
1.704644194
1.704699245
1.70502854
1.704959874
1.705330256
1.705643039
1.707474901
1.70641153
1.705707527
1.70603605
1.70456346
1.704796863
1.705002007
1.704247731
1.705109979
1.70411926
1.707240379
1.707376811
1.704001525
1.705236697
1.705292587
1.705280754
1.705329845
1.705246217
1.70513189
1.705138118
1.705053296
1.705090028
1.70504698
1.705049244
1.70730397
1.707397962
1.706603374
1.706893249
1.706265014
1.706077732
1.705232289
1.703798339
1.703490423
1.704114238
1.704209643
1.704501763
1.703283294
1.703253002
1.703402661
1.703502333
1.703254679
1.703206784
1.705438161
1.703939048
1.703700469
1.704030692
1.704257487
1.704336026
1.704601421
1.70488476
1.704995224
1.707340174
1.705694521
1.705308477
1.704942406
1.704970072
1.704786792
1.705030784
1.70501556
1.704741003
1.705044175
1.707253051
1.704987251
1.704869984
1.704755432
1.70479777
1.704635917
1.704475146
1.704567694
1.704523553
1.70464774
1.70466227
1.704751418
1.706958831
1.707159007
1.705980881
1.706328807
1.706468081
1.705618762
1.705415173
1.704982081
1.704468936
1.704161489
1.704508675
1.703841687
1.704776616
1.704852235
1.705019166
1.703738694
1.703519819
1.703447329
1.703379133
1.703512406
1.70337576
1.703429547
1.705199541
1.703626198
1.703728878
1.703874855
1.703958616
1.704127813
1.704330283
1.704425275
1.704718419
1.707094869
1.707102198
1.705021197
1.705057406
1.70498217
1.704936174
1.705084591
1.704763794
1.704545625
1.704514684
1.704282817
1.704141587
1.703876928
1.703960091
1.703798127
1.703695271
1.703887937
1.703962226
1.704169166
1.704296555
1.706714208
1.706803742
1.70539347
1.705738409
1.705908985
1.70623429
1.705060275
1.704899836
1.704716863
1.704335529
1.704094675
1.70462087
1.704530266
1.704846032
1.705047137
1.704410085
1.705185584
1.705178492
1.705121678
1.704138601
1.70389891
1.703736942
1.703796086
1.703767741
1.703733107
1.703889296
1.704904346
1.703839797
1.703857818
1.70394571
1.703988617
1.704074138
1.704147001
1.704294391
1.704503862
1.706787802
1.704931863
1.704817063
1.70451691
1.7043896
1.70403382
1.70367036
1.703643122
1.703390146
1.703281877
1.703117286
1.702909222
1.703054524
1.702998516
1.703061048
1.703386214
1.703549097
1.703850724
1.706285178
1.70655265
1.70493112
1.705226402
1.705402145
1.705751677
1.704676667
1.70454345
1.704562899
1.704413308
1.704146106
1.703829446
1.704373563
1.705038885
1.704969878
1.705222209
1.705181849
1.705227343
1.704762368
1.705089891
1.705000238
1.704672139
1.704543515
1.704501397
1.704153054
1.704238875
1.704377315
1.70434674
1.704228841
1.704728807
1.704179259
1.70418329
1.704143627
1.70418761
1.704203329
1.704280174
1.706344057
1.704220835
1.704091192
1.703581372
1.703444529
1.702999132
1.702591544
1.702531093
1.702287947
1.702356225
1.702213086
1.702188192
1.702399881
1.702605682
1.703034467
1.703485882
1.705831104
1.704861851
1.70465816
1.705029766
1.705340523
1.704518892
1.704438528
1.704591017
1.704678337
1.70443375
1.704119177
1.703832037
1.704389104
1.705156523
1.70517603
1.705108704
1.705081393
1.705111899
1.704834967
1.70500774
1.704449111
1.704272011
1.703686698
1.704986976
1.704856666
1.70469334
1.704742741
1.704796938
1.704917274
1.704655279
1.704784507
1.704548897
1.704472642
1.70448222
1.704391297
1.704348326
1.705822008
1.703134834
1.70253395
1.70234401
1.701939
1.701618874
1.701636907
1.701550087
1.701656765
1.70175105
1.70199528
1.70229261
1.702769759
1.703318112
1.705341677
1.704683278
1.704793346
1.704598716
1.704997669
1.704590314
1.704555288
1.704786914
1.704850299
1.70499931
1.70459805
1.70440808
1.70395335
1.704638017
1.704981541
1.704802755
1.704770907
1.705064722
1.704385861
1.704498278
1.703939888
1.705070548
1.703394131
1.703158381
1.702587283
1.705117503
1.705121887
1.705167555
1.705118485
1.705142989
1.705017515
1.705044576
1.704905965
1.704906491
1.704760273
1.704634736
1.705338794
1.701986076
1.701530343
1.701415211
1.701194755
1.701126138
1.701246735
1.701383281
1.701573456
1.701945803
1.702452434
1.70276943
1.703359928
1.704987666
1.70472649
1.704690477
1.704808169
1.704727021
1.70480883
1.705153531
1.705052211
1.705234945
1.704978669
1.704701277
1.70423647
1.704956975
1.704947445
1.704333596
1.704616753
1.703938975
1.703917293
1.704676009
1.703310908
1.703434972
1.702775023
1.704901428
1.702213292
1.702025124
1.701538429
1.705089819
1.70529395
1.705215681
1.705364641
1.705356774
1.705298402
1.705357145
1.705296428
1.705166762
1.705013795
1.704974946
1.701147018
1.700971586
1.700985018
1.701100923
1.701390356
1.701890123
1.702197974
1.702799712
1.703428852
1.703679639
1.704809461
1.704799934
1.704769833
1.704837432
1.705108022
1.705286982
1.705280458
1.705304438
1.705342838
1.705255258
1.70506877
1.704670872
1.705266767
1.705176556
1.705034157
1.703728748
1.703277994
1.703845544
1.702875204
1.704214524
1.702353004
1.702148249
1.701654125
1.704585126
1.701262221
1.701154637
1.700927445
1.704870713
1.704988764
1.705231126
1.705393446
1.705454675
1.705481568
1.705523893
1.705452635
1.705340969
1.704781555
1.700893512
1.701081605
1.701267853
1.701693945
1.702329223
1.703031751
1.703388156
1.704109551
1.70462278
1.704778169
1.704843254
1.704951073
1.705322285
1.705210257
1.705173323
1.705250215
1.705394377
1.705231357
1.705485781
1.705437178
1.705419448
1.70519148
1.705299547
1.70510146
1.702658685
1.702804689
1.702279546
1.703211592
1.701821088
1.703685064
1.701417716
1.701241557
1.700950733
1.704092562
1.700858739
1.700869528
1.700994967
1.704240326
1.704661896
1.705037188
1.705301917
1.705384242
1.705424373
1.70545931
1.704759826
1.701347649
1.701886434
1.702200178
1.7028793
1.703692399
1.704406107
1.704754771
1.705340416
1.704849093
1.704968193
1.705350029
1.70479664
1.704860668
1.704802776
1.705052543
1.705348303
1.704899984
1.70559178
1.705717865
1.705319003
1.705179745
1.705234973
1.705231898
1.705079032
1.704980792
1.70177046
1.701878543
1.702202795
1.701473913
1.702591369
1.701186216
1.703084964
1.701004674
1.700928189
1.701069022
1.703142044
1.701214691
1.701710687
1.703722927
1.704268904
1.704708537
1.70492732
1.705265618
1.705091596
1.704859856
1.702412122
1.70319266
1.703555603
1.704300905
1.705021011
1.705485225
1.705623734
1.704959496
1.705140615
1.704257399
1.704098945
1.704366815
1.704302921
1.704695059
1.705069779
1.70447758
1.705315027
1.70574841
1.704937655
1.705122585
1.705111242
1.705111477
1.704985525
1.705047241
1.701311159
1.701374298
1.701518874
1.701745657
1.701205375
1.702070967
1.701185913
1.701273842
1.701345766
1.701933279
1.702681417
1.702163132
1.702267357
1.702962782
1.703252547
1.703811317
1.704151335
1.704754961
1.704278311
1.704677381
1.704998246
1.703802063
1.704657307
1.704856791
1.705461376
1.705791047
1.705845517
1.704713636
1.703476925
1.703694181
1.703488803
1.703737974
1.703910721
1.704071661
1.704299969
1.705053569
1.705321196
1.70432039
1.704951744
1.704849192
1.705052168
1.705080195
1.704570398
1.703772712
1.70151008
1.701465243
1.701406439
1.701369262
1.701424792
1.701625858
1.701485499
1.701845007
1.702165641
1.702361696
1.703234578
1.701752384
1.702238684
1.703628092
1.704316043
1.702802884
1.703224592
1.703992514
1.704135638
1.704435048
1.705080145
1.70497849
1.705676346
1.705472035
1.705827139
1.705686063
1.704137751
1.7028721
1.703091473
1.703409261
1.702832928
1.702959588
1.703039707
1.703775187
1.704044388
1.704709952
1.703573353
1.704889023
1.704681058
1.704478775
1.705031027
1.704088597
1.703518174
1.703940432
1.704091614
1.702315411
1.702227744
1.701935427
1.701654539
1.70145154
1.701393546
1.702563691
1.701371285
1.70296603
1.70342817
1.703691356
1.704521407
1.701565016
1.701971359
1.704848043
1.705301808
1.702372595
1.703130427
1.704295532
1.704529598
1.705050819
1.705591528
1.70562016
1.705595708
1.705271526
1.703592315
1.70236265
1.702719996
1.703153452
1.702158026
1.701984592
1.702221574
1.70255784
1.703249982
1.702532203
1.703958351
1.703084081
1.702750326
1.704881639
1.704650931
1.704366037
1.703652236
1.703680619
1.704016442
1.704421477
1.704079309
1.703781738
1.703049477
1.703405351
1.703435704
1.702567144
1.702162671
1.702009656
1.70170099
1.703781738
1.701527948
1.704209727
1.704675292
1.70486941
1.705349256
1.701622537
1.701865545
1.705473615
1.705508616
1.702285037
1.704728255
1.704965871
1.704897629
1.705270602
1.704847162
1.704592698
1.703164716
1.701980685
1.702511919
1.703125192
1.701620025
1.701389392
1.701383646
1.701299932
1.70165504
1.70232193
1.703039643
1.702719716
1.702396143
1.704664371
1.704395756
1.703385963
1.70395671
1.704532731
1.704756383
1.705058881
1.704161076
1.703902071
1.703658553
1.704303459
1.703853477
1.704596241
1.704616236
1.70337717
1.703161315
1.702694723
1.702210546
1.704872715
1.701952918
1.705142431
1.705400524
1.705367633
1.705484084
1.705365438
1.702032011
1.702119987
1.705242962
1.704811912
1.705273346
1.705425294
1.705560151
1.704665952
1.704124811
1.703407163
1.703021871
1.702057704
1.702517098
1.703287624
1.701460703
1.70104004
1.700787422
1.700702134
1.700955387
1.701474229
1.70184082
1.702785957
1.702568947
1.704432102
1.703408683
1.704996252
1.704448514
1.705390325
1.705489799
1.705667403
1.704065613
1.704232008
1.703942728
1.703800025
1.704234835
1.705330725
1.705066317
1.704711323
1.705441024
1.705403634
1.704561597
1.703974375
1.70346088
1.702908117
1.705473009
1.702828651
1.70547804
1.705362091
1.705304401
1.705006842
1.70451538
1.702598433
1.704220659
1.703456646
1.705838255
1.705988029
1.705973609
1.704441727
1.702571442
1.703281989
1.703134549
1.70235386
1.703504961
1.701612794
1.701235938
1.700693682
1.700415363
1.700491065
1.700659947
1.70122724
1.703319283
1.703252724
1.704292842
1.703770513
1.705768251
1.70546697
1.705311569
1.705914762
1.705926336
1.705948958
1.704177789
1.704208502
1.704207564
1.704190221
1.704802333
1.704681844
1.705798804
1.705755144
1.705704354
1.705679802
1.705613339
1.705509404
1.70533818
1.704828393
1.704152736
1.704748321
1.704025609
1.705312271
1.703573963
1.704990872
1.704576891
1.704422699
1.703841978
1.703164611
1.702789715
1.701919513
1.705897907
1.705748125
1.706029748
1.704310568
1.703904957
1.704504813
1.703749525
1.702912595
1.702480138
1.701651201
1.700907787
1.700477156
1.700406645
1.700455723
1.700777889
1.704153966
1.704264122
1.704384434
1.705967718
1.705978891
1.705948693
1.705765782
1.705867387
1.705867426
1.705740284
1.70444325
1.704319823
1.704613439
1.705668266
1.705005637
1.704940566
1.705117746
1.700997156
1.705985499
1.705733735
1.705401008
1.706088562
1.706090373
1.704986922
1.704829681
1.705898068
1.705807907
1.705418456
1.705232042
1.704731712
1.704405079
1.703864351
1.703305029
1.703113041
1.702462976
1.701827567
1.701556796
1.705285971
1.705124759
1.705195651
1.705490686
1.704390134
1.704642121
1.705170394
1.704483465
1.704168061
1.703181988
1.702313839
1.701455953
1.701184171
1.700760334
1.700581938
1.700660486
1.70507788
1.705249624
1.705040697
1.705723758
1.705441356
1.705778764
1.705988044
1.706070558
1.705147697
1.705180294
1.704790548
1.704573475
1.706043204
1.705206347
1.705083723
1.705315282
1.705262954
1.700826618
1.705447689
1.705614179
1.704889497
1.704824388
1.704259722
1.705979447
1.70617632
1.703709766
1.703569555
1.706191828
1.706104339
1.705997343
1.705668344
1.70306375
1.702519688
1.70204761
1.701851456
1.701374134
1.700997807
1.704376491
1.704078395
1.704063031
1.704305044
1.704542084
1.704670945
1.70536419
1.70574771
1.705609107
1.704964644
1.704137442
1.703915554
1.702999889
1.70270243
1.701957696
1.701376998
1.701254058
1.700999363
1.705662402
1.705814426
1.705443647
1.704678937
1.704818427
1.704240988
1.705435334
1.705886066
1.703857298
1.704889442
1.706177517
1.705066045
1.705172968
1.705130941
1.705282375
1.705025465
1.701017087
1.704074173
1.704327971
1.704987169
1.70345035
1.703310675
1.702727029
1.705526042
1.705637739
1.702256166
1.702188843
1.705958229
1.705942645
1.705975291
1.701784968
1.701522608
1.701219294
1.701127364
1.700987385
1.70285069
1.703347948
1.70282404
1.702359288
1.703349422
1.703459907
1.705047132
1.705586749
1.706231293
1.706090716
1.705671942
1.705452
1.704779247
1.70443196
1.70361083
1.702830613
1.70260863
1.701957624
1.701903823
1.705612078
1.70567195
1.705320993
1.703067669
1.703144812
1.703902125
1.7026286
1.704775402
1.705474197
1.705734118
1.704933792
1.704542597
1.705172877
1.705208724
1.704757984
1.701472954
1.70241962
1.702602526
1.703393831
1.704133058
1.701869848
1.701764599
1.701394715
1.704421642
1.705086569
1.701167795
1.701226092
1.705434609
1.701140097
1.70111318
1.701114335
1.701205842
1.701216071
1.701450047
1.701865479
1.702457731
1.701113939
1.702569325
1.702569676
1.705352185
1.705188569
1.70616507
1.706293601
1.706229214
1.705943897
1.705722623
1.705108077
1.704389626
1.704007189
1.703229584
1.702654261
1.70490119
1.704808731
1.704681088
1.70123561
1.701305596
1.701877628
1.702850141
1.703823058
1.704140557
1.705047582
1.704485748
1.705057314
1.703854533
1.704032013
1.70208438
1.701106519
1.701122689
1.701747412
1.702461975
1.702801935
1.700763002
1.700789172
1.700759902
1.703594124
1.704328464
1.700878572
1.701001178
1.701222116
1.701299562
1.701592661
1.70198023
1.700260359
1.70073107
1.70131486
1.701891806
1.699930607
1.702103473
1.70206819
1.705335195
1.704289023
1.705702817
1.705790664
1.706051367
1.705972361
1.705835471
1.70544918
1.705112191
1.704517899
1.703873018
1.703346803
1.703765509
1.703568189
1.703751406
1.699624915
1.699894597
1.70063563
1.701554236
1.701816671
1.702920945
1.703964522
1.703953035
1.704669108
1.703291037
1.703248506
1.703195976
1.700519898
1.700701551
1.701141325
1.701450101
1.702125566
1.700628723
1.700763187
1.701113016
1.702902475
1.701584664
1.701714367
1.702137863
1.702243102
1.702698558
1.699875399
1.6992833
1.700563693
1.701201936
1.701676299
1.698732456
1.701912785
1.701895523
1.701925013
1.705015145
1.703201337
1.704294452
1.705067817
1.705364158
1.705507073
1.705314754
1.705109705
1.704773355
1.704406946
1.704316462
1.702634602
1.702374181
1.702870241
1.698505473
1.698671399
1.699367101
1.6992762
1.700180785
1.701439778
1.701883932
1.704227038
1.703564553
1.702769864
1.703086779
1.703949703
1.700999213
1.700702562
1.700712491
1.70089385
1.701238228
1.701778091
1.701505145
1.701751365
1.702456027
1.703044414
1.703000619
1.703534626
1.703544346
1.700136122
1.699353092
1.698716835
1.700862962
1.701413748
1.701729827
1.698018646
1.701827753
1.701836319
1.701835542
1.704551069
1.702336893
1.70296003
1.703884574
1.704383869
1.704395848
1.704661845
1.704814657
1.70481706
1.704807392
1.704782215
1.701959184
1.701733094
1.702405957
1.697597354
1.697575372
1.697645174
1.698743647
1.699225536
1.700314685
1.70392172
1.70351637
1.702812984
1.703338515
1.704637702
1.703802772
1.702388407
1.701709433
1.701313896
1.701345726
1.701282138
1.70142998
1.703103593
1.703447751
1.704315391
1.704459916
1.704690154
1.700760017
1.700013146
1.699529525
1.698457043
1.701340119
1.701677756
1.697532272
1.701649319
1.701678985
1.701483922
1.701431374
1.704213884
1.702173566
1.701491783
1.702361016
1.702495823
1.70317858
1.703741724
1.704259559
1.704268187
1.704672072
1.704982628
1.701936597
1.702614303
1.696889424
1.696526546
1.696857964
1.697036875
1.697801305
1.698897246
1.703929059
1.703375685
1.703960625
1.70518289
1.704139595
1.70436584
1.704156908
1.703360742
1.702725472
1.702631569
1.702207857
1.701963269
1.704781826
1.704985616
1.705446544
1.705351115
1.700692394
1.701318644
1.69946107
1.700610361
1.698310907
1.701601971
1.697266221
1.701023292
1.701277051
1.701053136
1.700669134
1.700426324
1.704207411
1.702821932
1.699840003
1.700022941
1.701001163
1.701923038
1.702754337
1.703163569
1.704184534
1.704623468
1.702834354
1.703380995
1.696545521
1.696020952
1.695820763
1.696057628
1.696688005
1.697642893
1.70426016
1.704731504
1.705210215
1.704559015
1.704970443
1.705063968
1.705583872
1.704340569
1.704325785
1.703653755
1.703144887
1.705865672
1.705832835
1.705582907
1.701255889
1.701414781
1.700462082
1.699450639
1.701073763
1.698330239
1.697446735
1.699589898
1.700192449
1.699869743
1.700675376
1.699693238
1.699370864
1.698792013
1.704587705
1.703937443
1.697460638
1.698636844
1.699659191
1.700560268
1.701063873
1.702495264
1.703049407
1.703949819
1.704092033
1.70442647
1.696284961
1.695738544
1.695410333
1.695518967
1.696049753
1.705140078
1.705322149
1.704537219
1.70507663
1.705412091
1.705646348
1.705981258
1.70607221
1.70500573
1.70548855
1.704513976
1.705843061
1.705547766
1.701029684
1.700329575
1.70080387
1.699477617
1.700462482
1.698670377
1.69737131
1.697748741
1.698228846
1.699008892
1.698049116
1.699776029
1.697917798
1.697836204
1.696832651
1.696360204
1.705118707
1.705018966
1.69673234
1.695780569
1.697581561
1.69836405
1.698797174
1.700269115
1.700811046
1.701816469
1.70248665
1.705202932
1.705313043
1.696594507
1.695805405
1.695397351
1.695380459
1.705610468
1.705541893
1.705544007
1.704049181
1.705436126
1.705477806
1.705864081
1.705940907
1.705793623
1.705311458
1.705514245
1.705762862
1.704425658
1.700321816
1.700037043
1.700027322
1.699545946
1.698727195
1.698803509
1.698023682
1.69567465
1.695979139
1.696654693
1.697590851
1.696130434
1.696151725
1.69499696
1.695143615
1.694774758
1.705506461
1.705626386
1.696203483
1.695744056
1.695553576
1.696685582
1.696959047
1.698036233
1.698449192
1.699337205
1.699797489
1.701168611
1.705684761
1.705627612
1.697570735
1.696767511
1.696122626
1.695724261
1.705435747
1.705331806
1.705208696
1.702371994
1.705440536
1.705065683
1.705117815
1.705449507
1.704999038
1.704387999
1.703374456
1.705663342
1.701453026
1.699072703
1.699497792
1.699314246
1.697910121
1.699175221
1.696083881
1.698773212
1.698358804
1.693948638
1.693901061
1.694227582
1.6949636
1.694540192
1.694290147
1.694033069
1.69426683
1.693633168
1.705464978
1.705396754
1.695781731
1.69588215
1.695803529
1.696218296
1.695935687
1.69639793
1.696532552
1.697147682
1.697392293
1.698384113
1.699595585
1.705248753
1.704918849
1.697785268
1.697161615
1.69664837
1.704681295
1.704344876
1.704354381
1.705025997
1.704225413
1.704272467
1.704070021
1.703343628
1.704775585
1.70304365
1.702075058
1.700648661
1.698490966
1.696534665
1.697745421
1.697858249
1.698296904
1.694665522
1.69846448
1.693283339
1.698222896
1.698101466
1.692538055
1.693053625
1.692317624
1.692555003
1.694393134
1.694110598
1.6936225
1.694444544
1.693140569
1.70487357
1.704272375
1.6959961
1.696222269
1.695869769
1.696565196
1.697153041
1.695677375
1.695654492
1.69555813
1.695756499
1.695763594
1.696285576
1.697156401
1.703916419
1.703523049
1.697834651
1.697514758
1.703452617
1.702903897
1.70317621
1.703078792
1.703482604
1.701958556
1.703019108
1.701035045
1.700541325
1.699409902
1.698046919
1.696349494
1.695062601
1.693167442
1.695408123
1.69627842
1.696980579
1.691717802
1.696921609
1.691056628
1.697317465
1.697573004
1.691473212
1.692353288
1.691013397
1.69488724
1.695111714
1.694436654
1.69414117
1.695421275
1.693221432
1.703835399
1.702560174
1.69671957
1.696529902
1.697085797
1.696090625
1.697466395
1.697687059
1.695718372
1.695513119
1.695271036
1.695155567
1.695217395
1.695578892
1.702020464
1.701831728
1.69768063
1.702064782
1.701357477
1.701942937
1.701892746
1.702165348
1.702556102
1.700814317
1.699787531
1.698660361
1.698161038
1.697152088
1.696132064
1.695285536
1.692526094
1.692065591
1.690442039
1.693560614
1.694554798
1.694720386
1.689845589
1.695438466
1.689991367
1.696167757
1.696778192
1.692219441
1.691591663
1.690662977
1.695965983
1.695709633
1.695984955
1.695627627
1.694794054
1.696588539
1.69636665
1.693713697
1.702704554
1.700727558
1.697490671
1.697331136
1.696928755
1.69771201
1.696446606
1.697630883
1.697251782
1.696186324
1.695724998
1.695529862
1.69522116
1.695104911
1.700188768
1.700264971
1.700788157
1.70012509
1.70087679
1.701113752
1.701435104
1.701797326
1.699131187
1.698726859
1.697763974
1.69695855
1.696526624
1.695834346
1.695359932
1.695383538
1.690805925
1.689992097
1.689730021
1.68908218
1.69180522
1.691990512
1.693082057
1.689402186
1.693804958
1.690330603
1.694825928
1.695695792
1.693036414
1.691655559
1.696853102
1.696807542
1.696965645
1.696485494
1.695627572
1.696802947
1.696409676
1.696341009
1.695071065
1.70178949
1.699254253
1.697660329
1.697679801
1.697540167
1.697245729
1.697274803
1.697031955
1.696507631
1.696603416
1.696437616
1.695998066
1.695607861
1.698680068
1.69923014
1.700051881
1.699501645
1.700409976
1.700788026
1.701110439
1.701362275
1.701193216
1.697854398
1.697393558
1.69678536
1.696334247
1.695983535
1.695760306
1.695973
1.696285387
1.689504186
1.688859698
1.688646229
1.688725742
1.689256075
1.689635789
1.690411745
1.691293441
1.690420746
1.692317087
1.691209876
1.691968169
1.693294143
1.694351646
1.693650421
1.697474782
1.69722493
1.697564023
1.697228727
1.696899115
1.69549998
1.696373456
1.69478502
1.694615297
1.695828468
1.701268233
1.698502226
1.697034417
1.697367756
1.696805119
1.697479167
1.69739808
1.695538165
1.697264675
1.697242896
1.696976652
1.696610429
1.698006196
1.698944896
1.699932637
1.699538044
1.700435358
1.700828911
1.701073402
1.70111329
1.69750016
1.697118217
1.696877629
1.696758466
1.696521139
1.696866914
1.697188552
1.697353838
1.688399211
1.688414048
1.688602761
1.688925095
1.689553079
1.690904544
1.688637272
1.689064004
1.689032918
1.692506733
1.690578521
1.689639509
1.694263265
1.691648409
1.693012537
1.696670939
1.697394077
1.697771714
1.697781487
1.69734154
1.692374569
1.694261873
1.694412987
1.692097618
1.691132006
1.696386708
1.701080236
1.698603485
1.695253853
1.696093834
1.696721666
1.694827913
1.696876141
1.697256884
1.69743722
1.697459001
1.698184593
1.699321525
1.700260825
1.700037013
1.700728372
1.700989816
1.701069684
1.700946931
1.69810882
1.69777472
1.697793746
1.697880017
1.697748222
1.698138619
1.698128269
1.69790564
1.688578979
1.688207271
1.688852582
1.690013399
1.690547629
1.69168535
1.693236371
1.688051628
1.687872521
1.687929509
1.694826001
1.689070932
1.688315243
1.69026739
1.692136756
1.695595397
1.696794778
1.697098986
1.697577619
1.697510125
1.689017486
1.691264469
1.692103643
1.689136017
1.686642854
1.69714314
1.696426413
1.700892416
1.699104842
1.692618076
1.693659163
1.694857467
1.695268865
1.696173831
1.696941273
1.697507832
1.699966981
1.700705199
1.70058707
1.700942484
1.700953261
1.700803111
1.700433538
1.699119798
1.698899107
1.698999566
1.699058536
1.698852612
1.698746918
1.698217902
1.697448774
1.689188984
1.690068375
1.688470262
1.690526766
1.692258203
1.692844084
1.694057014
1.695342607
1.68812524
1.687573224
1.687251737
1.687343583
1.687904792
1.688992856
1.689872165
1.694247384
1.694879918
1.696080149
1.696822889
1.696780364
1.688497742
1.686642854
1.686642854
1.688706789
1.691251203
1.696843054
1.696501874
1.700330294
1.700018948
1.690452872
1.692135978
1.692837502
1.694096379
1.695380101
1.696493053
1.700569984
1.700843481
1.700747523
1.700695085
1.700403535
1.700040366
1.699402658
1.700038149
1.699860607
1.69979936
1.699529552
1.699142534
1.698281431
1.697156909
1.695869368
1.690151251
1.691246743
1.692322674
1.689722603
1.692845451
1.694430866
1.694928328
1.695797776
1.68859705
1.68770117
1.687017512
1.686825958
1.687120806
1.687684376
1.68805958
1.691601552
1.693309006
1.694600286
1.694820942
1.695622937
1.686642854
1.686642854
1.688518851
1.69613877
1.696251036
1.699118231
1.700491969
1.689556443
1.690218364
1.691519722
1.693009572
1.694468564
1.700500704
1.700268767
1.700125811
1.699648676
1.699171995
1.698712736
1.697899197
1.700257473
1.699962806
1.6992587
1.698723241
1.697926026
1.696513289
1.695014944
1.693423968
1.692062178
1.692507109
1.693712228
1.694501417
1.69079762
1.694886128
1.695727796
1.696000023
1.689569987
1.689239621
1.68805228
1.687238555
1.686790866
1.686757328
1.686892792
1.687654931
1.688368694
1.690159618
1.691418989
1.691828872
1.693002288
1.694188283
1.686642854
1.695091002
1.695592928
1.697260775
1.700037992
1.688131274
1.689123077
1.690481824
1.691888549
1.699402206
1.698794184
1.697985327
1.697396562
1.696956741
1.696172554
1.699393533
1.698911485
1.697402946
1.696760804
1.695494401
1.693905396
1.69232234
1.690707728
1.694246501
1.693226668
1.694673406
1.695485155
1.695654736
1.692045608
1.695793351
1.695581086
1.69157728
1.690294832
1.688974113
1.687943027
1.687305423
1.687182968
1.686971023
1.687174425
1.688389886
1.686642854
1.688506779
1.689678657
1.691122874
1.692345554
1.693677077
1.69387129
1.695136461
1.694558028
1.698493559
1.687621302
1.68840233
1.689562875
1.697502977
1.696541157
1.695778466
1.695322551
1.69503795
1.697415937
1.696751728
1.694663905
1.693995877
1.692613662
1.6911511
1.689897692
1.688566137
1.688806364
1.694994252
1.695473968
1.694216091
1.695608903
1.69542697
1.695265111
1.693840948
1.694726691
1.692770362
1.691473987
1.690158797
1.689125617
1.688783451
1.687728096
1.687649093
1.687452651
1.686642854
1.686642854
1.688346253
1.688682891
1.690785312
1.691168129
1.692384782
1.693411549
1.69303848
1.693374099
1.696081687
1.687514741
1.687897679
1.694922577
1.694049054
1.693561256
1.693407416
1.6946623
1.693869211
1.691739088
1.691122714
1.68995296
1.688899214
1.688131093
1.687686633
1.687773315
1.695351174
1.695472943
1.695241675
1.695159728
1.695070813
1.693800808
1.69341239
1.694625543
1.693777106
1.692721468
1.691592227
1.691300699
1.690087062
1.689352063
1.688580876
1.689419145
1.688035503
1.686642854
1.686642854
1.688426954
1.688247762
1.689615533
1.690654111
1.692584543
1.692521519
1.692227066
1.692015269
1.693293016
1.687708877
1.692387949
1.691895795
1.691850388
1.691726599
1.690993765
1.689353774
1.688903198
1.688220953
1.687826544
1.68783236
1.688270359
1.688148714
1.695042811
1.694982354
1.694366291
1.693513458
1.695207122
1.693126569
1.691163201
1.695047617
1.694660746
1.69386431
1.693623445
1.69271632
1.691834743
1.69168414
1.690786769
1.689753541
1.688883791
1.686642854
1.688039868
1.688258643
1.692809118
1.692873203
1.692221513
1.69161304
1.691047955
1.690951206
1.690503221
1.690610083
1.693019341
1.689771375
1.68937922
1.688649112
1.688104343
1.687946774
1.687925222
1.688291942
1.688968507
1.690051665
1.689743608
1.694253217
1.69340348
1.69313442
1.691847275
1.690703477
1.694800126
1.690450804
1.694983231
1.695052304
1.694976502
1.694597622
1.694020235
1.693902368
1.693136977
1.692127964
1.691016705
1.686642854
1.686642854
1.687938803
1.693705196
1.693945974
1.692283111
1.691435513
1.690539571
1.689465157
1.689789988
1.694215701
1.693613424
1.68883072
1.688494107
1.688323573
1.688518823
1.688543285
1.689256608
1.690124902
1.690985212
1.692406482
1.692118037
1.691933824
1.693062622
1.690797433
1.690341736
1.688613555
1.693486361
1.694658733
1.69488702
1.69517955
1.695187242
1.69521322
1.69490733
1.694276341
1.693381029
1.686642854
1.686642854
1.694761596
1.694866377
1.695024382
1.692755365
1.691643016
1.69042718
1.689398636
1.695070284
1.695353178
1.694458182
1.689370304
1.689180618
1.689577411
1.690245556
1.690516313
1.691932055
1.692441443
1.693424033
1.694320098
1.694512349
1.690437272
1.689018352
1.690945722
1.688102422
1.688046841
1.692882393
1.693329716
1.694225559
1.694896799
1.695116861
1.695426045
1.695451927
1.695125119
1.686642854
1.69546555
1.695162181
1.69513481
1.693468592
1.692151826
1.690682375
1.696017249
1.695893155
1.695767079
1.695278771
1.691134314
1.69105571
1.69179157
1.692635104
1.69290944
1.694312516
1.694585827
1.695175219
1.695532835
1.695574639
1.688209658
1.687943027
1.686642854
1.690290719
1.690776636
1.691962556
1.693160502
1.693503799
1.694481791
1.695089118
1.695518845
1.695152224
1.693868979
1.693637695
1.694354373
1.692821582
1.695898129
1.696409718
1.696502481
1.696030122
1.69057349
1.693414758
1.693467482
1.694195357
1.694839059
1.694971367
1.695657911
1.695659428
1.695617147
1.695284068
1.695033149
1.686642854
1.686642854
1.688033337
1.688097309
1.689057396
1.690520672
1.690877732
1.692149665
1.693327913
1.693908707
1.694381347
1.693133082
1.691376932
1.694883954
1.696095921
1.695607055
1.6964364
1.696789332
1.688564393
1.686642854
1.69555917
1.695549471
1.695926579
1.696046579
1.695932814
1.695524491
1.695241203
1.694537044
1.693574565
1.693150852
1.686642854
1.686642854
1.688009677
1.688147227
1.689125106
1.690620612
1.691200834
1.69347731
1.691417916
1.690698824
1.688658776
1.696503289
1.696842653
1.69497929
1.696153615
1.686642854
1.688417823
1.696641564
1.696506039
1.696231498
1.695691543
1.695282278
1.693901904
1.693391484
1.692148026
1.690811211
1.690589607
1.686642854
1.686642854
1.688035796
1.688314937
1.690768384
1.69255472
1.688423356
1.686642854
1.696678622
1.696076344
1.694220132
1.696175753
1.695776916
1.694438113
1.693751542
1.69262041
1.691083458
1.690671513
1.689169272
1.688200913
1.688084347
1.686642854
1.686642854
1.688130409
1.68925879
1.691266735
1.686642854
1.69532471
1.69393768
1.694236771
1.693710843
1.691568831
1.690888442
1.689307364
1.688230766
1.68809397
1.686642854
1.686642854
1.686642854
1.688263009
1.690980782
1.692769434
1.691236078
1.690954003
1.688490499
1.688163404
1.686642854
1.686642854
1.686642854
1.688212848
1.689864259
1.688213476
1.688369097
1.686642854
1.686642854
1.686642854
1.686642854
