1.679524795
1.679524795
1.679524795
1.680471706
1.679524795
1.679858338
1.679524795
1.68194976
1.682840531
1.685501936
1.683478092
1.680749119
1.679524795
1.680534566
1.687344676
1.68697436
1.687629421
1.679524795
1.679524795
1.679524795
1.685349824
1.688563263
1.683940891
1.681501671
1.688677774
1.688969952
1.686838176
1.687214025
1.685263991
1.68075636
1.679885214
1.679524795
1.6878571
1.689369433
1.686543154
1.685128522
1.686131229
1.687236527
1.687912509
1.684085765
1.683726711
1.683568817
1.679524795
1.681013998
1.679524795
1.679524795
1.689177537
1.688631372
1.688756985
1.687851024
1.684203568
1.683508335
1.684808654
1.686023712
1.683019784
1.683224567
1.686294511
1.681608351
1.686321639
1.680892521
1.680454326
1.679524795
1.679524795
1.679524795
1.679524795
1.688506606
1.689110463
1.689250205
1.682835394
1.682033032
1.682246332
1.682700386
1.684980568
1.684687308
1.68452556
1.679524795
1.688998775
1.685125641
1.688228096
1.684174989
1.681364805
1.680418736
1.68077323
1.686788462
1.68796995
1.688725786
1.683933055
1.685869981
1.682683267
1.681189774
1.681671968
1.682063736
1.68164508
1.68355948
1.687243637
1.686649148
1.686469507
1.68052295
1.679524795
1.689215138
1.68851062
1.686941494
1.685408467
1.68468061
1.684003492
1.684868655
1.685947051
1.687291895
1.687078646
1.685040955
1.684163187
1.682956528
1.683706661
1.683013255
1.681966433
1.682496739
1.688100025
1.687055805
1.686723337
1.686105307
1.679524795
1.68199423
1.680170309
1.679524795
1.679524795
1.688839637
1.689105954
1.688791953
1.688391942
1.687845378
1.686010337
1.682918384
1.68391295
1.686203174
1.68317002
1.687654844
1.686818412
1.686481031
1.685973128
1.684721694
1.68259192
1.682086879
1.687509445
1.688701376
1.68570406
1.685291629
1.684887778
1.679524795
1.681371017
1.680577177
1.680577095
1.686575801
1.68761264
1.688349296
1.68888515
1.68935443
1.689071207
1.681723773
1.682020732
1.684556344
1.682444851
1.688993676
1.68898761
1.688659806
1.687493709
1.684614651
1.6831549
1.687380909
1.688369429
1.684190585
1.685190673
1.683897813
1.684619439
1.684589076
1.683044641
1.684454838
1.683702272
1.688939325
1.68760622
1.685504361
1.686324579
1.687472084
1.688760739
1.682766186
1.682673078
1.682786178
1.682400612
1.688961857
1.689318051
1.689159304
1.687784193
1.686285985
1.68551061
1.685954624
1.68656452
1.684735546
1.684033653
1.68346251
1.683734196
1.685676881
1.685797065
1.686476669
1.686839821
1.686760005
1.687993193
1.688131589
1.687455826
1.682879656
1.683690381
1.685324466
1.685336277
1.685026229
1.68398876
1.681936401
1.687314773
1.688246767
1.68880197
1.687446311
1.688390048
1.688068543
1.687910066
1.683649517
1.684146873
1.685685932
1.684579914
1.682899481
1.687175089
1.687046928
1.687729811
1.687940818
1.687831296
1.686660551
1.68620486
1.686300212
1.681319129
1.681693739
1.682691653
1.683818248
1.687047499
1.684560928
1.682565205
1.68514384
1.685103127
1.688195805
1.6862395
1.688612205
1.689105416
1.689239693
1.682502841
1.682653013
1.687113548
1.685235765
1.683947872
1.687323083
1.687561959
1.688346312
1.689048441
1.689330507
1.683975747
1.684199938
1.681562282
1.681654025
1.68245566
1.683196531
1.687829558
1.689397485
1.685855786
1.684217201
1.683200116
1.683987667
1.686964732
1.68494131
1.687543931
1.688598604
1.688405848
1.683284124
1.683143842
1.690193716
1.688340963
1.687186986
1.686188667
1.68694103
1.686671637
1.6866758
1.687660763
1.686836026
1.688459696
1.689611196
1.683101853
1.683323279
1.683246935
1.683519655
1.688652035
1.689142247
1.687458791
1.686349579
1.683325328
1.68355031
1.684462726
1.685196368
1.685867888
1.687039634
1.684875446
1.685444932
1.689920845
1.69060225
1.689950498
1.689317809
1.688568459
1.686485266
1.686623708
1.686968797
1.6867959
1.687536847
1.688200877
1.684995677
1.685599613
1.685312617
1.689131629
1.688337262
1.688696473
1.68777208
1.684112601
1.683165456
1.682776024
1.682955132
1.684090137
1.686058181
1.686579256
1.687783381
1.688995665
1.689840765
1.690689644
1.690438271
1.689962975
1.687018756
1.686195772
1.687640155
1.687790472
1.685976659
1.686080235
1.686629773
1.686971583
1.687100676
1.688405136
1.688395333
1.687794834
1.685706768
1.684487671
1.687201641
1.683003528
1.682170835
1.682323612
1.683568611
1.689401998
1.689345905
1.687696027
1.689515361
1.689748036
1.689906977
1.68810064
1.686979723
1.688346361
1.686084701
1.688483339
1.688494758
1.688559706
1.685409787
1.685188673
1.685617253
1.686605862
1.687068249
1.686735931
1.686710556
1.686162202
1.683667892
1.684612123
1.685478441
1.688443358
1.684088352
1.683234159
1.682942946
1.68354709
1.690026169
1.690165833
1.686848817
1.687596541
1.688065229
1.688706486
1.688886351
1.689171202
1.687580288
1.689144889
1.686663546
1.688395395
1.688389737
1.685881828
1.685379816
1.685417299
1.686006941
1.685081979
1.685018567
1.684871909
1.683659342
1.684035734
1.687458306
1.689752962
1.686488775
1.685043395
1.684416711
1.685177759
1.689634211
1.690482219
1.685749642
1.686014791
1.686507055
1.687514762
1.688972868
1.689610144
1.688733983
1.689791897
1.688129859
1.688227942
1.687871791
1.687922104
1.687300267
1.687792865
1.685705892
1.687277942
1.684410962
1.684283228
1.684409059
1.684837004
1.690037416
1.688653922
1.687477207
1.685630036
1.686393353
1.689031245
1.69039116
1.685471631
1.685323468
1.685572459
1.686591004
1.688916303
1.689754512
1.69001755
1.689529399
1.68771404
1.687791582
1.687573345
1.687911234
1.689345527
1.689217586
1.68685823
1.68867048
1.685429508
1.686067615
1.690270075
1.689371292
1.688228699
1.687153658
1.688489895
1.686231735
1.689351214
1.686320679
1.685599502
1.685207175
1.688546429
1.689623675
1.689973519
1.690057058
1.68794933
1.687434008
1.687194313
1.687083186
1.688454652
1.69014862
1.690096734
1.688986324
1.686988835
1.687366135
1.689318427
1.688834617
1.688143233
1.685345804
1.687216857
1.68558093
1.687753369
1.687874357
1.686720809
1.686017993
1.688128536
1.68688973
1.688827069
1.689599704
1.689240758
1.688498395
1.687908703
1.687291345
1.686752674
1.689026366
1.689060005
1.690073596
1.690350547
1.689964438
1.687356513
1.687711055
1.687939893
1.687982828
1.687367409
1.685553245
1.686033374
1.68548287
1.686496594
1.689184474
1.688199683
1.687172601
1.686719647
1.687324692
1.686625457
1.687678267
1.688581957
1.687969507
1.688717754
1.688220376
1.68768409
1.687380443
1.689178733
1.689250803
1.689256027
1.689701418
1.687953342
1.690229582
1.690307746
1.686719299
1.686796295
1.686957994
1.686293645
1.68576502
1.686283203
1.6899793
1.689260156
1.688179507
1.687116649
1.686793992
1.686626323
1.686557748
1.686652146
1.686494157
1.689092034
1.688844695
1.688618334
1.688347931
1.688902
1.689156721
1.688891589
1.689390855
1.689540464
1.688851427
1.687077198
1.689548321
1.690005026
1.686516244
1.686608496
1.686991779
1.686767271
1.686874041
1.690134184
1.689720707
1.68862866
1.687812209
1.686704897
1.686240605
1.685991724
1.686006545
1.689607012
1.689625952
1.689603539
1.689286598
1.688683801
1.688700667
1.689169951
1.688795771
1.689466715
1.689736088
1.68775561
1.686446745
1.688388732
1.689117925
1.687215374
1.687971229
1.687658155
1.689603008
1.689510526
1.689120052
1.68890346
1.68827556
1.687483057
1.68688456
1.686109128
1.686395539
1.689954196
1.690133206
1.690266819
1.689752809
1.688937186
1.689635998
1.690409932
1.688664918
1.688998301
1.688602025
1.689241552
1.689506836
1.686489553
1.687195136
1.687811275
1.68811395
1.68843595
1.688098914
1.688960644
1.688292153
1.688602868
1.686343497
1.689244989
1.688685862
1.687983924
1.687123449
1.689672764
1.689884626
1.690300143
1.68995946
1.690351155
1.690826128
1.690507872
1.690019124
1.688965124
1.689551036
1.688512966
1.688491798
1.688775
1.688577327
1.686301495
1.686474844
1.686765592
1.688164647
1.687229384
1.688013781
1.688030572
1.687530749
1.686834131
1.690239296
1.68977181
1.688913951
1.689077992
1.688681396
1.688708911
1.690136722
1.689057004
1.690508559
1.69077705
1.690930456
1.69029733
1.689495599
1.688857824
1.688198472
1.688313917
1.690684564
1.687817587
1.687926851
1.686533969
1.686468892
1.686648993
1.687555152
1.687111866
1.687434981
1.687061042
1.688180568
1.687629818
1.690602846
1.690133627
1.689451386
1.689951171
1.690361791
1.689365005
1.687706728
1.687661742
1.688185937
1.689115648
1.689190946
1.688056203
1.688449697
1.690894098
1.690939481
1.690409321
1.689976178
1.689419629
1.688687954
1.688153635
1.690732654
1.690891426
1.687440528
1.687655497
1.688010648
1.687361589
1.687169623
1.687446214
1.687319941
1.687769021
1.687792674
1.68873892
1.688960139
1.689653999
1.690004177
1.689870835
1.690114887
1.688543508
1.687680783
1.687249339
1.687535961
1.687166634
1.688115696
1.687907119
1.68757813
1.690927413
1.690936004
1.690325332
1.689868955
1.688526349
1.689453209
1.688978489
1.688413484
1.690844167
1.690643001
1.690912014
1.690489355
1.687611769
1.688163376
1.688241987
1.688585943
1.688472093
1.688160541
1.688481308
1.688685651
1.689476098
1.68968405
1.689555824
1.68906114
1.689158103
1.688090957
1.687493973
1.687292702
1.687192077
1.687340325
1.687486323
1.687389915
1.687426996
1.687131786
1.687194603
1.687435561
1.687332059
1.687221613
1.68714667
1.687223422
1.690928084
1.690902527
1.690935275
1.690946764
1.690157829
1.6897328
1.688878737
1.689284359
1.688987637
1.690341785
1.690792623
1.690589952
1.690829018
1.688204869
1.68905534
1.688857597
1.689181437
1.689268965
1.688827715
1.688999466
1.689417875
1.689582751
1.689421761
1.688710943
1.687501451
1.688042752
1.687284762
1.687360664
1.687238678
1.687274952
1.687249412
1.687558439
1.687787969
1.687121467
1.687813771
1.687375263
1.68710716
1.687131326
1.687138887
1.687120242
1.687414136
1.687196425
1.687367901
1.69084901
1.690920874
1.690899266
1.69097252
1.690941277
1.690932362
1.689972134
1.68962669
1.689337173
1.68941674
1.690162847
1.690501087
1.690688832
1.690749295
1.690780689
1.688609226
1.689265647
1.689762883
1.689495799
1.6896488
1.68756894
1.689082661
1.688850608
1.688884705
1.689036787
1.689025604
1.688661409
1.687695482
1.688125761
1.68783672
1.687841676
1.687625359
1.687429053
1.687370571
1.688219962
1.68852896
1.687076589
1.688231281
1.687609625
1.687186181
1.687083517
1.68712047
1.687188544
1.687709206
1.687637698
1.687320095
1.687369057
1.687613873
1.69085453
1.690893208
1.690912309
1.691012726
1.690963611
1.691063922
1.690942689
1.690795852
1.689859395
1.689653723
1.689680505
1.690073872
1.690334322
1.690599643
1.690692764
1.689416842
1.689944882
1.689947666
1.690253204
1.68991188
1.690014773
1.689902493
1.688176807
1.68805741
1.688567195
1.688553323
1.688543898
1.688428891
1.68819302
1.688193974
1.687965212
1.688163837
1.687962506
1.687763642
1.688868168
1.689532428
1.687138107
1.688715828
1.688044422
1.687608263
1.687330013
1.687165437
1.687206827
1.687320633
1.687317215
1.687614789
1.687451728
1.687323463
1.688210231
1.688044576
1.687943916
1.687574157
1.687945721
1.6883577
1.690888737
1.690857786
1.690820301
1.690915943
1.690996438
1.691058816
1.691126097
1.690967855
1.690715601
1.690762737
1.690792385
1.689907727
1.689900127
1.690091895
1.690250996
1.690439947
1.690579588
1.690631589
1.690257189
1.69009308
1.690337165
1.690459464
1.690470446
1.690143096
1.690330601
1.690187808
1.690128054
1.69007358
1.688711128
1.688716313
1.688652636
1.688665153
1.68855508
1.688554839
1.688381073
1.689018412
1.688689141
1.688554202
1.689230122
1.688567306
1.688364094
1.689311638
1.689733422
1.689417591
1.69024931
1.689076655
1.689503159
1.68786302
1.68730603
1.688689745
1.688332085
1.68791483
1.687565774
1.687346638
1.687304007
1.687442678
1.687439389
1.687651471
1.687529222
1.688790655
1.688761142
1.688618952
1.688322834
1.687993315
1.688263636
1.688717424
1.690908919
1.690882324
1.690847407
1.690810976
1.690947953
1.691033836
1.691120109
1.691195456
1.691008624
1.690688749
1.690734663
1.690761529
1.690066949
1.690115354
1.690232762
1.69059796
1.690403187
1.690534076
1.690377142
1.690567994
1.690481298
1.690455195
1.690441737
1.690547833
1.690529208
1.6905008
1.690341606
1.690263844
1.69023765
1.689144092
1.689247731
1.689293325
1.689352938
1.689323207
1.689737351
1.688960843
1.689646035
1.689477755
1.689970041
1.690395006
1.68898902
1.689275933
1.689516348
1.690021133
1.689862517
1.689910076
1.690533627
1.688218916
1.68909352
1.689508662
1.687953708
1.68757282
1.688694787
1.688284329
1.687891125
1.687537525
1.687576305
1.687561301
1.687575858
1.687748656
1.68770756
1.689069019
1.689172352
1.689115316
1.689637466
1.688625671
1.688646489
1.68907035
1.688661686
1.690781136
1.690921468
1.690886314
1.690840962
1.69080981
1.690979702
1.691273276
1.691095153
1.691209223
1.691061452
1.690662249
1.69235238
1.691435407
1.690705858
1.690236668
1.690280135
1.69035865
1.690587847
1.690499351
1.691100682
1.690443136
1.69064099
1.690618815
1.690587332
1.69047921
1.690532971
1.690478934
1.690357856
1.69046228
1.690407696
1.690373585
1.689811043
1.689745586
1.689790465
1.690230891
1.690075025
1.690600572
1.69019149
1.690121161
1.690081245
1.690409514
1.690603415
1.690765878
1.690013172
1.690081786
1.689799508
1.689882625
1.690346212
1.690186137
1.690196568
1.690231383
1.690353974
1.690647926
1.690658667
1.688331924
1.689109055
1.689506643
1.689880894
1.688271613
1.687981099
1.687873791
1.688698555
1.688259602
1.687755078
1.687961688
1.687878493
1.687719787
1.687719144
1.687894081
1.687906
1.688086882
1.689626687
1.689478178
1.689507646
1.689956566
1.689103025
1.689495106
1.68955338
1.689080828
1.688730127
1.691979248
1.690946429
1.690900782
1.690845207
1.691025299
1.691355448
1.691168427
1.691298957
1.691125661
1.694663738
1.694908225
1.691474905
1.693327845
1.693825726
1.692681892
1.696630312
1.690360864
1.690360726
1.690404946
1.690439509
1.690411952
1.692403432
1.691031618
1.693522972
1.691403281
1.690538174
1.690537735
1.690447311
1.69046861
1.690402109
1.690430941
1.690410759
1.69037207
1.69043424
1.690366665
1.690462257
1.690416602
1.690242191
1.690186999
1.690403228
1.690447933
1.690784604
1.69083536
1.69050366
1.690487512
1.690695231
1.690796682
1.690840814
1.690258612
1.690254168
1.690503791
1.690531956
1.690333624
1.690212928
1.690217784
1.690588495
1.690482877
1.690557076
1.690668823
1.690455491
1.690682312
1.688630794
1.689137215
1.68957624
1.690466246
1.689982031
1.688626522
1.688328372
1.68827167
1.689026759
1.688661848
1.688219629
1.68807686
1.688120027
1.688071733
1.68791628
1.688328655
1.688167902
1.688435633
1.689898572
1.689888697
1.69022641
1.689473431
1.689477804
1.689853287
1.6898301
1.689823002
1.689148852
1.689520979
1.689031149
1.692390454
1.694783415
1.690986341
1.692183175
1.690934691
1.691087077
1.691445873
1.691241094
1.691346066
1.691202042
1.69799118
1.697998926
1.698046338
1.69427008
1.695502745
1.698851873
1.70071904
1.690435444
1.69044253
1.690458149
1.691034065
1.695758172
1.697713494
1.696125148
1.693953755
1.694107594
1.690388119
1.690403021
1.690448874
1.690441122
1.690446817
1.690261104
1.690239423
1.690451042
1.69025824
1.690365912
1.69023025
1.690220958
1.690545701
1.690667546
1.690599994
1.690886783
1.690853814
1.69071662
1.690721193
1.690798748
1.690809852
1.690783034
1.690815015
1.690477442
1.69050683
1.690477025
1.690746604
1.690668385
1.690678446
1.690591402
1.690465562
1.690704987
1.69046557
1.701060461
1.690673894
1.690604541
1.690694544
1.690430382
1.690216543
1.690656868
1.689004749
1.690859646
1.689472992
1.700466679
1.715549936
1.692212553
1.693682703
1.688529935
1.688741503
1.688604613
1.688484306
1.688399734
1.701893428
1.69904237
1.695429877
1.690221028
1.690154857
1.690441302
1.689817549
1.689804889
1.689820198
1.6900238
1.690191977
1.690067979
1.690089605
1.689501946
1.689369892
1.692552764
1.694508252
1.694445193
1.697919706
1.691043456
1.695028751
1.692726099
1.695003926
1.691389116
1.691668868
1.691601409
1.692130833
1.69397089
1.70211768
1.702474693
1.698540105
1.703981046
1.705854845
1.690461658
1.691732065
1.692323988
1.694889962
1.700916412
1.701380887
1.704084725
1.699991315
1.699082863
1.690272037
1.690454047
1.69038289
1.690413788
1.690105456
1.690093785
1.690423188
1.690113927
1.690167654
1.690216467
1.690055929
1.690033364
1.690759239
1.690756245
1.690729411
1.69085285
1.69081417
1.690773616
1.690784429
1.690746888
1.69076369
1.690752464
1.690641985
1.690628201
1.690696001
1.690775385
1.69074898
1.690616516
1.690633096
1.690699616
1.690654425
1.690703705
1.710154448
1.723040244
1.690502758
1.690002476
1.690570171
1.690223657
1.690421709
1.69043935
1.693967818
1.69809617
1.712162536
1.732763211
1.727801008
1.722170635
1.701905897
1.718220956
1.69889764
1.706318929
1.708377345
1.711405408
1.707102658
1.69044438
1.690409916
1.690712352
1.690615797
1.69107274
1.690114693
1.690052457
1.690130209
1.692080999
1.690312301
1.690190817
1.690499413
1.690367612
1.690323267
1.690267498
1.690244053
1.690379586
1.694315395
1.695309859
1.697570237
1.697602071
1.704049004
1.700955419
1.692979549
1.697723462
1.6951822
1.69767562
1.69740103
1.694417948
1.694070601
1.694579403
1.697468732
1.706702707
1.707205412
1.706685902
1.71034663
1.711211196
1.692254833
1.696355161
1.696310838
1.701956369
1.710375552
1.710052379
1.709677465
1.711057275
1.691695823
1.690320749
1.690350369
1.690222442
1.689862707
1.689939575
1.689943598
1.690404563
1.689980774
1.690025605
1.690075792
1.689749061
1.689888264
1.690694107
1.690682934
1.690760106
1.690877923
1.690804772
1.690688183
1.690728846
1.690662642
1.690673282
1.690747804
1.690717004
1.690738603
1.690741599
1.690761867
1.690704716
1.690750114
1.690581861
1.713477237
1.69466682
1.695087095
1.690650243
1.727181393
1.732984315
1.690338371
1.690530998
1.690127882
1.690258103
1.689975198
1.689817619
1.690152165
1.690099058
1.699820511
1.704489025
1.72715511
1.738427362
1.737839628
1.734257489
1.732060824
1.709705281
1.728400932
1.721462628
1.721121041
1.719055131
1.714696679
1.690601926
1.690597722
1.690714434
1.696023043
1.697254275
1.690332775
1.694207978
1.691862904
1.690404861
1.690582441
1.690406265
1.690616609
1.690899681
1.690386558
1.690447836
1.690515038
1.70003689
1.699384356
1.701079531
1.701245062
1.70122648
1.705070848
1.699895302
1.697563667
1.7002631
1.69955021
1.70092209
1.698738445
1.697984276
1.701218235
1.711632066
1.70999709
1.714758681
1.715714377
1.716104646
1.710884111
1.697776115
1.702752403
1.717462919
1.717877966
1.718124377
1.716788377
1.689772831
1.690264048
1.690110538
1.68966247
1.689795247
1.689771931
1.689817656
1.692790796
1.700029366
1.689848523
1.689903285
1.689950547
1.68955882
1.689604081
1.689669527
1.69054121
1.690601229
1.690960122
1.690845424
1.690611927
1.690636408
1.690721114
1.690494157
1.690452379
1.690732588
1.690736856
1.690714046
1.690681627
1.690638434
1.690483744
1.719515806
1.703122815
1.741622206
1.734765727
1.689946167
1.7052603
1.691271714
1.689742539
1.689944806
1.689756166
1.689858408
1.689686099
1.689755619
1.704544847
1.709036817
1.732576826
1.735352939
1.740493884
1.737504616
1.743062899
1.713894157
1.730964309
1.72757831
1.724423278
1.719221002
1.690696134
1.690675581
1.690665254
1.690665297
1.690723918
1.695508485
1.700282453
1.69891928
1.695767481
1.690530645
1.69055043
1.69065173
1.695824155
1.693199072
1.690535604
1.703985556
1.703522736
1.704188113
1.704659724
1.704202718
1.708849616
1.703616424
1.703921641
1.703175538
1.703865938
1.703334589
1.703648859
1.702866976
1.704336732
1.705980446
1.715496482
1.713745099
1.720155744
1.720559061
1.720567872
1.710970338
1.72335864
1.723496195
1.721558963
1.716943833
1.690169762
1.694298022
1.6899683
1.690044452
1.689520139
1.689645247
1.689692069
1.689609047
1.689688755
1.702780024
1.707845837
1.689744049
1.68980424
1.689860011
1.689440749
1.689477688
1.689529758
1.690560668
1.690520521
1.691069586
1.690883604
1.690608878
1.690734566
1.690384142
1.690509488
1.690452263
1.690694624
1.690695965
1.690635046
1.690611289
1.690627825
1.69054173
1.690514013
1.690389589
1.690341017
1.719425669
1.723754038
1.744601795
1.73793635
1.695269491
1.709466478
1.689545882
1.69934449
1.689584429
1.689544636
1.689467985
1.746041467
1.708542046
1.712996556
1.734207373
1.739613742
1.737471156
1.741917315
1.731267563
1.717328549
1.728085784
1.722729938
1.690710084
1.690694605
1.69367171
1.690684155
1.690680926
1.690668365
1.698434389
1.702434885
1.700035013
1.705573782
1.693384639
1.692284117
1.696243253
1.699613449
1.697613487
1.696042959
1.708445199
1.707107277
1.708369104
1.707522182
1.713911029
1.706898945
1.707298288
1.707025036
1.706073728
1.707151859
1.708352318
1.707966364
1.71883129
1.719393647
1.72441539
1.724867476
1.724136305
1.710597081
1.726720078
1.7160831
1.72582672
1.721972689
1.69008961
1.694831573
1.689387999
1.689950357
1.690025168
1.695834572
1.701309803
1.68989807
1.689419246
1.689352218
1.689503733
1.689551422
1.689610043
1.705425495
1.689677469
1.689744817
1.689817106
1.689340016
1.689324446
1.689420858
1.690595058
1.690593321
1.691202586
1.691064136
1.690927928
1.690710636
1.69083744
1.690427554
1.690395942
1.690507733
1.690606413
1.690585941
1.690617898
1.690607207
1.690531603
1.690424663
1.690521177
1.690448744
1.690393413
1.69031403
1.690460372
1.690319317
1.73054849
1.748284256
1.742888931
1.713626601
1.70487118
1.689417148
1.689318765
1.689283617
1.74470466
1.749395702
1.751186139
1.712300739
1.716353113
1.737151072
1.734528919
1.739048626
1.730034738
1.720574651
1.725407104
1.697890418
1.690781518
1.694326209
1.691412354
1.701731623
1.703245698
1.70645714
1.701185312
1.698721096
1.701992998
1.703189576
1.701403219
1.710017009
1.713318444
1.710082333
1.712337463
1.710902445
1.719818741
1.710000509
1.710293004
1.711352268
1.711229733
1.709027637
1.709932828
1.723890398
1.726890338
1.72847685
1.728891075
1.728615339
1.709953931
1.729640238
1.716413719
1.721547915
1.726799927
1.693859476
1.689978272
1.695740677
1.700752798
1.689962228
1.689895979
1.689830129
1.689368969
1.689378716
1.689463288
1.689522682
1.689591578
1.702619625
1.689667945
1.689747906
1.68929398
1.689266172
1.689347427
1.689430263
1.689485219
1.690749611
1.690741598
1.691328785
1.691180934
1.691050184
1.690872819
1.690985658
1.690551884
1.690685422
1.690804514
1.691793431
1.69048485
1.690495733
1.690335132
1.690419197
1.6903126
1.690397218
1.690302631
1.690256306
1.690267561
1.69059345
1.690412546
1.690296595
1.73215087
1.746895934
1.715059559
1.722639721
1.709907767
1.703122767
1.690135648
1.742001297
1.748436649
1.754497752
1.753699122
1.71645373
1.719998292
1.736060813
1.733194942
1.728234801
1.72374495
1.701614814
1.697999932
1.694335423
1.694062283
1.704845664
1.705439482
1.707310687
1.705565841
1.70473197
1.707903837
1.706896496
1.710464907
1.714168831
1.717187373
1.712547251
1.715351156
1.716656267
1.726260087
1.713804639
1.717115095
1.715139803
1.712368691
1.712300457
1.730890392
1.73545279
1.734169765
1.731564584
1.732663675
1.708791196
1.731110328
1.71563515
1.72187658
1.727159096
1.694684169
1.69699445
1.696203725
1.69115639
1.689944466
1.689863921
1.696550169
1.689840337
1.689589572
1.68954633
1.689540254
1.689606831
1.68971223
1.689657733
1.702013979
1.689803047
1.692565756
1.689743994
1.690910403
1.690968929
1.691453834
1.691278316
1.691180851
1.691079914
1.690792966
1.690913626
1.691013937
1.690762784
1.69098821
1.693169013
1.691088024
1.690369586
1.690356327
1.690232239
1.690288672
1.690202005
1.690258459
1.690230702
1.69018838
1.690241057
1.690713423
1.690377482
1.69061512
1.690527652
1.69030487
1.733002277
1.745193112
1.726392003
1.718366175
1.710141248
1.738733077
1.754797831
1.746236257
1.753979157
1.758662372
1.721014515
1.724187668
1.731698938
1.727384562
1.73562607
1.701403242
1.696985548
1.70569739
1.695321257
1.710255241
1.708274185
1.710431514
1.712084505
1.712819558
1.717529923
1.714487684
1.714919137
1.721386749
1.721420732
1.73258211
1.71947386
1.723319805
1.718542187
1.717211612
1.740231826
1.742311239
1.740591895
1.7360244
1.733240395
1.708510414
1.730884067
1.715336484
1.72578894
1.721108237
1.707883406
1.727290621
1.691317894
1.690027094
1.689962579
1.720720527
1.69405143
1.697275026
1.690014705
1.704877701
1.696748887
1.702610298
1.690006381
1.691443376
1.689967423
1.690019004
1.701483248
1.690129987
1.715127222
1.704424094
1.691105131
1.69120772
1.691458503
1.691576812
1.691391361
1.691297105
1.691047063
1.691143471
1.691247573
1.691220251
1.690927501
1.691149652
1.691079727
1.692619597
1.690237841
1.690150646
1.690114678
1.690164975
1.690143836
1.690191457
1.69014457
1.690248504
1.690807219
1.690429402
1.690570826
1.690351046
1.739016136
1.749517524
1.735132335
1.727758666
1.743241828
1.759806231
1.752719108
1.761068033
1.725249849
1.729624834
1.732238553
1.739815819
1.709506824
1.698966557
1.703138339
1.694671811
1.713300972
1.712383613
1.716305791
1.714238981
1.71806399
1.714802934
1.721850144
1.716132521
1.718695272
1.727668097
1.740865195
1.727109543
1.724783179
1.724334117
1.750385131
1.755596857
1.741308146
1.734095434
1.730263815
1.706058844
1.724845717
1.714184785
1.719206699
1.690173878
1.69011253
1.734586248
1.731160465
1.692432668
1.695451662
1.690239026
1.715919732
1.71592287
1.715309053
1.690307032
1.709807342
1.69271128
1.702099188
1.696616852
1.698237663
1.690578957
1.72888152
1.691695681
1.718997687
1.691334241
1.691437705
1.691599702
1.691525365
1.691300454
1.69138924
1.691489001
1.691461523
1.692211155
1.691398655
1.691078139
1.691311518
1.690978808
1.690764827
1.690100213
1.690065248
1.690193415
1.690139495
1.690461619
1.690760257
1.690492495
1.691830069
1.762081798
1.755279651
1.745732131
1.753638055
1.741025999
1.749897007
1.765887119
1.766810157
1.759137823
1.730842253
1.73801783
1.747995196
1.70672106
1.710888214
1.696785572
1.69986152
1.69352337
1.717367168
1.717581395
1.718621395
1.715673298
1.722580644
1.718984521
1.727184107
1.718410678
1.72412638
1.743739606
1.731697141
1.73316506
1.731645347
1.730841222
1.749410174
1.762412398
1.737398577
1.724354222
1.73279516
1.699094911
1.706132067
1.717969629
1.710254049
1.690295275
1.720836933
1.744037257
1.743443707
1.695346403
1.693775071
1.693176009
1.691782142
1.728113148
1.728424082
1.697168779
1.713407503
1.706496187
1.70385604
1.697380381
1.697763051
1.741968244
1.691811964
1.731428513
1.691570878
1.691661239
1.691733751
1.691710015
1.691547054
1.691632884
1.691712139
1.6916444
1.691958559
1.691562943
1.691220375
1.691459123
1.6924963
1.691067435
1.691047098
1.691370816
1.693237411
1.693078364
1.766587743
1.760972997
1.751517681
1.759021087
1.771919939
1.768981417
1.738437697
1.759047768
1.749123675
1.693378568
1.704004401
1.707483957
1.697932773
1.695157461
1.710623845
1.721033431
1.723057672
1.716212622
1.732526912
1.733698142
1.724922053
1.692957511
1.72192122
1.745698989
1.737130935
1.738092114
1.737081744
1.750204816
1.764582789
1.732079972
1.721066958
1.700021967
1.700805562
1.709114531
1.722972285
1.756697728
1.755955558
1.697524496
1.696872517
1.741519536
1.741315057
1.704912193
1.72604757
1.716016927
1.710446058
1.701519318
1.702841786
1.75762864
1.69192594
1.706760866
1.743875045
1.735696724
1.691792368
1.69186523
1.691915934
1.691881495
1.691914652
1.691776619
1.691868217
1.691806719
1.692457448
1.691687644
1.692477577
1.692198781
1.694207066
1.6930374
1.693326433
1.695323527
1.772030173
1.779711249
1.768098508
1.78723682
1.76774974
1.775418132
1.751209914
1.767390006
1.694204239
1.703470567
1.700124031
1.696045969
1.708583933
1.721145977
1.727290679
1.714121722
1.747320355
1.738376931
1.728915994
1.732102203
1.694021706
1.693864801
1.729801425
1.741413325
1.741217771
1.739607404
1.746614062
1.751948354
1.753557085
1.717511855
1.725687273
1.708080895
1.703018194
1.702284624
1.769868485
1.702494795
1.755241254
1.754186055
1.729587277
1.711140903
1.718613881
1.708666734
1.710023878
1.772504668
1.784572798
1.692042966
1.714204265
1.719482836
1.756928228
1.743689221
1.692006758
1.692069275
1.692031092
1.692066861
1.692005037
1.69212115
1.69227541
1.693481617
1.694959551
1.692924809
1.693963761
1.693951126
1.696151417
1.697195288
1.696512484
1.800235569
1.791646444
1.803461667
1.790988998
1.775999737
1.775996633
1.763401932
1.694972214
1.702049239
1.697404576
1.707982922
1.717861835
1.702286007
1.74857663
1.71894796
1.738448354
1.731938234
1.695179145
1.69547771
1.697641789
1.741770152
1.756099965
1.734988565
1.740586161
1.751275619
1.734622207
1.736932402
1.715482392
1.707448639
1.710352627
1.703318299
1.729616467
1.767914166
1.71913342
1.718416143
1.789608444
1.806581264
1.692179948
1.729327527
1.738596542
1.780342462
1.770409032
1.757123032
1.692187315
1.692240252
1.69224907
1.69231846
1.692192498
1.694771022
1.693833304
1.695049609
1.698769931
1.694501928
1.699294827
1.695458305
1.697967753
1.827737871
1.824097217
1.804473671
1.787465612
1.77267108
1.695861971
1.697662236
1.696497231
1.698386624
1.708411058
1.711619678
1.703354209
1.762327238
1.717357673
1.738729527
1.727634517
1.697353386
1.700929542
1.70049313
1.779720823
1.760219727
1.732926602
1.759997665
1.726131111
1.727553498
1.715834581
1.708747381
1.70804071
1.716340264
1.815108037
1.69231528
1.739791023
1.752663902
1.792339442
1.777251474
1.837351955
1.692335686
1.692823543
1.692879465
1.696432639
1.693663803
1.696111494
1.695533417
1.701313609
1.695868888
1.698933858
1.697144293
1.697420455
1.856420765
1.844426966
1.829116232
1.811289034
1.787004515
1.698076048
1.696787198
1.700378329
1.69925022
1.69948375
1.77719447
1.712335813
1.707792232
1.703991838
1.71603149
1.744539912
1.724680157
1.703660897
1.703400805
1.707151995
1.803063483
1.779029214
1.776325286
1.814852485
1.733268085
1.720140706
1.731226184
1.713836723
1.716770296
1.728748359
1.834712645
1.845504627
1.814240088
1.692378301
1.758467086
1.77273563
1.794587909
1.84608843
1.694502731
1.695494656
1.696266262
1.697929515
1.696791914
1.696914629
1.699151294
1.69753909
1.698475862
1.699074362
1.877834658
1.870506256
1.849645139
1.851009676
1.815432159
1.700100719
1.703251458
1.701311705
1.701264032
1.76624063
1.70945965
1.704442779
1.719732628
1.705550659
1.702873751
1.700453907
1.706981835
1.711116153
1.821118185
1.770712463
1.853913489
1.732777248
1.726964723
1.746328596
1.728039445
1.749148838
1.845496919
1.830585912
1.867968796
1.828956031
1.842020505
1.816522362
1.780701044
1.695333061
1.783267033
1.805245447
1.842981659
1.697337017
1.69824109
1.699121961
1.699699359
1.699928219
1.698703287
1.700965358
1.699980819
1.884609679
1.882625678
1.873925916
1.857652176
1.801611099
1.704202392
1.708981649
1.708463459
1.70554656
1.708570043
1.721381367
1.709619325
1.702587897
1.701606052
1.704621274
1.708448714
1.713182835
1.712287082
1.789117185
1.743568247
1.823387406
1.77829256
1.800395911
1.767133219
1.776276832
1.802557029
1.812916965
1.82612267
1.824665348
1.801350098
1.830359003
1.891458976
1.877313944
1.831338569
1.860892915
1.697556506
1.826910797
1.885893531
1.69993908
1.701240316
1.702856376
1.700838657
1.702335843
1.921385162
1.879041986
1.804683471
1.735790259
1.712780835
1.712790304
1.714499407
1.717473111
1.70255797
1.703268334
1.704064934
1.7064578
1.710303976
1.715647002
1.778973936
1.83218049
1.78148832
1.835554646
1.788387035
1.852320832
1.825066442
1.840642809
1.803727583
1.832506826
1.829421891
1.850000197
1.869308909
1.922857843
1.969317005
1.938074903
1.907942213
1.945532972
1.861380018
1.815335957
1.699495893
1.899534327
1.918453597
1.701112265
1.70413481
1.705583262
1.704642186
1.896785689
1.810853192
1.768293603
1.740379639
1.713948806
1.714564086
1.718192858
1.704945659
1.705955392
1.706979828
1.70998294
1.714153553
1.713516415
1.717322732
1.842753407
1.870709464
1.848832654
1.837279824
1.901522001
1.913212768
1.901619592
1.854367171
1.804831136
1.81125771
1.854479177
1.916761953
1.880770025
1.869048051
1.905810751
1.90628654
1.879615
1.841226012
1.948662771
1.94969406
1.703137769
1.706300349
1.709026463
1.708817395
1.823559869
1.759459946
1.739734424
1.722905233
1.718487307
1.708562166
1.709409393
1.710375879
1.714960277
1.719543137
1.722544757
1.90502993
1.910564186
1.938182627
1.890464245
1.900987411
1.933914254
1.973216598
1.92807551
1.832195168
1.825778552
1.932230878
1.822162801
1.921869855
1.94199896
1.902299695
1.906790069
1.909191267
1.905292037
1.811923493
1.948424362
1.814838598
1.705711139
1.709352561
1.713955937
1.754591578
1.738157139
1.735911699
1.73141758
1.714878816
1.71370126
1.719680998
1.728921025
1.979914646
1.9537323
1.93543387
1.904267702
1.899505303
1.939086147
1.963270017
1.951699329
1.890114731
1.862733931
1.955860236
1.849512672
1.947450412
1.911050523
1.834713985
1.882322696
1.928728224
1.839278909
1.763700351
1.833888336
1.708976655
1.712614855
1.713953697
1.718183456
1.762588118
1.768000082
1.757330854
1.740847322
1.721126187
1.720970632
1.723903886
1.72654265
1.957606283
1.987571253
1.905140198
1.896774119
1.920217875
1.921887153
2.008616927
1.908225217
1.985762758
1.991988045
1.892195912
1.891550891
1.90994632
1.834860673
1.844719696
1.905465203
1.781594722
1.796521791
1.812837954
1.713582825
1.716495971
1.723398484
1.78443135
1.754295317
1.733465578
1.731335742
1.727817789
1.916300475
1.946590103
1.923750311
1.909080875
1.919357804
1.841225167
1.988527946
1.955007425
1.990133633
1.900814037
1.888368025
1.898680087
1.891137625
1.86488748
1.900683056
1.780831514
1.787712302
1.773897195
1.720018734
1.72421551
1.7345439
1.743801812
1.745063932
1.749366806
1.737715542
1.934645967
1.955841893
1.955136519
1.920768302
1.855861186
1.786536084
1.963741504
1.989789041
1.942141069
1.954266871
1.927662216
1.884294417
1.898039144
1.918239952
1.920253265
1.933633129
1.758480219
1.761058214
1.725904574
1.732440012
1.743494818
1.74303646
1.76362396
1.777609106
1.766666119
1.949861821
1.942892287
1.960912074
1.931685904
1.823918413
1.791904158
1.971028001
1.964483433
1.93011274
1.933460148
1.92892625
1.940313508
1.951414183
1.932595128
1.938304725
1.945517149
1.751147669
1.739093361
1.761687635
1.771748332
1.770493435
1.784835538
1.792735013
1.767324713
1.977782048
1.967334171
1.974796197
1.888533285
1.81769213
1.960650489
1.941731113
1.935951679
1.947055143
1.946501851
1.928615257
1.966338866
1.969696699
1.795178204
1.77602128
1.745492058
1.77206108
1.793461137
1.781012497
1.780918288
1.961951125
1.979553926
1.845924624
1.905442532
1.963907507
1.961792232
1.972877202
1.97346184
1.982828508
1.97628612
1.946391356
1.793752065
1.793983691
1.748788272
1.766687568
1.773995851
1.822885942
1.974956283
1.974889251
1.822009188
1.909499734
1.984241167
1.97171527
1.958223791
1.970532688
1.969903706
1.953661118
1.938382238
1.779790043
1.763529954
1.767525738
1.854652794
1.776963146
1.988766595
1.946231295
1.871145576
1.976293906
1.945028607
1.938648469
1.945463994
1.938588132
1.932522854
1.764613106
1.797016464
1.855622935
1.765250789
1.779918774
1.965300061
1.938648516
1.945517002
1.916428702
1.936707253
1.924921047
1.926821551
1.782312979
1.892579754
1.787915937
1.758416017
1.955526808
1.93226639
1.906045234
1.916973414
1.916174089
1.912862669
1.751636791
1.819588171
1.764800957
1.979811029
1.912669318
1.899918309
1.902135315
1.881076992
1.76928157
1.761065075
1.817433391
1.871802498
1.936198362
1.904251803
1.906748529
1.820533726
1.80198575
1.845496707
1.856103092
1.892652264
1.899335865
1.892707306
1.856577728
1.852947247
1.848526339
1.857616868
1.955951412
1.916605003
1.866145656
1.851599593
1.913928786
