1.68903536
1.68903536
1.68903536
1.688184004
1.68903536
1.688846603
1.68903536
1.686829279
1.685882421
1.683441821
1.685408042
1.68801013
1.68903536
1.688190828
1.681746469
1.681932936
1.68148557
1.68903536
1.68903536
1.68903536
1.683623696
1.680632182
1.684966919
1.687295647
1.68066151
1.680460956
1.682293518
1.682109599
1.684243084
1.688008879
1.688831543
1.68903536
1.681275512
1.680014822
1.682520818
1.683873826
1.683483597
1.682408305
1.681745607
1.685327248
1.686007742
1.685361509
1.68903536
1.687769448
1.68903536
1.68903536
1.680170078
1.680968474
1.680546592
1.68136361
1.685695745
1.686380896
1.685110574
1.683860224
1.686733477
1.686765124
1.682783006
1.687193541
1.682752434
1.68785261
1.688251133
1.68903536
1.68903536
1.68903536
1.68903536
1.681169228
1.680464528
1.680209076
1.687266009
1.688119417
1.687871528
1.687448858
1.685051999
1.685427017
1.685702551
1.68903536
1.680368408
1.683845659
1.681009173
1.684723346
1.687391456
1.688286023
1.687924964
1.683149189
1.681874156
1.68100087
1.686324816
1.684505036
1.687582291
1.689150501
1.688637378
1.688232691
1.68879805
1.686690892
1.68327142
1.683787192
1.683960686
1.68815125
1.68903536
1.680325434
1.68070328
1.682104063
1.683520788
1.684184895
1.684810616
1.685319281
1.684143766
1.682620507
1.683335481
1.685307138
1.686202894
1.687462713
1.686768478
1.687523802
1.688494378
1.687955224
1.682389746
1.683603529
1.683967107
1.684705973
1.68903536
1.686744513
1.688485865
1.68903536
1.68903536
1.680758582
1.680280246
1.680438706
1.680713878
1.681156683
1.68287702
1.687492792
1.686370229
1.68378578
1.687172274
1.682722501
1.683560832
1.683939172
1.684517298
1.685847763
1.687995347
1.688527715
1.683117567
1.681738999
1.685185039
1.685607146
1.68616358
1.68903536
1.687351739
1.688103617
1.688075146
1.682337103
1.682150444
1.6812295
1.680526801
1.679905864
1.680031602
1.688862517
1.688561796
1.68558654
1.688020009
1.681373419
1.681372928
1.681745623
1.68300523
1.686017331
1.687537694
1.683234253
1.682095806
1.687131127
1.685754358
1.687495874
1.686545514
1.686850274
1.685649169
1.684369234
1.685069386
1.680193153
1.681389161
1.684457101
1.683455239
1.682119161
1.680623765
1.687944315
1.688012239
1.687544981
1.688186179
1.681427165
1.681052399
1.681253223
1.68274131
1.684347337
1.685195228
1.684787448
1.684038563
1.687175129
1.687875772
1.688329934
1.68749124
1.68588569
1.686147388
1.686055003
1.682012442
1.682157064
1.68140625
1.681085554
1.681630245
1.687309212
1.686292856
1.684426131
1.684342565
1.685720023
1.686741991
1.688633731
1.683185953
1.682191051
1.681644918
1.683063089
1.682140401
1.68254518
1.682776211
1.687438734
1.686755795
1.686885494
1.68787103
1.689001397
1.685332626
1.685075097
1.685274933
1.685166167
1.685384795
1.682402666
1.683280008
1.682998762
1.689067452
1.688488482
1.687311086
1.685985675
1.683694221
1.686166793
1.688068039
1.685575934
1.685677843
1.682309965
1.684422154
1.681929226
1.681482401
1.681415446
1.689131221
1.688731644
1.686063963
1.687562406
1.688557081
1.685485226
1.68586899
1.685222663
1.684700934
1.684479198
1.685383015
1.685392677
1.68892934
1.688660734
1.687656936
1.686689164
1.68289517
1.681249153
1.684862463
1.686434165
1.688038703
1.687090644
1.683647636
1.685939985
1.683040953
1.681978915
1.682195606
1.688966208
1.688850527
1.683936394
1.685230947
1.686171828
1.686946438
1.686878528
1.686854573
1.68752653
1.686235063
1.687268413
1.685609278
1.684630604
1.686634082
1.687211496
1.687124362
1.686628293
1.68203817
1.681484664
1.683230187
1.684296837
1.688390441
1.687816923
1.686409828
1.685520919
1.684788411
1.683586864
1.687666629
1.687423935
1.684496475
1.68384737
1.684093681
1.684590832
1.685140028
1.687849886
1.687590181
1.687574759
1.687411203
1.686780803
1.686249878
1.685146308
1.684955886
1.6851016
1.681519879
1.682288276
1.681963883
1.682874627
1.687990896
1.688328221
1.688377014
1.687989654
1.686702497
1.684628638
1.68639367
1.685635645
1.685564936
1.68476049
1.683743364
1.683921763
1.684195639
1.687576035
1.688126557
1.687213467
1.687151578
1.688318035
1.688275789
1.687826353
1.683510957
1.683492185
1.682226778
1.682261876
1.682876806
1.685014573
1.687780671
1.685879351
1.688810156
1.689307055
1.688868397
1.687363082
1.684443873
1.68440148
1.68687398
1.685135994
1.684834223
1.684539529
1.686852241
1.687509868
1.686455288
1.688211048
1.687007397
1.686917114
1.687364542
1.688822708
1.689067828
1.68873892
1.684066253
1.683618904
1.683945584
1.683986169
1.684564557
1.687313922
1.686204717
1.687114674
1.684911649
1.68810663
1.688589327
1.688463173
1.687875231
1.684247483
1.683854693
1.687674974
1.686994794
1.686521952
1.685818191
1.686605684
1.686077747
1.686861948
1.685656466
1.687566089
1.687790628
1.68798651
1.688246108
1.688750329
1.688845546
1.68805745
1.685690295
1.685749428
1.68590928
1.687447179
1.686909743
1.685530102
1.683896272
1.686141935
1.687081177
1.687138823
1.686781859
1.684752892
1.683638424
1.68861752
1.688418433
1.687962347
1.68694589
1.686937688
1.685801878
1.685726174
1.685138803
1.686106919
1.688371618
1.689220779
1.689060778
1.686775219
1.686259959
1.688410438
1.686726472
1.686439317
1.686628315
1.686866328
1.686319658
1.683496061
1.684374335
1.685145186
1.686127355
1.685795678
1.685331299
1.683669042
1.688703644
1.688917923
1.688733162
1.687751773
1.687167976
1.685724279
1.684712633
1.684866601
1.689940498
1.689006105
1.689684436
1.689880906
1.684894237
1.684904282
1.687136012
1.685353948
1.685626817
1.68550165
1.683407867
1.683899906
1.684581128
1.685113982
1.685773171
1.68801018
1.68468872
1.687691194
1.688477548
1.688942565
1.687647147
1.685797342
1.684980522
1.684615971
1.690267688
1.690457135
1.689767674
1.690415985
1.690109156
1.684308254
1.6841428
1.685009558
1.684561075
1.684788644
1.68442387
1.684530734
1.684715841
1.688772693
1.686950391
1.688555814
1.686259411
1.686100376
1.687271011
1.687999843
1.688041943
1.690034706
1.686815829
1.685395312
1.686040483
1.690312961
1.690581282
1.690866781
1.690987119
1.690267945
1.690348148
1.684620221
1.68397104
1.684194971
1.684947723
1.685080214
1.685846472
1.685440319
1.685999821
1.688497518
1.688074743
1.688613729
1.687556968
1.684902887
1.685852839
1.686876972
1.690850539
1.689066492
1.690501781
1.688324766
1.686752327
1.687722047
1.690370188
1.690562498
1.690786317
1.690816398
1.690778634
1.690611766
1.690318488
1.685149657
1.687540558
1.684374617
1.684145236
1.686486912
1.687029013
1.68694292
1.687803953
1.688391164
1.687929137
1.684360898
1.68499539
1.686043709
1.69074282
1.690656092
1.690145321
1.689936819
1.689481562
1.689650924
1.690192305
1.690165688
1.690127387
1.690100179
1.691622834
1.691098731
1.691740125
1.690591495
1.69015556
1.686355804
1.68879001
1.685472293
1.684862639
1.687579038
1.687642165
1.687263681
1.687625868
1.687650669
1.684583882
1.684851076
1.685843336
1.690241578
1.690682737
1.690767647
1.690798564
1.690569594
1.68982994
1.689566861
1.689342103
1.689332469
1.692326613
1.692302343
1.691170327
1.691892884
1.690594016
1.690074575
1.687938023
1.68985212
1.687184577
1.686272383
1.687593549
1.686647946
1.687177106
1.685589694
1.685341973
1.686243119
1.686014989
1.68982545
1.690256529
1.690593166
1.690823265
1.690834951
1.689625649
1.689236965
1.688855219
1.688898701
1.692496092
1.692188564
1.691803765
1.692431583
1.691411787
1.69216241
1.690928493
1.690428055
1.689900651
1.688986781
1.688191237
1.687225262
1.68672354
1.687823267
1.686396651
1.687546226
1.686883039
1.690793276
1.689097578
1.689404126
1.689862613
1.690441835
1.690088994
1.689689153
1.688769033
1.689475332
1.688499491
1.691745528
1.691733831
1.691905178
1.692441999
1.692152737
1.692511055
1.692084634
1.691490007
1.691569708
1.690610308
1.690306107
1.689890096
1.687649447
1.689235442
1.688004904
1.687963415
1.690229122
1.690722697
1.68839824
1.68863195
1.689243634
1.689224384
1.691267259
1.691105564
1.689149857
1.690601173
1.688645593
1.691693041
1.69191227
1.691739256
1.692094134
1.69244174
1.692310592
1.692553794
1.691664704
1.692394001
1.692488572
1.690922425
1.690896629
1.690536826
1.688824849
1.68965221
1.68915841
1.690434735
1.689946547
1.690419834
1.68829213
1.689140599
1.689193959
1.688815651
1.688376276
1.690162603
1.692360905
1.692311241
1.691629433
1.690488364
1.690369077
1.69177783
1.691282477
1.691795751
1.692104653
1.691665294
1.691812487
1.692056229
1.692441213
1.69258364
1.691641042
1.691797251
1.692824556
1.692774402
1.692596892
1.690663313
1.690732472
1.689694513
1.689993332
1.690231468
1.690415301
1.689880267
1.689622813
1.689333199
1.689339816
1.68930926
1.689029628
1.691189543
1.692270121
1.692959132
1.692418386
1.69296098
1.691682839
1.691934627
1.692363653
1.691988442
1.692265663
1.691632315
1.691788807
1.692425184
1.691961303
1.692230504
1.692421129
1.691722639
1.691605219
1.691894121
1.691559537
1.692810657
1.692475402
1.692381544
1.692234533
1.690141294
1.689946997
1.690218728
1.690163526
1.689711507
1.689477143
1.689861169
1.690546814
1.69041425
1.691782923
1.692626174
1.692783265
1.692988048
1.692752254
1.692560785
1.692950357
1.692540723
1.69296779
1.693055535
1.692520325
1.692666041
1.692852942
1.693016545
1.693029599
1.69210652
1.691907976
1.692283225
1.692377371
1.691630383
1.691774446
1.69218657
1.691982267
1.692032946
1.691544578
1.691639067
1.691544582
1.691708167
1.692368897
1.69175336
1.691957345
1.691792427
1.690052192
1.690330089
1.690427137
1.690390382
1.69010273
1.690245825
1.691134381
1.692782735
1.691912959
1.692973334
1.693005853
1.692965175
1.693012983
1.693007694
1.692813235
1.692655989
1.692958351
1.692606186
1.692934392
1.693105123
1.692944873
1.692957193
1.693047782
1.692957911
1.69304086
1.692963604
1.691806971
1.69216965
1.691991161
1.692458779
1.692352672
1.692322177
1.691634298
1.691744289
1.691863881
1.691708253
1.691533264
1.691502793
1.691561074
1.691604152
1.691673355
1.692028424
1.691551123
1.691236865
1.691485466
1.691459361
1.692942656
1.690917942
1.691249248
1.69154551
1.691238614
1.691100092
1.691412102
1.692876538
1.692300505
1.692423085
1.692804811
1.692920308
1.693007676
1.693006868
1.692289567
1.692057434
1.693084604
1.692265892
1.692759865
1.693066861
1.693070884
1.693073727
1.693044682
1.692795548
1.692809957
1.692976708
1.69295291
1.692799575
1.691914059
1.692097962
1.692226146
1.692511902
1.692434773
1.69254419
1.692397832
1.691746551
1.691593475
1.691629439
1.691532398
1.691483854
1.691475295
1.691498368
1.691553677
1.691387321
1.691055818
1.691265576
1.690942854
1.691239561
1.691129664
1.691344974
1.692660308
1.692712298
1.692298657
1.692351379
1.692147823
1.692076303
1.692688009
1.692614974
1.692761967
1.692598039
1.692697925
1.6927951
1.691758778
1.691260513
1.693082349
1.691863981
1.692409244
1.692757362
1.692967503
1.693065083
1.693039242
1.69296767
1.692970317
1.692771919
1.692884087
1.692968436
1.692470454
1.692552446
1.692590045
1.692809567
1.692567515
1.692308031
1.69218927
1.692050455
1.691926568
1.692333048
1.692493326
1.692537568
1.692556615
1.692467437
1.691604714
1.691718933
1.691879225
1.691486343
1.691421048
1.691404422
1.691426943
1.691450225
1.691480778
1.691511386
1.691371599
1.690899304
1.69083244
1.690863342
1.690935572
1.691159074
1.690996074
1.691092683
1.691208609
1.691280964
1.692350351
1.692294892
1.692294519
1.692778954
1.692768357
1.692659782
1.692642216
1.692200113
1.692458814
1.69258749
1.692277665
1.6923027
1.692400618
1.691395181
1.691085515
1.69129756
1.69075304
1.691564539
1.691216665
1.692588022
1.692980517
1.691876834
1.692169296
1.692509824
1.692788648
1.692950591
1.692980096
1.692879979
1.692884889
1.69273697
1.692822254
1.692073964
1.69202428
1.692157548
1.692298824
1.692515469
1.692300943
1.692022179
1.69234845
1.692279319
1.69216038
1.692054747
1.692448332
1.692529395
1.692555248
1.692556537
1.692519402
1.691589746
1.691704796
1.691840165
1.691364426
1.691301108
1.691330205
1.691489381
1.691405904
1.691452319
1.691357136
1.690643919
1.690690642
1.690746702
1.691012914
1.690821559
1.690959167
1.691045267
1.691069594
1.691163493
1.691219608
1.691930295
1.691971467
1.691879995
1.692538995
1.692470958
1.692087176
1.692582198
1.69177947
1.691986404
1.691805315
1.691715095
1.691981435
1.691757801
1.691657257
1.690854102
1.690949028
1.690896951
1.690591499
1.692314294
1.691541113
1.691202733
1.692506529
1.69278111
1.691865784
1.692204109
1.692526813
1.692808372
1.692778087
1.692791624
1.692783055
1.692657156
1.692682983
1.691809205
1.691778975
1.691744771
1.691506454
1.692053132
1.692009042
1.691742634
1.691976723
1.692011532
1.692423434
1.692370305
1.692265176
1.692200697
1.692506221
1.692544341
1.692554655
1.692556602
1.69255118
1.691576399
1.693566273
1.692529019
1.691689864
1.691292553
1.691247068
1.691311895
1.691488186
1.691416574
1.692010154
1.691362253
1.690765804
1.690747344
1.69077882
1.69107446
1.691016081
1.691154472
1.691204201
1.691204461
1.691109492
1.691157885
1.691616538
1.691553133
1.691577614
1.692016189
1.692002868
1.691740952
1.691424963
1.691532639
1.691644375
1.69154142
1.691540733
1.691628145
1.691289635
1.691322487
1.691445856
1.690908918
1.690640014
1.690720212
1.690689344
1.69067354
1.690617765
1.69061796
1.690765042
1.692213932
1.691521767
1.691197733
1.690903905
1.692249874
1.692476513
1.692540071
1.69185861
1.69222238
1.692635994
1.692468066
1.692537481
1.692666175
1.692669842
1.692537322
1.692522799
1.692385801
1.691478654
1.691540606
1.691481819
1.691282112
1.691680868
1.691450313
1.69137701
1.69166209
1.691906284
1.6933419
1.692487764
1.692446584
1.692366086
1.692545788
1.692525556
1.692561768
1.692541909
1.692565623
1.696000611
1.696138187
1.692408881
1.694305213
1.694938282
1.693693012
1.697781446
1.691240979
1.691277294
1.691272194
1.691335957
1.691307089
1.693328679
1.691936647
1.694448098
1.692303456
1.691018066
1.691015096
1.691250794
1.691163985
1.691243743
1.69120883
1.691295606
1.691392162
1.691249509
1.691427944
1.691200814
1.69125737
1.691342068
1.691319504
1.691197466
1.691276782
1.69177145
1.691758191
1.691314541
1.691412353
1.69144765
1.691570165
1.69175176
1.691179192
1.691138687
1.691089377
1.691121238
1.691167593
1.690669698
1.690658403
1.690543711
1.690518928
1.690515358
1.69074553
1.691173664
1.690492189
1.691969693
1.691494304
1.691138148
1.690867732
1.690823701
1.691959777
1.692194948
1.692211611
1.691584078
1.69188708
1.692255248
1.69237454
1.692341012
1.69238539
1.692510052
1.69217775
1.69231377
1.692100093
1.691275423
1.69124412
1.691109593
1.691398153
1.691367585
1.691226204
1.691198416
1.691170261
1.691586234
1.691312333
1.691658895
1.693897759
1.696262083
1.692537701
1.693776876
1.692515709
1.692568283
1.692497101
1.692555815
1.692530846
1.692565269
1.699262946
1.699458814
1.699413977
1.695238745
1.696544174
1.699992739
1.70199639
1.69128574
1.691315594
1.691334908
1.691926227
1.69673027
1.698706713
1.697082469
1.694877261
1.695040826
1.691323951
1.691386043
1.691303272
1.691312496
1.69131858
1.691577487
1.691648765
1.691353511
1.691650017
1.691507265
1.691604752
1.691597277
1.691189079
1.691147212
1.691229077
1.691978886
1.691980719
1.691283328
1.69136737
1.691540048
1.691985047
1.691768397
1.691747766
1.691018779
1.691060472
1.691040591
1.691148079
1.691055156
1.691078333
1.69048298
1.690513016
1.69050292
1.690505836
1.701100637
1.690597554
1.690877085
1.690519787
1.691207111
1.691582852
1.690724795
1.69166559
1.693501906
1.691219313
1.701335793
1.71569822
1.695192474
1.695709551
1.691996887
1.691820232
1.691936666
1.692038911
1.692145899
1.704720498
1.702034695
1.698536403
1.691076823
1.691084725
1.69100476
1.691147874
1.691132844
1.69109098
1.691108671
1.691041267
1.691037347
1.690984733
1.691302379
1.69138585
1.693466034
1.696096806
1.696061201
1.699503897
1.692568943
1.696607767
1.694297192
1.696508709
1.692796544
1.692734939
1.692789519
1.693399913
1.69489664
1.703532916
1.704026327
1.69961451
1.705275329
1.707310222
1.691367596
1.692647489
1.693290096
1.695857456
1.702015607
1.702455308
1.705250535
1.701024009
1.700122664
1.691657678
1.691412602
1.691503981
1.691467634
1.69185453
1.691916154
1.691499412
1.691924887
1.691878182
1.691835689
1.691904885
1.691911147
1.691364123
1.691244082
1.691213154
1.692265364
1.692205357
1.691403618
1.691506807
1.691831803
1.692208303
1.692018135
1.69101784
1.690994533
1.691033021
1.691220002
1.691128897
1.69044323
1.690454409
1.690475487
1.690734597
1.690578645
1.709964719
1.722861675
1.69103114
1.691934574
1.690951013
1.691551282
1.69118731
1.691168927
1.695814032
1.699992891
1.713191965
1.732575149
1.727863738
1.722588539
1.703922257
1.719312943
1.701189045
1.708577002
1.710681635
1.713205182
1.708996886
1.690981928
1.690966312
1.69103065
1.690973012
1.692270023
1.690942432
1.690960908
1.690890845
1.692874042
1.690825417
1.691010701
1.690928794
1.690961034
1.690839152
1.690949485
1.690922237
1.690839978
1.695599465
1.696067105
1.699217058
1.699220424
1.705706352
1.702623047
1.694420314
1.699258881
1.696613679
1.699101623
1.698167352
1.695676325
1.695092567
1.695693252
1.69832738
1.708271131
1.708878751
1.708001821
1.711856056
1.712829814
1.693295175
1.697400963
1.697434597
1.703107255
1.711761379
1.711383809
1.710994852
1.712490078
1.692842003
1.691666936
1.691654538
1.691887551
1.692198108
1.692148487
1.692193373
1.691728319
1.692182685
1.692158501
1.692126222
1.692373742
1.692190377
1.691615713
1.691711547
1.691478689
1.692419599
1.692373736
1.691803752
1.69174713
1.692078402
1.692227234
1.692387373
1.692274676
1.691060302
1.691128235
1.691182341
1.691527971
1.691327009
1.691920199
1.713218382
1.694414937
1.694924781
1.690737513
1.726917281
1.73272637
1.691300499
1.69096852
1.691653103
1.691450094
1.691956106
1.692236755
1.691652423
1.691723408
1.70097057
1.705622516
1.727614492
1.738178762
1.737610337
1.734160086
1.732158134
1.710825767
1.728897726
1.722578583
1.722271633
1.720125146
1.715739512
1.690949815
1.690930847
1.69101978
1.69677173
1.697670994
1.690791485
1.694610884
1.692149521
1.690900681
1.690904225
1.690924012
1.690899451
1.691175031
1.69087747
1.690833081
1.690789609
1.700718287
1.699970419
1.701703822
1.702905905
1.702806354
1.706786586
1.700989755
1.698822853
1.701717772
1.700864584
1.701627366
1.699765262
1.698925188
1.702006293
1.713335244
1.711746953
1.716327051
1.717388104
1.717852923
1.712434697
1.699075735
1.704022319
1.719076809
1.719524989
1.719837829
1.718587067
1.6923782
1.691869212
1.692132392
1.692556067
1.692384937
1.692468686
1.692445372
1.694412463
1.701603165
1.69244745
1.692412681
1.692390792
1.692724411
1.692611768
1.692584229
1.692126177
1.692038693
1.692481586
1.692473962
1.692171227
1.692401398
1.692468104
1.692420248
1.692327032
1.691146953
1.691285487
1.691310945
1.69152133
1.691690361
1.692138731
1.719333665
1.703189139
1.741473254
1.73459396
1.691934136
1.705827588
1.692548597
1.692272478
1.691959043
1.692314365
1.692129343
1.692444585
1.692282593
1.705163062
1.709645689
1.732715216
1.735300059
1.740255589
1.737324247
1.742928357
1.714457129
1.731128425
1.728072968
1.724924878
1.719750213
1.6909944
1.690962161
1.690941075
1.690943564
1.69110392
1.695700422
1.700651933
1.699129213
1.695973259
1.690849906
1.690876248
1.69090927
1.696016625
1.693428551
1.690825323
1.704288374
1.703973471
1.704723377
1.706297158
1.705700238
1.710569039
1.704669594
1.704853267
1.704328216
1.705100342
1.704684493
1.704292497
1.703706979
1.705053069
1.70649039
1.717286825
1.715529211
1.721891501
1.722363574
1.722409029
1.712681654
1.725160324
1.725375179
1.723525297
1.718974573
1.69210063
1.696153946
1.692423287
1.692317569
1.692837135
1.692673618
1.692655176
1.692790066
1.692716957
1.704854483
1.709753391
1.692682967
1.692648974
1.69264164
1.69294657
1.692825382
1.692869291
1.692358806
1.692458677
1.692485344
1.692516635
1.692503226
1.692547435
1.692511277
1.692596851
1.692562874
1.69131641
1.691259739
1.691537841
1.691555522
1.691609307
1.691860337
1.691985514
1.692350959
1.692597557
1.720128005
1.723894851
1.744736368
1.738117731
1.697683553
1.710978685
1.692600055
1.702431537
1.692549492
1.692664079
1.692779653
1.746164613
1.708811454
1.713218677
1.73415671
1.739400782
1.737291013
1.741810928
1.731245754
1.717521513
1.728208555
1.722884119
1.691087472
1.69103215
1.694015372
1.691029088
1.691248076
1.691226925
1.698596671
1.702600714
1.700174189
1.70570408
1.693627635
1.692531379
1.6965733
1.699816565
1.697830782
1.69627766
1.708536777
1.707453262
1.709945442
1.708898361
1.715596235
1.70773629
1.708299126
1.708201966
1.706674659
1.707842993
1.708747965
1.708454992
1.720671885
1.72117131
1.726287281
1.726769907
1.726032436
1.712756699
1.728668494
1.718308033
1.727865551
1.724118471
1.692303907
1.69693336
1.692912621
1.692554294
1.692487281
1.698175631
1.703711343
1.69271704
1.693067278
1.693211187
1.692982671
1.692960732
1.692930201
1.707854728
1.692886487
1.692849387
1.692812213
1.693102756
1.693206245
1.693154931
1.692595698
1.692656092
1.692447384
1.69249547
1.692540532
1.69260218
1.692575531
1.692655063
1.692704974
1.692680875
1.692707444
1.691449694
1.691485167
1.691452679
1.69179021
1.692036988
1.691749496
1.692034763
1.692246832
1.692521996
1.692756168
1.6927152
1.731587524
1.748895486
1.74374997
1.716143558
1.708387968
1.692933892
1.693109139
1.693153433
1.744848359
1.749914418
1.7522214
1.712338867
1.716358833
1.736970284
1.73436356
1.738972146
1.729920454
1.720546194
1.725343369
1.698400777
1.691297953
1.694862499
1.692220938
1.701909623
1.703369067
1.706558309
1.701688946
1.699028216
1.702281979
1.703484959
1.701708232
1.7100754
1.713340878
1.710339898
1.713809321
1.712107549
1.721427004
1.710747041
1.711178035
1.712350072
1.711856169
1.709573143
1.71030836
1.725739172
1.728619319
1.730450301
1.730849937
1.730520987
1.712375046
1.731694812
1.718751445
1.723803658
1.728959041
1.697731609
1.692661638
1.698299203
1.703339055
1.692789573
1.69285083
1.692918548
1.693310262
1.693382876
1.693180975
1.693168887
1.693112538
1.705231691
1.693062707
1.693004848
1.6933479
1.693353141
1.693405068
1.69332038
1.693307737
1.692641883
1.692666728
1.69240247
1.692466144
1.692519368
1.692597404
1.692550442
1.692743462
1.692721449
1.692671161
1.692973384
1.691676499
1.691727915
1.692269867
1.691995039
1.692248679
1.691982261
1.692428656
1.692487341
1.692645639
1.69276419
1.692787501
1.69276808
1.734210412
1.74856062
1.718646028
1.725889933
1.713838902
1.707233157
1.694255988
1.742179465
1.748991879
1.75620131
1.754755942
1.716434547
1.719937864
1.736030748
1.733034464
1.728108038
1.723649847
1.702368931
1.698797247
1.69514811
1.695206959
1.705068342
1.705791226
1.707534743
1.706343866
1.705227003
1.70841595
1.707374506
1.710656162
1.714294264
1.717320866
1.71272135
1.716393779
1.717981982
1.727749598
1.714577666
1.717950867
1.715731419
1.712830562
1.712607798
1.732699135
1.737088887
1.736033502
1.7335943
1.734628553
1.711294429
1.733219343
1.718022704
1.724159019
1.729351768
1.697394166
1.699711475
1.700358723
1.694007473
1.69293869
1.693003998
1.699262182
1.693083526
1.69335984
1.693392396
1.693414853
1.693319694
1.693209708
1.693266881
1.704599226
1.693153302
1.696644834
1.693308276
1.692618637
1.692584972
1.692348992
1.692431396
1.692479333
1.692529784
1.692705331
1.692643764
1.692588867
1.69272551
1.692627107
1.694738595
1.692677308
1.691934427
1.692013703
1.692467161
1.692231615
1.692457044
1.692232724
1.69264205
1.692650301
1.692765871
1.692750652
1.692821509
1.692791377
1.692802225
1.692838572
1.736020928
1.747904595
1.730317628
1.722515797
1.714345989
1.738947934
1.757334103
1.746828337
1.755165915
1.760509846
1.721096427
1.724220895
1.731684518
1.727392623
1.735897297
1.702515338
1.698159426
1.706851289
1.69690156
1.710684793
1.708781957
1.711239272
1.712865423
1.713220773
1.717930119
1.714584408
1.715142813
1.722267453
1.722573667
1.733913057
1.720113256
1.723987601
1.719014594
1.717549817
1.74194285
1.743804014
1.742363365
1.737939537
1.7352723
1.710981715
1.732987714
1.717704813
1.72797017
1.723378856
1.711982481
1.731448488
1.69415925
1.692984869
1.693040211
1.724846552
1.696754766
1.69987111
1.693075164
1.708652452
1.700090433
1.706099883
1.693125396
1.694505414
1.693184355
1.693145014
1.703964041
1.693057429
1.719034954
1.707336893
1.692538399
1.69248374
1.69234956
1.692290529
1.69238545
1.692435108
1.692591515
1.692536434
1.692477712
1.692508112
1.692662183
1.692550284
1.693075772
1.694626523
1.692213207
1.692647407
1.692643603
1.692465608
1.692446153
1.692783095
1.692790435
1.692856725
1.692725625
1.692850387
1.69282056
1.692884901
1.742810602
1.753043025
1.739306646
1.731979701
1.743889401
1.762886062
1.753988249
1.763338252
1.725587082
1.729943168
1.732518297
1.740489833
1.710734342
1.700501728
1.704732105
1.696655126
1.714145532
1.713157985
1.717488062
1.71540059
1.718808909
1.715585212
1.722601484
1.716158475
1.718850421
1.728343783
1.742062829
1.728076401
1.725234158
1.724583344
1.751953953
1.756952359
1.743084903
1.736061927
1.732289383
1.708423673
1.726949437
1.716457783
1.721388916
1.692956682
1.693012101
1.738719998
1.735084835
1.695016494
1.697911272
1.692987734
1.71938247
1.718702531
1.718349637
1.692979776
1.71223198
1.695377241
1.704554502
1.69898687
1.700540816
1.69309033
1.732427383
1.692232976
1.721391983
1.692428417
1.692371334
1.692282618
1.692323197
1.692460949
1.69240944
1.692352649
1.69237677
1.694568169
1.692414178
1.692592867
1.692465122
1.692648072
1.693186905
1.692790803
1.692692229
1.69287931
1.69288759
1.693073363
1.692841707
1.692862478
1.694291405
1.765955281
1.759384079
1.749929771
1.757813318
1.745244932
1.751197735
1.769498367
1.769930844
1.761325219
1.73158868
1.738829693
1.749309742
1.708377093
1.712487711
1.698815449
1.701908815
1.695939896
1.718566304
1.718794934
1.720232781
1.717313096
1.723801933
1.720207565
1.728421378
1.718372044
1.72420207
1.744737362
1.732192152
1.733940919
1.731960074
1.730955908
1.750953887
1.763602952
1.739064619
1.726310448
1.734673545
1.701154476
1.708294356
1.719980645
1.712331544
1.692941173
1.722911744
1.748032604
1.747046873
1.697534555
1.696044284
1.695493859
1.694202424
1.731129747
1.730887465
1.699345456
1.715442116
1.708528195
1.705758674
1.699288515
1.699790446
1.745045069
1.692176292
1.733263535
1.692306285
1.692256621
1.692217281
1.692240106
1.692327468
1.692278613
1.692234511
1.692276794
1.694689627
1.692323124
1.692518467
1.692382869
1.694270744
1.69387572
1.693873226
1.694072573
1.695762367
1.695319955
1.770805467
1.765124848
1.755652695
1.761213881
1.77604309
1.772225155
1.739793936
1.761180714
1.750773355
1.696079778
1.706056421
1.70956061
1.700348516
1.697658527
1.712775902
1.722667056
1.72475519
1.718294393
1.734406956
1.736002471
1.72668827
1.695900441
1.72183108
1.746521865
1.737651289
1.738301729
1.737096784
1.751537418
1.765521361
1.733482396
1.722796662
1.701532693
1.702559086
1.710908699
1.724745998
1.760385685
1.759116084
1.699405503
1.698856528
1.744021863
1.743226827
1.70659686
1.727520112
1.71773487
1.712106071
1.702980297
1.704470267
1.760196863
1.692121678
1.707762398
1.745124988
1.736912515
1.692191055
1.692152886
1.692130221
1.692148207
1.692132192
1.692203208
1.692154421
1.692186724
1.695399381
1.692252284
1.693874523
1.693200171
1.696094234
1.695910045
1.696013251
1.697643623
1.775942433
1.783753384
1.771736629
1.791386361
1.770774655
1.779440454
1.753413698
1.770164615
1.697091297
1.706051943
1.702647931
1.698835474
1.711167619
1.723276236
1.72950426
1.716684823
1.750017455
1.741196848
1.731581654
1.734517398
1.697087564
1.696853069
1.729679218
1.74135618
1.741765847
1.739859049
1.746666965
1.752945579
1.754153803
1.718817776
1.726657769
1.709497956
1.704086553
1.703660401
1.772860447
1.70400642
1.757177253
1.755537609
1.730625882
1.712519495
1.720005801
1.709729616
1.711213131
1.774575965
1.787201842
1.692068555
1.714768926
1.720051021
1.757610083
1.744340874
1.692085718
1.69205836
1.692070754
1.69205646
1.692087963
1.692035724
1.692464025
1.693376217
1.697795392
1.693513187
1.695408737
1.694976158
1.698051529
1.699702239
1.698928124
1.803515124
1.794799509
1.806979621
1.795226479
1.779859915
1.779648529
1.766608995
1.698044437
1.705004326
1.70039938
1.710942735
1.720633542
1.705519487
1.752076479
1.722155518
1.741643118
1.7349823
1.698271895
1.698405402
1.700329598
1.741663082
1.756037395
1.735245641
1.740664223
1.751263565
1.734828512
1.737453993
1.716084752
1.708311011
1.710856194
1.704175564
1.730254037
1.769179819
1.720208746
1.719252995
1.791118406
1.808618821
1.692014544
1.729388683
1.738763485
1.780998407
1.770518605
1.757184673
1.692011934
1.691995048
1.691988614
1.692129467
1.692003556
1.694489662
1.694006187
1.694919071
1.701181852
1.695112415
1.701338334
1.69672971
1.699756927
1.829891727
1.826622766
1.808400205
1.791692181
1.776606235
1.699044422
1.700897873
1.699518351
1.701700554
1.711709513
1.715130468
1.706783904
1.766350151
1.720985388
1.742512926
1.731141688
1.700108069
1.70308296
1.702910279
1.779687695
1.760176049
1.732953155
1.759989555
1.726247771
1.727522672
1.715991974
1.708967793
1.708260422
1.716413897
1.816081289
1.691986375
1.739429441
1.752266706
1.792345032
1.776842254
1.838072175
1.691981395
1.692468457
1.692499453
1.696149525
1.693327414
1.695746116
1.695575985
1.703068912
1.696513517
1.700320073
1.698255725
1.697159935
1.857388384
1.845607613
1.832063026
1.815146415
1.791177635
1.701077348
1.699918526
1.702904146
1.701753248
1.702752078
1.781185302
1.715985701
1.711352903
1.707393892
1.719740271
1.748494418
1.728524146
1.705640814
1.70487867
1.708779331
1.803134648
1.779161943
1.77640377
1.815273263
1.733262793
1.719964526
1.731050219
1.713577953
1.716384539
1.72824553
1.835262993
1.845943668
1.814036953
1.692001166
1.757616244
1.771898895
1.793785466
1.845685061
1.694112066
1.695089071
1.69586208
1.697510279
1.696374806
1.696970626
1.69993507
1.698041172
1.698238869
1.698652953
1.877420037
1.870292375
1.850897364
1.853537742
1.81878575
1.702867813
1.705361422
1.703558277
1.704186716
1.769717583
1.712931655
1.707426373
1.723271077
1.706735075
1.703726625
1.700944599
1.707725684
1.712313828
1.821363397
1.77094412
1.85437937
1.732893073
1.726473761
1.746144593
1.727376387
1.748156568
1.846042008
1.831060102
1.868292741
1.82926854
1.842407699
1.815524858
1.779580323
1.694968622
1.78200614
1.803933266
1.841617928
1.696962993
1.69782265
1.698737068
1.69925
1.699999236
1.698632684
1.700498134
1.699566723
1.883339365
1.881970944
1.874469531
1.859353057
1.803903671
1.706395305
1.710385152
1.709971469
1.707750652
1.710703519
1.723853835
1.712430495
1.702867592
1.701459182
1.704689953
1.708782554
1.714004922
1.712725537
1.789618076
1.744140453
1.824056683
1.778737656
1.800373187
1.766388366
1.775187312
1.803158779
1.813281027
1.826347221
1.824987907
1.801485914
1.830972006
1.891755852
1.878085898
1.831848322
1.860763369
1.697228223
1.82541585
1.884305568
1.699610053
1.700858919
1.702428252
1.700442868
1.70184438
1.919869126
1.877792473
1.805048143
1.736513015
1.713967345
1.713410131
1.715630907
1.718671879
1.702079045
1.702872577
1.703756064
1.706177729
1.71017892
1.715673892
1.779865113
1.833210343
1.782390137
1.836357676
1.788184012
1.851467139
1.825645951
1.840839964
1.803762549
1.832654004
1.82930825
1.85073977
1.870179857
1.923025869
1.969587244
1.938297447
1.908672322
1.946023019
1.861820024
1.814426497
1.699216509
1.898290435
1.917023169
1.700889587
1.703817357
1.705159956
1.704123767
1.895269307
1.809373558
1.767271419
1.739917952
1.714166846
1.714410166
1.718100786
1.70439193
1.705404803
1.706474454
1.709436195
1.71348848
1.713053837
1.716765226
1.844027383
1.87216333
1.849808139
1.838289929
1.903219949
1.913612358
1.901523492
1.854591628
1.804614241
1.811254005
1.854173947
1.91682488
1.881537203
1.869973517
1.906030721
1.906731668
1.880359759
1.841714427
1.948206279
1.948943266
1.702994431
1.706093665
1.708668848
1.708331885
1.8224976
1.758128504
1.738508114
1.721923084
1.717780135
1.707991633
1.708791445
1.709741791
1.714260768
1.718770174
1.721695395
1.906547985
1.911312843
1.939905946
1.89196327
1.902918828
1.935103082
1.974099939
1.928022395
1.831746541
1.825594582
1.931682499
1.822466629
1.922089846
1.941995022
1.90328851
1.907863268
1.909731089
1.906154175
1.812799145
1.949008467
1.814992597
1.705685476
1.709233997
1.713568987
1.754046442
1.737343175
1.735002316
1.730492467
1.714384498
1.713079869
1.719008958
1.728171163
1.981116749
1.95407731
1.937041684
1.906219366
1.901414069
1.94097928
1.965006411
1.951286465
1.88954055
1.862588838
1.955119497
1.850089284
1.947819689
1.911012919
1.835933877
1.883530159
1.92959973
1.840433583
1.76439119
1.835448919
1.709084733
1.712677078
1.713810446
1.717967393
1.762849958
1.767960423
1.757014732
1.740377278
1.720806157
1.720569841
1.723873847
1.726238329
1.95841228
1.987439547
1.906468058
1.898744958
1.922289448
1.924020025
2.007853928
1.90834781
1.985264669
1.991237055
1.893003239
1.892141057
1.909921265
1.836269834
1.845937748
1.906821999
1.783271597
1.797874325
1.814969024
1.713838292
1.716645277
1.723474616
1.785474074
1.755043424
1.733821637
1.731440674
1.728202161
1.916624454
1.945995456
1.924802672
1.910520847
1.92101592
1.843031716
1.987558868
1.955016491
1.989701082
1.901727668
1.888851038
1.898650153
1.89261393
1.86598129
1.902137929
1.782842677
1.789429029
1.775775511
1.720459249
1.724635108
1.734992232
1.745420487
1.746287627
1.750302542
1.738401145
1.934598392
1.955017854
1.955470865
1.921353941
1.856653961
1.787534443
1.962748058
1.989135542
1.942621733
1.954439582
1.928925323
1.884834866
1.898003393
1.91972465
1.921344848
1.935213978
1.76032469
1.762300937
1.726549884
1.733101894
1.744288959
1.744540091
1.765046885
1.778848469
1.767711813
1.948796809
1.942254588
1.960419257
1.931321504
1.823732341
1.792069744
1.970198795
1.964387177
1.931179943
1.934322372
1.930529198
1.940290535
1.952021564
1.933904743
1.939829437
1.945522515
1.751896072
1.739863325
1.762554588
1.772509057
1.77144847
1.785822041
1.79365959
1.767159212
1.976782773
1.966247797
1.973697379
1.887508693
1.816845136
1.960228563
1.942280648
1.937539197
1.948519367
1.948208276
1.92936551
1.967615056
1.969644009
1.794439409
1.776208623
1.746036993
1.7724812
1.793846629
1.781485164
1.780446464
1.96097289
1.978481634
1.844964913
1.904353981
1.96386599
1.962805034
1.974614912
1.975313114
1.984208937
1.976873135
1.946264876
1.793013248
1.793746909
1.748919312
1.766728148
1.773964161
1.822352859
1.974606565
1.974404067
1.821481134
1.908972997
1.984944428
1.97329476
1.960130623
1.972355692
1.971290124
1.954269714
1.938169907
1.779495037
1.763488471
1.767394555
1.85452485
1.776829645
1.989274705
1.946591812
1.871307893
1.977713346
1.946898008
1.940382887
1.946843767
1.939131521
1.932217031
1.764567141
1.79718318
1.856186072
1.765533259
1.780275683
1.966592313
1.939685707
1.947323553
1.918116926
1.937830442
1.925340506
1.92642869
1.782906154
1.893782744
1.788811769
1.759129869
1.957209253
1.933856124
1.907024037
1.917231266
1.915728898
1.914348631
1.752488073
1.820819175
1.765795279
1.981199288
1.913512926
1.899999787
1.901699656
1.88239156
1.770172992
1.761790658
1.818519
1.872806912
1.936865878
1.904293784
1.906267612
1.820954618
1.802635997
1.846220962
1.856572161
1.892648209
1.898914423
1.892938078
1.85691131
1.85326056
1.848524625
1.857322642
1.956272841
1.916746157
1.866202526
1.851498994
1.914048568
