1.68655003
1.68655003
1.68655003
1.687771593
1.68655003
1.689084493
1.68655003
1.688505968
1.687520147
1.685951625
1.688249142
1.689364028
1.68655003
1.688657883
1.684572276
1.683829383
1.682871036
1.68655003
1.68655003
1.68655003
1.68704818
1.683175705
1.687867496
1.688839207
1.681141517
1.680609306
1.681462217
1.681350046
1.682269383
1.68900698
1.689059365
1.68655003
1.684288848
1.680924104
1.68561285
1.687033999
1.681249199
1.680355808
1.679843105
1.68300738
1.68388362
1.688385894
1.68655003
1.68922432
1.68655003
1.68655003
1.681591914
1.679921516
1.682696823
1.684472324
1.682586853
1.683938264
1.681651477
1.680671827
1.685622057
1.685853699
1.686391908
1.689032267
1.685872677
1.68878835
1.68861608
1.68655003
1.68655003
1.68655003
1.68655003
1.679922868
1.680830066
1.681798537
1.68633336
1.685347251
1.685900844
1.684076271
1.681811727
1.685955596
1.686453067
1.68655003
1.682365724
1.686849803
1.683393667
1.68755331
1.689102649
1.689221144
1.688816808
1.680862842
1.680493599
1.680262482
1.687266001
1.68672463
1.688087085
1.688104192
1.688626315
1.685768762
1.689134129
1.683974739
1.685405031
1.684603526
1.685380481
1.688590712
1.68655003
1.680582799
1.683111274
1.68524225
1.68675075
1.68718244
1.687617568
1.682633509
1.68145664
1.68036093
1.68676932
1.688150836
1.68939793
1.690251546
1.690148738
1.689906116
1.687756284
1.686420934
1.685846835
1.685376289
1.684194531
1.686759268
1.68655003
1.688761002
1.688672036
1.68655003
1.68655003
1.680267008
1.681292484
1.682322876
1.683072472
1.684039335
1.686338508
1.68518421
1.683399503
1.681126136
1.68463756
1.687476016
1.688818485
1.689308475
1.689588456
1.689963645
1.68945133
1.689073089
1.686129052
1.686067902
1.688137239
1.686164035
1.688875061
1.68655003
1.689460138
1.688954785
1.688225425
1.685842628
1.680495997
1.680348067
1.680198228
1.680457121
1.682164333
1.688086369
1.688294815
1.682932482
1.68679685
1.686671629
1.687134972
1.687661702
1.688755135
1.690378024
1.690702978
1.686673613
1.686207548
1.691235053
1.689141103
1.69198218
1.689085121
1.691257944
1.687682456
1.687519426
1.687490057
1.681882935
1.684047604
1.68180425
1.68066845
1.679664425
1.679703378
1.6905805
1.689977749
1.685597392
1.688757485
1.685997455
1.686028182
1.686786802
1.688630007
1.690021067
1.690581926
1.688150154
1.687410176
1.693245476
1.693938709
1.694066932
1.691572462
1.690666386
1.69219234
1.693396022
1.684068016
1.68457162
1.680301676
1.68150168
1.682531355
1.684442824
1.682612539
1.680949381
1.681670306
1.690635993
1.690419606
1.689105783
1.686676656
1.686283743
1.686889701
1.687001195
1.688044605
1.688729891
1.689028423
1.691164123
1.690041956
1.694626387
1.695538457
1.695170472
1.691996033
1.690822387
1.691806838
1.692636357
1.693690084
1.681971978
1.681594115
1.682044409
1.68756553
1.685690711
1.684434593
1.683638842
1.689593157
1.690423713
1.690394969
1.688695712
1.689170598
1.687060249
1.68816412
1.687146108
1.686964269
1.687331282
1.694406046
1.69319635
1.694984315
1.696240276
1.696573161
1.691056969
1.691954125
1.692021616
1.692309548
1.693088202
1.683792028
1.683632696
1.68949213
1.687958425
1.68642252
1.685441876
1.688940586
1.68683727
1.690132343
1.690356387
1.692207524
1.691045395
1.687529514
1.689601349
1.686816471
1.686055122
1.686264765
1.696143626
1.695176612
1.692555045
1.694750203
1.69583616
1.696191058
1.692847019
1.692404909
1.693959057
1.692416526
1.693494088
1.692040245
1.691655143
1.686188447
1.689550194
1.688118251
1.68682642
1.688132567
1.686550739
1.688939331
1.688845797
1.693901602
1.692345652
1.689648709
1.688282576
1.687560931
1.686985651
1.695230181
1.695905004
1.691550447
1.691667918
1.693508119
1.694156944
1.694388092
1.694644799
1.693956328
1.694613055
1.693546545
1.692737969
1.692176291
1.68619492
1.687941328
1.686809895
1.687028687
1.686607544
1.687047795
1.686739627
1.694414775
1.693083825
1.691982311
1.690968395
1.689596641
1.687942411
1.69443692
1.694346523
1.691701205
1.691462782
1.691960915
1.692139026
1.69235848
1.695094091
1.695187623
1.694332814
1.694506534
1.694870285
1.694366207
1.693602961
1.684646594
1.685776123
1.686350126
1.686008142
1.685597701
1.688295062
1.694631942
1.69399251
1.694603614
1.694207399
1.693013384
1.690922356
1.692590289
1.692313593
1.692646018
1.691480185
1.691396671
1.691209339
1.694524206
1.695543739
1.694644095
1.696166351
1.693856697
1.693884398
1.693557962
1.696390946
1.696070265
1.695137148
1.684661091
1.685143695
1.687018976
1.686464921
1.686311263
1.691194363
1.689459466
1.694873492
1.693232486
1.695350144
1.695051879
1.693707616
1.693303264
1.691047084
1.691173072
1.693548506
1.692688058
1.692034459
1.691276609
1.693487838
1.69348636
1.695759062
1.694210592
1.696684909
1.693726629
1.693431538
1.697147236
1.696991753
1.695978863
1.696983831
1.686728721
1.688539647
1.6883093
1.691874391
1.690814485
1.694014741
1.691931205
1.694381941
1.694413779
1.693019952
1.693532166
1.690556216
1.690303196
1.695107787
1.694334965
1.6933214
1.691976709
1.692914505
1.692795454
1.695157688
1.693395744
1.69593846
1.693216004
1.693967367
1.69426403
1.696634789
1.696147849
1.696706839
1.696473073
1.689532982
1.690443932
1.692213455
1.691539492
1.691539727
1.69238373
1.692628373
1.692423508
1.692660097
1.690542117
1.689826006
1.696366752
1.695789644
1.694683255
1.692866566
1.692568476
1.692347392
1.693404138
1.694338451
1.69440695
1.693370432
1.693972483
1.694758574
1.694600163
1.69481415
1.696667792
1.695438727
1.690886093
1.691635472
1.690146678
1.690720801
1.691289841
1.69159727
1.690647009
1.693193596
1.689869932
1.696849154
1.696726283
1.695924227
1.692631963
1.692305763
1.692612976
1.692860963
1.694661471
1.694678564
1.693993772
1.694545245
1.694703978
1.693075101
1.69362188
1.695331283
1.690364951
1.690745568
1.689885073
1.690215539
1.690547519
1.695628989
1.691674307
1.694384122
1.690945549
1.696296683
1.696912115
1.696970891
1.69296954
1.694455896
1.692565095
1.692335643
1.692414458
1.694532749
1.694873174
1.695242665
1.695411228
1.694281585
1.694128641
1.692381253
1.693116859
1.69416949
1.689880362
1.69016815
1.69060182
1.690326923
1.690452277
1.696572378
1.693364776
1.695543187
1.692493558
1.695268579
1.696215838
1.696783708
1.695565794
1.693817969
1.695255725
1.693440455
1.692751746
1.693181085
1.694497
1.695070215
1.695616195
1.695886757
1.69402691
1.693899228
1.694029192
1.692326581
1.693253005
1.692556408
1.693193303
1.690501847
1.691227078
1.691439328
1.696636412
1.695147402
1.693422247
1.694122226
1.695177606
1.696035217
1.695969865
1.695922103
1.695068763
1.695047927
1.694705962
1.695029786
1.694463469
1.694975593
1.695348286
1.695627804
1.694398337
1.693951473
1.694343651
1.693758658
1.693865916
1.692636818
1.694128842
1.69239431
1.692559295
1.691586538
1.692286868
1.695947481
1.694662663
1.693168565
1.693176889
1.694261811
1.695220591
1.696018287
1.696407031
1.696582087
1.696634019
1.696127006
1.694107579
1.694333904
1.694553658
1.695079035
1.695161335
1.695007133
1.693846329
1.694331776
1.69357523
1.693450336
1.693318827
1.694998766
1.692752655
1.692499436
1.692041631
1.694624703
1.693217019
1.692850237
1.694007549
1.693438685
1.69409023
1.696117882
1.696882439
1.697323442
1.696391336
1.697208945
1.693406384
1.693413626
1.693659293
1.694860083
1.695789936
1.695977068
1.695834559
1.695134443
1.693799353
1.694482747
1.693395366
1.693085102
1.6946418
1.693650427
1.693252322
1.691812304
1.693058496
1.693491308
1.693689334
1.693833542
1.693265447
1.696029857
1.695775382
1.696474989
1.696813192
1.69671929
1.692885452
1.692843115
1.693663131
1.692979188
1.694195491
1.69579938
1.695632075
1.695583663
1.695577231
1.69568232
1.695047802
1.69413811
1.693533931
1.693431379
1.695187969
1.694729192
1.694642257
1.692042035
1.694655295
1.694068847
1.693443212
1.695977573
1.695770001
1.694702724
1.695194606
1.695587274
1.694772885
1.693234614
1.693227972
1.693172749
1.693126137
1.693074463
1.69558003
1.695981402
1.695439795
1.695474123
1.695422279
1.694245001
1.694894271
1.695432486
1.694184755
1.694414394
1.695635284
1.695693309
1.695718956
1.693451164
1.695248973
1.694663047
1.696060371
1.695146734
1.6954181
1.69343131
1.692651544
1.693765439
1.69328727
1.693548625
1.692671767
1.69414367
1.694112288
1.693672104
1.693128191
1.693048383
1.69327078
1.693166385
1.695668723
1.696240534
1.695304458
1.695318322
1.695317293
1.695255482
1.694888923
1.695327878
1.695581228
1.69484859
1.695019238
1.694963362
1.695766133
1.696103195
1.695007753
1.695678681
1.696006838
1.696073504
1.694790375
1.694305788
1.693122345
1.692170044
1.692328335
1.692339779
1.692654768
1.693536941
1.695001097
1.694271863
1.694933454
1.693679716
1.693717312
1.693874702
1.695915759
1.696507233
1.695164672
1.695171474
1.695117651
1.69517543
1.695229073
1.695107225
1.695390583
1.695182184
1.695646674
1.695041271
1.695335012
1.695196622
1.695301589
1.695113861
1.695437044
1.69570273
1.695800199
1.695503659
1.694160017
1.69332431
1.692462041
1.692246694
1.692074094
1.692818112
1.69355727
1.694170455
1.694529371
1.693988409
1.693588335
1.695430886
1.694386945
1.694948024
1.695394296
1.694305276
1.694352411
1.6944469
1.694761203
1.694764094
1.696053625
1.69559041
1.696435877
1.696745819
1.695028303
1.69504461
1.695121645
1.695102838
1.695043591
1.6949145
1.695174613
1.694982156
1.695198297
1.695395785
1.694992796
1.695063908
1.694916881
1.694777097
1.695648868
1.695367622
1.69426002
1.693451291
1.692823172
1.692688444
1.693926371
1.692885937
1.694136492
1.694285181
1.694322168
1.694603782
1.694290693
1.695575738
1.695525211
1.694900051
1.695541821
1.695534358
1.695381881
1.694820856
1.6947531
1.694964513
1.694734787
1.694954452
1.69487184
1.695284282
1.696085821
1.695659057
1.696955245
1.696556415
1.696416817
1.694921071
1.694938133
1.694979206
1.694845762
1.694802641
1.69483788
1.694964537
1.694958004
1.695002583
1.695260257
1.694881197
1.69451092
1.694719252
1.694642451
1.694543008
1.695131032
1.695827598
1.695231924
1.694368904
1.693639812
1.693282176
1.694681981
1.694185738
1.693759748
1.69474557
1.694625469
1.694549676
1.694602469
1.69541484
1.695321529
1.695206084
1.695415982
1.695569595
1.695477979
1.695098198
1.695134621
1.695100387
1.694694167
1.69477903
1.695085958
1.694981028
1.694895792
1.695397376
1.695784864
1.69611809
1.697136247
1.696769333
1.697292019
1.69656859
1.695049826
1.694798085
1.694795012
1.694691343
1.694673552
1.694715934
1.694783247
1.694790681
1.69477019
1.694335401
1.694414754
1.694043652
1.694419751
1.69430887
1.694498204
1.695133153
1.694986967
1.696442384
1.695863615
1.695023454
1.694393361
1.695288948
1.695156266
1.695019115
1.694827171
1.694704399
1.694666241
1.695112146
1.694663541
1.695362085
1.695172788
1.695463953
1.695549013
1.695524253
1.695321443
1.695242419
1.695324674
1.695257035
1.695066635
1.69514572
1.695203595
1.694618448
1.694646838
1.694714608
1.695010009
1.694770605
1.694540008
1.695913581
1.695579247
1.695311558
1.696310698
1.696941967
1.697181841
1.697421518
1.696749572
1.694797941
1.694932473
1.695166448
1.694650816
1.694572184
1.694543799
1.694587475
1.694639837
1.694686646
1.694654088
1.694478045
1.694163139
1.693909439
1.693753205
1.693763516
1.69424611
1.693986718
1.694168226
1.694297416
1.69439303
1.695375815
1.695175511
1.694981629
1.697111447
1.696482324
1.695986268
1.695700554
1.695571317
1.695672575
1.695778691
1.696150301
1.694770513
1.694648341
1.694788023
1.694469269
1.694688182
1.693950603
1.694917719
1.694583633
1.694952057
1.69547459
1.695153791
1.69532957
1.695475045
1.695526956
1.69544649
1.695386263
1.695377553
1.69529271
1.695117777
1.695219571
1.694496397
1.694383805
1.694482586
1.694569625
1.694802213
1.694684313
1.694363024
1.696289024
1.696046485
1.695716045
1.695457055
1.696612887
1.697052886
1.697318167
1.697530976
1.696923359
1.694710575
1.694844081
1.695032701
1.694491087
1.694401836
1.69441143
1.694559684
1.694516046
1.69457853
1.69440493
1.693478028
1.693659757
1.69372402
1.693839632
1.693575829
1.693596118
1.693675652
1.694028474
1.69417643
1.694255443
1.694832569
1.695304655
1.695047333
1.697274399
1.696849934
1.696388588
1.696511943
1.695477338
1.695796253
1.696004531
1.696173012
1.694615286
1.69444022
1.694669075
1.694170499
1.694284904
1.694200991
1.6935258
1.694768694
1.694877248
1.69454073
1.694981522
1.695489309
1.695120056
1.69531864
1.695449079
1.695447108
1.695397888
1.69533949
1.69527431
1.695139583
1.695219974
1.694254893
1.694298493
1.694172455
1.69429965
1.694423754
1.69444804
1.694146294
1.694469711
1.695306625
1.696450648
1.69621659
1.695875585
1.695685291
1.696780112
1.69762104
1.697207424
1.697473112
1.697076631
1.694636894
1.696747025
1.695648395
1.694763282
1.694352119
1.694266601
1.694317041
1.694505682
1.694452212
1.69498199
1.694340593
1.693254044
1.69336632
1.693465053
1.693780018
1.693481477
1.693592328
1.694142147
1.693678973
1.69396283
1.694069212
1.695245156
1.694843604
1.69506321
1.696911597
1.696617769
1.696363881
1.695253693
1.695483811
1.695718483
1.695749856
1.695858824
1.696034837
1.694287915
1.694651424
1.694483199
1.694181672
1.693760978
1.693922294
1.693841773
1.693826836
1.693694423
1.693253857
1.693168052
1.69474632
1.694830379
1.694499942
1.694133778
1.694840113
1.695028146
1.695414768
1.695081917
1.695294005
1.695389871
1.695349067
1.695317061
1.695341309
1.695280404
1.695138071
1.695191882
1.695024346
1.694160157
1.694092605
1.69397311
1.694094738
1.694098793
1.693887047
1.693789302
1.69414594
1.694458771
1.696675068
1.696618981
1.696385539
1.696064047
1.696936671
1.697697993
1.697340946
1.697568653
1.697207614
1.699208025
1.699242271
1.695415111
1.697280486
1.697986064
1.696711302
1.70076815
1.694184791
1.694248582
1.694181952
1.694256718
1.694239017
1.696290017
1.694880329
1.697357169
1.695192819
1.693322529
1.693398041
1.693754876
1.693813643
1.694125415
1.694004372
1.693566365
1.693687633
1.694055881
1.693775136
1.693875976
1.69338606
1.695047069
1.69486914
1.694735831
1.695079214
1.696596872
1.696304394
1.69524857
1.695486714
1.695590576
1.695778219
1.69606855
1.694344292
1.694127939
1.694362974
1.694592731
1.69448548
1.693797882
1.693739997
1.69337383
1.693474621
1.693389084
1.693077415
1.693271177
1.693093191
1.69457641
1.694766196
1.694389842
1.693874849
1.69397075
1.694634752
1.694861794
1.69524845
1.69479842
1.695064561
1.695226119
1.695266484
1.695197739
1.695150733
1.69525031
1.69499274
1.695040213
1.694843226
1.693929688
1.693796305
1.693911282
1.693810564
1.693808059
1.693688657
1.693595787
1.693535327
1.69411966
1.69378147
1.694253864
1.697447251
1.699632847
1.696788459
1.697652436
1.696585336
1.697084782
1.697756431
1.697428324
1.697582201
1.697324095
1.702306012
1.702692126
1.702545354
1.698176835
1.699493947
1.702912419
1.704960894
1.694127196
1.694185918
1.694142864
1.694771426
1.699621191
1.701549583
1.699924313
1.697735124
1.697853089
1.69350604
1.693823725
1.694082975
1.693914168
1.693980986
1.693736992
1.693857454
1.694040512
1.693919406
1.693923505
1.693684663
1.69360762
1.694880891
1.694747712
1.695020015
1.696743426
1.696494003
1.695129844
1.695351959
1.695560626
1.696280558
1.695772214
1.695881476
1.693930356
1.694216472
1.694059089
1.694652213
1.694338175
1.694485551
1.693267131
1.693446017
1.692983458
1.693386582
1.703939134
1.693121218
1.693051868
1.693082705
1.693221571
1.693524707
1.692927896
1.694314604
1.696204408
1.694434156
1.704434438
1.718558611
1.697956175
1.698879803
1.695072529
1.694967055
1.694979144
1.695014317
1.695042161
1.707663665
1.704927251
1.701369263
1.693735075
1.693640041
1.693792926
1.693501726
1.693499014
1.693485259
1.693530352
1.693524943
1.693367089
1.693256438
1.693824867
1.693978938
1.698800455
1.699752341
1.700014606
1.702947259
1.696949348
1.700801289
1.698531116
1.700892187
1.697444146
1.697901963
1.697785031
1.698255766
1.70014554
1.706594247
1.707242292
1.702497761
1.708170726
1.710293596
1.694111046
1.695428472
1.696007603
1.698614072
1.704847187
1.705237823
1.708034906
1.703790002
1.702859908
1.693977937
1.69408917
1.693977293
1.694026334
1.693964837
1.694086992
1.694085887
1.694153941
1.694166254
1.694176913
1.69394406
1.693879672
1.694888419
1.694841845
1.694916691
1.69718378
1.696789552
1.695144651
1.695373403
1.695741484
1.696584242
1.696135468
1.694066882
1.693926131
1.694207641
1.694633948
1.694430986
1.693131015
1.693148654
1.692957447
1.692848921
1.692836195
1.712585937
1.725455064
1.692891645
1.693831962
1.693002244
1.69342305
1.693031091
1.693072211
1.698445096
1.702694072
1.716260341
1.735094502
1.730591672
1.725492012
1.706700047
1.722328955
1.704311058
1.711629234
1.713677546
1.716089832
1.711830195
1.693666985
1.693539096
1.693962846
1.693780177
1.694699663
1.693185454
1.693232331
1.693134229
1.695164789
1.69293635
1.693400375
1.693430192
1.693438159
1.692965039
1.693263891
1.693158648
1.692958994
1.698104967
1.70146366
1.7029973
1.703275814
1.709106373
1.706185378
1.698977649
1.703566151
1.701155553
1.703618051
1.703479776
1.700493139
1.700218245
1.700689854
1.703534994
1.711379434
1.712157862
1.710841112
1.714774587
1.715865804
1.695946619
1.700094099
1.700073625
1.705785905
1.714549901
1.714112794
1.713677064
1.715125534
1.695431213
1.694099814
1.694135636
1.694276534
1.694185542
1.694266029
1.69438327
1.694245208
1.694431288
1.694456809
1.694471843
1.694362688
1.694239555
1.695116418
1.695302004
1.695114191
1.697575146
1.697108131
1.695515465
1.695532632
1.695987826
1.696331271
1.696921705
1.696569593
1.694122449
1.694081686
1.694371869
1.6949409
1.694634885
1.695440184
1.71562995
1.696846961
1.697126324
1.692763831
1.729237442
1.735074435
1.693014345
1.692795156
1.693312363
1.69319003
1.693789331
1.694155506
1.693434894
1.693454713
1.703510837
1.708226187
1.730465714
1.740380263
1.739946951
1.736713672
1.734846887
1.713494593
1.731692145
1.725532859
1.725162993
1.722932958
1.718463038
1.693632265
1.693504194
1.693822336
1.699096979
1.699799516
1.692885618
1.69669503
1.694103249
1.69320483
1.693340644
1.693314684
1.693238501
1.693120428
1.693094969
1.692947247
1.692751332
1.703072989
1.705407174
1.707057358
1.706814105
1.70699651
1.710434091
1.705902436
1.703582361
1.706163037
1.705523735
1.706899857
1.704768946
1.704032161
1.707191535
1.716520001
1.715172697
1.719187099
1.720357446
1.720963156
1.715037487
1.701643718
1.706638114
1.721873242
1.722264837
1.722533999
1.721246218
1.694451668
1.694308708
1.69452886
1.694659848
1.694523966
1.694681622
1.694716847
1.696893431
1.704128246
1.694773361
1.694782013
1.694802485
1.694879792
1.694659863
1.694755685
1.695774554
1.69573296
1.697886011
1.697406263
1.696042799
1.696611786
1.697001024
1.696308963
1.696009537
1.693982376
1.694381286
1.694287038
1.694752584
1.695058889
1.695667181
1.721473552
1.705148057
1.7434483
1.736649697
1.693543107
1.707548345
1.69415995
1.693952871
1.693646476
1.694193449
1.6939283
1.694381383
1.694061357
1.707552649
1.712105321
1.735350621
1.73781253
1.742412653
1.739727107
1.744847664
1.716971603
1.73369774
1.730791044
1.727574091
1.722330741
1.693660402
1.693501138
1.693223832
1.693361393
1.693809179
1.697507965
1.702794357
1.70105602
1.697852291
1.693012435
1.693150408
1.693092532
1.697789286
1.695327882
1.692881487
1.706449661
1.70941603
1.710075064
1.710338244
1.710044108
1.714358734
1.709576011
1.709868768
1.709134395
1.709806891
1.709254255
1.709552507
1.708816728
1.710239403
1.711809329
1.720577275
1.719088446
1.72479894
1.725407428
1.725618916
1.715253182
1.72801323
1.728182834
1.726294728
1.721690911
1.694552114
1.69865518
1.694890289
1.69478034
1.695116667
1.694944461
1.694991942
1.695183942
1.695139727
1.707431948
1.712328891
1.69514667
1.695156332
1.69521415
1.695248915
1.694963805
1.695233239
1.696326035
1.696451353
1.698107194
1.697547573
1.696763868
1.697189841
1.696278427
1.696739984
1.696541543
1.694164329
1.693982904
1.694548275
1.694473628
1.694735228
1.695138151
1.695381593
1.695927681
1.696392119
1.721770242
1.725733791
1.746458237
1.739872038
1.699271884
1.712522439
1.694393936
1.704201058
1.694360129
1.694634483
1.694771888
1.747847693
1.711029549
1.715482205
1.73659456
1.741492091
1.739600559
1.743665949
1.733624441
1.719850893
1.730666638
1.725274663
1.693632832
1.693463652
1.6961643
1.693316364
1.693833203
1.693694298
1.700305023
1.704514121
1.701901563
1.707630963
1.695620202
1.694611326
1.698594661
1.701446834
1.699584362
1.698156614
1.710507806
1.712883751
1.714126303
1.713398896
1.719531597
1.712797642
1.713216422
1.712944224
1.711915536
1.713009202
1.714094182
1.713737168
1.724083003
1.724875932
1.729273334
1.72991739
1.729367736
1.715459839
1.731606599
1.721134608
1.730765869
1.726986173
1.694808966
1.699467091
1.694969011
1.695135886
1.695083553
1.700802133
1.706444405
1.695439145
1.695573449
1.695881952
1.695506822
1.695538322
1.695561569
1.710661097
1.695556232
1.695561814
1.695570146
1.695482203
1.695789932
1.69585652
1.696933724
1.697061285
1.698268932
1.697962695
1.697662232
1.697227665
1.697481101
1.696706632
1.696762547
1.696932872
1.69720149
1.693939166
1.694258949
1.694074802
1.694868274
1.695200304
1.694676911
1.695286681
1.695685648
1.696159607
1.697018558
1.696633313
1.733093891
1.750394252
1.745231382
1.717687578
1.710320555
1.694917058
1.695440435
1.69548781
1.746473996
1.751395205
1.753612978
1.714328551
1.718409268
1.738980869
1.736581884
1.740761883
1.732111537
1.722658917
1.727517071
1.700425491
1.693623268
1.697027544
1.694589695
1.703486656
1.705024416
1.708220508
1.703569871
1.700912652
1.703901096
1.704982206
1.703435163
1.711786797
1.715073502
1.715739223
1.718149057
1.716786443
1.725522895
1.715845621
1.716167534
1.717232797
1.717021964
1.714806068
1.71561798
1.729294234
1.732479644
1.733545036
1.734130631
1.734006068
1.715290225
1.734749464
1.721727373
1.726818753
1.731994398
1.700003656
1.695405134
1.701075818
1.706285276
1.695706641
1.695787386
1.695890649
1.696275716
1.696612363
1.696038984
1.696130451
1.69608023
1.708360278
1.696063419
1.696017193
1.696231045
1.696169711
1.696616423
1.696484404
1.696581828
1.69738424
1.697404686
1.69838335
1.698099138
1.697861354
1.697573731
1.697744664
1.697171291
1.697391688
1.697529697
1.695379272
1.694222354
1.694469456
1.695573717
1.695045013
1.695434782
1.69490698
1.69590254
1.69593356
1.696359479
1.697304029
1.697002555
1.696721739
1.735659843
1.749917115
1.720588951
1.727644636
1.716100966
1.709837437
1.697001961
1.743740285
1.750406671
1.757497659
1.756078122
1.718196544
1.721766136
1.737745471
1.734986595
1.730022932
1.725524769
1.704291634
1.700855469
1.697361425
1.697483428
1.706533454
1.707191613
1.708963589
1.708119884
1.706947063
1.709847499
1.708920889
1.712101968
1.715807081
1.718804378
1.718080462
1.721202743
1.722489167
1.732014619
1.719628008
1.722926735
1.720886756
1.718064934
1.71789783
1.736419582
1.741117174
1.739690772
1.736828927
1.7380687
1.714446464
1.736424648
1.721174077
1.727319585
1.732563609
1.70035119
1.702870711
1.703527696
1.697165487
1.696142766
1.696236605
1.702648762
1.69651044
1.697171653
1.697191632
1.697306581
1.696972125
1.696741806
1.696864557
1.708005134
1.696718849
1.700177338
1.697441859
1.697646741
1.697718881
1.698464041
1.6981715
1.698007899
1.697861997
1.697560556
1.697667749
1.697762089
1.697543143
1.697739685
1.697144418
1.69523162
1.694605467
1.694834014
1.695812417
1.695293878
1.695689603
1.69518
1.696269157
1.696190488
1.696605735
1.697508391
1.697022925
1.697419838
1.697271047
1.696924199
1.737644249
1.749381053
1.732501871
1.725131071
1.717408489
1.74044608
1.758703241
1.748179228
1.756404093
1.761732944
1.722621159
1.725804677
1.733345358
1.729013148
1.737326732
1.7044835
1.700297851
1.708668423
1.699180905
1.711963997
1.710072217
1.712827473
1.714263157
1.714478712
1.719177719
1.719885622
1.720406598
1.727176287
1.727239775
1.7383539
1.72521383
1.729044459
1.724203135
1.722780288
1.745856579
1.74801652
1.746206864
1.741564261
1.738678513
1.714361496
1.736383283
1.72104707
1.731353254
1.726727735
1.715550193
1.734052493
1.69759805
1.696500697
1.696614895
1.728406798
1.70040686
1.703532703
1.696968507
1.712796903
1.704650635
1.710566847
1.697291558
1.699215186
1.697580065
1.697495001
1.707626815
1.697321974
1.723049474
1.712301195
1.697857348
1.697976376
1.698356845
1.698516187
1.698230669
1.698094555
1.697784493
1.697864036
1.697960456
1.697889434
1.697699568
1.697841362
1.695773619
1.69719881
1.695027207
1.696085145
1.695971874
1.695592279
1.695454934
1.696545879
1.696459809
1.696861105
1.697627774
1.697208446
1.697413675
1.697150201
1.744867078
1.754867153
1.741894409
1.735040418
1.745174378
1.76436052
1.755161941
1.764523729
1.726887768
1.731275896
1.733903521
1.741718774
1.712407285
1.702599656
1.706685512
1.699063387
1.715414807
1.714300995
1.71880663
1.716882963
1.719904057
1.716677246
1.723679345
1.721374404
1.724063311
1.733369466
1.746608748
1.732878346
1.730400848
1.729783389
1.756060132
1.761290338
1.746950566
1.739675551
1.7358871
1.712103977
1.730524032
1.720031609
1.724972657
1.696758331
1.696909322
1.742260164
1.739119306
1.699056393
1.701919328
1.697277633
1.723956581
1.723849467
1.723300364
1.697662153
1.717529637
1.700268533
1.709726849
1.704046024
1.704595435
1.697776591
1.736963457
1.69855058
1.726796346
1.698054816
1.698173448
1.698420694
1.698293825
1.697952415
1.698030124
1.698126298
1.698012105
1.697338569
1.697960359
1.697803084
1.697909642
1.697757071
1.696136708
1.696353961
1.695971619
1.696809393
1.696714134
1.697272911
1.697639612
1.697379971
1.698742058
1.768096436
1.761753076
1.752524973
1.760868671
1.748379452
1.752314228
1.771206412
1.771323528
1.76245332
1.732695152
1.73995222
1.750372797
1.71020305
1.714129712
1.701106098
1.704054669
1.698607276
1.719729661
1.719831895
1.721498948
1.718759874
1.724759574
1.721171268
1.729368425
1.723471014
1.729333346
1.749439205
1.737299263
1.738860977
1.737132813
1.736098707
1.755089013
1.768082031
1.743099454
1.730106872
1.73848429
1.705446039
1.712218915
1.723812808
1.716233042
1.697150263
1.728490945
1.751976608
1.751559987
1.702004078
1.700838079
1.700005739
1.698777924
1.736165557
1.736323354
1.704424551
1.720954845
1.713929793
1.71111581
1.703964845
1.704860672
1.750076852
1.698572102
1.739049003
1.698222598
1.698334572
1.698446578
1.698114383
1.698083297
1.698167131
1.698255842
1.69805158
1.697796526
1.697997738
1.697867591
1.697949204
1.699320077
1.697256938
1.697613594
1.698169334
1.700173926
1.700023032
1.77369975
1.768665692
1.759288257
1.762284311
1.778321337
1.773615393
1.740748901
1.762200372
1.751739083
1.698983873
1.708035765
1.711385539
1.702696903
1.700213306
1.714466725
1.723777669
1.725736458
1.719723442
1.735290256
1.736903945
1.727574603
1.699239589
1.726766725
1.751334542
1.742716819
1.743462002
1.74211659
1.755874167
1.770192965
1.737786372
1.726873474
1.706482088
1.707051201
1.715094514
1.730472996
1.764832735
1.764110214
1.704301936
1.7038036
1.749489965
1.749046956
1.712012598
1.733393063
1.723397753
1.71768506
1.708142611
1.709794203
1.765668876
1.698578384
1.713211407
1.751257736
1.742973373
1.698356117
1.698458894
1.698354168
1.698122567
1.698185002
1.698189172
1.698274349
1.698059487
1.699002208
1.698004367
1.699165149
1.698712766
1.701083829
1.699903163
1.700248715
1.702316682
1.780028586
1.787552063
1.77627253
1.794785704
1.77198796
1.781431418
1.754336048
1.771211705
1.70008586
1.708149606
1.704906236
1.701491898
1.713008455
1.724503137
1.730546509
1.71825404
1.750986
1.74220073
1.732745375
1.73546151
1.700650648
1.700708345
1.734377261
1.746165638
1.746751284
1.744995841
1.751734639
1.757546019
1.759048045
1.723276857
1.731298832
1.713993022
1.709296725
1.708405586
1.778038203
1.709280922
1.763051059
1.761699258
1.73666642
1.718168414
1.725804967
1.715288864
1.716837336
1.780428933
1.792706656
1.698568938
1.720498777
1.725984432
1.764054122
1.750636647
1.698446319
1.698345197
1.698112279
1.698175402
1.698249961
1.698285187
1.698393631
1.699432097
1.701964874
1.699233431
1.700675135
1.700470444
1.703058869
1.704263482
1.703549057
1.808387146
1.799873486
1.811519189
1.798179889
1.781545363
1.78112135
1.767765727
1.701256276
1.707337931
1.703087377
1.712922826
1.722088386
1.708084944
1.753371879
1.723761854
1.742838765
1.736222561
1.702086071
1.702544008
1.704767514
1.745966943
1.76070495
1.740356651
1.745763343
1.756143245
1.739937882
1.742363935
1.720999305
1.713171064
1.716440765
1.709285623
1.736385892
1.775458282
1.726091364
1.725145198
1.797350326
1.814570918
1.698531224
1.735517937
1.74508969
1.787597745
1.777218347
1.763733844
1.698422562
1.698333275
1.698267206
1.698266814
1.698209615
1.700604104
1.699908887
1.700945301
1.705866703
1.70080693
1.706281707
1.702101347
1.70486012
1.835814609
1.832184605
1.812242797
1.79409234
1.778333656
1.702494716
1.703917096
1.70360636
1.70503459
1.713860336
1.717377799
1.70968935
1.768324888
1.723044393
1.744217211
1.732740428
1.704553423
1.707989378
1.707654306
1.783858061
1.763882673
1.738064335
1.764650869
1.731380347
1.732695884
1.721137634
1.714214319
1.713707641
1.722194094
1.822655892
1.698433378
1.745689739
1.758833086
1.799238493
1.783676644
1.844817227
1.698326544
1.698704044
1.698759763
1.702213601
1.69951661
1.701863866
1.701503459
1.708233088
1.702183329
1.705656805
1.703712383
1.703181294
1.864057685
1.852134339
1.837120384
1.818910665
1.793896285
1.705287856
1.703896594
1.707616037
1.706479579
1.706476702
1.784197132
1.718721138
1.714167265
1.710913291
1.722584481
1.751107577
1.730767021
1.710720029
1.710216974
1.714094904
1.806755851
1.781788762
1.78070631
1.815905056
1.73822652
1.725251892
1.736280724
1.719017977
1.722098729
1.734265546
1.833265455
1.841276085
1.8211028
1.698324739
1.764087951
1.778709534
1.800842209
1.852921949
1.700333305
1.701258972
1.70200789
1.703594252
1.702502046
1.702866583
1.705549222
1.703763684
1.704218617
1.7046972
1.884744073
1.877529654
1.857294277
1.858850949
1.823048364
1.707404256
1.710450112
1.708539926
1.708544747
1.773458991
1.716404627
1.71170185
1.726722544
1.712230564
1.709323167
1.706674965
1.713403593
1.717863323
1.824279922
1.775160372
1.855663904
1.737778663
1.731973375
1.7514338
1.733117381
1.754328446
1.845756698
1.828706116
1.861608787
1.824613232
1.834929669
1.822785406
1.78635863
1.701161685
1.788663021
1.811027165
1.849066721
1.703049643
1.703895215
1.704752406
1.705291709
1.705857258
1.704548046
1.706503467
1.705571096
1.890928047
1.889372632
1.881199355
1.865116672
1.808939098
1.711455388
1.715918205
1.715408771
1.712812683
1.715789986
1.728585688
1.716871152
1.708666832
1.707360583
1.710546729
1.714602609
1.719735458
1.718543421
1.792682283
1.74831879
1.825745896
1.783564978
1.80575707
1.77222004
1.781554837
1.803054016
1.810996973
1.81968072
1.817391388
1.796784
1.824085549
1.887376115
1.872992711
1.824304519
1.867664653
1.70328992
1.832456385
1.89177162
1.705545405
1.706790198
1.708348772
1.706413813
1.707806975
1.927503754
1.885291988
1.811406119
1.7424968
1.719649719
1.719272834
1.72137484
1.724388373
1.70802296
1.708794709
1.70967493
1.712095891
1.716103681
1.721635784
1.783023263
1.837321833
1.78410386
1.841217976
1.793982412
1.85796268
1.825360345
1.838219299
1.797231966
1.824961378
1.824670603
1.844051116
1.864712657
1.920263406
1.966848853
1.935835487
1.905470347
1.943749718
1.853768576
1.821499009
1.705142898
1.905318972
1.924355441
1.706672633
1.709577951
1.710988064
1.710018867
1.902670025
1.816588779
1.774110314
1.746405337
1.720249434
1.720488868
1.724384869
1.710276571
1.711296062
1.71237864
1.715356434
1.719391765
1.719024074
1.722807453
1.847004395
1.876118504
1.850974931
1.843282403
1.907166435
1.919290776
1.907730967
1.852901303
1.797956069
1.803154513
1.849752448
1.915427957
1.874116241
1.865581094
1.904690709
1.905003376
1.877582503
1.833186066
1.954779167
1.95571142
1.708593355
1.711639892
1.714338835
1.714093054
1.829312365
1.764908264
1.745116306
1.728344191
1.724001059
1.71376983
1.71457759
1.715589122
1.720056003
1.724654501
1.72767616
1.909032079
1.911343125
1.942552078
1.896611765
1.906301615
1.940237544
1.979589167
1.925369139
1.825031449
1.817481986
1.92644105
1.814321494
1.921540066
1.941736203
1.896504425
1.903303056
1.908602004
1.903654093
1.80466604
1.954752811
1.8209611
1.71101491
1.71456418
1.719146534
1.760257651
1.743511232
1.741074502
1.736439249
1.719967777
1.71872279
1.72461513
1.733838135
1.982062603
1.952667194
1.93870557
1.910042357
1.90382195
1.945072468
1.969417642
1.947275327
1.882133074
1.854862575
1.948659739
1.841687835
1.947895586
1.911692845
1.829658571
1.879755892
1.928176517
1.832880065
1.769749489
1.840154334
1.714098992
1.717653006
1.719068607
1.723241159
1.768271454
1.773350099
1.762366113
1.745735102
1.726101711
1.725880737
1.728733601
1.731396839
1.958007769
1.984538552
1.907074219
1.900929491
1.924962007
1.927072821
2.002350702
1.900542588
1.977485923
1.9835197
1.884547928
1.892482047
1.911251364
1.831129896
1.843789088
1.900212248
1.787588743
1.802371691
1.818155851
1.718454452
1.721396393
1.728269735
1.789978573
1.759507594
1.73839932
1.736137413
1.732555676
1.914931637
1.941731537
1.924678589
1.911140195
1.922088673
1.844494502
1.980769698
1.947321449
1.982013189
1.893722562
1.89000703
1.90045922
1.888835205
1.865248696
1.896375616
1.786170965
1.793036908
1.777623569
1.724513018
1.728726895
1.739045515
1.748707623
1.749778898
1.753855811
1.742077598
1.932083074
1.950170693
1.953808783
1.920207736
1.855999874
1.787425855
1.956052211
1.981233463
1.934299775
1.946214758
1.922285441
1.886204934
1.900129408
1.916875495
1.921087976
1.931309411
1.76265715
1.762893399
1.729644339
1.736371157
1.7471928
1.746216916
1.767169377
1.781091513
1.769970091
1.942798421
1.938289082
1.956953375
1.928297064
1.821268314
1.790454529
1.962669167
1.9563381
1.924156562
1.92705128
1.925944986
1.942627261
1.953559151
1.933176241
1.93834892
1.947834696
1.751672402
1.741267135
1.764011956
1.772460767
1.771842963
1.786423891
1.794195881
1.764777205
1.969770761
1.960628605
1.968303577
1.882603703
1.812625903
1.952387477
1.934716327
1.932376095
1.942609936
1.945836225
1.930993404
1.967772317
1.972258585
1.790039935
1.774563038
1.744927957
1.770612105
1.79248303
1.780097695
1.776621665
1.953675899
1.97154052
1.838776438
1.897802169
1.9559878
1.955731752
1.969557798
1.972394146
1.984349647
1.97891255
1.948935939
1.787430028
1.790193064
1.745365851
1.763018014
1.770563251
1.816628326
1.96670747
1.966589417
1.814498719
1.901416561
1.977345863
1.967240473
1.956716945
1.97007223
1.971482997
1.956342584
1.94083925
1.774367997
1.758226366
1.762248058
1.847527349
1.770509079
1.981406822
1.938681995
1.863638514
1.970994008
1.942376919
1.938462646
1.9469483
1.941252351
1.934818726
1.758717669
1.791337245
1.848986374
1.759511362
1.773641244
1.959534783
1.932437318
1.942322514
1.915982373
1.93827814
1.92744749
1.928874672
1.777706714
1.887373886
1.78268393
1.753625712
1.951815328
1.931396591
1.907330255
1.919232857
1.917869204
1.9095321
1.748597108
1.815832651
1.761318494
1.978667873
1.913431979
1.901712123
1.903242923
1.878750589
1.766922213
1.758877479
1.815205884
1.870671829
1.936315108
1.905236173
1.907241106
1.817771781
1.799937194
1.843978179
1.855425267
1.892638696
1.898857675
1.888210993
1.85394597
1.851182217
1.847272126
1.855902401
1.94953412
1.91266633
1.863442355
1.848415342
1.909175838
