1.68903536
1.68903536
1.68903536
1.689101232
1.68903536
1.689997837
1.68903536
1.688732979
1.687584251
1.686476397
1.687802583
1.689431544
1.68903536
1.68930178
1.685256001
1.685202083
1.685480471
1.68903536
1.68903536
1.68903536
1.6863033
1.684308216
1.687157275
1.688828341
1.685154631
1.68492264
1.686766352
1.686895839
1.689545851
1.689340997
1.689880601
1.68903536
1.684500281
1.684129841
1.685363353
1.686427529
1.688813584
1.687531982
1.686653199
1.690637265
1.691729706
1.687603113
1.68903536
1.689257436
1.68903536
1.68903536
1.684028689
1.685565958
1.684211841
1.684737224
1.691372266
1.692217442
1.690619442
1.689112597
1.69257123
1.692827886
1.685702949
1.688833941
1.68564135
1.689143523
1.689263428
1.68903536
1.68903536
1.68903536
1.68903536
1.685848974
1.684854822
1.68431343
1.69341072
1.694084634
1.693935008
1.693240212
1.690484555
1.691605324
1.691994375
1.68903536
1.684228783
1.686327098
1.684465249
1.686834868
1.688693937
1.689190146
1.688704149
1.688328728
1.686848779
1.68573541
1.692649192
1.690922591
1.693884792
1.695323409
1.694904712
1.694171524
1.695053272
1.692454938
1.689710191
1.690145114
1.690358057
1.688758011
1.68903536
1.684629269
1.684069562
1.684768287
1.685576119
1.685821391
1.686119866
1.690936761
1.68958639
1.687728366
1.689786949
1.691730743
1.692623792
1.693859567
1.693180485
1.693918059
1.694658028
1.694041948
1.688829928
1.690021636
1.690381563
1.691066516
1.68903536
1.687678512
1.689017331
1.68903536
1.68903536
1.685155942
1.684048397
1.683608439
1.683325349
1.683287513
1.684528525
1.693495771
1.692158213
1.689014317
1.693063846
1.689182081
1.690020085
1.690407539
1.691013843
1.692365238
1.694387775
1.694926417
1.689504837
1.688165418
1.69147303
1.691995511
1.692439039
1.68903536
1.688316744
1.688984474
1.688926005
1.684255821
1.686852303
1.685395851
1.684138071
1.682990476
1.682586009
1.695194789
1.694910579
1.69108652
1.694148337
1.687819259
1.687846747
1.688270342
1.689597901
1.69263359
1.694181694
1.689594946
1.688502154
1.693254176
1.692007774
1.693599485
1.692845517
1.692972154
1.687121172
1.686117841
1.686846548
1.683041043
1.683983805
1.689537827
1.68806847
1.686228711
1.684175478
1.694599684
1.694608791
1.693409024
1.694582847
1.68788478
1.687580572
1.687869128
1.689442084
1.69112758
1.692040913
1.691122747
1.690457845
1.693071375
1.693784696
1.694337068
1.69369424
1.692038303
1.692077819
1.691727775
1.684748356
1.684805909
1.685163004
1.684517947
1.684944481
1.692874597
1.691412421
1.68903651
1.688868132
1.692585056
1.693516741
1.695016283
1.689701162
1.688807219
1.688365817
1.68976467
1.688966744
1.689472067
1.689782007
1.693750615
1.693196353
1.692564672
1.693667176
1.695063292
1.69106673
1.691028221
1.690871883
1.690684361
1.690889861
1.686086357
1.687482616
1.686970482
1.695083829
1.694094413
1.692556867
1.690856173
1.690706847
1.693000688
1.694651853
1.692147371
1.692313541
1.689124571
1.691166349
1.688859149
1.688528283
1.688538836
1.695368157
1.695115128
1.691648751
1.693345359
1.694513323
1.691227244
1.691399718
1.690689834
1.690145702
1.689945
1.689677192
1.689949437
1.695197805
1.694539662
1.693103039
1.691706278
1.689966208
1.688422429
1.691782659
1.693113312
1.694519249
1.693671877
1.690508325
1.692650113
1.690027417
1.68910398
1.689368817
1.695059857
1.695059772
1.68939345
1.690792728
1.691838678
1.6927031
1.692397588
1.692439875
1.693060468
1.691745183
1.692848582
1.691133447
1.690131457
1.691389059
1.693546171
1.693019078
1.692011118
1.689144635
1.688662491
1.690168355
1.690961294
1.694719584
1.69431745
1.693195585
1.692485768
1.691874098
1.690737246
1.693628665
1.693269442
1.689986982
1.689234412
1.689547908
1.690043585
1.690608299
1.693548495
1.693071825
1.693134813
1.6931162
1.692492021
1.691903976
1.690343269
1.691221681
1.690888933
1.688601509
1.689421763
1.688863632
1.689459344
1.694149766
1.694812482
1.695095478
1.694890352
1.693733448
1.691710874
1.69211635
1.691171559
1.691066193
1.690078619
1.689020155
1.68910937
1.689372245
1.693337539
1.694030201
1.692634263
1.692696767
1.694275397
1.694177812
1.693541989
1.689172775
1.689652814
1.689266264
1.689101517
1.689448802
1.69200688
1.693877166
1.691553234
1.695194367
1.695932977
1.695690236
1.694313009
1.689714185
1.689739992
1.692311684
1.69028619
1.68985797
1.689545435
1.692546456
1.693482105
1.692302007
1.694324838
1.692305291
1.692324093
1.692503953
1.694930377
1.695012986
1.694404087
1.690183436
1.689976299
1.690847831
1.690732825
1.691161012
1.694192163
1.693074145
1.693101424
1.690509731
1.694378768
1.695115021
1.695201931
1.694586883
1.689335787
1.689132885
1.693000506
1.692112141
1.691555332
1.690878369
1.692018262
1.691619492
1.692937989
1.691463538
1.693712651
1.692792348
1.692813912
1.694304414
1.694610767
1.694417021
1.693807671
1.692213738
1.692555558
1.69264661
1.694226293
1.693706819
1.691411546
1.689444169
1.692293137
1.693522778
1.693778683
1.693297465
1.689937628
1.689035384
1.693979751
1.693683218
1.693225096
1.692277269
1.692002385
1.691120303
1.691669959
1.690706469
1.692050533
1.692889803
1.693498997
1.693529626
1.692653837
1.692012005
1.694027807
1.69246765
1.693221719
1.693431267
1.693590155
1.693107379
1.689225685
1.690429814
1.69141901
1.692710408
1.692235027
1.690773063
1.689269243
1.694271934
1.694507906
1.69438545
1.693449618
1.691922011
1.690784055
1.690235963
1.690482963
1.693738829
1.693147073
1.693644306
1.693715196
1.690506854
1.690558794
1.69291811
1.691115007
1.692507817
1.69218678
1.689240715
1.689954973
1.690823795
1.691543967
1.691479402
1.693974957
1.690511661
1.693570256
1.694454573
1.695014094
1.692081916
1.690693144
1.690107714
1.689861242
1.693612658
1.693884141
1.693555349
1.693960223
1.693297419
1.689684314
1.689732237
1.690908764
1.691346727
1.691295824
1.690387435
1.690627411
1.690968594
1.695022379
1.692939137
1.69479957
1.692285568
1.692196955
1.693540442
1.694403369
1.692306231
1.69370354
1.691374385
1.690340656
1.690797936
1.693156074
1.693511968
1.693870147
1.694136936
1.69284021
1.692691971
1.689832218
1.689595101
1.690126266
1.691474036
1.691377327
1.691902969
1.691546882
1.692108333
1.69496936
1.694292792
1.695030952
1.693701739
1.691091989
1.692249705
1.693411366
1.694019515
1.693054016
1.6939581
1.692547537
1.691459419
1.692147192
1.692812589
1.69306472
1.693373619
1.69351892
1.692797652
1.692549821
1.692328286
1.690321046
1.692188874
1.689901313
1.689980008
1.692645466
1.692987748
1.692982014
1.694355264
1.694765753
1.694057662
1.690466803
1.691330069
1.692529937
1.693675458
1.693887406
1.69383605
1.693805952
1.69360164
1.693808073
1.692255627
1.692295398
1.69238982
1.69259562
1.693185521
1.69271504
1.693055325
1.692234017
1.691839315
1.691350158
1.693230871
1.690766415
1.690432313
1.693351606
1.693533502
1.693727955
1.693848788
1.693558928
1.690429587
1.690985332
1.692183592
1.693059048
1.693964353
1.694289298
1.694475152
1.694444584
1.691576738
1.691452602
1.691448644
1.691738721
1.693539773
1.693372168
1.692507015
1.692978285
1.691951017
1.691485502
1.692621869
1.694003934
1.692067539
1.691420992
1.69308687
1.692832602
1.692997452
1.691064886
1.691323257
1.69170601
1.692018078
1.692622786
1.693284577
1.693785662
1.694473468
1.694219649
1.691176458
1.690991935
1.690866502
1.691290183
1.693462125
1.692978002
1.692441179
1.693326993
1.692489363
1.693054401
1.692044185
1.691677267
1.694039162
1.693367498
1.692817037
1.692541444
1.692436847
1.692658955
1.692011578
1.692637946
1.692421067
1.694319151
1.691691644
1.692151985
1.692787036
1.69360044
1.691507735
1.691310108
1.690820317
1.691219407
1.690692019
1.692240644
1.692233337
1.692422585
1.693201856
1.692777983
1.693243631
1.692929673
1.69248867
1.692664414
1.694352017
1.694209734
1.694013454
1.692780583
1.693715401
1.693071957
1.693090755
1.69325364
1.693930591
1.690718749
1.691119936
1.691933114
1.691802843
1.69255762
1.692516801
1.690975902
1.692125996
1.690532375
1.692083912
1.692287807
1.692154523
1.692574667
1.693040156
1.693140618
1.693224865
1.692000116
1.693466767
1.693395361
1.694249681
1.694390127
1.694348904
1.693621221
1.69402564
1.693797872
1.694157854
1.69268553
1.693258234
1.690373291
1.690899779
1.691495897
1.691001169
1.69058388
1.691709148
1.6935501
1.693559797
1.69299293
1.692023028
1.691909732
1.693073543
1.692659553
1.692086958
1.692387368
1.691995873
1.692187816
1.692490463
1.692987705
1.693281873
1.691900559
1.692017214
1.693850591
1.693681959
1.693382782
1.693609982
1.693930958
1.693930653
1.694023013
1.69368206
1.69354258
1.692335714
1.692017155
1.691370334
1.691033336
1.691150498
1.690891754
1.692568165
1.693481331
1.694013971
1.693653954
1.694063181
1.693028184
1.693224875
1.693569322
1.692192872
1.692475819
1.691921363
1.692133805
1.693020116
1.692369934
1.69272023
1.693072003
1.691903361
1.691828279
1.692036484
1.691783128
1.6937077
1.693239765
1.693143493
1.692892879
1.692769158
1.693432544
1.693134287
1.692807985
1.691832915
1.691452073
1.691549785
1.692051254
1.691926144
1.693071615
1.693760554
1.693894065
1.694021046
1.69386578
1.693718857
1.693889434
1.693746981
1.694073406
1.694045392
1.6937218
1.693823741
1.693951263
1.694043068
1.694003576
1.692238381
1.692003181
1.69239819
1.692533861
1.691907725
1.692130139
1.692721292
1.692429365
1.692585664
1.691770209
1.691784605
1.691721239
1.691798076
1.693144777
1.692390171
1.692606992
1.692361944
1.692279597
1.69302407
1.692785457
1.69223196
1.691824195
1.691824981
1.692502576
1.693851534
1.693166676
1.694011287
1.694005158
1.694004463
1.693986715
1.694029014
1.693695055
1.693502361
1.694062666
1.69343738
1.693852132
1.694106472
1.694039793
1.694031884
1.694061824
1.693873149
1.694006748
1.693879561
1.691852094
1.692240589
1.692038773
1.692571021
1.692426327
1.692364228
1.691941364
1.692136923
1.69232994
1.692205019
1.691797121
1.691678099
1.691691955
1.691689663
1.6917237
1.692744281
1.692165679
1.691760263
1.692035863
1.69195549
1.693895941
1.692843106
1.693271055
1.693145244
1.692744646
1.692508985
1.692711675
1.693839687
1.693412865
1.693542301
1.693685414
1.693825213
1.693941253
1.693944943
1.693062691
1.692785076
1.694113152
1.693029477
1.693618985
1.69402155
1.694095965
1.694063724
1.69400426
1.693651466
1.69366965
1.693890175
1.693860254
1.693654895
1.691921675
1.692104006
1.692247753
1.69258886
1.692480463
1.692593831
1.692408451
1.691765005
1.691945855
1.692053261
1.691985231
1.691789787
1.691692141
1.691632112
1.691635962
1.691986679
1.69155982
1.691708263
1.691366381
1.691705495
1.691590234
1.691777003
1.693518852
1.693566651
1.69379834
1.693654979
1.693392439
1.693258808
1.69356865
1.693637533
1.693726853
1.693419007
1.693532577
1.693650404
1.69243697
1.691844751
1.694054811
1.692556984
1.693194788
1.69361065
1.693877317
1.694023196
1.693983279
1.69387365
1.693879001
1.69361498
1.693760493
1.693876195
1.693250149
1.693348068
1.693393241
1.693663899
1.693364361
1.693051863
1.692165776
1.692023109
1.691906613
1.692320353
1.692509434
1.692546693
1.692585337
1.692452432
1.691658997
1.691733936
1.691857754
1.6918593
1.691824
1.691733034
1.691683864
1.691632255
1.691611955
1.691609304
1.69164654
1.691384851
1.691250793
1.691227729
1.691277678
1.691560361
1.691375968
1.691498173
1.691598606
1.691666242
1.693151181
1.693071581
1.693060615
1.693904971
1.693821914
1.693603803
1.693701824
1.692983517
1.693303987
1.69348047
1.693112326
1.693060807
1.69316951
1.692008762
1.691637888
1.69189344
1.691210395
1.692205066
1.691795268
1.693386256
1.693893145
1.692568231
1.692909166
1.693308478
1.693644011
1.693850254
1.693889643
1.693754301
1.693760168
1.693569883
1.693678151
1.692777922
1.692712692
1.692873876
1.693039591
1.693299243
1.693039686
1.692708507
1.692311826
1.692227796
1.692102874
1.69200269
1.692411305
1.692514771
1.692547472
1.692570426
1.692484062
1.691646174
1.691720046
1.691821031
1.691719577
1.691661473
1.691631292
1.691599018
1.691611788
1.691597095
1.691591521
1.691005947
1.691081957
1.691138469
1.691345666
1.691158576
1.691268033
1.691344679
1.691423616
1.691516141
1.691562192
1.692625524
1.692698612
1.692576522
1.693412651
1.693337643
1.692884546
1.693485675
1.692482905
1.692748934
1.692543499
1.692414635
1.692675829
1.692403976
1.692295291
1.691358381
1.691476142
1.691411872
1.690975865
1.693054792
1.692174035
1.691774729
1.693285595
1.693631633
1.692550716
1.69294408
1.693323309
1.693662718
1.693623735
1.693639334
1.693628161
1.693469833
1.6935021
1.692455703
1.692423321
1.692376263
1.692098057
1.692743815
1.692690198
1.69237267
1.692651245
1.691959191
1.692366591
1.692298186
1.692185955
1.692123866
1.69245176
1.692549158
1.69252572
1.692541395
1.692504113
1.691640259
1.693522541
1.692512894
1.691711617
1.691607318
1.691562767
1.69157239
1.691601197
1.691583471
1.692152536
1.691572327
1.691061829
1.691064585
1.691106219
1.691376118
1.691301503
1.691428899
1.691507538
1.691475996
1.691427249
1.691471762
1.692273487
1.692177911
1.692217856
1.692732343
1.692763157
1.692405475
1.692033783
1.692182706
1.69233064
1.692183873
1.692163897
1.692215297
1.691828468
1.691883687
1.692032931
1.691421603
1.691076024
1.691187458
1.691146621
1.691127335
1.691046295
1.690942592
1.691047574
1.692933832
1.692146743
1.691763808
1.691409995
1.692976431
1.693248925
1.693334818
1.69253739
1.692960536
1.693448397
1.693246294
1.693326967
1.693483182
1.693486268
1.693322876
1.693305618
1.693139529
1.692059343
1.69213204
1.692057445
1.691813422
1.692297206
1.692017528
1.691926659
1.692274247
1.692566933
1.693268009
1.692416515
1.692361039
1.692272362
1.6924819
1.692526045
1.692526769
1.69252341
1.692513895
1.695938336
1.696101693
1.69247793
1.694362249
1.694930512
1.693719262
1.697781468
1.691530002
1.691551672
1.691534361
1.691560989
1.691552614
1.693433594
1.692112944
1.694589602
1.692501491
1.691287093
1.691292326
1.691517993
1.691445721
1.691518845
1.69148836
1.691553631
1.691646822
1.691514195
1.691680413
1.691474649
1.691506189
1.691916986
1.69188462
1.691707335
1.691816235
1.692385158
1.692322984
1.691867192
1.692001649
1.691992119
1.692084386
1.69223965
1.691680013
1.691622401
1.691534773
1.691585793
1.6916691
1.69112097
1.691102007
1.690907593
1.690914766
1.690890489
1.691019006
1.691419984
1.690812759
1.692642246
1.69210912
1.691687321
1.691298474
1.691305381
1.692630639
1.692910845
1.692943772
1.692209173
1.692566046
1.692992284
1.693131872
1.69309002
1.69314097
1.693291448
1.692892001
1.693053455
1.692798458
1.691802026
1.69175947
1.69158136
1.691952813
1.691916004
1.691735713
1.691700466
1.691666938
1.692183397
1.691849374
1.692271301
1.693805019
1.696176059
1.692459357
1.693677721
1.69242451
1.692502871
1.692499345
1.692519642
1.692510552
1.692517168
1.699233251
1.699385495
1.699359008
1.69531685
1.696582385
1.70001776
1.701984829
1.691535776
1.6915504
1.691562032
1.692136093
1.696831585
1.698824395
1.697227192
1.695046035
1.695221269
1.691576161
1.691637253
1.69154666
1.691566435
1.691565628
1.691824523
1.691894631
1.69158714
1.691893305
1.691744356
1.691849153
1.691837932
1.691681763
1.691578681
1.691719889
1.692478029
1.69242899
1.691738234
1.691854598
1.691979447
1.692368426
1.692134321
1.692168759
1.69143243
1.691491657
1.691466167
1.691521292
1.691442374
1.691479999
1.690841208
1.690906905
1.690802808
1.690892041
1.70148141
1.690904378
1.691131373
1.69083264
1.691445167
1.691818484
1.690983382
1.692279586
1.694113621
1.691778356
1.701813654
1.716091328
1.695833044
1.696286383
1.6926882
1.69248306
1.692613762
1.692731991
1.692852703
1.705350677
1.702677544
1.699187856
1.691535682
1.691546269
1.691417368
1.691639515
1.691622142
1.691572829
1.691580858
1.691486456
1.691488612
1.691422404
1.691839699
1.691942499
1.693477697
1.695997749
1.695963907
1.699412566
1.692491651
1.696522443
1.694210324
1.696438111
1.692738495
1.692726842
1.692764007
1.693362818
1.694905695
1.70348874
1.703954338
1.699669351
1.70528429
1.707284655
1.691588393
1.692852146
1.693489593
1.696037868
1.702089701
1.702570669
1.705333664
1.701161315
1.700275103
1.691897069
1.691628466
1.691735193
1.691692657
1.692101354
1.692162792
1.691710594
1.692168082
1.692113608
1.692062318
1.692151883
1.692155713
1.691667135
1.69160942
1.691631918
1.692648749
1.692552078
1.691767753
1.691890627
1.69214614
1.692503029
1.692332575
1.691383682
1.691353315
1.691393385
1.691533042
1.691457773
1.690784466
1.690794711
1.690776554
1.690980272
1.690843853
1.710295863
1.723190962
1.691247409
1.692175501
1.691189549
1.691780019
1.691405114
1.691393699
1.696354624
1.700538647
1.713679209
1.732894502
1.728233198
1.723008796
1.704479753
1.719800488
1.701783384
1.709163981
1.711269677
1.713745538
1.7095444
1.691382986
1.691368263
1.69133715
1.691323009
1.692743132
1.69136898
1.691397355
1.691306444
1.693295989
1.69119725
1.691445757
1.691293322
1.691363038
1.691212804
1.691359128
1.691327245
1.691200497
1.696083738
1.696097405
1.699120585
1.699132999
1.705628861
1.702532821
1.694357212
1.699189473
1.696556729
1.699053699
1.698205107
1.69564427
1.695090659
1.695681745
1.69835813
1.70822025
1.708812038
1.708031054
1.711850839
1.712800062
1.693491323
1.697576591
1.697612467
1.703254668
1.71180855
1.711463339
1.711101581
1.712611699
1.69303633
1.69188731
1.69186388
1.692103821
1.692455818
1.69240519
1.692450766
1.691921097
1.692435091
1.692402863
1.692360013
1.692642058
1.69244912
1.691848246
1.691945476
1.691784513
1.692706267
1.692629678
1.692056173
1.69203946
1.692310189
1.692451077
1.692601414
1.692511371
1.691368168
1.691386215
1.691460041
1.691760014
1.691584087
1.692085334
1.713509476
1.694708002
1.695180873
1.690970394
1.727194289
1.733010844
1.691504444
1.691178239
1.691860936
1.691662106
1.692192922
1.692493092
1.691874251
1.691942247
1.70144116
1.706093055
1.728033245
1.738439937
1.737898383
1.734493207
1.732527142
1.711296818
1.729314894
1.723063405
1.722755406
1.720597275
1.716204995
1.691292982
1.691264313
1.691305701
1.697189685
1.698031527
1.691155464
1.694965959
1.692467139
1.691274528
1.691231636
1.691306838
1.691197998
1.691484893
1.691247878
1.691175249
1.691094286
1.701129825
1.700031506
1.701773634
1.702823059
1.702739749
1.706709813
1.701005989
1.698802274
1.701674347
1.700843895
1.701693839
1.699784855
1.698950801
1.702070116
1.713288056
1.711688256
1.716344648
1.717382742
1.717829555
1.712568408
1.699247424
1.704175394
1.719120905
1.719595363
1.719933034
1.718707525
1.692651448
1.69207165
1.692354913
1.692844604
1.692658819
1.692749279
1.692722271
1.694599065
1.701772338
1.692721079
1.692676639
1.692644951
1.693032597
1.692901994
1.692877308
1.692273802
1.692223491
1.692683907
1.692649964
1.692359143
1.692559066
1.692628479
1.692507492
1.692423243
1.69137903
1.691513251
1.691513064
1.69171381
1.691873514
1.692252133
1.71958053
1.703411679
1.741698544
1.734829296
1.692145322
1.706024227
1.692744239
1.692506795
1.69218129
1.692572426
1.692370373
1.692714144
1.69252868
1.705568752
1.710053632
1.73308284
1.735633672
1.740513824
1.737629505
1.743148179
1.714862741
1.731492817
1.72848414
1.725332159
1.720155987
1.691274833
1.69124329
1.691194313
1.691216814
1.691334118
1.695973387
1.701007719
1.699434497
1.696268911
1.691169155
1.691198513
1.691165066
1.696273183
1.693702238
1.69113199
1.70463795
1.704067603
1.704822955
1.706235694
1.705664138
1.710512973
1.704712575
1.704916814
1.704353062
1.705115144
1.70467534
1.70438811
1.703776993
1.705149469
1.706613512
1.717251377
1.715489682
1.721913276
1.72236739
1.722400492
1.712823911
1.725210038
1.725454109
1.723634135
1.719112193
1.692306226
1.696344403
1.692674167
1.692548941
1.693165437
1.692979925
1.692959647
1.693117167
1.69303084
1.705035111
1.709912227
1.692988948
1.692945129
1.692929974
1.693291137
1.693142413
1.69320642
1.692489454
1.692552293
1.692619798
1.692635936
1.692614826
1.692652845
1.692562329
1.692643192
1.692609086
1.691499377
1.691442101
1.691691327
1.691692729
1.69176352
1.691987867
1.692107429
1.692416612
1.692622188
1.720315704
1.724100964
1.744926807
1.738312517
1.697901332
1.711169267
1.692864693
1.702693467
1.692813326
1.69295144
1.693078896
1.746351118
1.709161271
1.713565638
1.73448315
1.739653181
1.737584305
1.742024661
1.73156977
1.717869879
1.728559153
1.723232602
1.691303745
1.691259582
1.69421738
1.691240515
1.691418239
1.691392615
1.698843608
1.702897072
1.700428182
1.705997604
1.693886225
1.692788422
1.696772644
1.70003537
1.698063176
1.696519271
1.708833469
1.707580006
1.709914247
1.708904517
1.715569585
1.70783217
1.708371307
1.708244014
1.706798661
1.707963731
1.708898488
1.708605598
1.720657628
1.721160436
1.726321018
1.726791653
1.726047945
1.712925965
1.728733611
1.718474057
1.727964319
1.724253971
1.6925225
1.697133157
1.693230116
1.69281732
1.692727461
1.698392584
1.703927896
1.693016209
1.69344556
1.693631128
1.693347927
1.693324749
1.693290515
1.708067839
1.693237556
1.693190928
1.693142537
1.693474884
1.693614708
1.693566613
1.692662558
1.692691717
1.692524862
1.692573703
1.692613706
1.692664139
1.6926346
1.69267133
1.692706188
1.692694371
1.692714675
1.691564469
1.691619669
1.691578287
1.691900075
1.692110066
1.691848407
1.692120917
1.692315195
1.692550326
1.692741596
1.692712764
1.731761694
1.74906069
1.743916708
1.716356335
1.708686007
1.6932402
1.693476884
1.693526462
1.745029095
1.750076645
1.752378406
1.712630076
1.716651685
1.737214552
1.734647808
1.739180188
1.73021005
1.72084057
1.725639322
1.698553185
1.6914623
1.695015355
1.69233638
1.702123131
1.703603892
1.706792576
1.701837641
1.699227862
1.702472435
1.703665618
1.701900201
1.71031632
1.713580813
1.710501342
1.71381861
1.712165092
1.721439174
1.710875937
1.711285558
1.712446251
1.712013439
1.70972965
1.710488534
1.725755577
1.728646181
1.730505116
1.730899185
1.730570217
1.712590373
1.731784705
1.718946036
1.723972737
1.729090556
1.698095061
1.692937574
1.698550231
1.703606501
1.693108822
1.693196805
1.693293371
1.69378562
1.693918722
1.693615409
1.693614549
1.69354453
1.705533062
1.693485194
1.693410697
1.693821265
1.693816571
1.693941244
1.693831259
1.693836117
1.692665571
1.692671926
1.692433277
1.692497677
1.692551744
1.692620632
1.692573523
1.692730449
1.692703933
1.692653755
1.693043671
1.691752371
1.691811023
1.692313561
1.692062044
1.692283589
1.692038193
1.69245991
1.692502129
1.69264847
1.692736836
1.692766161
1.692752566
1.734397665
1.748724333
1.718947068
1.726152296
1.714201974
1.707660868
1.694709184
1.742353722
1.749146285
1.756355971
1.754903243
1.716674326
1.720181653
1.736231456
1.733275431
1.728351237
1.723893847
1.702477242
1.698902601
1.695256481
1.695276018
1.705256305
1.705954926
1.707716951
1.70644569
1.705372885
1.708552115
1.707518976
1.710842148
1.714490889
1.717509773
1.712922073
1.716505001
1.718041784
1.72781108
1.714722981
1.718104978
1.715917234
1.713026951
1.712824711
1.73275575
1.737163806
1.736126047
1.733679714
1.734715168
1.711569869
1.733343634
1.718259303
1.72435688
1.729519897
1.697692825
1.700049156
1.700892814
1.694374205
1.693344406
1.693440762
1.699660392
1.693583023
1.694009495
1.694042985
1.694087805
1.693922716
1.693763163
1.693847595
1.704973115
1.693699658
1.697248083
1.694023036
1.692603181
1.692576901
1.692341315
1.692429529
1.69247439
1.692522891
1.692670811
1.692609068
1.69255493
1.692688296
1.692584396
1.694769749
1.692711824
1.691976617
1.692054816
1.692476458
1.692257569
1.692459109
1.692249055
1.692638634
1.692639627
1.692747104
1.69271301
1.692793562
1.692755001
1.692769941
1.692809244
1.736255835
1.748107957
1.730665997
1.722945787
1.714860545
1.739116075
1.757515208
1.746975393
1.755303152
1.76065528
1.721288741
1.724417392
1.731881974
1.727589657
1.736058521
1.702580606
1.698221329
1.706910711
1.696928605
1.710828978
1.708915985
1.711335002
1.712964491
1.713367332
1.718075897
1.714829867
1.715400886
1.722439045
1.72269216
1.734033064
1.7203129
1.724204306
1.719244398
1.717805063
1.742050244
1.743937855
1.742510537
1.738075378
1.735399716
1.711314118
1.733160559
1.71798795
1.72818563
1.723624714
1.712593808
1.731875904
1.694599732
1.693468867
1.693559583
1.725456092
1.697239968
1.700340019
1.693686921
1.709378238
1.700901517
1.706892208
1.693821884
1.695346337
1.69394998
1.693892669
1.704408011
1.693768904
1.719734187
1.708237463
1.692505418
1.692450062
1.692318671
1.69225072
1.692351429
1.692401887
1.692547276
1.692489972
1.692428379
1.692462271
1.692622485
1.692510834
1.693079775
1.694626429
1.692223138
1.692631467
1.692622911
1.692459099
1.692435669
1.692758651
1.692762427
1.6928249
1.692690086
1.692815655
1.69278471
1.692849848
1.743132897
1.753318468
1.739730238
1.732493269
1.744028965
1.763092129
1.754117274
1.763483709
1.725738935
1.730096341
1.732676065
1.740623143
1.710786627
1.700529448
1.704754766
1.696653855
1.714238063
1.713259928
1.717548014
1.715459626
1.718919651
1.715689609
1.722715284
1.716456793
1.719161336
1.728584734
1.74224997
1.728262557
1.725502352
1.724903547
1.752127887
1.757177031
1.743289793
1.736244439
1.732514475
1.708844426
1.727213279
1.716801628
1.72169874
1.693506584
1.693608259
1.739324489
1.735786609
1.695624482
1.698491637
1.693695424
1.720197123
1.719644352
1.71924665
1.693802419
1.713211547
1.696257839
1.705504041
1.69990667
1.701117039
1.693907609
1.73323237
1.692166597
1.7223955
1.692376806
1.692315585
1.692222639
1.692264348
1.692409607
1.69235245
1.69228906
1.692329619
1.694548389
1.692377401
1.692561556
1.692438583
1.692623878
1.693166089
1.692760623
1.69266396
1.692845421
1.692852849
1.693039113
1.69281244
1.692828892
1.694260759
1.766288109
1.759761719
1.750352775
1.758321187
1.745770671
1.751318831
1.769748934
1.770120458
1.761459473
1.731707354
1.738949612
1.749423004
1.7083961
1.71251199
1.698810235
1.701902835
1.695915964
1.718628964
1.718862687
1.720265887
1.717338379
1.72388381
1.720282487
1.728510905
1.718734363
1.724579308
1.744996128
1.732494255
1.734199027
1.732302432
1.731356178
1.751205175
1.763900393
1.739376834
1.726634264
1.734945398
1.701797103
1.708781182
1.720359023
1.712781612
1.693615032
1.723959772
1.748713881
1.747844048
1.698262153
1.696885639
1.696246621
1.694981412
1.732043515
1.731894706
1.700268416
1.716476496
1.709535945
1.706755902
1.700073055
1.700708794
1.745954714
1.692088025
1.73436063
1.692236673
1.692179946
1.692134988
1.692193475
1.692270873
1.69221209
1.692158132
1.692245045
1.694655182
1.692305158
1.692504622
1.692376303
1.694254622
1.693839535
1.693837902
1.69403958
1.695735464
1.695296629
1.771276836
1.765722221
1.756271625
1.761337615
1.776395336
1.772413042
1.739888745
1.761294209
1.750873132
1.696046372
1.706051765
1.709557457
1.700325563
1.69763061
1.712773497
1.722705837
1.724800564
1.718301708
1.734481218
1.736069929
1.726745797
1.695865465
1.722271125
1.746850168
1.737993725
1.738715863
1.737577535
1.751886231
1.765908102
1.733914942
1.723220575
1.702398824
1.703254066
1.711446111
1.725833842
1.761164826
1.760012967
1.700266528
1.699736863
1.745032606
1.744326355
1.70761075
1.728648465
1.718810065
1.713162404
1.703918685
1.705459079
1.761202871
1.692016767
1.708790202
1.746312043
1.738088579
1.692104612
1.692056515
1.692043125
1.692124024
1.692088143
1.692141973
1.692079877
1.692181372
1.695365472
1.692260917
1.693872016
1.693209179
1.696086051
1.695881264
1.695986545
1.697628735
1.77664183
1.784390704
1.772528731
1.791939486
1.770927451
1.779734465
1.753504003
1.770283172
1.6970562
1.706030204
1.70262339
1.698801698
1.711153824
1.723292918
1.729533971
1.716681572
1.750106018
1.741272998
1.731610168
1.734566422
1.697063234
1.696833288
1.730215301
1.74191568
1.742180686
1.740317346
1.747183763
1.753413701
1.754656603
1.71938286
1.727240583
1.710137032
1.705035551
1.70443359
1.773792483
1.704980401
1.758282988
1.756722973
1.731805685
1.713598421
1.721120752
1.710789312
1.712288976
1.775667321
1.788201499
1.691952772
1.715887063
1.721224882
1.758880451
1.745588752
1.691984886
1.69198094
1.69207665
1.692038234
1.692033109
1.691982901
1.692488806
1.693418423
1.697782522
1.69354184
1.695419045
1.695004519
1.698058318
1.69970244
1.698921092
1.80436106
1.795694757
1.807746494
1.795685597
1.780093104
1.77983693
1.766735611
1.698017801
1.704981295
1.700368321
1.710932934
1.720639656
1.705511158
1.752200291
1.722182275
1.741716367
1.73502874
1.698270261
1.698413169
1.700347092
1.742326092
1.756676942
1.735773001
1.74122572
1.751890183
1.735444308
1.738081599
1.716822291
1.709081879
1.711933609
1.705079893
1.731470432
1.770386298
1.721352816
1.720406963
1.792297418
1.809715121
1.691898781
1.730631373
1.740042638
1.782288913
1.771862739
1.758510066
1.691921661
1.691938736
1.69195841
1.692149799
1.691989676
1.694549791
1.694057789
1.694989949
1.701204553
1.695165176
1.701371324
1.696766649
1.699787046
1.830963181
1.827595144
1.809015222
1.792036928
1.776820575
1.699037567
1.700884481
1.69955131
1.70171952
1.71171873
1.715175905
1.706810977
1.766573996
1.721063214
1.74265131
1.731214258
1.700156331
1.703144632
1.702971899
1.780458778
1.761004377
1.733588511
1.76069596
1.726981105
1.728250901
1.716821001
1.709899293
1.709291392
1.717562538
1.817337011
1.691901114
1.740722396
1.753623004
1.793717115
1.778239709
1.83935704
1.691937805
1.692477939
1.692499572
1.696244289
1.693358587
1.695827763
1.695662899
1.70314061
1.696588611
1.700393633
1.698323862
1.697280491
1.858629756
1.846790089
1.832910746
1.815724737
1.791553359
1.701160487
1.699959657
1.703047763
1.70185311
1.702824735
1.781580098
1.716096808
1.711420385
1.707501815
1.719915104
1.748763543
1.728676506
1.705759964
1.7049983
1.708960448
1.803996591
1.780209584
1.777159492
1.816512322
1.733982078
1.720845446
1.731885724
1.714587796
1.717523212
1.72948556
1.836565612
1.84721317
1.815437382
1.691960942
1.758978466
1.773318327
1.795233213
1.847105388
1.694124024
1.69514317
1.695919503
1.69762849
1.696459878
1.697088071
1.700062096
1.698154818
1.698389573
1.698802784
1.878830483
1.871649989
1.852030259
1.854413271
1.819422565
1.70302018
1.705588043
1.703716526
1.704363381
1.770185565
1.713120107
1.707664005
1.723580871
1.706912749
1.703902432
1.701119734
1.70797077
1.712570713
1.822257361
1.771641901
1.855287005
1.733614811
1.727496997
1.747022953
1.728521374
1.749450564
1.846841648
1.831859086
1.869575743
1.830102123
1.843853474
1.8169994
1.781002075
1.694973698
1.783398823
1.805403695
1.843118154
1.697030011
1.697927717
1.698852141
1.699392361
1.700181666
1.698795551
1.700677531
1.699751541
1.884813206
1.883350412
1.875660821
1.860293978
1.804633788
1.706664536
1.710738443
1.710253929
1.708076453
1.711116671
1.724402463
1.712797966
1.703103188
1.701694915
1.704985776
1.709100971
1.714357791
1.71308348
1.790237523
1.744642009
1.824499945
1.779329576
1.801202684
1.767521218
1.776454473
1.803456609
1.813578654
1.827354247
1.826289152
1.801958634
1.83277406
1.894944751
1.880375187
1.833485721
1.861982062
1.697277699
1.826838468
1.885765682
1.699733983
1.701023141
1.702630217
1.70066241
1.702067341
1.921316962
1.879178847
1.806096425
1.73737508
1.71441032
1.713862373
1.716163796
1.719312713
1.702348021
1.70316258
1.704064812
1.70654969
1.71059731
1.716151654
1.780087864
1.833431411
1.782351944
1.836800569
1.789107046
1.852625912
1.825480122
1.840823692
1.80446365
1.833716493
1.829417907
1.852821042
1.872719534
1.926576887
1.972959815
1.94182547
1.911482852
1.94923168
1.863363647
1.815689915
1.69931085
1.899571724
1.91835205
1.701031991
1.704049111
1.705420193
1.704405164
1.896610775
1.810689871
1.768460421
1.740882515
1.714776614
1.715008168
1.71886913
1.704725294
1.705774532
1.706864021
1.709903793
1.714050259
1.713586147
1.717401595
1.84386814
1.872137538
1.849384508
1.838678452
1.90310798
1.91430076
1.902395885
1.85418632
1.805066867
1.81221806
1.854000848
1.920728398
1.883609752
1.872903557
1.909810617
1.91031285
1.883643259
1.843349226
1.94919093
1.95001535
1.703196528
1.706391154
1.708993601
1.708684046
1.823660473
1.75935165
1.739643511
1.722896984
1.718568814
1.708401104
1.70925262
1.710212
1.714834499
1.719435343
1.722472298
1.906092472
1.91068719
1.939433421
1.89211118
1.902595017
1.935438732
1.974570963
1.927503162
1.831993266
1.826406047
1.931486594
1.823882026
1.926112445
1.94624347
1.905773313
1.910951264
1.913570058
1.909686537
1.814918255
1.949608033
1.815772489
1.705969824
1.709618926
1.713988828
1.755065957
1.738413405
1.736032475
1.731410379
1.714886828
1.713651681
1.719694844
1.728960566
1.980436591
1.953388061
1.936380007
1.906016121
1.900846474
1.940857736
1.965016556
1.950824687
1.889850093
1.863538203
1.955100762
1.851814058
1.952046529
1.915600392
1.838730594
1.886928791
1.933485128
1.84289057
1.76501431
1.83563147
1.709461208
1.713152196
1.714274516
1.718495876
1.763644567
1.768838001
1.757912757
1.741230964
1.721412125
1.721246637
1.724621086
1.727026476
1.957637851
1.986788727
1.905661114
1.898080421
1.921721968
1.923559138
2.00757546
1.909639643
1.985873023
1.991581938
1.89501979
1.896538773
1.914825308
1.839444296
1.849784525
1.90963047
1.783408621
1.79823994
1.81460511
1.714322643
1.717213507
1.724118461
1.78601101
1.755712443
1.73459914
1.732171695
1.728976648
1.915805046
1.945428882
1.923883258
1.909586668
1.920100122
1.84219157
1.987541804
1.95626749
1.990549446
1.903920534
1.893597384
1.903877394
1.896196987
1.870286734
1.905209914
1.782667914
1.789541162
1.775119513
1.721083624
1.72534856
1.735769677
1.745621725
1.746787595
1.750995471
1.739207069
1.933724678
1.954450618
1.954443863
1.920246962
1.855545273
1.786544211
1.962672245
1.989716967
1.944390904
1.955880935
1.93163686
1.889820716
1.903544673
1.923613104
1.92592239
1.938856205
1.760000844
1.761593741
1.72737694
1.733955825
1.745177959
1.744298035
1.765199845
1.779338779
1.768489662
1.948390686
1.941411504
1.959402936
1.930219377
1.822657582
1.791175206
1.970481083
1.965475902
1.933576203
1.936366314
1.933926926
1.946125177
1.957267577
1.938463453
1.944235216
1.951592098
1.751370644
1.740953867
1.763543883
1.773489032
1.771341559
1.786122142
1.794332411
1.766551844
1.97670414
1.965607522
1.972917539
1.886654138
1.816051147
1.960870207
1.943853814
1.940631223
1.951171889
1.952329413
1.934799166
1.972608842
1.975974065
1.793985126
1.775980492
1.747352223
1.773512324
1.794045661
1.782113499
1.780283746
1.96089438
1.978182648
1.844728937
1.903988913
1.964730864
1.964690178
1.977591665
1.97920025
1.989230079
1.982677673
1.952777703
1.792983551
1.793972508
1.750359333
1.767811437
1.774621415
1.822741461
1.975107661
1.974757945
1.82188059
1.909317947
1.986399563
1.975801755
1.963785435
1.976443056
1.976342213
1.96017424
1.944793172
1.780251591
1.765059328
1.768602359
1.855445469
1.777920291
1.990503477
1.947718524
1.872357605
1.97991564
1.95013
1.944601684
1.951844656
1.945089918
1.938856522
1.76592807
1.798970322
1.857752903
1.767259282
1.781867753
1.968649789
1.941563486
1.950389879
1.922240255
1.942939054
1.931287308
1.932977701
1.785046708
1.896074843
1.790986624
1.761319118
1.960114982
1.937830643
1.912013468
1.92308449
1.922071849
1.917371422
1.755074563
1.823598471
1.768495171
1.985069529
1.918286569
1.905651641
1.907718733
1.885755476
1.773257845
1.764794765
1.821815614
1.876686521
1.941401014
1.909554259
1.911935794
1.824219637
1.806072264
1.849958697
1.860845762
1.897511877
1.904116614
1.896174667
1.860518646
1.857217927
1.852948199
1.861985696
1.959110519
1.920285417
1.870158633
1.855558314
1.917485845
