1.893010909
1.889239669
1.916688458
1.903327403
1.881385611
1.87728959
1.922294149
1.909229727
1.8889575
1.926029153
1.881515593
1.931478348
1.884912453
1.881207923
1.902032645
1.921392725
1.87934808
1.9270706
1.921751939
1.903704612
1.890372363
1.929896567
1.927336536
1.932412743
1.939248483
1.929537964
1.887527857
1.88865305
1.883653363
1.886279113
1.896044425
1.919206673
1.890569562
1.935753075
1.932818395
1.919878824
1.929291411
1.906363515
1.931302256
1.924973196
1.933479254
1.935206588
1.939844632
1.862871192
1.869098855
1.889230096
1.896146524
1.867403763
1.903262538
1.898036787
1.918216828
1.936000201
1.939846599
1.941034311
1.935268222
1.949451034
1.937429798
1.939899553
1.944923656
1.946399018
1.95162163
1.96065511
1.955741602
1.835782813
1.836902612
1.86652444
1.880193583
1.898175165
1.913903637
1.850122454
1.931249074
1.950704635
1.942734047
1.944621481
1.949797331
1.954629736
1.962772746
1.948842814
1.95258464
1.952106895
1.951678085
1.956781135
1.96524651
1.959898923
1.96774764
1.972057553
1.819555468
1.812120405
1.827513903
1.862763207
1.892414212
1.918430527
1.942110912
1.836699584
1.967062762
1.95424182
1.949626034
1.954917141
1.956442709
1.963585414
1.966627858
1.974741364
1.959948514
1.959887563
1.96159138
1.966110505
1.969975747
1.974605608
1.974482338
1.974733975
1.976808168
1.977117316
1.982478322
1.810015936
1.799911022
1.802509353
1.875933122
1.850799676
1.907923014
1.935481239
1.971492842
1.82952716
1.960226445
1.966559784
1.962186249
1.965124447
1.969032086
1.976238958
1.981189641
1.976649266
1.970692536
1.97418521
1.981970318
1.984161779
1.991421318
1.987347208
1.984142624
1.984394044
1.984227638
1.985880706
1.984478075
1.978902089
1.929619937
1.967743477
1.961062125
1.806610586
1.795709468
1.792487392
1.8584404
1.889825162
1.834063358
1.922255983
1.960948154
1.817061273
1.972553581
1.973368522
1.979582392
1.97559814
1.981697915
1.980737994
1.987289372
1.989299092
1.981061255
1.969487171
1.983854846
1.990657696
1.998397739
1.999396405
1.997948409
1.997805105
1.991873168
1.990179005
1.987666339
1.976089854
1.967661482
1.913030089
1.934163871
1.947302082
1.962721872
1.957354858
1.909093939
1.801978391
1.798818416
1.793036552
1.880607742
1.848468864
1.905821379
1.824229882
1.940840456
1.809818347
1.987387596
1.986104603
1.984827668
1.991005478
1.989444369
1.990165103
1.992078152
1.991503002
1.984283012
1.961695579
1.94305909
1.996069522
1.999985921
2.001266553
2.001513925
1.998699149
1.995582104
1.990621951
1.986070926
1.977134851
1.967936696
1.961139692
1.908300192
1.920699004
1.954801194
1.94376146
1.95798505
1.912661316
1.919455326
1.925477579
1.802009306
1.80154921
1.80408004
1.884850702
1.863097633
1.835431316
1.915430479
1.814342749
1.805003709
1.998480128
1.996080328
1.996268201
1.991956692
1.99928457
1.998823698
2.001295355
1.972973017
1.953229883
1.925373185
1.909031938
1.999763852
1.996620596
1.995868216
1.989069403
1.985200522
1.981324087
1.975920878
1.974149032
1.966839868
1.96033629
1.957121721
1.912951915
1.907533028
1.931034944
1.95456717
1.947634975
1.914983464
1.923872725
1.924617437
1.924433779
1.802923457
1.805936787
1.927481329
1.805623487
1.890529612
1.871224246
1.84902117
1.825003403
1.810097609
1.803404899
2.006434301
2.006878003
2.005624411
1.999824786
1.97353371
2.005116557
2.002384905
1.996669676
1.93890612
1.919101822
1.89379597
1.882065117
1.990138858
1.989310925
1.982585161
1.977350497
1.973497475
1.969052411
1.965520754
1.958914471
1.956192657
1.953158564
1.907142605
1.919901108
1.905500925
1.937466165
1.946224258
1.916742496
1.922349008
1.933225952
1.802369928
1.811721775
1.809474488
1.934799802
1.811476777
1.872690752
1.855937999
1.837187976
1.817173046
1.805848985
1.801531566
2.009018558
2.010378346
2.000880147
2.006181796
1.983986331
1.937432166
2.001058865
1.994943594
1.985893862
1.894868594
1.869129734
1.860039971
1.982253221
1.978024804
1.973331585
1.969866656
1.965562097
1.962666774
1.957380793
1.956245477
1.953936826
1.912457581
1.900071732
1.9271803
1.903763218
1.940064672
1.944663334
1.912653228
1.92937301
1.948099517
1.947614817
1.799929023
1.8101657
1.950368551
1.949187424
1.939213365
1.808107252
1.852565877
1.837920797
1.824187207
1.81074342
1.805450804
1.800109169
2.000022079
2.007226263
2.004316598
1.979632205
2.000950709
1.95110455
1.903411717
1.995085131
1.986743279
1.980875688
1.868567183
1.844992175
1.838901667
1.978604804
1.972273175
1.969677373
1.964332609
1.95777662
1.954848187
1.951103469
1.930941161
1.908446521
1.894472083
1.899123768
1.940365395
1.942820352
1.927833646
1.945883307
1.954466292
1.799165308
1.80440481
1.953526707
1.943620376
1.931314442
1.929140067
1.934545657
1.927119798
1.797712625
1.834231803
1.823282527
1.81633349
1.809021081
1.803952011
1.7984318
2.003854509
1.973723762
2.006555242
2.000898862
1.942331894
1.994834
1.915324111
1.868180039
1.993125145
1.988154475
1.989098991
1.844807852
1.827702165
1.823307634
1.98466805
1.985192503
1.97756189
1.965850662
1.96120004
1.952774963
1.938815679
1.918877443
1.894498196
1.888915484
1.906827059
1.942194646
1.948344953
1.931274024
1.947935624
1.942808268
1.795359888
1.795864779
1.93852578
1.929728622
1.931156762
1.939728425
1.937119622
1.922017589
1.78797295
1.819697459
1.814690886
1.806984461
1.803751131
1.799938895
2.007658834
1.99014758
1.938468382
2.003352741
1.997728381
1.899545842
1.999677239
1.874493235
1.841318112
1.998024351
2.001164481
2.001046049
1.826430901
1.818692093
1.81437535
2.006625596
1.996302506
1.98354712
1.97311567
1.966881505
1.921841757
1.941942567
1.899700985
1.882529137
1.887085442
1.906901407
1.944227291
1.966089238
1.926842586
1.932075886
1.923812746
1.796223429
1.794557909
1.918708591
1.930829826
1.950557606
1.942708174
1.918680628
1.781384094
1.813777695
1.813063495
1.810015433
1.807466228
1.803424293
1.996166826
2.001349093
1.955615694
1.904209043
1.99951674
2.002232775
1.866045762
2.004113686
1.844215048
1.819247681
2.005928991
2.00753851
2.01905538
1.809369547
1.806448526
1.80871813
2.016635065
2.008654565
1.992006376
1.993049592
1.902302938
1.93681633
1.88125976
1.874748153
1.885306372
1.910696041
1.967308367
1.98871844
1.921247647
1.915219807
1.923184288
1.790631403
1.800168107
1.914505809
1.947645202
1.958330014
1.903388668
1.918368604
1.783253997
1.799759329
1.778193283
1.810104002
1.811083054
1.810801647
1.805964034
1.807439706
1.969094522
1.986876497
1.994078547
1.922452925
1.873867628
1.994800979
1.994599837
1.844786625
1.834891296
1.993582948
1.816908498
2.001490074
2.012432795
2.022165694
1.794708668
1.792865237
1.798288326
2.025050536
2.012622915
2.010504866
1.882494449
1.955982874
1.866240071
1.869835033
1.892345574
1.914551426
1.989437992
2.009796745
1.910440307
1.908346416
1.931772041
1.791828758
1.917303996
1.950504848
1.895386551
1.930248411
1.779916016
1.796588868
1.787038984
1.861396992
1.773558282
1.804290644
1.806217769
1.805105727
1.804071196
1.795715441
1.928212755
1.962416806
1.983081532
1.987689635
1.884585677
1.847778075
1.984541458
1.981104791
1.821464823
1.811400827
1.985850492
1.992627313
2.015184815
2.000500826
2.021507517
1.783995006
1.784106187
1.794466327
2.018280932
2.015734991
1.876496373
1.863551702
1.979619314
1.880754821
1.908073431
1.913662127
2.005300539
2.016565116
1.905351365
1.913110239
1.932078547
1.782020189
1.919230257
1.903001119
1.951685557
1.774800258
1.78553006
1.795614346
1.779380065
1.860496692
1.87452151
1.766410969
1.800066935
1.80042235
1.796778585
1.79254437
1.783195241
1.928099363
1.893690184
1.960471367
1.978399113
1.978106177
1.854808883
1.823683616
1.975547189
1.976382879
1.805010312
1.981154504
1.989791713
2.009507975
2.002016497
2.015026453
1.776564082
1.787643083
1.776258568
2.021769751
1.883454271
1.863619717
1.986850884
1.901668761
1.906278942
1.901858271
2.005385726
2.021453212
1.91819209
1.922904924
1.770660621
1.775001683
1.917428029
1.954563975
1.780848164
1.788272323
1.797046775
1.775293185
1.858217416
1.86834167
1.889334804
1.761691164
1.75665582
1.796836579
1.794358626
1.785701765
1.778003865
1.771051754
1.937007138
1.899084346
1.86619341
1.955453114
1.973206477
1.972422524
1.834322523
1.81057818
1.96913948
1.971328085
1.975901987
1.985081098
1.993147957
2.010760318
1.771897122
1.780548487
1.769704012
2.01979706
1.890132068
1.86817549
1.98042877
1.898604252
1.893252857
1.907871255
2.002087556
2.015512124
1.922080483
1.762722803
1.925020728
1.951072938
1.782142755
1.788749681
1.797318961
1.808962219
1.775294504
1.858126697
1.856320708
1.871805264
1.886007811
1.750079099
1.745943911
1.790004941
1.779352884
1.771069072
1.763796156
1.76064396
1.918989506
1.939080313
1.882866895
1.84969406
1.943939768
1.952149122
1.953449645
1.960463574
1.820995952
1.961462958
1.961568748
1.968709975
1.976549759
2.002829771
1.770460345
1.770344491
1.766644593
2.003784838
1.871152953
1.902632063
1.975999953
1.882706085
1.888014441
1.903249815
1.997652998
2.002095635
1.753687461
1.938696725
1.955933014
1.79786486
1.787229968
1.804227279
1.80871
1.814434678
1.778527261
1.851355492
1.859893068
1.861054458
1.872799
1.877348163
1.789335744
1.867454861
1.74490072
1.740685638
1.737736139
1.772372845
1.764543107
1.755556232
1.753475251
1.752431443
1.931448104
1.90324189
1.939886925
1.86626771
1.837222339
1.940447862
1.940688166
1.944497144
1.953001341
1.954620393
1.955580565
1.960453477
1.98150835
1.771684787
1.762894154
1.768134915
1.986711235
1.880053464
1.909615899
1.978663594
1.871529658
1.880979517
1.990306511
1.992510684
1.939969882
1.958250716
1.806190631
1.799454245
1.810155969
1.812407892
1.817870604
1.831097609
1.779223442
1.851127797
1.850063245
1.859291614
1.867879553
1.864298668
1.786619206
1.777880424
1.857001943
1.862974869
1.737504403
1.74268531
1.733969524
1.731899687
1.758359492
1.75201126
1.746915835
1.746681834
1.746643178
1.92102599
1.9351806
1.885034767
1.939362863
1.850369646
1.94051098
1.938740845
1.940578243
1.942394298
1.949710635
1.949877337
1.962607377
1.772004072
1.76069928
1.768618949
1.970239469
1.889069324
1.914271333
1.974261447
1.866545914
1.98977381
1.982383744
1.928103838
1.951249088
1.803611892
1.791051851
1.809926361
1.810633056
1.822190227
1.839240953
1.772730418
1.848306824
1.858270561
1.849269464
1.852718192
1.874348746
1.773093148
1.770771245
1.763126503
1.858664704
1.852312027
1.862108294
1.735381429
1.732782591
1.738385949
1.729452253
1.7279967
1.752165139
1.746799331
1.741253051
1.739418883
1.903544444
1.932237772
1.945052011
1.868295373
1.949536123
1.945154568
1.93924892
1.935926132
1.936912987
1.944555855
1.949668532
1.941570791
1.767533718
1.756613627
1.760099726
1.958103869
1.886255596
1.894565628
1.899339255
1.977190525
1.863159735
1.981223564
1.959135662
1.917812996
1.947676401
1.782298861
1.791160914
1.796930893
1.814758301
1.834921257
1.860292304
1.760957098
1.85317115
1.843994625
1.865440066
1.845173191
1.760917961
1.768109135
1.75796362
1.751782822
1.859992656
1.851185039
1.730975785
1.731254602
1.729422095
1.732944823
1.726215541
1.724895105
1.749495509
1.741764204
1.735544794
1.926916632
1.89257257
1.952269498
1.956304939
1.948950761
1.942037387
1.934209047
1.933243577
1.933804422
1.938388154
1.757400912
1.752159056
1.749477407
1.93934746
1.872368513
1.8831636
1.878059378
1.886386399
1.9532966
1.867900862
1.955546032
1.938869069
1.906274317
1.925027575
1.777359644
1.786470523
1.804543497
1.825464341
1.848267691
1.878958055
1.75253727
1.860674872
1.845893036
1.845766719
1.755835282
1.763092764
1.772592333
1.751147453
1.744547773
1.865511048
1.858154778
1.850976397
1.727740021
1.725996773
1.726444024
1.726274006
1.730188014
1.722099196
1.723399174
1.742886602
1.736022282
1.913980193
1.952096026
1.968870698
1.962731269
1.952458243
1.940579238
1.93369548
1.929342781
1.929407715
1.746309438
1.742491024
1.740273908
1.925270875
1.862606736
1.870794607
1.860352484
1.858935752
1.872615599
1.907884113
1.926542306
1.874251248
1.93033853
1.918582274
1.889299978
1.78446865
1.804563272
1.834190259
1.868902603
1.912551545
1.742599062
1.851305795
1.846405346
1.764087045
1.755175114
1.774711244
1.785666656
1.746071945
1.739270862
1.869691811
1.858941953
1.85110534
1.724347635
1.725055895
1.723364674
1.722421527
1.722339544
1.730416227
1.719813089
1.717041097
1.719337426
1.722225594
1.72559464
1.721220583
1.719980391
1.720705287
1.734582844
1.951618625
1.968816042
1.969710396
1.960325244
1.949214662
1.93989725
1.932663824
1.923906805
1.738573222
1.735123505
1.734220763
1.912132168
1.849177722
1.850729946
1.839014782
1.84290849
1.859420717
1.885433344
1.874934309
1.902288195
1.87251913
1.900497769
1.895953817
1.802825273
1.829967068
1.867653745
1.91109489
1.946538986
1.736306483
1.851862973
1.762204107
1.774488828
1.747487421
1.788789488
1.800040375
1.739668307
1.735154919
1.865185502
1.857328312
1.85330399
1.721704724
1.72196862
1.720296993
1.72864435
1.718540128
1.717714777
1.716248283
1.716136788
1.71513183
1.718395714
1.719286404
1.725029536
1.721514786
1.719205418
1.719430102
1.718099163
1.717573466
1.7296339
1.962665099
1.962566418
1.951042952
1.942970083
1.936955131
1.93212333
1.925321735
1.733844251
1.731574107
1.730222566
1.916158888
1.896343058
1.842571569
1.854392852
1.831830614
1.824732856
1.832107876
1.854578853
1.856087437
1.866937025
1.878412037
1.863273596
1.870719631
1.86852906
1.823030781
1.859657563
1.896911157
1.92657732
1.945032052
1.732461113
1.749937895
1.766578092
1.781493391
1.740198678
1.79688682
1.820653027
1.734016593
1.731696731
1.860092815
1.856215202
1.85719645
1.719454377
1.716780013
1.714285614
1.715176383
1.714800057
1.713540506
1.8574701
1.839984143
1.722862878
1.796059738
1.71726888
1.727418825
1.718650099
1.720524676
1.716824383
1.717790971
1.716127776
1.715501049
1.729652583
1.953213605
1.943271756
1.928704719
1.921815024
1.915653182
1.920980818
1.728094055
1.726385387
1.902285303
1.878232094
1.842707743
1.854600866
1.821982689
1.814188598
1.821108576
1.836927854
1.845451554
1.855271865
1.85761736
1.849178715
1.850550041
1.85031442
1.879857607
1.914797871
1.934209256
1.933248267
1.728022084
1.740716654
1.756154106
1.776406976
1.734093512
1.818061324
1.847295591
1.728418031
1.724278174
1.857794766
1.858623495
1.715336612
1.71249959
1.713196637
1.713476006
1.714155833
1.71368164
1.712307878
1.854801013
1.819856737
1.820991735
1.725334446
1.723084949
1.816225312
1.794080565
1.721800569
1.711028381
1.711443257
1.716631705
1.725060389
1.718671006
1.721349487
1.714733837
1.715756034
1.71400722
1.713048815
1.932354094
1.923745245
1.909909449
1.897297312
1.897629306
1.721464031
1.720744526
1.874914244
1.853049379
1.833838717
1.850071111
1.812036071
1.795891758
1.807387673
1.806598516
1.823316406
1.832037576
1.852635766
1.824726755
1.825688114
1.880121005
1.908007425
1.922339213
1.925053599
1.91363145
1.734693733
1.747503571
1.765529629
1.72895853
1.839880884
1.8649839
1.723546283
1.719790039
1.858079331
1.855023738
1.714696242
1.711345036
1.711504376
1.711903944
1.712493463
1.712969276
1.848897418
1.797957475
1.798838131
1.722072362
1.83509151
1.810616099
1.784289067
1.717982886
1.70971579
1.709998167
1.712696177
1.710940352
1.711005383
1.718749708
1.77866253
1.74011833
1.716677627
1.717947283
1.718877698
1.71669221
1.712709817
1.711479978
1.710241632
1.710584253
1.909148331
1.902847442
1.884853432
1.873964766
1.716715203
1.850961241
1.830197694
1.815690174
1.838901882
1.795160035
1.782069935
1.78864028
1.785544747
1.799996658
1.805852101
1.842068614
1.798822525
1.799723328
1.884490164
1.89861561
1.89932711
1.90617338
1.901928547
1.89172741
1.730620953
1.754764186
1.725372433
1.861688667
1.72093677
1.717297924
1.850863673
1.841865988
1.714678947
1.70964318
1.709499131
1.709889738
1.841479322
1.776592162
1.849082616
1.819651849
1.795941566
1.771890707
1.715744053
1.708530482
1.708487801
1.709285748
1.714673366
1.712794023
1.71079261
1.709201259
1.714920127
1.767896699
1.761101417
1.734866858
1.742871566
1.708833081
1.723592766
1.707882209
1.71681916
1.714089807
1.714462368
1.712718533
1.709414779
1.710379109
1.709530664
1.709247805
1.709336313
1.883873749
1.867291068
1.858131452
1.714098958
1.831886528
1.808427766
1.81995298
1.802607743
1.782571272
1.769044984
1.775154521
1.774823029
1.781777222
1.829329071
1.774300063
1.780660505
1.882040976
1.870644989
1.878778253
1.882616023
1.887414748
1.884899742
1.867266439
1.729686678
1.750078687
1.71866329
1.715452028
1.834267516
1.82159993
1.708702615
1.708906774
1.709010628
1.709122299
1.828172803
1.757239555
1.85216749
1.826688287
1.801425007
1.781010868
1.76302916
1.708253557
1.70848775
1.708899173
1.714626076
1.712704848
1.710570784
1.712118369
1.753615755
1.764295094
1.747442574
1.737239197
1.721413697
1.725452072
1.707816285
1.708047173
1.707545463
1.708797571
1.712174855
1.71227394
1.712533331
1.710681666
1.710443732
1.70946436
1.709372758
1.709517692
1.709100794
1.709226513
1.847233789
1.839960988
1.714013013
1.815762737
1.796178877
1.783311453
1.806197161
1.78833216
1.769256495
1.75797397
1.753935345
1.76107997
1.808123855
1.75513774
1.761919541
1.859734937
1.864598405
1.860825601
1.868861196
1.875319385
1.857390713
1.730618616
1.746352454
1.717194748
1.81796433
1.807508932
1.708662115
1.708893332
1.808072541
1.742833872
1.848622066
1.827327497
1.806871407
1.789132738
1.770567951
1.757542176
1.708252085
1.70844509
1.708344773
1.711131718
1.709681943
1.71111211
1.743526263
1.749298452
1.7531414
1.737900371
1.737259513
1.721031829
1.725565274
1.70775647
1.707971579
1.707475073
1.707285522
1.709381922
1.708082981
1.709673389
1.708705475
1.712846146
1.708799404
1.709387699
1.709212368
1.709501978
1.709050349
1.823022873
1.831532839
1.715699725
1.801150471
1.784728628
1.76802145
1.790606952
1.7722001
1.759187532
1.752473458
1.743618931
1.739106732
1.783825981
1.741029764
1.735640346
1.748458256
1.842421522
1.842374889
1.845632549
1.854892521
1.850577683
1.730286296
1.736534754
1.744863856
1.753002402
1.719591903
1.797177616
1.790043179
1.708643483
1.708835167
1.785930471
1.733221111
1.82626559
1.809277103
1.795183828
1.776676408
1.762066575
1.708179938
1.708377805
1.707020089
1.707020407
1.708301174
1.707231995
1.711495962
1.74571122
1.740237442
1.749103717
1.733849856
1.724639009
1.707663483
1.707868874
1.707361003
1.707175343
1.707219387
1.706931916
1.706605279
1.708106289
1.70964316
1.710545826
1.706143815
1.70927802
1.712590433
1.752818311
1.706922349
1.715013606
1.709373461
1.709001899
1.709133978
1.709485284
1.809636095
1.827184412
1.719154744
1.787469909
1.774125382
1.756442699
1.77358702
1.762969922
1.754803765
1.753799785
1.730213006
1.765266936
1.763340977
1.732906749
1.728397398
1.738736508
1.821467364
1.824390933
1.821941211
1.827659713
1.836375383
1.729446095
1.736037569
1.744366381
1.74959954
1.755051462
1.723478323
1.77359134
1.773601723
1.708579952
1.708761983
1.728656804
1.810751387
1.804918202
1.796605512
1.78057461
1.763593779
1.708056225
1.70828716
1.706738123
1.70689246
1.706263978
1.706355776
1.757196188
1.741654555
1.733127881
1.707536132
1.707736824
1.707225428
1.707051407
1.705942097
1.705782952
1.706457713
1.706696291
1.708178092
1.714609315
1.711349462
1.706026357
1.709245782
1.717817348
1.752922934
1.767488226
1.709461484
1.75179641
1.809140561
1.706789474
1.726167761
1.764457016
1.705762583
1.81646866
1.716695511
1.746623733
1.705622412
1.721347391
1.7093266
1.708940792
1.709107499
1.796967282
1.816031765
1.725854697
1.774537779
1.762833751
1.764443885
1.758486383
1.755510523
1.762944232
1.724876144
1.760388604
1.751641016
1.727133602
1.724639625
1.731688629
1.808738857
1.803293803
1.798410502
1.729699843
1.735281819
1.741300927
1.746439811
1.752087003
1.764589021
1.708438771
1.708684601
1.728414018
1.796566316
1.790850603
1.781501841
1.766576172
1.707942539
1.706592407
1.706115263
1.706205368
1.738215741
1.707407135
1.706943134
1.705844448
1.706312591
1.706271655
1.70885768
1.720565346
1.712864871
1.7059064
1.72356919
1.753045796
1.741290657
1.770817884
1.70943573
1.744543012
1.706635958
1.722044145
1.722760479
1.721726638
1.762650858
1.705652257
1.705701956
1.800452316
1.803731893
1.718089691
1.721842329
1.739104871
1.751126859
1.74027912
1.709189328
1.706816721
1.787016523
1.797387209
1.705591027
1.705561443
1.727878403
1.709238323
1.708874028
1.709029171
1.788644864
1.732968391
1.758848705
1.775689348
1.766431552
1.758995257
1.756627623
1.758124514
1.725754376
1.722024965
1.755755873
1.751068985
1.743906925
1.721421838
1.732388428
1.724892289
1.790622246
1.789738459
1.78637433
1.787780403
1.736415123
1.741237734
1.738176884
1.74539371
1.755707368
1.70809801
1.708317323
1.708536137
1.733094595
1.784971988
1.778448746
1.768098121
1.707573361
1.706411154
1.705983446
1.706075066
1.707056368
1.706605589
1.705749577
1.706190518
1.70962145
1.725952391
1.713583104
1.705808109
1.753460745
1.742623555
1.758747207
1.765966392
1.709399252
1.718810912
1.718609368
1.718017946
1.717454304
1.758738327
1.70561814
1.70564981
1.788762154
1.788399982
1.721313553
1.716310534
1.718280223
1.723984445
1.741676105
1.748639261
1.739149172
1.737375262
1.706806497
1.775872032
1.778412882
1.784379158
1.758005771
1.770695514
1.719251971
1.773921081
1.705598261
1.7055879
1.705659378
1.730002598
1.709175254
1.708980795
1.708748677
1.775150144
1.732503325
1.74769282
1.764682492
1.753331399
1.754305419
1.732765324
1.724848353
1.720190032
1.749624438
1.744439522
1.727334873
1.737553962
1.71987226
1.781337861
1.779048113
1.772668446
1.77691559
1.733789599
1.740335272
1.73626179
1.747901309
1.757003486
1.707761607
1.707983828
1.708229706
1.764693139
1.707205992
1.706287671
1.705879706
1.705993239
1.706677939
1.705690708
1.710204427
1.726179841
1.713985753
1.70574283
1.745637773
1.750761129
1.738944143
1.754528638
1.760100332
1.709351779
1.718391254
1.714675652
1.714913736
1.714393524
1.71639619
1.752913631
1.705617383
1.705642019
1.775645239
1.775931305
1.721571274
1.716295722
1.715795276
1.739213649
1.735519447
1.735104543
1.706931154
1.766003721
1.765518197
1.776868468
1.753205237
1.763908777
1.717230147
1.771506373
1.762803029
1.720381309
1.756934
1.708429319
1.759431885
1.712404959
1.708029324
1.705644784
1.705649842
1.705662174
1.705821646
1.705785256
1.72836628
1.708895489
1.709108195
1.708641346
1.762637771
1.72967052
1.74523517
1.738694064
1.745304737
1.749348088
1.733144659
1.729175671
1.723012903
1.732236118
1.720637698
1.725900031
1.715370619
1.771871678
1.77080693
1.763909625
1.76427668
1.732051996
1.735867638
1.74228476
1.74929982
1.754144268
1.707411813
1.707626724
1.707809421
1.706835525
1.706364695
1.706030525
1.705827443
1.705672554
1.710290441
1.725672206
1.723196714
1.713231907
1.705722269
1.743183509
1.746039709
1.747627541
1.738510278
1.752846828
1.748853107
1.752495627
1.709289765
1.71953549
1.711568813
1.71126368
1.713856775
1.716451661
1.746665287
1.70566553
1.70568159
1.762685434
1.717663376
1.713606795
1.739708188
1.735015506
1.732855977
1.732936544
1.706016733
1.706879178
1.757090027
1.755296303
1.769505239
1.748289248
1.757140162
1.713398409
1.715272063
1.764210846
1.75589935
1.721864406
1.719611834
1.750869165
1.752318619
1.753190275
1.711217958
1.710162136
1.707681301
1.707412959
1.708260615
1.707504172
1.746204431
1.736289595
1.748389699
1.705776485
1.705751563
1.705744889
1.705986693
1.705962264
1.726382547
1.724257211
1.708523941
1.708830403
1.709215319
1.749531709
1.728736929
1.741196002
1.73680793
1.730392943
1.744844748
1.740046386
1.742276328
1.734583532
1.729450723
1.724090082
1.717196654
1.712539102
1.723698959
1.764714863
1.764316125
1.757110276
1.750625806
1.732232423
1.737952819
1.743402023
1.746667104
1.7494349
1.707024767
1.707229196
1.706493213
1.706100877
1.705844714
1.705696044
1.70964369
1.706723926
1.710407962
1.705736114
1.739007302
1.743166213
1.744613608
1.744280951
1.748281652
1.744824035
1.745138337
1.718594191
1.70712637
1.708271771
1.707903313
1.714446461
1.741653805
1.705763016
1.705762743
1.713570492
1.717338943
1.715588874
1.71019147
1.731600403
1.733355792
1.730513176
1.730675282
1.706248929
1.706279067
1.746995644
1.763441656
1.741305057
1.750792026
1.711822069
1.70985431
1.757767367
1.751917589
1.721928278
1.71947286
1.742714791
1.745560461
1.745558016
1.707938706
1.709623145
1.71141851
1.707278419
1.707965327
1.706912401
1.706944578
1.707662972
1.707106861
1.738065672
1.73922781
1.73652534
1.733336548
1.740186725
1.705732692
1.738761822
1.739595327
1.744411226
1.733269185
1.740897677
1.750083927
1.707434181
1.712964974
1.728372146
1.739118575
1.733712558
1.70594595
1.705891907
1.706211405
1.706181356
1.724132072
1.726866906
1.708259218
1.70874852
1.709099305
1.737949081
1.738208664
1.730354974
1.730486781
1.727566969
1.718777972
1.739978081
1.737507309
1.734626903
1.729618848
1.723870415
1.707829401
1.71314143
1.705788064
1.758076151
1.760173261
1.754086641
1.734730223
1.73873357
1.741790006
1.745113465
1.748311714
1.706580867
1.706139595
1.70587812
1.705752238
1.706627828
1.706608127
1.70576441
1.737949524
1.742402561
1.742537611
1.740781248
1.740579931
1.740179454
1.738307036
1.718201225
1.705663092
1.705705388
1.705759318
1.705702403
1.713448268
1.737518153
1.705923151
1.705909076
1.709736579
1.715019915
1.716817453
1.707045721
1.729099676
1.730656872
1.728172917
1.706477046
1.706571918
1.736898338
1.757390918
1.727623255
1.742297961
1.707993852
1.707179972
1.753190892
1.722859
1.719972383
1.729636936
1.705672989
1.707851498
1.70910726
1.706776631
1.706522467
1.706469259
1.707629345
1.707035577
1.70657275
1.729375989
1.724482773
1.727598873
1.731353034
1.730651718
1.733032083
1.73271238
1.739274816
1.719750022
1.739966542
1.747224716
1.706950804
1.709893222
1.711835372
1.726372706
1.72706399
1.731263009
1.730966306
1.73407663
1.706864827
1.744391492
1.727293624
1.705929072
1.706256868
1.70748795
1.707061154
1.706149875
1.706443487
1.725980029
1.729262208
1.708495407
1.708047211
1.708938114
1.724151447
1.73230173
1.713669313
1.705806098
1.735032002
1.733821307
1.72853206
1.724207459
1.705729228
1.705624055
1.753864444
1.75460358
1.750241983
1.735043207
1.737961899
1.74124125
1.745212308
1.74969988
1.706108977
1.705839956
1.705775273
1.705895956
1.70699449
1.736501517
1.740546357
1.73966813
1.737049783
1.734885039
1.735101182
1.734985384
1.733351
1.720361762
1.716420117
1.705541204
1.705572951
1.705579031
1.705493293
1.710340451
1.712091534
1.73402576
1.706160201
1.706151892
1.707580067
1.713628234
1.718307287
1.715236314
1.707239843
1.707432024
1.727997599
1.725491065
1.706702301
1.706897184
1.722300533
1.753036208
1.705753251
1.714921164
1.738303498
1.707489891
1.721693407
1.724624098
1.705578262
1.705902118
1.706252648
1.706084012
1.707639801
1.706502386
1.70619492
1.712810998
1.713384947
1.705600193
1.717527261
1.707506278
1.723606635
1.728198239
1.723489085
1.729206629
1.725905223
1.724229769
1.706397951
1.738061727
1.744562703
1.707649325
1.709594843
1.725078369
1.724411084
1.725369505
1.719890951
1.731458089
1.728525478
1.70715611
1.741573789
1.712673845
1.706138384
1.705989207
1.707732174
1.707782526
1.70717342
1.706708842
1.712703202
1.705672666
1.705574513
1.726277602
1.738474419
1.73160731
1.714065542
1.713778875
1.713288636
1.71044636
1.706468294
1.706691081
1.727396421
1.730976236
1.708194198
1.708709452
1.705635671
1.70572994
1.705675356
1.70565233
1.730558216
1.733925011
1.7286046
1.725858308
1.723089875
1.70551437
1.705393733
1.750450384
1.749846016
1.745959266
1.734312704
1.738002839
1.743795924
1.74701647
1.705835754
1.705814635
1.705922182
1.706122626
1.707358916
1.735809666
1.738059172
1.735848885
1.733140972
1.730381876
1.730672529
1.730271309
1.729253664
1.719678353
1.716122362
1.705410138
1.705442639
1.705378305
1.705303503
1.70568636
1.729862492
1.706502333
1.706459038
1.707943163
1.711295119
1.720183651
1.716762383
1.707594823
1.707785897
1.724934706
1.722360907
1.723559101
1.706926954
1.70710254
1.70753808
1.705322215
1.749359109
1.705450284
1.705477414
1.738448455
1.73258114
1.723469893
1.705444267
1.705347284
1.705995431
1.706008757
1.705875939
1.707567523
1.706371369
1.706181909
1.706060031
1.70539417
1.705363282
1.705415182
1.715740236
1.709895988
1.718733571
1.722148908
1.740563223
1.707984916
1.70784629
1.70807966
1.722688015
1.722383162
1.722127049
1.707723965
1.729188089
1.72521223
1.726854839
1.707332426
1.707433239
1.740888546
1.705232543
1.706419979
1.707936754
1.707049092
1.706565555
1.709585466
1.723589847
1.736736721
1.731294477
1.707830517
1.705336399
1.708601754
1.715122653
1.710978097
1.709592714
1.713933999
1.705311399
1.705187438
1.726603674
1.705328932
1.738067038
1.706875621
1.727225877
1.730594848
1.708387961
1.707794728
1.705319121
1.705467106
1.726935887
1.72694941
1.733119357
1.728489794
1.72527972
1.722304854
1.705312454
1.705231261
1.747326059
1.745668739
1.746181927
1.742332363
1.734536055
1.742737711
1.744912259
1.705906573
1.706051557
1.706371394
1.707755177
1.733941287
1.735834028
1.733813507
1.731717422
1.728821068
1.726517228
1.725931235
1.726348941
1.72612577
1.718506967
1.714979313
1.705265651
1.705308692
1.705241265
1.705176884
1.705255358
1.725497391
1.706862193
1.706810392
1.708139892
1.708191297
1.70812173
1.719064676
1.708019205
1.719994347
1.720630427
1.718975029
1.707257749
1.705249628
1.70512486
1.705168975
1.745826303
1.705208157
1.705267245
1.705315216
1.733699894
1.727433878
1.722962811
1.705250332
1.705960313
1.706079373
1.706028109
1.706275348
1.706177353
1.706237537
1.705187285
1.70522353
1.70521487
1.705158393
1.705201692
1.705132715
1.708499572
1.717086583
1.737134515
1.708186299
1.708104309
1.718630174
1.720390632
1.721376495
1.72318155
1.72418986
1.707579795
1.707521838
1.740376085
1.705112613
1.706762215
1.706902045
1.707434119
1.70655195
1.70845049
1.734635115
1.730403546
1.70569806
1.705427273
1.7087324
1.708841005
1.710091869
1.714407555
1.709329205
1.705259546
1.705233256
1.723518281
1.723751451
1.705223205
1.737632489
1.738998661
1.705184093
1.706036986
1.706490925
1.727348068
1.707283205
1.72667118
1.730373261
1.708002659
1.70513749
1.705237676
1.722811128
1.731585897
1.726561714
1.721940711
1.718785364
1.70516858
1.705117559
1.743438793
1.744540414
1.74194992
1.742413166
1.734088202
1.741475797
1.706184835
1.706433864
1.706733852
1.708104929
1.707849502
1.732582599
1.73131316
1.729349503
1.724212892
1.722410847
1.722291928
1.72199687
1.72271248
1.71421948
1.705158002
1.70519163
1.705132812
1.705080951
1.705182321
1.705181812
1.720787632
1.707240428
1.707184281
1.708357804
1.708288605
1.70838562
1.708446564
1.718435548
1.715641125
1.716661005
1.717569608
1.717683467
1.715779486
1.707685571
1.705064222
1.705099154
1.705054167
1.705035836
1.741996415
1.705071119
1.705120861
1.705173224
1.724793568
1.729464509
1.722357806
1.706217172
1.706452747
1.706400875
1.706401715
1.706527765
1.705091969
1.705097286
1.705050207
1.705080528
1.705258262
1.705148218
1.706429871
1.712641535
1.73321429
1.708424997
1.715192288
1.71790516
1.720165216
1.707825575
1.738868623
1.707151956
1.707312374
1.706898491
1.706738218
1.708766494
1.728905345
1.705673157
1.708952077
1.709156881
1.709098412
1.709147426
1.712688563
1.708185191
1.705245246
1.705201009
1.720939807
1.720097626
1.705138371
1.736098591
1.735906669
1.70510417
1.706267175
1.706776346
1.706846609
1.722288001
1.724450698
1.719626201
1.705290698
1.721768933
1.706804694
1.725778311
1.707110737
1.70767572
1.725754691
1.730019724
1.707709899
1.705029977
1.705113029
1.717864376
1.727599659
1.720502019
1.714946876
1.705064322
1.705031224
1.739477988
1.74085305
1.737614818
1.73807123
1.732856458
1.737578888
1.706670193
1.706967712
1.708182225
1.708430167
1.728630352
1.725147979
1.718800691
1.718988536
1.718703434
1.718686464
1.717557108
1.70874653
1.705090431
1.705132658
1.705056703
1.705021759
1.705180367
1.705141803
1.71603184
1.707627933
1.707591146
1.708577019
1.708536705
1.708588391
1.708788297
1.716290166
1.713346363
1.712781279
1.713923664
1.71460162
1.713429657
1.708039638
1.708140458
1.705006615
1.705003295
1.705013863
1.705106449
1.705053403
1.737327802
1.704984801
1.70501899
1.705062681
1.716712317
1.724393553
1.718541841
1.706693445
1.707040878
1.706926288
1.706902905
1.704998073
1.704977334
1.705315722
1.706870583
1.706704182
1.728575102
1.713001915
1.715834679
1.713785293
1.735040033
1.707548512
1.707245554
1.707026295
1.707030444
1.709084494
1.724597688
1.706308482
1.70575962
1.709240269
1.70939139
1.709368364
1.709378365
1.709364997
1.705247444
1.717434239
1.717485273
1.705096595
1.732047737
1.730599098
1.705054402
1.707174771
1.707254943
1.707252569
1.716787084
1.718669984
1.720279553
1.716345914
1.705360721
1.717651685
1.715724015
1.707265751
1.707487589
1.707420108
1.709486275
1.714498501
1.708076302
1.72146477
1.72764261
1.707556809
1.704961201
1.70501976
1.714893397
1.714086941
1.720282393
1.720179273
1.722544827
1.71228717
1.712253379
1.705576283
1.706832059
1.704993504
1.704989471
1.734659126
1.736016745
1.73226064
1.732436794
1.73286002
1.707297375
1.708536184
1.708706266
1.717582548
1.71328597
1.714164692
1.715450594
1.715190429
1.713564799
1.705066633
1.705114947
1.705022966
1.705191191
1.712417451
1.708022723
1.707992336
1.708804129
1.708829112
1.709103265
1.709419293
1.711369748
1.711759011
1.711118229
1.711376006
1.71175818
1.711589964
1.708433456
1.704985792
1.704969657
1.705031442
1.705288358
1.705172154
1.729875866
1.704944899
1.70495722
1.704983381
1.709982565
1.707214612
1.718549402
1.713256544
1.709499735
1.707282091
1.707649047
1.707565359
1.704951126
1.704959814
1.705675799
1.707158985
1.706976999
1.71898292
1.712355641
1.729043986
1.707943142
1.707310744
1.707260326
1.707368711
1.709362516
1.70625473
1.706757254
1.709519155
1.709532464
1.709546365
1.70533868
1.714393954
1.724457318
1.707656689
1.70769108
1.70762451
1.712616085
1.713801659
1.714989204
1.713136286
1.705476541
1.713151367
1.711714386
1.707734974
1.707905371
1.707796446
1.709586403
1.712487806
1.711518327
1.707487244
1.708819623
1.710054477
1.707679962
1.708419421
1.709514739
1.716531381
1.72065965
1.707564831
1.704946349
1.704965743
1.712012969
1.713908802
1.714176555
1.708091906
1.707078938
1.705591109
1.705728122
1.704970602
1.70503479
1.705007966
1.727714278
1.729053288
1.723266737
1.707770379
1.708774107
1.70903796
1.712090402
1.710830713
1.710161138
1.712322787
1.710366133
1.705083284
1.705142793
1.705293157
1.708417912
1.708361257
1.709079248
1.709338396
1.709590681
1.710073279
1.709995252
1.709762682
1.709217986
1.710385011
1.710010007
1.708674943
1.705031758
1.704999846
1.705151821
1.705713887
1.705402302
1.71880706
1.71512347
1.704966526
1.704950587
1.704950733
1.707779303
1.70767769
1.709582955
1.709611327
1.708155643
1.708200224
1.70814398
1.708057429
1.70496769
1.705012592
1.706237487
1.707614255
1.707226035
1.708142616
1.71064402
1.718141894
1.70830409
1.707478784
1.70756721
1.709529718
1.706884794
1.709604898
1.709609373
1.705508917
1.708037371
1.707995503
1.707903806
1.71104308
1.710173012
1.711273537
1.710970994
1.708768671
1.708129574
1.708232351
1.708116069
1.710152342
1.710991967
1.70938446
1.709025209
1.708995344
1.707909494
1.707877271
1.707822203
1.70769408
1.708737562
1.705107438
1.708802667
1.709578007
1.709595854
1.709478206
1.709431855
1.707708158
1.705010102
1.704966598
1.709502868
1.709508969
1.709300472
1.705945024
1.705869425
1.705761903
1.705958829
1.705004833
1.705153281
1.705077106
1.712483344
1.70862217
1.70839158
1.708949613
1.709074342
1.709307758
1.709287113
1.709075956
1.708518139
1.708852916
1.708664588
1.709550893
1.707874289
1.705218515
1.70545976
1.708725177
1.708655951
1.709510478
1.709610942
1.70847231
1.708844625
1.708415955
1.708252304
1.70514603
1.705422999
1.705950344
1.709117893
1.708951075
1.705018344
1.70498161
1.708076442
1.709601778
1.70848944
1.708608476
1.708605706
1.708469283
1.708326201
1.705130931
1.706604367
1.708094099
1.70750293
1.708360697
1.708567189
1.709407102
1.708560756
1.707696548
1.709604524
1.707156748
1.709609796
1.709606786
1.705723064
1.708221249
1.708117132
1.7080336
1.708430021
1.709511202
1.706096928
1.70615554
1.708571875
1.708482385
1.709258479
1.708612508
1.707985403
1.707985054
1.707983973
1.707896385
1.708068025
1.708719923
1.705294232
1.70523037
1.709502097
1.708772886
1.709114845
1.709021472
1.709547218
1.709534345
1.70955563
1.709573878
1.709565547
1.709544364
1.707920485
1.705129861
1.705050455
1.708073509
1.707749006
1.706370636
1.706949786
1.706093401
1.705992395
1.706204959
1.705425193
1.705200391
1.709360395
1.708889308
1.708846655
1.709232449
1.709485476
1.709457236
1.70682477
1.707212752
1.706713162
1.70713125
1.707349638
1.706834252
1.706679007
1.705852565
1.708946251
1.708864501
1.709591511
1.709573281
1.709577943
1.708354743
1.708503733
1.708794375
1.707995947
1.7081508
1.705615762
1.706553137
1.709182067
1.705149795
1.708531484
1.708709
1.708838082
1.708517204
1.708350405
1.705380811
1.705682275
1.708449251
1.707881777
1.709503054
1.709454684
1.709588019
1.707528777
1.708178485
1.708025775
1.707965004
1.706505421
1.706268964
1.706267571
1.706355418
1.708942711
1.709418796
1.708630474
1.707907315
1.708022101
1.708039871
1.707926959
1.70849948
1.708425439
1.705545973
1.705487501
1.705438407
1.709517773
1.709023978
1.707121679
1.709325533
1.709247902
1.70932805
1.709167143
1.70949125
1.709501329
1.709518557
1.70951572
1.708115868
1.70540452
1.705221696
1.707311441
1.707637024
1.706416964
1.70635202
1.706264997
1.706489109
1.705864484
1.705439928
1.709449544
1.708831636
1.709102103
1.708951081
1.709037612
1.709388245
1.709567749
1.709544478
1.706517867
1.70653255
1.706561999
1.706644475
1.706545362
1.706950475
1.706799417
1.706238076
1.709099326
1.709568787
1.709528974
1.708464529
1.70827344
1.708733708
1.707896446
1.708019957
1.706402994
1.705436563
1.708561967
1.708790993
1.708306773
1.708142443
1.705951566
1.708273296
1.70947962
1.709519475
1.707893019
1.707918619
1.707759273
1.707755429
1.706430537
1.706506961
1.706514749
1.706570786
1.709097135
1.709494341
1.708582059
1.707689302
1.707932619
1.708101863
1.707749083
1.708796792
1.708828548
1.708692926
1.705897318
1.705760403
1.705748458
1.709478711
1.709170195
1.707465156
1.709228687
1.709369254
1.707788397
1.706088951
1.706663881
1.709387292
1.709306468
1.709443745
1.709245481
1.709414173
1.709453371
1.70942903
1.709441306
1.708211267
1.70587043
1.705589764
1.70723768
1.707583792
1.706629924
1.706641929
1.706592925
1.706786358
1.706435883
1.705914867
1.709423055
1.709079952
1.708870321
1.708735252
1.70905918
1.709543594
1.709516644
1.709502517
1.706641586
1.706635922
1.706765241
1.706941822
1.70946239
1.70944622
1.70839083
1.70818165
1.708663486
1.707939461
1.706948087
1.705962706
1.708206853
1.708492905
1.707931696
1.707763016
1.706659257
1.708689125
1.708258327
1.709443913
1.707509666
1.707455556
1.706675163
1.706800758
1.706686282
1.706793577
1.709455833
1.708490602
1.707434893
1.707750861
1.7080439
1.707519248
1.70901565
1.70626863
1.706287786
1.709424806
1.709197362
1.707918812
1.70930051
1.70755574
1.706535903
1.706732403
1.706768085
1.706825456
1.709393777
1.709324292
1.709329045
1.709302445
1.709374104
1.709328069
1.708161461
1.706577071
1.706242547
1.707224051
1.706767609
1.706851551
1.70698978
1.706900792
1.706838233
1.706625978
1.70935845
1.709407957
1.709227154
1.708402548
1.70867098
1.708292531
1.708919509
1.709413974
1.709406777
1.709381281
1.706860309
1.707001581
1.709349742
1.708281733
1.708058896
1.70858133
1.707753476
1.707789699
1.70670169
1.707767451
1.708042346
1.707533073
1.707406232
1.707386779
1.708978448
1.708611355
1.709384955
1.707227248
1.707212195
1.706967199
1.707092238
1.70703801
1.709334682
1.708393073
1.7072361
1.707544656
1.7078872
1.707326625
1.709164549
1.706844001
1.70683969
1.709344597
1.709039425
1.709208821
1.708364493
1.707427959
1.707042506
1.706891346
1.706914286
1.70738771
1.709243941
1.709189865
1.709188617
1.709260822
1.709163348
1.709218003
1.707986279
1.707449179
1.707108223
1.707195489
1.706976173
1.707107419
1.707176905
1.707279813
1.707222685
1.707359032
1.709317681
1.709363208
1.709282264
1.707831634
1.708099647
1.708417294
1.707811038
1.708677385
1.709227334
1.709178235
1.706981002
1.7070793
1.708218148
1.707909984
1.70848381
1.707649076
1.708599376
1.708180729
1.707512856
1.707406823
1.707588733
1.707262491
1.707185167
1.709181392
1.708914154
1.709281167
1.707137577
1.707141065
1.707240912
1.70729723
1.709119795
1.707185447
1.707694963
1.707251756
1.707184484
1.707389315
1.709012654
1.707408434
1.707419293
1.707090712
1.707023737
1.707353263
1.707532262
1.708862411
1.709047333
1.70892248
1.70900763
1.709124462
1.708974719
1.707760136
1.708206828
1.70803739
1.707232983
1.707215984
1.707361611
1.707471602
1.707474279
1.707472765
1.707918483
1.709252062
1.709188492
1.709239115
1.707416257
1.707563637
1.707412433
1.707773536
1.708055074
1.70821818
1.708673402
1.708923495
1.708832032
1.707137325
1.707185218
1.708369103
1.708119703
1.707879832
1.707632501
1.70876663
1.709013318
1.707279034
1.707334504
1.707254331
1.707221269
1.709181859
1.709085643
1.707315762
1.707305208
1.707544098
1.707338112
1.707346673
1.707769059
1.70741628
1.707667574
1.707323713
1.707208878
1.707458915
1.707462689
1.708543581
1.707951629
1.708109783
1.708841607
1.708614487
1.708588351
1.708846971
1.707608611
1.708595704
1.708451757
1.70731884
1.707491273
1.707613953
1.707752333
1.707700672
1.707820657
1.708196621
1.709102064
1.709000458
1.707306996
1.707248746
1.70725938
1.707199904
1.707404659
1.707556777
1.708554964
1.708200599
1.707313027
1.707343849
1.708236782
1.707976344
1.707758357
1.707603751
1.708960575
1.708870538
1.709070394
1.707486012
1.707387025
1.707593687
1.707570188
1.709032259
1.707762442
1.707703057
1.707778963
1.707686051
1.707609774
1.707475638
1.707599191
1.707449279
1.707699119
1.707501463
1.708071932
1.708728606
1.707748503
1.707326824
1.707489102
1.70821324
1.708183688
1.708441575
1.708113891
1.707604997
1.708720433
1.708374056
1.708530991
1.707473993
1.707814275
1.707978976
1.70799496
1.708237768
1.708808247
1.707453079
1.707587429
1.707220838
1.707050062
1.706999423
1.707006039
1.707736904
1.707524556
1.707591843
1.708087442
1.707878514
1.707623331
1.707743797
1.708892621
1.708712849
1.707808965
1.70802916
1.708294666
1.708175613
1.708282906
1.70866034
1.708410712
1.708252764
1.707936903
1.708156086
1.707985945
1.707609079
1.708008055
1.707680123
1.708123649
1.708415439
1.707867059
1.708029919
1.706862277
1.706789271
1.706857787
1.707104739
1.707658359
1.70773484
1.70791414
1.7074912
1.707781817
1.708459821
1.708216364
1.708116276
1.708238558
1.707729783
1.708045367
1.70809244
1.708052352
1.708056588
1.708094269
1.708260505
1.708041957
1.707656205
1.708227471
1.707265288
1.7069855
1.706848245
1.707313427
1.707781137
1.707956851
1.707857665
1.707759461
1.707835364
1.708419659
1.708216944
1.708552113
1.708879436
1.709093001
1.708998375
1.709068764
1.708047501
1.709065654
1.708813019
1.708620653
1.708341117
1.708289652
1.707950275
1.708059082
1.708099461
1.70822623
1.708160233
1.706610114
1.70669053
1.706867771
1.706596137
1.70674198
1.70705155
1.707503068
1.70719858
1.706878416
1.708094288
1.70779603
1.707883675
1.707815921
1.707746408
1.707817087
1.707713436
1.707938087
1.708001608
1.708084377
1.707910319
1.707983201
1.707868492
1.708434144
1.708883662
1.70789453
1.709098768
1.707415868
1.707179658
1.707930408
1.7079445
1.707988229
1.707638313
1.707523787
1.70944852
1.709728358
1.709866873
1.709728091
1.709687505
1.709548033
1.709251823
1.708752839
1.70904751
1.70857167
1.708451682
1.708222675
1.708240654
1.708269333
1.708315359
1.708202662
1.70808667
1.708404213
1.706583315
1.706853434
1.70703143
1.707435455
1.706435754
1.706444808
1.706918757
1.70674725
1.706547092
1.706431013
1.708426487
1.707068961
1.707223981
1.70718267
1.707255676
1.707272377
1.707385208
1.707522793
1.708178429
1.707911429
1.707542555
1.707712838
1.708822017
1.709329538
1.709806918
1.708214039
1.709968062
1.707921301
1.708016648
1.708143117
1.706896195
1.710226188
1.710366424
1.710349009
1.710161559
1.709973014
1.709694989
1.709403146
1.709045762
1.708784274
1.708551297
1.708415408
1.708382349
1.708349831
1.708215247
1.708351766
1.708021251
1.707857848
1.708461469
1.707067613
1.70665849
1.70754536
1.707788234
1.708329535
1.70640251
1.706317639
1.70639372
1.706426644
1.706284223
1.7062658
1.708614796
1.706682396
1.706546946
1.706688656
1.706791416
1.706795663
1.706934466
1.70708804
1.707149437
1.708334763
1.707602089
1.707348575
1.709646183
1.709800914
1.709119277
1.71021667
1.710502596
1.70888192
1.710575779
1.708187037
1.710656984
1.710584556
1.710368212
1.710152232
1.709803049
1.70938746
1.709112561
1.708713139
1.708510386
1.708286103
1.708210025
1.708420311
1.708450528
1.708004659
1.70821723
1.708334779
1.707750945
1.707551032
1.708351865
1.707903087
1.707343506
1.7079219
1.70688327
1.708486544
1.708770245
1.709316183
1.706710455
1.7064566
1.706311692
1.706279436
1.706341596
1.706306741
1.706332813
1.70858116
1.706399647
1.706441179
1.706503616
1.70652897
1.706616039
1.706734503
1.706799541
1.707003778
1.708447361
1.708368265
1.707246469
1.710019486
1.710368287
1.710497139
1.709807161
1.710688022
1.710743845
1.710725439
1.710574894
1.710293177
1.709868193
1.709653192
1.70918325
1.708693764
1.708491734
1.7081247
1.708023332
1.707885894
1.708448703
1.708491648
1.707750018
1.708003298
1.708162303
1.708347142
1.707480887
1.707294159
1.708120483
1.707629861
1.707506301
1.707064547
1.707726382
1.708317317
1.708871702
1.707503398
1.709459024
1.709686069
1.710103643
1.707112608
1.706806454
1.706544778
1.70663937
1.706628797
1.706497851
1.706781429
1.708365483
1.706564125
1.706527462
1.706571621
1.70655572
1.706587484
1.70664587
1.7067524
1.706920254
1.708494604
1.710411816
1.710528096
1.710650389
1.710692434
1.71062628
1.710444344
1.710370064
1.709942275
1.710015034
1.709477615
1.708958359
1.708774491
1.708265166
1.707811936
1.707754464
1.707478254
1.707508397
1.70843274
1.708500844
1.70752929
1.707780516
1.70796861
1.708204678
1.707296071
1.707128788
1.707886283
1.707512228
1.707301095
1.707163231
1.706952311
1.708633368
1.708456244
1.70930442
1.709126112
1.709746905
1.708030319
1.71009971
1.710247824
1.710425461
1.707655127
1.707588878
1.70698666
1.70714167
1.707365947
1.707343877
1.707032507
1.708124452
1.706898989
1.706837279
1.706737887
1.706773491
1.706763364
1.706827026
1.708521238
1.710452975
1.710490203
1.710336862
1.710314173
1.710024965
1.709647552
1.709500225
1.709069657
1.708917414
1.708409543
1.707914945
1.707765146
1.707348934
1.707132126
1.707048127
1.708337477
1.707614816
1.707414664
1.707811921
1.708065408
1.707268172
1.707139105
1.707769477
1.70761352
1.707352204
1.707121675
1.706958489
1.707070339
1.709279093
1.709443896
1.708927872
1.709913873
1.709753628
1.710116203
1.708584362
1.710189677
1.710251147
1.710123169
1.708543626
1.708215558
1.707765471
1.707787222
1.708000401
1.708291084
1.707574856
1.708035766
1.707353167
1.707198216
1.707193978
1.70705716
1.706996674
1.708415675
1.709943554
1.70957705
1.709456529
1.709025264
1.708537608
1.708410569
1.707969015
1.707809847
1.707401053
1.707072815
1.70699413
1.706854778
1.706834086
1.708166122
1.7075622
1.707715702
1.707462132
1.707914527
1.707441479
1.707355408
1.707850817
1.707657374
1.707930308
1.707387046
1.707238138
1.707002888
1.707454325
1.709516795
1.709686321
1.709782557
1.709305807
1.709949866
1.709870635
1.709881492
1.709244241
1.709683885
1.709653497
1.709365788
1.709037811
1.708651697
1.708653507
1.708415012
1.708893352
1.708126153
1.708178787
1.707872873
1.707850872
1.707604624
1.70742211
1.708240898
1.708934504
1.708491432
1.708356886
1.707909196
1.707477109
1.707440297
1.707085754
1.707001628
1.706813019
1.706744977
1.706745292
1.706820152
1.70800236
1.707738311
1.707659237
1.707838449
1.707686907
1.707761567
1.708012602
1.707823482
1.708233754
1.707742878
1.707532926
1.70727803
1.707962803
1.708032344
1.709582003
1.709579921
1.709494438
1.709550836
1.709563177
1.709386653
1.709359381
1.709092819
1.709535579
1.708707341
1.708660047
1.708254262
1.709462611
1.709402234
1.709387038
1.709226467
1.70894672
1.708670903
1.708516665
1.708622129
1.708315272
1.708033561
1.708059478
1.707804534
1.70744547
1.707353748
1.707058761
1.706884046
1.706806332
1.70678811
1.706873175
1.7070521
1.707066582
1.707919479
1.707888441
1.707870169
1.707902305
1.708273772
1.708306137
1.708205808
1.708229934
1.708498454
1.708164404
1.708039472
1.707788703
1.70856834
1.70846997
1.708236121
1.709285823
1.709043957
1.70933601
1.708827296
1.709516029
1.708463472
1.708381302
1.70795074
1.709658915
1.707546043
1.707515117
1.707184356
1.709736479
1.709809054
1.709777888
1.709636888
1.709367774
1.709360309
1.708844718
1.709079269
1.70872127
1.707947237
1.706905379
1.706790766
1.706814981
1.70683429
1.706968384
1.707206864
1.707284634
1.707628823
1.707901231
1.707940285
1.708008032
1.708139979
1.708787855
1.708386686
1.708415221
1.708469736
1.708600057
1.708590178
1.708696664
1.708705646
1.709116551
1.708589853
1.7088687
1.708436443
1.708504682
1.708618069
1.708191875
1.708961189
1.707765439
1.709317126
1.707347247
1.707221447
1.706793652
1.709589834
1.706538138
1.7066406
1.70648375
1.709717831
1.709891343
1.709932156
1.709835687
1.709680878
1.708966915
1.709338569
1.707956701
1.706552632
1.706777676
1.706954423
1.707290798
1.707757692
1.708200529
1.708342027
1.708785628
1.708061413
1.708221979
1.709179038
1.708305544
1.70826037
1.708236018
1.708614772
1.708963945
1.708396121
1.709266624
1.709524342
1.709459413
1.708717109
1.708874007
1.709113295
1.708460321
1.708567681
1.707527716
1.707641515
1.708045836
1.707157459
1.708485753
1.706737772
1.708949847
1.706404984
1.706291398
1.706097171
1.709060492
1.706184087
1.7064392
1.709480155
1.7097571
1.709860512
1.709807629
1.709657266
1.708786749
1.70809562
1.706892378
1.70746928
1.707766807
1.70835404
1.708973865
1.709374103
1.709386971
1.70824787
1.709333273
1.707797924
1.707767576
1.708183179
1.707787094
1.708682493
1.709215689
1.707994255
1.709651339
1.710005158
1.70949154
1.708970434
1.708816444
1.708644985
1.709124477
1.70844148
1.706638924
1.706733169
1.707078414
1.707507005
1.706352915
1.707996652
1.706094148
1.705974124
1.705987061
1.706241856
1.70863979
1.708093245
1.706528332
1.707105745
1.709086789
1.709392754
1.709463621
1.709609661
1.70771403
1.708289583
1.708322425
1.707877916
1.708750895
1.708983085
1.709674144
1.710102791
1.710213553
1.709197703
1.707017326
1.707112734
1.707307209
1.707870807
1.707255681
1.708509847
1.709023132
1.709871062
1.710306426
1.709166398
1.708843997
1.708915875
1.708754909
1.708599336
1.708906143
1.706825173
1.706214383
1.706188928
1.706396337
1.706641113
1.706945883
1.706080732
1.70707903
1.706082199
1.706224495
1.706380582
1.707081638
1.707496628
1.708047667
1.707515402
1.708283142
1.708503386
1.708707519
1.709148448
1.707272939
1.707708168
1.708556001
1.709123768
1.710168368
1.709900851
1.710589479
1.710630572
1.708774556
1.706353797
1.70626128
1.706495885
1.706751276
1.707331562
1.707789422
1.708884001
1.70947146
1.710248224
1.708501518
1.708750362
1.708705969
1.70866008
1.708714899
1.708470875
1.706151506
1.706580757
1.708258909
1.706415048
1.706320157
1.706278609
1.706249713
1.706298341
1.706317971
1.706473865
1.706525473
1.706730971
1.707119361
1.707404398
1.708349317
1.706929596
1.707399738
1.708833734
1.70958559
1.707680397
1.708338462
1.707011011
1.707265021
1.708713378
1.710288237
1.710704331
1.710826862
1.71073416
1.708155216
1.705729998
1.705632028
1.705796951
1.706056249
1.706265835
1.707061114
1.70779895
1.709057648
1.70804289
1.709917572
1.707716725
1.707585019
1.708718207
1.708615694
1.708430429
1.707903072
1.705813762
1.706198149
1.706660147
1.708076492
1.707789185
1.706837046
1.707115844
1.707133851
1.706511277
1.70627708
1.706148495
1.706043939
1.707430625
1.706134976
1.707863379
1.708425938
1.708743884
1.70962412
1.706414831
1.706612315
1.710010056
1.710498025
1.707151296
1.707020914
1.707123768
1.70873667
1.71074532
1.710669274
1.710501932
1.707426449
1.705117832
1.705150653
1.705403353
1.705091553
1.70547374
1.706042317
1.706290839
1.707200635
1.708309713
1.709251151
1.706934191
1.706688464
1.708602393
1.708381184
1.707328102
1.705777742
1.706318895
1.706634393
1.707017809
1.708078584
1.70770289
1.70737376
1.707890854
1.707403964
1.708255508
1.708310569
1.706936102
1.706669524
1.706259227
1.705956993
1.708658254
1.705902857
1.709093036
1.709687332
1.709605512
1.710086885
1.710445182
1.705971682
1.70627517
1.710574039
1.710587406
1.707243168
1.707309098
1.707232868
1.708617887
1.710256979
1.709678353
1.706814888
1.704606136
1.704833204
1.705241706
1.704546887
1.704734866
1.70481272
1.705422673
1.706372756
1.707413908
1.708022479
1.706381447
1.706149971
1.708390962
1.706916544
1.706636375
1.706055466
1.707135017
1.707317138
1.707570325
1.707791296
1.708114083
1.707464403
1.707153989
1.705825766
1.709120736
1.708630715
1.708086262
1.709438739
1.709482082
1.707780306
1.707096639
1.706512755
1.706063311
1.70977318
1.705961561
1.710099827
1.710323021
1.710392414
1.710475236
1.710363337
1.70594854
1.710255177
1.70975146
1.707695474
1.707727616
1.707441352
1.708399421
1.708922537
1.706513375
1.704939065
1.704499983
1.705232561
1.70424748
1.704135668
1.704268585
1.704785541
1.705586432
1.706129855
1.70722012
1.706279252
1.706145595
1.708173706
1.706824303
1.707629129
1.707143864
1.706920119
1.707949545
1.707974163
1.708022209
1.707677134
1.707928378
1.707452723
1.707220952
1.706307334
1.707568688
1.709775179
1.710089089
1.709324503
1.709065068
1.710223737
1.710248721
1.708417931
1.707687867
1.706799839
1.70744393
1.706589673
1.710347879
1.706255969
1.710369792
1.710270586
1.710238319
1.709930399
1.709437075
1.70912927
1.70820125
1.708027115
1.707667936
1.707467961
1.708160953
1.706648815
1.705987054
1.705309351
1.704709076
1.704446223
1.70410247
1.704054185
1.704387916
1.704732966
1.705467954
1.706388332
1.706659907
1.706691407
1.707103343
1.708380215
1.708157098
1.708049422
1.707597349
1.708434967
1.708336117
1.708191143
1.707751672
1.707892578
1.707682697
1.707413842
1.708054792
1.707670447
1.708054758
1.706744916
1.710181553
1.710386165
1.710390988
1.710009298
1.709565184
1.710299072
1.710265627
1.70896133
1.708631488
1.707960568
1.707636408
1.70708052
1.710099228
1.709803165
1.709414821
1.709299045
1.708701536
1.707986036
1.707657527
1.707679155
1.707872299
1.707179235
1.706985991
1.708014428
1.707119857
1.706706425
1.705953469
1.705669143
1.704897661
1.704421005
1.704202473
1.704314439
1.704574311
1.705088595
1.705450111
1.707440335
1.707587635
1.707612539
1.708674653
1.708566195
1.7087407
1.708579461
1.708628533
1.708327031
1.708169749
1.707980562
1.707954775
1.708179974
1.708403997
1.708275616
1.708192002
1.7084228
1.706140727
1.710273001
1.710210219
1.710082767
1.710149193
1.709846068
1.710108279
1.70981515
1.709481476
1.709435294
1.709538906
1.709013478
1.708706482
1.708116966
1.709055366
1.70856631
1.708073835
1.707881092
1.707205987
1.706495328
1.706873356
1.707010843
1.707381734
1.7062794
1.706004482
1.708049152
1.707887665
1.707536917
1.707336587
1.706532231
1.7057362
1.705657476
1.705022771
1.70496633
1.7047258
1.704735839
1.704930019
1.705254141
1.708267108
1.708458378
1.708243381
1.708430999
1.708659934
1.708002585
1.708994272
1.709108645
1.707497246
1.708155163
1.708880808
1.708517298
1.708505895
1.708383856
1.70850161
1.708485401
1.705481283
1.709387907
1.709448103
1.709744571
1.708977128
1.70895888
1.708450977
1.709842663
1.709668972
1.707983779
1.707987465
1.70950138
1.709284535
1.708909821
1.7075304
1.707187575
1.70661926
1.706480698
1.705949037
1.705743792
1.705753375
1.706164137
1.706103454
1.705128909
1.704692731
1.708264029
1.708486857
1.708815001
1.708257764
1.707555055
1.707360031
1.706668052
1.706442437
1.705826026
1.705397107
1.705425361
1.705248959
1.705337742
1.708718657
1.708885084
1.708547807
1.707377505
1.707691584
1.708427715
1.706723108
1.709046284
1.709404243
1.709561366
1.708469605
1.708229667
1.708542278
1.708458233
1.708360422
1.705386541
1.70773433
1.70778785
1.708447255
1.708920722
1.707185486
1.707156663
1.706665475
1.70892569
1.709136513
1.706272273
1.7064154
1.709041485
1.706210528
1.706042891
1.705889218
1.705627144
1.70558203
1.704732646
1.704485676
1.704558907
1.70504331
1.703996514
1.703401988
1.70854204
1.708592429
1.709477894
1.709138423
1.7090046
1.708424228
1.708230929
1.707464167
1.706774495
1.706560819
1.70601731
1.705726893
1.708539544
1.708587023
1.708322675
1.706053261
1.705736024
1.706995507
1.708032868
1.70887148
1.709234587
1.709722939
1.708138368
1.708514404
1.707588683
1.707822383
1.705490044
1.705837296
1.705736762
1.706526661
1.707244443
1.707409118
1.705216788
1.705334387
1.705046395
1.707992251
1.708419701
1.704898142
1.705083097
1.705122555
1.705297783
1.705322813
1.705428059
1.703680558
1.703475866
1.70344274
1.703563669
1.704003037
1.703142262
1.702482723
1.708630867
1.708085128
1.709899552
1.709952674
1.709668445
1.709625179
1.709037077
1.708349171
1.70803137
1.707325002
1.706669867
1.706195275
1.707707892
1.707620297
1.707592634
1.704207725
1.705073468
1.70624321
1.707379806
1.707847242
1.708812943
1.709537016
1.707546492
1.708195831
1.706804856
1.706960285
1.706019434
1.704166306
1.704586323
1.7053195
1.705589022
1.706343492
1.703909654
1.704080528
1.704139108
1.707086535
1.704364188
1.704658339
1.705011263
1.705245011
1.705597088
1.702677073
1.702729878
1.702752917
1.702880106
1.70296617
1.70271136
1.702718109
1.702608369
1.702157212
1.708387659
1.707077277
1.709814505
1.710066961
1.709914678
1.709510779
1.709199474
1.708595611
1.707914236
1.707311541
1.70710894
1.706477489
1.706258344
1.706565782
1.703261054
1.704159342
1.705369605
1.705671456
1.706812188
1.708048393
1.708558547
1.707652202
1.706877671
1.706097318
1.70614971
1.706535546
1.703341992
1.703476246
1.703828298
1.704098185
1.704757474
1.705555751
1.703524279
1.703821633
1.704312545
1.704884043
1.705151007
1.705741643
1.705981955
1.702425585
1.702178323
1.702003945
1.702708655
1.702886651
1.702841954
1.702098924
1.703104293
1.702818768
1.70227008
1.707826527
1.70585876
1.709321488
1.709741467
1.709765386
1.70957462
1.709292707
1.708864506
1.708389142
1.708207917
1.707725774
1.705257616
1.705046962
1.705590569
1.702585083
1.703449323
1.704175603
1.705757201
1.706510739
1.707605149
1.707051928
1.706377745
1.705565617
1.705853811
1.707154334
1.706179777
1.703637535
1.703296756
1.703279387
1.703446192
1.7038183
1.704369852
1.704220046
1.704693737
1.705702124
1.706207234
1.706885552
1.702943961
1.702513358
1.702384343
1.701943804
1.703271801
1.703353169
1.701837237
1.703986316
1.703527495
1.703056317
1.702457367
1.707145905
1.704920743
1.708506229
1.708985926
1.708948751
1.709080055
1.709047135
1.708905247
1.70881053
1.708623759
1.708252915
1.704452239
1.705151314
1.702094976
1.702472478
1.703664782
1.70433014
1.70543172
1.70656921
1.70664963
1.70554863
1.705991416
1.708070651
1.706417091
1.706315933
1.70488577
1.704173032
1.703775834
1.703821619
1.703815444
1.704041639
1.705670178
1.70615257
1.707230114
1.707609347
1.703443733
1.703962475
1.702856391
1.703977303
1.702219485
1.704142942
1.701900226
1.704391588
1.704876642
1.703698816
1.702990749
1.70221952
1.706610402
1.704852956
1.707347912
1.707437066
1.707978509
1.708354673
1.708590935
1.708614292
1.708734536
1.708712795
1.704605214
1.705331635
1.701883503
1.702279933
1.702696618
1.703508462
1.704473362
1.705492015
1.706033278
1.706478383
1.708579295
1.706459079
1.706689644
1.705796446
1.706563327
1.705056425
1.705109238
1.704695362
1.704539197
1.70730877
1.707677211
1.708424642
1.704844426
1.705065067
1.704545754
1.703580549
1.705707958
1.702854917
1.702515243
1.704406221
1.705116015
1.703885455
1.705728753
1.703215308
1.702340476
1.701186618
1.706455701
1.705512332
1.705352931
1.706290396
1.706958137
1.707452803
1.707671387
1.708317682
1.708493457
1.708727877
1.705471046
1.706054435
1.702035933
1.702114413
1.702437941
1.703057168
1.703882278
1.706826841
1.707062342
1.708815433
1.706721468
1.707130632
1.706694841
1.707368624
1.708022864
1.706077284
1.70666121
1.705688076
1.708522436
1.70868747
1.706009138
1.705449616
1.706244604
1.70460892
1.706789488
1.704121252
1.703019581
1.703449233
1.704493596
1.70555753
1.702929546
1.706399949
1.702098745
1.701207448
1.699240092
1.699646891
1.70664684
1.706550228
1.704595024
1.703599508
1.705313012
1.705889292
1.706168717
1.707133126
1.707428813
1.707940935
1.708220686
1.706673838
1.707004286
1.702787269
1.702530341
1.702614099
1.702965059
1.707616428
1.707456959
1.707531126
1.708726401
1.707066069
1.707428506
1.707872456
1.70804143
1.708431037
1.708718963
1.707029702
1.707492041
1.708776322
1.707069916
1.706508077
1.707298456
1.706192849
1.706822624
1.705206363
1.704469674
1.701779753
1.702957134
1.704352494
1.705709021
1.701334635
1.700432836
1.697684231
1.69685941
1.698543134
1.707016768
1.707558622
1.704007754
1.703527473
1.703211644
1.704441738
1.704667493
1.705540203
1.705841399
1.706450917
1.70671958
1.707506706
1.707727374
1.707901656
1.704454907
1.703711134
1.703337196
1.703200557
1.707811527
1.707952246
1.70763709
1.70804786
1.707288292
1.707400681
1.708372357
1.708242439
1.708475474
1.708508952
1.70831578
1.708010264
1.707492538
1.707775817
1.707805274
1.707743404
1.707138372
1.707215445
1.705627184
1.706529457
1.706366265
1.699754714
1.700876302
1.702339816
1.703982312
1.699408636
1.695884168
1.696788845
1.694697807
1.697561192
1.707265052
1.708117229
1.703552645
1.703653368
1.703560623
1.7040498
1.703708692
1.704136887
1.704261255
1.70476962
1.704928746
1.705640095
1.706418448
1.708186262
1.707999241
1.705674637
1.70497985
1.704494375
1.707630038
1.707629995
1.707262419
1.707222029
1.706970632
1.706834673
1.70806147
1.707865227
1.708195574
1.707859258
1.707527238
1.706841457
1.705465106
1.707091236
1.707954295
1.70820867
1.708259921
1.705419549
1.708014188
1.703442051
1.707949615
1.70749948
1.698754177
1.697879779
1.700004952
1.701613841
1.694705925
1.695585035
1.696238501
1.693431963
1.696522522
1.707116288
1.707862965
1.703873733
1.704190355
1.703736004
1.704699493
1.70574745
1.703475951
1.703435927
1.703337741
1.703505622
1.703468069
1.703872025
1.704525407
1.707803423
1.707321875
1.706940558
1.706392194
1.706895133
1.706709944
1.70644884
1.70613046
1.706260668
1.706945484
1.70745138
1.706505871
1.706352183
1.70575013
1.704901631
1.703604308
1.706770562
1.704887742
1.707350407
1.708025045
1.708386058
1.702747452
1.708505719
1.700838219
1.708556032
1.708421787
1.697927977
1.697190322
1.699223702
1.695170518
1.694354784
1.695730537
1.696083249
1.693386315
1.696358821
1.70646251
1.706847777
1.705109983
1.704854062
1.705791311
1.704163906
1.706702922
1.707746242
1.703633925
1.703386774
1.703037131
1.702849548
1.702803879
1.703037089
1.706638618
1.706080873
1.708159015
1.70579963
1.705411329
1.705431695
1.705174206
1.705243083
1.705465071
1.705936068
1.705350732
1.704619712
1.704436097
1.703815177
1.703121476
1.702471297
1.70532238
1.704467347
1.702016652
1.706500427
1.707436852
1.707781433
1.700076155
1.708385039
1.69858769
1.708851475
1.709114309
1.696696136
1.696908678
1.69755289
1.695510729
1.696048251
1.694738623
1.696547398
1.696629036
1.695347318
1.694295103
1.696630406
1.705529399
1.705354293
1.706998578
1.706687727
1.705798595
1.707916774
1.70490491
1.70885206
1.709175509
1.704518819
1.703747606
1.703403224
1.702830897
1.702495409
1.705098069
1.704617405
1.704561258
1.704130612
1.704357976
1.704355435
1.704498609
1.704732233
1.704299101
1.70418167
1.70346778
1.702904704
1.702782855
1.702398393
1.702188624
1.702510296
1.704019686
1.70261982
1.701716971
1.699504141
1.705366976
1.705835769
1.707032038
1.698105331
1.707931891
1.69724371
1.708830979
1.709477741
1.696757057
1.696835017
1.696878498
1.696252881
1.697534585
1.697638194
1.697518739
1.696819447
1.695937525
1.695244891
1.697637746
1.704618889
1.703831246
1.708638679
1.708905998
1.707819284
1.706857364
1.709696193
1.706414657
1.709837623
1.705402207
1.705001019
1.704013934
1.703150986
1.703486252
1.703397956
1.703671274
1.703293916
1.703774725
1.703987529
1.704189514
1.704307981
1.704242061
1.702864956
1.702661064
1.702236062
1.702016125
1.702005012
1.702133038
1.702795498
1.703780553
1.702747318
1.701258401
1.700115144
1.699347783
1.697951388
1.703284703
1.704587358
1.705835891
1.69730634
1.707391526
1.706104573
1.69714684
1.70848097
1.70941125
1.697339254
1.698426707
1.697647472
1.698799334
1.698840764
1.699012086
1.696598048
1.697711688
1.695659318
1.695149762
1.698684344
1.704047007
1.702790525
1.710012884
1.70953307
1.710114707
1.708804168
1.708473852
1.710051092
1.707435388
1.707182803
1.706039223
1.704845489
1.70251503
1.70285483
1.703434146
1.703203772
1.703818145
1.704163037
1.704347929
1.704383355
1.702198236
1.70206501
1.702075488
1.702303245
1.702468315
1.703466203
1.704714031
1.705890015
1.700942306
1.700334305
1.699079869
1.698512118
1.697946601
1.697680074
1.702061702
1.703234318
1.703637183
1.697780303
1.706365962
1.704909268
1.698172422
1.707717696
1.708974989
1.698531989
1.699379483
1.699852518
1.700212963
1.700048611
1.694761559
1.696521683
1.697277914
1.694013562
1.693095964
1.699761465
1.703975871
1.702665344
1.710215021
1.71030685
1.710066635
1.71002407
1.709818534
1.709101145
1.708267636
1.70708156
1.702500843
1.70324233
1.703919462
1.703934846
1.704453359
1.70478068
1.704875002
1.704745119
1.702675882
1.702646872
1.703113404
1.703778924
1.704167945
1.705809485
1.707082897
1.708140182
1.699478714
1.700164183
1.699081544
1.698607508
1.698350676
1.698323443
1.698645265
1.700997569
1.701317098
1.702339675
1.699132781
1.705183828
1.703678641
1.706800936
1.708567633
1.698616492
1.699800829
1.700382698
1.700857471
1.700908916
1.691646775
1.694426729
1.695718199
1.691352203
1.688459211
1.701015677
1.700609202
1.704194508
1.703439325
1.708999679
1.709655105
1.710113754
1.710147024
1.710080268
1.709686461
1.709058861
1.704364843
1.70497152
1.705216334
1.705440012
1.70558483
1.705427611
1.705015645
1.704050797
1.704272383
1.705122215
1.706085613
1.706542952
1.708171039
1.709138596
1.709750673
1.699385424
1.699244019
1.699696599
1.699072235
1.699414309
1.699329579
1.699653809
1.700147987
1.699883678
1.700405068
1.701275826
1.702492805
1.703943328
1.705631041
1.706692337
1.69806186
1.698982851
1.700224645
1.700995479
1.701257957
1.691346428
1.688459211
1.688459211
1.691979326
1.695206218
1.701501205
1.701402587
1.704330702
1.70514953
1.707320772
1.708700704
1.709123233
1.709719586
1.710055077
1.710056433
1.70602495
1.706206774
1.706632184
1.706389351
1.706189987
1.705681472
1.704853739
1.706078754
1.706500849
1.707607833
1.708434658
1.708803676
1.709851075
1.710215505
1.710165535
1.699641789
1.699846646
1.700136715
1.699646462
1.700133285
1.700815334
1.700789026
1.701108628
1.699631767
1.699819663
1.700476068
1.70144651
1.702735287
1.703912183
1.70452135
1.695938999
1.69793665
1.699412853
1.699895535
1.700869928
1.688459211
1.688459211
1.691893899
1.701538802
1.701834624
1.7039089
1.707057806
1.706390294
1.707009891
1.708093399
1.709075201
1.709772944
1.707549683
1.707151867
1.707614787
1.706876397
1.706226159
1.70534545
1.70404819
1.708055555
1.708635744
1.709633647
1.709961661
1.710271599
1.710288692
1.709908959
1.709179072
1.700560899
1.700673836
1.701244601
1.701597545
1.700058921
1.701572818
1.701991108
1.701878147
1.699716255
1.699703269
1.699646317
1.699952151
1.700626763
1.701499754
1.701988489
1.703754583
1.691815323
1.694415141
1.696184402
1.696865529
1.69844965
1.699948429
1.688459211
1.701084005
1.701795476
1.702613225
1.708492939
1.704400306
1.705641969
1.707038496
1.708186432
1.708302367
1.70755297
1.706588026
1.705481782
1.704305893
1.702692543
1.709257563
1.709727357
1.710022067
1.710111995
1.709866503
1.709199996
1.708257378
1.70699132
1.701988576
1.701382031
1.702164147
1.702663997
1.702570672
1.700751152
1.702474876
1.702073675
1.700564451
1.700043841
1.699716378
1.699736824
1.700068014
1.700364868
1.701492818
1.702024677
1.691993003
1.688459211
1.692332061
1.694311964
1.696481598
1.698252477
1.700005751
1.700475641
1.700409361
1.700817722
1.70887053
1.703090571
1.704410485
1.705883295
1.707903641
1.70663496
1.705253591
1.703918306
1.702578476
1.709209368
1.709483626
1.70884951
1.708770058
1.708035582
1.706972666
1.705825684
1.704329553
1.704476131
1.702736336
1.7030644
1.702196183
1.703052195
1.702754861
1.702384662
1.701986274
1.701623814
1.701322708
1.700637538
1.70011614
1.699903596
1.699957053
1.700232746
1.700514397
1.701186728
1.688459211
1.688459211
1.692203035
1.693084044
1.696433395
1.697184992
1.699009527
1.69785673
1.698797382
1.700591496
1.707974704
1.702063542
1.703170186
1.706410608
1.70473716
1.703211536
1.701866455
1.707799396
1.707837154
1.706519918
1.706318252
1.70533824
1.704166061
1.702971281
1.701910787
1.702073752
1.703192622
1.703255649
1.702956902
1.703077831
1.702657362
1.701126307
1.700477611
1.702679129
1.702074643
1.701410594
1.700824322
1.700733715
1.700312021
1.700228213
1.700384235
1.700343462
1.700668303
1.688459211
1.688459211
1.6925893
1.692543179
1.695049752
1.696880008
1.695635857
1.69708715
1.698658027
1.699831027
1.705953169
1.701207574
1.704075541
1.702338204
1.700974958
1.705279104
1.705217152
1.703646865
1.703425095
1.702512107
1.701565246
1.700868469
1.700510946
1.700487929
1.703024192
1.702912073
1.702191227
1.701115688
1.703223509
1.700530535
1.697774875
1.703116213
1.702814164
1.70223625
1.702094385
1.701546039
1.701108507
1.701059064
1.700701819
1.700424551
1.700363469
1.688459211
1.692256585
1.692929339
1.695990506
1.694385336
1.697249161
1.69809974
1.698949639
1.703325838
1.701458377
1.700005981
1.696677933
1.702327476
1.702561968
1.701850149
1.700887194
1.70089232
1.70032759
1.699968423
1.699912544
1.700318406
1.700115094
1.702265894
1.701216301
1.700834317
1.699086226
1.697344628
1.702894794
1.696848119
1.703109186
1.703198187
1.703144027
1.702842832
1.702423708
1.702327232
1.701814802
1.70122145
1.700684742
1.688459211
1.688459211
1.69239729
1.695722439
1.694334693
1.697256061
1.697738626
1.698342391
1.700576397
1.699253694
1.696890988
1.697312239
1.699944963
1.700005356
1.699560842
1.699242412
1.699381499
1.699376966
1.699688427
1.700189251
1.701150053
1.700842908
1.699377191
1.700912498
1.697647822
1.696877354
1.693766514
1.701463235
1.702825562
1.703063951
1.703346509
1.703338051
1.703319088
1.703017182
1.702481179
1.701808871
1.688459211
1.688459211
1.696337804
1.695703036
1.69512759
1.697545145
1.697730281
1.698062613
1.698736882
1.698004819
1.697585148
1.698170103
1.698502856
1.698639589
1.698670894
1.698933582
1.699263802
1.700010196
1.700551173
1.70132484
1.702100881
1.70241045
1.697202935
1.694725971
1.698030382
1.692752505
1.692556843
1.700756464
1.701309447
1.702356651
1.70305789
1.703231595
1.703458451
1.703389209
1.70300737
1.688459211
1.697065753
1.696847601
1.695880499
1.698156646
1.698052529
1.698083455
1.698831281
1.699155372
1.698161047
1.699141102
1.698342376
1.698583762
1.699077027
1.699736526
1.70019088
1.701348964
1.70183443
1.702526809
1.703039978
1.703258701
1.69319327
1.692408112
1.688459211
1.697037956
1.697786907
1.699516817
1.701064333
1.701433141
1.70251152
1.703051838
1.70336567
1.698011981
1.696381934
1.695498375
1.69903468
1.698607544
1.699123275
1.699862547
1.700198799
1.700088742
1.693180935
1.699236317
1.699575145
1.700317237
1.701078278
1.701510091
1.702408599
1.702717317
1.702953448
1.702862803
1.702786003
1.688459211
1.688459211
1.692713435
1.692869579
1.69487294
1.697333475
1.697837609
1.699642995
1.701096659
1.701684795
1.698252536
1.696690693
1.69440789
1.699825704
1.70049212
1.699627188
1.700566501
1.701005382
1.691139769
1.688459211
1.700673457
1.700987359
1.701647341
1.702127168
1.702379825
1.702409832
1.702419615
1.701940369
1.701043937
1.700672915
1.688459211
1.688459211
1.692539936
1.692871056
1.694883003
1.697344853
1.698146857
1.697987582
1.695631453
1.694391259
1.691616875
1.701225975
1.70142381
1.69966687
1.700887463
1.688459211
1.691530625
1.701763726
1.701973682
1.702158427
1.702011472
1.701962595
1.700823319
1.700474115
1.699128439
1.697412507
1.697126954
1.688459211
1.688459211
1.692518738
1.693226646
1.695257973
1.697508903
1.691905089
1.688459211
1.701741074
1.701168647
1.699395667
1.701711886
1.701656342
1.700699746
1.700243536
1.699173182
1.697328193
1.696898444
1.694625954
1.692877955
1.69248101
1.688459211
1.688459211
1.691547373
1.693509223
1.696274346
1.688459211
1.700849137
1.699374844
1.700072811
1.699742862
1.697448238
1.696719123
1.694507314
1.692581061
1.692343896
1.688459211
1.688459211
1.688459211
1.691990914
1.696076559
1.698352927
1.696718151
1.696454484
1.692847129
1.692228062
1.688459211
1.688459211
1.688459211
1.691973425
1.694661851
1.692072775
1.692470139
1.688459211
1.688459211
1.688459211
1.688459211
