1.901434991
1.895689271
1.925646337
1.911076282
1.887906447
1.885129832
1.928434085
1.915690806
1.895797963
1.931912483
1.888828382
1.941040063
1.889617845
1.885671161
1.908662561
1.929711443
1.884785601
1.931091781
1.925745432
1.908718436
1.895361499
1.933895857
1.933035257
1.941709422
1.949429266
1.935075712
1.89229543
1.89103842
1.88642112
1.889138671
1.902593806
1.927238637
1.893689241
1.937652005
1.934703725
1.922962146
1.93076851
1.908970663
1.934363434
1.93419595
1.936986865
1.940608094
1.945105455
1.865672702
1.874019863
1.889610194
1.896746141
1.868192585
1.904113563
1.905641872
1.918775215
1.936330123
1.939563535
1.940706177
1.936127131
1.948698386
1.938608731
1.94242238
1.947650009
1.951507833
1.956544864
1.965141546
1.960457437
1.836500256
1.839692669
1.871957055
1.878696555
1.896832793
1.912765527
1.848991101
1.929792679
1.949530006
1.94092449
1.943319891
1.947337482
1.952220675
1.960039848
1.948475064
1.952504807
1.952757189
1.953897307
1.958998469
1.967808061
1.96239303
1.971987243
1.976026371
1.818154039
1.812581249
1.830498361
1.859570389
1.889337802
1.915528857
1.938869315
1.833794025
1.964019118
1.950283264
1.94625885
1.951411094
1.953735838
1.959163965
1.962355907
1.970257205
1.95730405
1.958056276
1.960687867
1.965531542
1.969965097
1.975559125
1.976570717
1.974825974
1.978915111
1.980817
1.985877141
1.806618659
1.798070289
1.803009058
1.871375752
1.846155016
1.903479303
1.930766201
1.966826923
1.825082084
1.954855781
1.960770854
1.956736034
1.96016892
1.964156642
1.970176706
1.975348615
1.970698406
1.966539827
1.970799356
1.978683729
1.98179245
1.98901392
1.985894303
1.983662724
1.984137237
1.985054386
1.987393144
1.985915238
1.982027303
1.931919295
1.970589244
1.96366316
1.80180693
1.792099357
1.790738156
1.852687773
1.884122386
1.828285019
1.916285288
1.955097812
1.811507043
1.965538296
1.966252732
1.972338549
1.968824895
1.974889846
1.974553474
1.979913092
1.982202185
1.973853063
1.962623894
1.978323907
1.985281299
1.993853099
1.995570761
1.995101195
1.995161016
1.990199366
1.989271529
1.986895572
1.97624533
1.96820395
1.915297122
1.934709957
1.949713019
1.963738002
1.95834859
1.911437873
1.796288557
1.793981075
1.789478417
1.873957035
1.841852403
1.898903858
1.817697006
1.933935956
1.803549734
1.978921302
1.977843773
1.976665805
1.982665294
1.981105736
1.98228353
1.984733193
1.983148253
1.976170068
1.953694512
1.93534877
1.988848193
1.993443806
1.995536418
1.996516908
1.993929294
1.991668265
1.987483818
1.983107977
1.974908678
1.965906631
1.959923866
1.908650262
1.920290336
1.95445976
1.942167754
1.95727033
1.913398654
1.921968607
1.92829167
1.795801167
1.795958439
1.799266089
1.877320347
1.855828623
1.828320329
1.907797454
1.807499167
1.798367232
1.989143815
1.986806847
1.987142766
1.982870921
1.990134806
1.99005109
1.992619332
1.963984897
1.944519074
1.9168698
1.900805715
1.991612774
1.989153444
1.989081004
1.982459898
1.979341246
1.976205143
1.970933148
1.969967424
1.962691896
1.95701203
1.954499095
1.911331148
1.906300365
1.928558803
1.952183413
1.944251659
1.914933401
1.92490634
1.925837875
1.927677641
1.796530337
1.799924518
1.929429536
1.800113114
1.882490381
1.863394458
1.841466942
1.81774697
1.803137764
1.796756813
1.99650491
1.997029899
1.9957443
1.990201072
1.964053834
1.995360831
1.992681687
1.987322238
1.929627917
1.910133471
1.885054304
1.873628184
1.981317018
1.981043849
1.974481844
1.96987558
1.966691869
1.962505266
1.959712321
1.953757237
1.951795434
1.949032632
1.904202229
1.916617675
1.903545812
1.933386651
1.941341436
1.915819907
1.922094231
1.937023629
1.796077992
1.805631338
1.803606313
1.935922035
1.805750525
1.86453482
1.848085723
1.829627252
1.80996692
1.799027082
1.79510365
1.998805003
2.000073725
1.990863249
1.99588372
1.974225357
1.927975685
1.990754141
1.98484054
1.976115011
1.885761761
1.860418956
1.851657429
1.972936982
1.968786297
1.964555257
1.96170855
1.957698196
1.955444569
1.950864199
1.950350688
1.948365427
1.908084159
1.896541676
1.922561508
1.901140907
1.934684413
1.938595489
1.910670726
1.928624872
1.950720164
1.952088116
1.793913457
1.804259778
1.951143871
1.954473241
1.945425363
1.802531715
1.844540564
1.830273283
1.816826239
1.803804725
1.798945727
1.794036204
1.98984592
1.996850408
1.993833444
1.969733941
1.990430827
1.941478861
1.894224895
1.984633723
1.97648307
1.970908451
1.8597221
1.836570685
1.830799794
1.968913829
1.963121402
1.960861507
1.956065515
1.950140125
1.947802189
1.944387675
1.925391547
1.903622028
1.890491669
1.895728716
1.934078367
1.935860158
1.925535917
1.944940449
1.957176814
1.793518624
1.798794556
1.954089806
1.947464962
1.936569322
1.936362395
1.942846332
1.936519671
1.792475634
1.826543361
1.816034502
1.809352267
1.802481769
1.797866388
1.792782012
1.993707841
1.963851549
1.996210897
1.990510429
1.932792665
1.984387208
1.906059172
1.859445409
1.98273042
1.977912616
1.979052186
1.836409725
1.819747895
1.815671128
1.974980682
1.975795998
1.96860339
1.957418182
1.953297113
1.945198263
1.932439215
1.913152308
1.889446991
1.884394377
1.90323864
1.935191021
1.940738753
1.928850409
1.946813253
1.944552987
1.790119687
1.790635828
1.938423292
1.933198057
1.936994294
1.947066971
1.945582892
1.932594253
1.783134301
1.812553652
1.808058555
1.800890008
1.798133115
1.794725915
1.997686026
1.980452302
1.929114333
1.993386515
1.987580491
1.890566794
1.989467742
1.865784599
1.83319601
1.987853454
1.991124521
1.991165522
1.818631538
1.811343542
1.807338001
1.996982161
1.986985286
1.974632968
1.964655897
1.958681665
1.915455886
1.934997837
1.893877999
1.877143982
1.882471296
1.903237322
1.936740718
1.958086519
1.924287178
1.930272326
1.925464315
1.79135938
1.789713516
1.918587174
1.934718063
1.956821394
1.95174729
1.911828707
1.776909744
1.80721726
1.807014986
1.804457082
1.802334465
1.798640506
1.986838032
1.991962047
1.94657882
1.895548375
1.989936277
1.992469656
1.857806648
1.994285084
1.836230677
1.811867371
1.996166205
1.997761573
2.009448939
1.802285256
1.799805184
1.80233509
2.007238578
1.999560737
1.983303729
1.984589523
1.895928175
1.929495974
1.87523146
1.869342615
1.880699046
1.907086513
1.959533248
1.980533167
1.918322645
1.913586933
1.925110638
1.786082688
1.795666406
1.914585399
1.951888921
1.96526265
1.896627515
1.911219086
1.778899958
1.793266772
1.773989249
1.804176377
1.805634507
1.805784939
1.801309596
1.803074385
1.960546928
1.978258218
1.985219678
1.914214684
1.866007294
1.985692703
1.985331328
1.83738082
1.827542018
1.984319549
1.809928766
1.99205056
2.003107311
2.012917097
1.788428839
1.787009239
1.79261748
2.015975509
2.00381533
2.001995651
1.87597788
1.948441671
1.860236391
1.864433769
1.887659932
1.910438
1.981523668
2.001568826
1.907339644
1.906656645
1.933934682
1.787609694
1.917444815
1.9549662
1.888439941
1.922942653
1.77578478
1.790600297
1.781468867
1.855416939
1.76955333
1.799034139
1.801381751
1.800625042
1.799870571
1.791680468
1.92056487
1.954695246
1.975083862
1.979383699
1.877277658
1.840908154
1.97600398
1.972556159
1.814996316
1.805025161
1.977060245
1.983721605
2.006289368
1.99171078
2.012649679
1.778587555
1.779159621
1.789515189
2.009557708
2.007341961
1.869701808
1.857139715
1.971976887
1.875279694
1.90300558
1.909337225
1.997368744
2.00843643
1.902111902
1.911249138
1.933916623
1.778100432
1.918753195
1.895900102
1.94430109
1.770854669
1.780549303
1.790254274
1.774772862
1.854122929
1.868480646
1.762553225
1.795516
1.796198552
1.792818611
1.78875186
1.779493979
1.921356372
1.887053523
1.953444094
1.971019933
1.970432932
1.848544475
1.817854576
1.967843308
1.96840681
1.799582754
1.972950283
1.981606494
2.001040363
1.993665858
2.006555015
1.772080694
1.783423011
1.772375753
2.013641926
1.87651657
1.856951141
1.979210664
1.895890426
1.901000384
1.897413112
1.997562113
2.013588097
1.915166456
1.922184365
1.766876897
1.771345958
1.910274666
1.947202705
1.776905682
1.783965737
1.792707009
1.771690227
1.851607867
1.861934324
1.883082851
1.758065067
1.752935761
1.79297337
1.790745981
1.782251779
1.774626004
1.767678086
1.930960747
1.893450348
1.860653442
1.949117137
1.966501917
1.965669597
1.829164353
1.805853848
1.96206489
1.963942681
1.968485212
1.977392547
1.985225073
2.002696063
1.768411008
1.777144502
1.766798798
2.012094206
1.883174795
1.861378044
1.97290439
1.892643125
1.887797238
1.903332121
1.994529661
2.008117046
1.919164389
1.759303786
1.917921313
1.943846432
1.779259835
1.785531847
1.794063997
1.80537872
1.772725546
1.851541954
1.849627259
1.865295849
1.879648658
1.746665678
1.742381146
1.78685038
1.776350522
1.768131587
1.76082876
1.757574836
1.914136721
1.933802368
1.878412502
1.845309213
1.938702568
1.946476262
1.947750786
1.954386428
1.816999323
1.955004593
1.95504239
1.961821028
1.969305282
1.995309734
1.767937505
1.767746885
1.764624906
1.996632444
1.864352986
1.895771285
1.968723269
1.8765552
1.882412838
1.898620576
1.990554408
1.995283369
1.75052192
1.931767381
1.94896353
1.795729926
1.785408236
1.802098522
1.80618242
1.811637304
1.776944752
1.844766088
1.853342663
1.854418581
1.866269809
1.87090269
1.788533895
1.860972534
1.741928694
1.737455137
1.734325295
1.769918771
1.76213389
1.753115736
1.750838553
1.749678465
1.927393804
1.899602868
1.935805197
1.863018621
1.834023331
1.935993957
1.936150039
1.939523373
1.947589524
1.949076915
1.949618028
1.954030011
1.974670549
1.770093749
1.761066438
1.766915548
1.980249354
1.873393907
1.902988674
1.971782014
1.865313703
1.875200281
1.983793156
1.986404017
1.933326283
1.951669178
1.805132765
1.798363802
1.808784143
1.810685622
1.816236014
1.829053271
1.778561668
1.844683214
1.843652142
1.852831202
1.861436657
1.857790298
1.786477607
1.778005565
1.850542216
1.856502556
1.734721064
1.740193376
1.730896324
1.728598918
1.756571105
1.75017161
1.745058885
1.74453611
1.744355637
1.91822054
1.932331618
1.882621716
1.936139398
1.848335314
1.937240858
1.934981731
1.936318093
1.937992089
1.944732072
1.94442988
1.956594525
1.771248003
1.75957419
1.768092339
1.964602894
1.882762749
1.907978079
1.967910168
1.860182945
1.983971507
1.977117094
1.92186413
1.945187368
1.803278474
1.790941514
1.809324221
1.810077064
1.821367787
1.838397709
1.772749258
1.842180573
1.852098585
1.843055631
1.846382848
1.868221099
1.773768209
1.77136063
1.763870218
1.852252654
1.846117148
1.855643653
1.733109446
1.730153081
1.736397784
1.72649308
1.724785398
1.750991115
1.745524094
1.739800367
1.737667152
1.901968819
1.93067797
1.943034546
1.867095516
1.947587299
1.942744018
1.936235334
1.932748732
1.933148095
1.940220177
1.944568085
1.937094134
1.767542226
1.756079281
1.760124956
1.953428865
1.880470448
1.888676815
1.893485136
1.971562666
1.856726103
1.976276017
1.954823169
1.912094363
1.942268392
1.782842532
1.791535228
1.797357848
1.81498982
1.835189939
1.86024601
1.761546138
1.847444411
1.838159731
1.859665711
1.83917822
1.762156508
1.76932441
1.759073222
1.752891229
1.853844031
1.845387315
1.728836296
1.729476799
1.72692085
1.731475876
1.723349687
1.721768323
1.748831874
1.740884251
1.734416895
1.926493335
1.892173116
1.951502244
1.955358077
1.947266419
1.940106393
1.931691706
1.930128179
1.930459188
1.934394077
1.757900344
1.752062788
1.749852416
1.935762475
1.86704028
1.877836561
1.872660061
1.881069456
1.948634724
1.861817661
1.951539188
1.935612821
1.90117273
1.920306574
1.778502046
1.787724542
1.805611227
1.826666963
1.84925692
1.879620856
1.753448175
1.855428134
1.840527542
1.840224472
1.757374482
1.764715048
1.774245271
1.75252764
1.745749108
1.859736909
1.852603467
1.845732087
1.726442383
1.723559984
1.724425612
1.724602833
1.729248609
1.719044031
1.720651217
1.742572862
1.735398722
1.914612816
1.952463923
1.969084356
1.962238203
1.951744423
1.939298411
1.931808851
1.927200752
1.926582705
1.747043796
1.742645172
1.740781605
1.922857875
1.857877988
1.865941552
1.855572518
1.854089242
1.867923745
1.903927655
1.92287965
1.8687311
1.927362007
1.916447618
1.884937583
1.786238061
1.806326046
1.835982237
1.870436214
1.914048159
1.743585791
1.846457559
1.841385804
1.765812978
1.756726158
1.776572398
1.787657337
1.747429673
1.740325569
1.864491522
1.854004318
1.846421128
1.723059114
1.724131403
1.721424526
1.720307124
1.719979333
1.72986412
1.717920778
1.71519
1.717241317
1.720680852
1.724975354
1.718440894
1.716986656
1.718211896
1.734446473
1.952928007
1.970021699
1.970306554
1.960733911
1.949112727
1.939222637
1.931703915
1.922278045
1.73931185
1.735330893
1.73467195
1.910968105
1.844857034
1.846423621
1.834771086
1.838662427
1.855421542
1.882348988
1.871352031
1.899600658
1.867664066
1.898564691
1.894909625
1.804909021
1.83212806
1.869730883
1.913190091
1.948544476
1.737141126
1.847381312
1.763654657
1.776228746
1.748743107
1.790690308
1.802118394
1.74068122
1.735841169
1.860578285
1.852959187
1.849155232
1.72052523
1.721102277
1.718643468
1.728338803
1.717083914
1.716072311
1.714204819
1.714681605
1.713506016
1.716148233
1.718065597
1.724644444
1.720887784
1.716572451
1.716609605
1.715158145
1.71515822
1.729560017
1.964622015
1.964094644
1.952418673
1.943921346
1.93740173
1.932333138
1.924811188
1.734375066
1.731717639
1.730426277
1.916053007
1.896374678
1.838687246
1.850421152
1.828040141
1.821048102
1.82849152
1.85130846
1.853310056
1.864732332
1.876691543
1.859081643
1.869792105
1.868510685
1.825234369
1.861968943
1.899295709
1.928984094
1.947456501
1.732948705
1.750912505
1.767954959
1.783035255
1.741005651
1.798663774
1.822587052
1.734543105
1.731920156
1.85603458
1.852361468
1.853538297
1.718558757
1.715571285
1.71247986
1.712984749
1.713537608
1.712100453
1.853858981
1.837985809
1.72238775
1.797300404
1.716318751
1.727170857
1.717914553
1.719932024
1.714209104
1.715034662
1.713236174
1.713023524
1.729582843
1.955427641
1.945389335
1.930518367
1.923223364
1.916869978
1.921605092
1.728226301
1.726262183
1.903202645
1.879254049
1.83928964
1.851078584
1.818688829
1.811054404
1.818125273
1.834418738
1.844137663
1.854463696
1.854023265
1.84917818
1.851414127
1.852533478
1.882198455
1.917278347
1.936772522
1.935849133
1.728050595
1.741109451
1.756987744
1.777386959
1.734353842
1.819470273
1.849117276
1.728416447
1.724033059
1.854406671
1.855396168
1.71433177
1.710882712
1.711255772
1.711308421
1.711774679
1.712554386
1.711024397
1.851603384
1.818675682
1.819177933
1.724939164
1.722569765
1.816907476
1.794642593
1.72145804
1.709582716
1.710272103
1.715815614
1.724742777
1.717984155
1.720737474
1.712100671
1.712985749
1.711167261
1.710519962
1.93489767
1.926160971
1.912054189
1.899285289
1.899157962
1.721157328
1.720343111
1.876620801
1.854771331
1.830845746
1.846966293
1.809198364
1.793277638
1.80499826
1.804791562
1.822785081
1.832021163
1.849525547
1.82549736
1.827220596
1.882070107
1.910234889
1.924695027
1.927600386
1.916290203
1.734504918
1.747699111
1.765829085
1.728669021
1.840942214
1.8663777
1.723061404
1.719198128
1.855091193
1.852169683
1.713780931
1.709586692
1.709523129
1.709762241
1.710133764
1.711934458
1.846071629
1.797422842
1.797686495
1.721575418
1.835337995
1.810552256
1.784140342
1.717398781
1.708115079
1.708683007
1.711719598
1.709851568
1.708681129
1.718137286
1.778033512
1.739718859
1.71589992
1.717383293
1.718166268
1.71599392
1.710027485
1.708696447
1.707692056
1.708120999
1.911820281
1.905429447
1.887332771
1.876136839
1.716105264
1.853178488
1.832306267
1.813061325
1.836159215
1.792732935
1.779922304
1.786783045
1.784309416
1.800081429
1.806450061
1.839342227
1.80012872
1.801568992
1.885657408
1.900311443
1.901187221
1.908331651
1.904354489
1.894341474
1.72993397
1.754351659
1.724641199
1.862314601
1.720151693
1.716504752
1.848217178
1.839324662
1.713810029
1.707755714
1.707408597
1.707681397
1.838959291
1.77654096
1.848930136
1.819161906
1.795211641
1.771110179
1.715001482
1.707077191
1.706774187
1.708074059
1.713809522
1.711855734
1.709763692
1.706824341
1.714218689
1.767080528
1.760838796
1.733944047
1.742036777
1.706825103
1.72265614
1.706547664
1.716034168
1.713352236
1.713693143
1.7119446
1.706813701
1.707686857
1.706811077
1.706841001
1.706843934
1.886548024
1.869931818
1.860640828
1.713289965
1.834296247
1.810592084
1.817493952
1.800304117
1.780493987
1.767296102
1.773738232
1.775330807
1.782749775
1.826891431
1.775794384
1.782449482
1.882987855
1.870948721
1.879924796
1.884135178
1.889316856
1.887137433
1.8697381
1.728657844
1.748991038
1.717737606
1.714570526
1.831908953
1.819288764
1.706803644
1.706827924
1.706838479
1.706836313
1.825865784
1.757488956
1.851698968
1.825850578
1.800338197
1.779775395
1.761775502
1.706686743
1.706741539
1.707771246
1.71378388
1.711792949
1.70958731
1.711315236
1.753076987
1.763232104
1.747382248
1.736054597
1.720403716
1.724393957
1.706479467
1.706575666
1.706332285
1.706806657
1.711320367
1.711454454
1.711684333
1.709867829
1.709618424
1.706846234
1.706872172
1.706880087
1.706848827
1.706862319
1.84969158
1.842473327
1.713119188
1.818067539
1.798242475
1.785176233
1.80398897
1.78628449
1.76745045
1.756531839
1.75466214
1.762192139
1.805890011
1.756516838
1.763467406
1.860039788
1.864743749
1.861555051
1.870044061
1.876953688
1.85944179
1.729436394
1.744976932
1.716245251
1.815787436
1.805371121
1.706767987
1.70681706
1.805910952
1.743187313
1.848051389
1.826236532
1.805532172
1.787660324
1.769053566
1.756080742
1.706637553
1.706684732
1.707283536
1.710237607
1.708732815
1.710263496
1.743156086
1.748542068
1.7520302
1.737897411
1.735977251
1.720033621
1.724480874
1.706409111
1.706486509
1.706227599
1.706136728
1.708537305
1.707128584
1.70885033
1.707877845
1.711975663
1.707979539
1.706901115
1.706872396
1.70692808
1.706841549
1.825262361
1.833533886
1.714801337
1.803161719
1.786569232
1.76965516
1.788573506
1.770327698
1.757548215
1.751130027
1.744611184
1.739769544
1.781718129
1.742170762
1.736552221
1.749775675
1.842334626
1.841852735
1.846042058
1.855801218
1.852073729
1.729168219
1.735309263
1.743508771
1.751542151
1.71865239
1.795109698
1.788009835
1.706732917
1.706780195
1.78384826
1.733527274
1.82508796
1.807788481
1.793583236
1.775070113
1.760528031
1.706554367
1.706614726
1.706004202
1.705942388
1.70742134
1.706320662
1.710672937
1.745015373
1.739860589
1.748080349
1.733778622
1.723626509
1.706301728
1.706380384
1.706104125
1.706015365
1.706378591
1.706113499
1.705650739
1.707320528
1.708865085
1.709824325
1.705301543
1.706888405
1.711824643
1.752086568
1.706133763
1.714191139
1.706915256
1.706820844
1.706852947
1.706949086
1.811447563
1.828655561
1.718298751
1.789164344
1.775719936
1.757855057
1.771654074
1.761179432
1.75321471
1.752483217
1.730769984
1.76320962
1.761270918
1.73383787
1.729083547
1.739833574
1.820666114
1.824075542
1.820859954
1.827838785
1.837266274
1.728440234
1.734932102
1.743139517
1.748266802
1.753654459
1.72255951
1.771554988
1.771608297
1.706677813
1.706732062
1.72882321
1.809321045
1.803339088
1.79496718
1.778973579
1.762093037
1.706447515
1.706538599
1.705727314
1.705814712
1.705393347
1.705455928
1.756173152
1.741209503
1.732928508
1.706178347
1.7062678
1.705983535
1.705896319
1.705139284
1.70500937
1.7055218
1.705963396
1.707467668
1.713911649
1.71069175
1.705211848
1.706883328
1.717071685
1.752213378
1.766457236
1.706955234
1.749726118
1.80867297
1.705724204
1.72689537
1.763450806
1.705018064
1.816817075
1.716063208
1.747836232
1.704923396
1.720556996
1.706910639
1.706785631
1.706837087
1.798399008
1.817057099
1.725011317
1.775915759
1.764199323
1.762538754
1.756707005
1.753932973
1.761623396
1.725154752
1.758336411
1.749569565
1.727883907
1.72519154
1.732587536
1.807391764
1.802321802
1.797913787
1.72878419
1.734288237
1.740201482
1.745219053
1.750791044
1.762593408
1.70658641
1.70667705
1.728317517
1.795001956
1.789269977
1.779994042
1.765171513
1.706353538
1.705603921
1.705280701
1.705347105
1.737797393
1.706071399
1.705804544
1.705088447
1.705420667
1.705612362
1.708228606
1.71988801
1.712271396
1.705146538
1.722842128
1.75226156
1.740756326
1.769520227
1.706955335
1.742462197
1.705622473
1.722538686
1.723370551
1.722258425
1.761574229
1.704974447
1.705019462
1.800456146
1.804346271
1.717509821
1.721217817
1.740141247
1.75231279
1.738180393
1.706862081
1.70622509
1.786258332
1.796036138
1.704986782
1.704979596
1.727100655
1.706878554
1.706742751
1.706796541
1.789727502
1.732101072
1.760000959
1.776750394
1.767537626
1.757078299
1.754833285
1.756546571
1.725656683
1.722204211
1.753734495
1.748986848
1.741803976
1.721819772
1.733250154
1.725569135
1.789115064
1.788455968
1.785237136
1.787386226
1.735459089
1.740147124
1.737159225
1.744259555
1.754530851
1.706408085
1.706499493
1.706587882
1.732756352
1.783494028
1.777088991
1.766832901
1.706141272
1.705485556
1.705210679
1.705281291
1.705858758
1.705601586
1.705071566
1.705360083
1.709064211
1.725265036
1.713043463
1.705128895
1.752606161
1.742021324
1.757172501
1.764621361
1.706945657
1.719069321
1.719070383
1.718417825
1.717744351
1.757647664
1.705018335
1.705062376
1.788911456
1.789062783
1.720727483
1.715772549
1.717735991
1.723352524
1.742696113
1.749683802
1.737016484
1.735256012
1.706285459
1.775118739
1.777362942
1.782937315
1.758950792
1.769580204
1.718681892
1.772681671
1.70508188
1.705067602
1.705176284
1.729239516
1.706847082
1.7067652
1.70667028
1.775870963
1.73165808
1.748620462
1.765477564
1.751370221
1.752517533
1.732385932
1.72466599
1.720258629
1.747565552
1.742325446
1.728042946
1.738442613
1.720380119
1.779962563
1.777671689
1.771365427
1.776534907
1.732882184
1.739343995
1.735303901
1.74689951
1.755985192
1.706222007
1.706319502
1.706427339
1.763607019
1.705931217
1.705425624
1.705190777
1.70526664
1.705643512
1.705110886
1.709711283
1.725497909
1.713489875
1.70516105
1.744940002
1.749891532
1.738396641
1.752896511
1.758766353
1.706926368
1.718404625
1.715007906
1.715215908
1.714547788
1.716453356
1.751840351
1.705120012
1.7051608
1.775606602
1.776279838
1.72095423
1.715767139
1.715284101
1.737067323
1.733359185
1.732964283
1.706481318
1.765050122
1.764865286
1.775546069
1.753991552
1.76268655
1.716659397
1.770362199
1.761838816
1.719720619
1.757536329
1.706511829
1.758332111
1.712547058
1.706311424
1.705208493
1.705231972
1.705209183
1.705398834
1.70538431
1.727604145
1.706714913
1.706810386
1.706603148
1.763044967
1.728854415
1.746015552
1.739494809
1.743229986
1.747437326
1.732719982
1.728828883
1.722792897
1.73299552
1.721144561
1.72652383
1.715732583
1.770750015
1.769523355
1.762650694
1.763945631
1.731195729
1.734992443
1.741407266
1.748440844
1.753296413
1.706030746
1.706131571
1.706212847
1.705729404
1.705481309
1.70531257
1.705215744
1.705200477
1.709839978
1.724953004
1.722516707
1.712751152
1.70522816
1.742530986
1.745282294
1.746743016
1.737966895
1.751303937
1.747081873
1.751240284
1.706896462
1.719369208
1.711773759
1.711501317
1.713795985
1.716360604
1.745649251
1.70527143
1.705307489
1.762718241
1.717022276
1.7130938
1.737578712
1.732840628
1.730671653
1.730775259
1.705629979
1.706467126
1.756230636
1.754714953
1.768421905
1.748900462
1.755912091
1.71284994
1.714679024
1.763309643
1.755128826
1.721156119
1.71891443
1.751270175
1.751160882
1.752152724
1.711188361
1.710260486
1.706141339
1.706015748
1.706415429
1.706062733
1.745631294
1.73413693
1.747596228
1.705408249
1.705402477
1.705412205
1.705629216
1.705634309
1.725618009
1.723525741
1.706533404
1.706673623
1.706856383
1.749621227
1.727951568
1.741807927
1.737476697
1.731035697
1.742890004
1.737947127
1.740238951
1.734121427
1.729076016
1.723796508
1.71758016
1.712814614
1.724219367
1.763857558
1.763257953
1.756023078
1.750349727
1.731437014
1.737166356
1.742640772
1.745935796
1.748739393
1.705827442
1.705928527
1.705559507
1.705371252
1.705267519
1.705319592
1.709201213
1.706315088
1.70993801
1.70530571
1.738468458
1.74252493
1.743882543
1.743442886
1.746769816
1.743045424
1.743953434
1.718369656
1.70718529
1.708399999
1.708059241
1.714268791
1.740695466
1.70545813
1.705477919
1.712937573
1.716641635
1.714919718
1.709683331
1.729400174
1.731173213
1.728308126
1.728493187
1.705907227
1.705904888
1.746015005
1.76263215
1.741732518
1.749642516
1.711232017
1.709302019
1.757047387
1.751255737
1.721207036
1.718756685
1.742980592
1.744419816
1.744463623
1.707932724
1.709550264
1.71126163
1.705957999
1.706270774
1.705780996
1.705805602
1.70613753
1.705905104
1.737571541
1.738482987
1.734403391
1.73116663
1.739266382
1.705708808
1.738893277
1.738523765
1.742964448
1.733645088
1.740336115
1.749091448
1.706960637
1.712284455
1.726147468
1.738019677
1.731578725
1.705650552
1.705615711
1.705904165
1.705902272
1.723397257
1.726123994
1.706401682
1.706629549
1.706794273
1.737919983
1.737985559
1.729612615
1.730933792
1.728056519
1.719119637
1.738023356
1.735447431
1.734176601
1.729239703
1.723557593
1.707977916
1.713391493
1.705860058
1.757411644
1.759371437
1.753304456
1.733999778
1.738030792
1.741121035
1.744467385
1.747708783
1.705616952
1.705420175
1.705326502
1.705478287
1.70619542
1.706211391
1.705385535
1.737461783
1.741795086
1.741854749
1.739999681
1.738811961
1.738891846
1.737230785
1.717939842
1.705574646
1.705665734
1.705792634
1.705652459
1.713222599
1.736627763
1.705678737
1.70568884
1.709087672
1.714312929
1.716088671
1.706517057
1.726878973
1.728453832
1.725969485
1.70615362
1.706215272
1.73586655
1.756772763
1.727761399
1.741306419
1.707383531
1.70659722
1.752581637
1.722122919
1.719237809
1.72965928
1.705567811
1.707725796
1.708914029
1.705761999
1.705620382
1.70563589
1.706136459
1.705905365
1.705743248
1.728822789
1.724061162
1.726896847
1.730464313
1.728464849
1.732087849
1.731661272
1.737701377
1.719905885
1.739454485
1.746490802
1.706471719
1.709195609
1.711117335
1.724130874
1.724826253
1.730204476
1.728818942
1.731997131
1.706454363
1.743784689
1.726276563
1.705731862
1.705541413
1.706808874
1.705953876
1.705900333
1.706158468
1.725244035
1.728535113
1.706509531
1.706316858
1.706710996
1.7239476
1.731589835
1.713827685
1.705860106
1.733054329
1.733404191
1.728175705
1.723892935
1.705684834
1.705470631
1.753306451
1.754022728
1.74969226
1.734355411
1.73730333
1.740613423
1.74463837
1.749149719
1.705453099
1.705390649
1.705508936
1.705708698
1.706536607
1.736068784
1.740000673
1.739037258
1.736343665
1.733080671
1.733600307
1.733758122
1.732312369
1.720076528
1.716157442
1.705356237
1.705403726
1.705413218
1.705252626
1.710112281
1.711848549
1.733211483
1.705940868
1.70595965
1.706857675
1.712889523
1.71752553
1.714451454
1.706697043
1.706814372
1.725774588
1.72326517
1.706365512
1.706509786
1.721336824
1.752529732
1.705527937
1.714779344
1.737612631
1.706835216
1.720913148
1.723854104
1.70539153
1.705677948
1.705630811
1.705551842
1.706169067
1.705802364
1.705723582
1.712182354
1.713000025
1.704986859
1.716718997
1.706780104
1.722710351
1.725997193
1.722727144
1.728640619
1.724955674
1.72322379
1.706366511
1.737614699
1.744048806
1.706896622
1.708833815
1.722823635
1.72215091
1.723122113
1.718891306
1.729376783
1.726368241
1.706692082
1.740961229
1.71171823
1.705973312
1.705501371
1.707004785
1.707021642
1.706037749
1.705937027
1.711871935
1.705312522
1.705015536
1.724068524
1.737950185
1.731241281
1.713433444
1.712822369
1.712401427
1.710218026
1.70620949
1.706381084
1.726636164
1.730246967
1.706388831
1.706607374
1.705163396
1.705623949
1.705455534
1.705490741
1.728573252
1.733550695
1.728283425
1.725579555
1.722811605
1.705239869
1.705075964
1.749949504
1.749399308
1.74553843
1.733612664
1.737343467
1.743221492
1.746486963
1.70549039
1.705581487
1.705755219
1.705983299
1.706808143
1.735430862
1.737612621
1.735312184
1.732517632
1.728621403
1.729286705
1.72934729
1.728118708
1.719416276
1.715873579
1.705160325
1.705215054
1.705100516
1.704980643
1.70545814
1.729139151
1.70626193
1.706249903
1.707123964
1.710503141
1.719328214
1.715886813
1.706952014
1.707062333
1.722694126
1.720111904
1.721301957
1.706560725
1.706678429
1.706666992
1.704445364
1.748908349
1.704965699
1.70507156
1.737997265
1.732154256
1.722626139
1.705218333
1.705117439
1.705630554
1.705734518
1.70562457
1.706184744
1.705934527
1.705866535
1.70589797
1.704681555
1.704732882
1.704627714
1.714830713
1.709129972
1.718256891
1.721791773
1.740186922
1.70713916
1.707036706
1.707267165
1.720415104
1.720105909
1.719857155
1.706810098
1.727099143
1.723020582
1.724716752
1.706832029
1.706876564
1.740261955
1.704378626
1.706243157
1.707141756
1.70610262
1.706068866
1.70868196
1.721354053
1.736297861
1.730976807
1.707451477
1.704814647
1.707578375
1.714104253
1.709919008
1.709400084
1.713708533
1.705113311
1.704355953
1.724752707
1.705072874
1.737384983
1.706545112
1.72640156
1.729807014
1.706479837
1.70628997
1.704753881
1.705114541
1.7248615
1.724969058
1.732806275
1.72822394
1.725061709
1.722077661
1.704939519
1.704872984
1.746844739
1.745276633
1.745775671
1.741971121
1.733792729
1.742151694
1.744378363
1.705753139
1.705939357
1.706230153
1.707068635
1.733631327
1.73546601
1.733423718
1.731264791
1.728285541
1.724896412
1.724598602
1.72551719
1.725074538
1.718293741
1.714783651
1.704986642
1.705064638
1.704933649
1.704845872
1.705050223
1.724866033
1.706556485
1.706540258
1.707259238
1.707274449
1.707219031
1.718089435
1.707208714
1.717719012
1.718343573
1.716698165
1.70680457
1.7044633
1.70436893
1.704405947
1.745386013
1.704683997
1.704786566
1.704887555
1.733375753
1.727118977
1.72200762
1.705026137
1.705820171
1.706024023
1.705943894
1.706137859
1.706102059
1.706235684
1.704542798
1.704509663
1.70461966
1.704349137
1.704578819
1.704444714
1.708239669
1.716835593
1.73680924
1.707265015
1.707210147
1.71632898
1.71809824
1.719140559
1.720999198
1.72205965
1.706982113
1.706964499
1.739729054
1.704367938
1.706526819
1.706239411
1.706268291
1.706308544
1.707421323
1.7342857
1.730152001
1.705434072
1.705057975
1.707568684
1.707633506
1.708888984
1.713247822
1.709185745
1.705114787
1.705063884
1.72153817
1.721942798
1.704971774
1.736912139
1.738650304
1.704900496
1.705847303
1.706485653
1.726983214
1.70683716
1.725745522
1.729499802
1.706387895
1.704591796
1.704822614
1.720722925
1.731345859
1.726382241
1.721798612
1.71863875
1.704782546
1.704770391
1.742904071
1.744054407
1.741570743
1.741988106
1.733279116
1.740869836
1.706105804
1.706312577
1.706530036
1.707265973
1.707135717
1.732315337
1.731039935
1.729054807
1.723770662
1.720816911
1.72104914
1.721263522
1.72175797
1.714100141
1.704903927
1.704968258
1.704836496
1.704778509
1.705028254
1.704992287
1.720259297
1.70682776
1.706809564
1.707370479
1.707346381
1.707379608
1.707413974
1.717310597
1.713327254
1.7143773
1.715263832
1.715371262
1.713474878
1.707074013
1.704403478
1.704431937
1.704404366
1.704446028
1.741513979
1.704580557
1.704647239
1.704726552
1.724528225
1.729179156
1.721261295
1.706184766
1.706437668
1.706334581
1.706442226
1.706532564
1.704525657
1.704464769
1.704477035
1.704448851
1.704831811
1.704653857
1.706246358
1.712417352
1.732893009
1.707400603
1.712864735
1.715665183
1.717987564
1.707135291
1.738176569
1.7068059
1.706362665
1.706461325
1.706627219
1.707574199
1.728729721
1.70548338
1.707653907
1.707747827
1.707707718
1.707769693
1.711349841
1.708111381
1.705169148
1.705097944
1.719030063
1.718035739
1.704920905
1.735317372
1.735533903
1.704850364
1.706135244
1.706791956
1.706842277
1.722016679
1.724242325
1.717854782
1.705271931
1.721739602
1.706729106
1.725660595
1.706797118
1.707080416
1.724687884
1.729068437
1.70640959
1.70453126
1.704707105
1.71571233
1.727472812
1.720462356
1.714924152
1.704708299
1.704730811
1.738849962
1.740300234
1.737189501
1.737577647
1.731975995
1.73686306
1.706530724
1.706728586
1.707311308
1.707415642
1.728452272
1.725010778
1.718475386
1.717496533
1.717574268
1.717833075
1.71692449
1.708738807
1.704882588
1.704957686
1.704806475
1.704778714
1.705109168
1.70501721
1.7156025
1.707067851
1.707060272
1.707473017
1.707456541
1.707479376
1.707574967
1.714978948
1.711032506
1.710446499
1.711643939
1.712272289
1.711105255
1.707260679
1.707300092
1.704442788
1.704471576
1.704451964
1.704675743
1.704636865
1.736750718
1.704559562
1.704592399
1.704642592
1.716458204
1.724086874
1.717228017
1.706600419
1.706866228
1.706737763
1.706851904
1.70449933
1.704489521
1.705030244
1.706670307
1.706563197
1.728204954
1.710662436
1.713623787
1.711540724
1.734222602
1.707049883
1.706525711
1.706713231
1.706913628
1.707685537
1.724534537
1.706229176
1.705634484
1.707727296
1.70777648
1.707750918
1.70779857
1.707819981
1.7052371
1.715431111
1.715386076
1.704934863
1.731125022
1.730158095
1.70485891
1.707038665
1.70710335
1.70709976
1.716612819
1.718553445
1.720205743
1.714546479
1.705406489
1.7176926
1.715774427
1.707026983
1.707030516
1.707009056
1.707772845
1.713743214
1.707284975
1.720191829
1.726570723
1.706518756
1.704544972
1.704659778
1.71279351
1.711934611
1.720293203
1.720183656
1.722499059
1.712365772
1.712303666
1.705643411
1.706925161
1.704702493
1.704784964
1.73389289
1.735346604
1.731740936
1.73182946
1.731993946
1.706966688
1.707459804
1.707523131
1.717588672
1.713091651
1.713884994
1.714024351
1.714166017
1.713019978
1.704940366
1.705015005
1.704860239
1.705175154
1.712058923
1.707268823
1.707262972
1.707561907
1.707579563
1.707673239
1.70782795
1.709043159
1.709464007
1.708774886
1.709131168
1.709413931
1.709253145
1.707424552
1.704541909
1.704513782
1.704649857
1.705064548
1.704902772
1.729147166
1.704612315
1.704609789
1.7046257
1.709671358
1.706959211
1.718171905
1.711736996
1.707801285
1.706985357
1.707187613
1.707203401
1.704553043
1.704587197
1.705570373
1.706953317
1.706834107
1.718514193
1.710171712
1.728028343
1.707248996
1.706721323
1.706938928
1.707102524
1.707722393
1.706210058
1.706663726
1.707712302
1.707730871
1.707741196
1.705403092
1.712420551
1.723905261
1.707236744
1.707229361
1.707197374
1.712490423
1.713743433
1.714982369
1.711397412
1.705579766
1.713238162
1.711811064
1.707233798
1.707240593
1.707204643
1.707673398
1.711587858
1.710851597
1.707193586
1.707555573
1.707720889
1.707142445
1.707421847
1.707814168
1.715112998
1.719383314
1.706672454
1.704637548
1.704681261
1.709990436
1.71398505
1.714239055
1.708212524
1.707196161
1.705718856
1.705869193
1.704763918
1.704944274
1.704895875
1.726741663
1.728202746
1.722587952
1.70721674
1.707534046
1.707623947
1.712139972
1.710587375
1.710017994
1.711004664
1.70991447
1.705027309
1.705117174
1.705358333
1.707421093
1.707402755
1.707650555
1.707696036
1.707692981
1.707766371
1.707726335
1.707415451
1.707009404
1.708244812
1.707664958
1.707497855
1.704715172
1.70468897
1.704927113
1.705653476
1.705283114
1.717845982
1.714243406
1.704745374
1.704708462
1.704682831
1.707353199
1.707310715
1.707722769
1.707622678
1.707335844
1.707353193
1.707311621
1.707282849
1.70469476
1.704765108
1.706220301
1.707299958
1.707040548
1.707574777
1.710007944
1.71690417
1.707385119
1.706890278
1.707076124
1.707671237
1.706798193
1.707615502
1.707603632
1.705639148
1.707223073
1.707144724
1.707116032
1.710962058
1.710136334
1.711284177
1.709275458
1.708878603
1.708249126
1.707363739
1.707327802
1.709307243
1.709922639
1.708743911
1.707602788
1.706670521
1.707013879
1.707015483
1.706996728
1.707361414
1.70639727
1.705105298
1.707518117
1.707655885
1.707629299
1.707831713
1.707854318
1.706794167
1.704835378
1.704784007
1.707562695
1.709603981
1.709376485
1.706078289
1.70601152
1.705917867
1.706110633
1.704895116
1.705176269
1.705052351
1.711291901
1.707788621
1.707396224
1.707558102
1.707592642
1.707671097
1.707645639
1.709116207
1.708195353
1.708664904
1.708567894
1.708291626
1.707309569
1.705264698
1.705593762
1.707489137
1.707464022
1.707642581
1.707506364
1.706200138
1.706498
1.706327654
1.70607795
1.704983473
1.705354499
1.705959955
1.707901384
1.707880658
1.704901165
1.704825527
1.707565805
1.707524756
1.70727794
1.70731895
1.707368936
1.707152447
1.707113879
1.705025222
1.706585088
1.707590204
1.707247951
1.707699475
1.707781235
1.707855867
1.707438058
1.7069534
1.707549841
1.707018073
1.707492732
1.707462643
1.705886385
1.706990885
1.7068585
1.706828906
1.708411831
1.707869168
1.706220131
1.706261249
1.707427344
1.707623862
1.707618356
1.706297273
1.706727405
1.706786404
1.706686505
1.706892191
1.707586382
1.706384524
1.705391591
1.70530483
1.707728864
1.707424799
1.707544233
1.707510269
1.707433104
1.70772375
1.707555364
1.707500629
1.707412766
1.707645436
1.706805167
1.705070249
1.704996701
1.70649411
1.705887137
1.706456406
1.707007823
1.706230196
1.706150306
1.706336576
1.705563077
1.705257591
1.707855799
1.707878563
1.70734386
1.707579335
1.707616077
1.707586906
1.706841215
1.707016151
1.706318711
1.707035082
1.706167106
1.70598491
1.706016099
1.706029988
1.707478595
1.707452337
1.70750415
1.707380877
1.707365249
1.706134764
1.706223232
1.706453014
1.705971092
1.706038177
1.705645878
1.706574891
1.707886969
1.705141489
1.707780922
1.707019303
1.707179549
1.706809863
1.706751258
1.705395947
1.705754407
1.707752682
1.707491452
1.707655984
1.70775269
1.707366908
1.707284963
1.706580133
1.706414961
1.706408941
1.706464025
1.70636947
1.706377622
1.706433453
1.707340621
1.707557389
1.706314071
1.706288716
1.706424835
1.706716686
1.706243277
1.707772965
1.707750974
1.705706808
1.705644794
1.705583976
1.707543897
1.707362436
1.707012513
1.707827322
1.707466326
1.70749906
1.707427497
1.707307117
1.707271946
1.707441267
1.707259763
1.706604381
1.705467423
1.705276593
1.70583078
1.705880124
1.706461502
1.70645412
1.70639338
1.706563868
1.706047341
1.705580546
1.707708045
1.707864027
1.70788154
1.706986464
1.707068311
1.707515591
1.707477924
1.707433183
1.706501716
1.70637506
1.706290754
1.706157557
1.706454714
1.705904176
1.706040687
1.706374483
1.707390059
1.707317779
1.707244354
1.706203111
1.706100357
1.706406308
1.70595511
1.706000859
1.70646745
1.705542438
1.706543202
1.706781035
1.706336433
1.706273518
1.706076441
1.707693755
1.70756281
1.707202056
1.707498664
1.706068061
1.705910493
1.705947475
1.706503921
1.706568703
1.706550074
1.706602567
1.707153255
1.707399789
1.70628644
1.705781502
1.705951131
1.706364018
1.705750034
1.707849822
1.707847033
1.707817281
1.70608259
1.705947276
1.7059332
1.707417807
1.707198604
1.707263048
1.707835236
1.707752397
1.705959994
1.706257395
1.706319739
1.707334201
1.707318184
1.707362208
1.707256429
1.707142575
1.707278404
1.707123251
1.707108316
1.70619378
1.706017299
1.705747283
1.705882066
1.705902934
1.70660001
1.706669676
1.706642064
1.706766154
1.706538952
1.706098922
1.707640076
1.707862368
1.706594388
1.706488758
1.706820349
1.707265578
1.707221031
1.707220157
1.706548391
1.706462802
1.706178095
1.706030315
1.707084697
1.707087203
1.706169115
1.706072985
1.706358571
1.705999093
1.706919648
1.706128005
1.706047122
1.706266795
1.705868452
1.705789583
1.70671648
1.707804724
1.707678126
1.707452021
1.705569053
1.705495235
1.706682235
1.706768597
1.706666505
1.706749123
1.707173609
1.706236797
1.705359962
1.705440661
1.705872311
1.705284999
1.707834613
1.706414571
1.706433156
1.707291689
1.706977272
1.7075303
1.707769816
1.70594519
1.70662072
1.706504008
1.706327261
1.706481403
1.707129236
1.707113097
1.706971303
1.706987597
1.707134129
1.706929815
1.705607498
1.706664
1.706399663
1.705958963
1.706639276
1.706759044
1.706885363
1.706843367
1.706814375
1.706705966
1.707614589
1.70751168
1.707768492
1.706023913
1.706255813
1.705969875
1.706505242
1.706995707
1.706996155
1.706960416
1.706275602
1.706152993
1.706934137
1.706127835
1.706051153
1.706311071
1.705990334
1.707463903
1.706765795
1.705650361
1.705808724
1.705529127
1.70546063
1.707217901
1.7077941
1.707767122
1.707301463
1.705290787
1.705191906
1.706860316
1.706930966
1.706889661
1.70691428
1.706195755
1.705041556
1.704972189
1.705324291
1.704914146
1.707739627
1.706821819
1.706839254
1.707144867
1.706623656
1.70685918
1.707685266
1.70599199
1.706946919
1.706654634
1.706501794
1.704607845
1.706810076
1.706763992
1.706812657
1.706984488
1.706824616
1.706756476
1.704951213
1.707252806
1.707045345
1.706084804
1.706791736
1.706907052
1.706984746
1.707017899
1.70701551
1.707156013
1.707380838
1.707361626
1.707598569
1.705594032
1.705746759
1.705972738
1.705615876
1.706181302
1.706734846
1.706668381
1.706410439
1.706304726
1.706124255
1.706043552
1.706263631
1.706026666
1.707717953
1.707592429
1.707270773
1.70545734
1.705518276
1.705396611
1.705322419
1.707633222
1.707756908
1.707091821
1.705208806
1.705064348
1.706992064
1.707005828
1.706606389
1.704870884
1.70481328
1.704674874
1.707007326
1.707137742
1.706524776
1.706076505
1.707123474
1.706803093
1.706649048
1.704369518
1.704436843
1.706323829
1.706629264
1.706464055
1.7066365
1.706822306
1.706484823
1.704351933
1.70755283
1.707450504
1.706209401
1.706927288
1.707014109
1.707089306
1.707069388
1.707117121
1.707340475
1.707365067
1.707095478
1.707099546
1.705460773
1.70546188
1.705452421
1.705536782
1.705688912
1.705797148
1.706158596
1.706401853
1.706295331
1.706599429
1.70643886
1.706225029
1.706120313
1.706095233
1.706084168
1.707629511
1.707645275
1.705503817
1.705488206
1.705481885
1.705383463
1.707404466
1.706820911
1.705280778
1.705076145
1.707074102
1.704823096
1.704557369
1.707251468
1.706194702
1.707191576
1.706935877
1.706795179
1.704243973
1.704154914
1.706038328
1.707221757
1.70571169
1.706442583
1.706161308
1.706203676
1.706503846
1.703945282
1.707499873
1.707346516
1.706370439
1.707033016
1.707071117
1.707101207
1.707130877
1.707169653
1.707239708
1.707030343
1.706766386
1.705603006
1.705559044
1.705384678
1.705454938
1.705386644
1.705431086
1.70607551
1.705797385
1.706605824
1.70678492
1.706198346
1.70615523
1.706198796
1.706187606
1.707370702
1.707320334
1.707425278
1.705736154
1.705687913
1.705714836
1.705550111
1.707046218
1.705400657
1.705137924
1.707072182
1.704821023
1.704506201
1.70636168
1.707039273
1.706942572
1.704186286
1.703996823
1.707113345
1.706452786
1.707050041
1.70535871
1.705414226
1.705892226
1.705825627
1.706143378
1.705876609
1.7037594
1.707157434
1.706981902
1.70693733
1.706589644
1.70706778
1.707053693
1.706974256
1.706893551
1.706612787
1.705877715
1.705925873
1.705720085
1.705539331
1.705407205
1.705348672
1.705553878
1.706786185
1.706940909
1.706210851
1.706238674
1.706372977
1.70636311
1.706956856
1.706812307
1.706005768
1.706020755
1.705985102
1.705825275
1.705660851
1.706527451
1.705407623
1.705121429
1.707008965
1.704757643
1.704436815
1.706574923
1.704112143
1.703946218
1.706923678
1.706175843
1.707034922
1.707019624
1.705340884
1.70542362
1.705337861
1.705337993
1.705587848
1.705589524
1.705789578
1.705526818
1.703775057
1.706553895
1.706491523
1.706442402
1.706394119
1.706794706
1.706932031
1.70672664
1.706629499
1.7067895
1.706535683
1.706088287
1.706241237
1.706116943
1.706251821
1.705916512
1.705713345
1.705616229
1.705408101
1.706943205
1.706298114
1.706397807
1.706619371
1.706551865
1.706332476
1.706187092
1.706256349
1.706171052
1.705984765
1.705810812
1.705530683
1.705955973
1.705177688
1.704907447
1.704520812
1.704235216
1.70395502
1.703937754
1.707010061
1.70699896
1.706828355
1.706766869
1.705580845
1.705649656
1.705854723
1.705419593
1.705323874
1.705345559
1.70557806
1.705422073
1.705324457
1.7038945
1.70584459
1.705954244
1.705972164
1.705933303
1.706052695
1.705846652
1.706817506
1.70694287
1.706602042
1.706220697
1.706386409
1.706183283
1.706428467
1.706419044
1.706330714
1.706359087
1.706161079
1.706077094
1.706458903
1.706606525
1.706743391
1.705682802
1.705642063
1.706206942
1.705935999
1.705596265
1.705418522
1.70503033
1.704617681
1.704449079
1.704011308
1.704075672
1.703813232
1.703665919
1.703894231
1.706954865
1.706912606
1.706682425
1.706487241
1.706374535
1.703759376
1.705813011
1.706058991
1.706142113
1.706347866
1.705564524
1.705373147
1.705339279
1.705300552
1.705301863
1.705373247
1.703968023
1.705405098
1.705484743
1.705468238
1.705516021
1.705525832
1.705613274
1.705738363
1.706904977
1.706154624
1.705752705
1.705925229
1.706532415
1.706415848
1.706187094
1.706518935
1.706037209
1.706496261
1.706633638
1.706804152
1.705342131
1.705682266
1.705215612
1.70473937
1.704591132
1.704127162
1.703696914
1.70360098
1.70334459
1.703372177
1.703269357
1.703266324
1.706808166
1.706875848
1.706306131
1.706516376
1.706074764
1.705950694
1.703545982
1.706318814
1.706046926
1.706521735
1.706570344
1.7066485
1.705790368
1.705694377
1.705326323
1.705325644
1.705397158
1.70551193
1.703828221
1.705309144
1.705307072
1.70531006
1.705317216
1.705308674
1.705338865
1.705401249
1.705420443
1.706841274
1.705727025
1.705538007
1.706321408
1.706241545
1.706545947
1.705860582
1.705394209
1.70661249
1.705178369
1.706756493
1.704628488
1.704016961
1.703495217
1.703369716
1.702902659
1.702508558
1.702575914
1.702459413
1.702640735
1.702674517
1.702823229
1.706580218
1.706731757
1.705909645
1.706141115
1.706249019
1.705691589
1.705581253
1.703168848
1.702378989
1.70650522
1.706658598
1.706284495
1.706690127
1.706664062
1.706502745
1.706175168
1.705961127
1.705611896
1.705608355
1.70551757
1.705764797
1.705765097
1.703457149
1.705442374
1.705446763
1.70538405
1.705374292
1.705309432
1.705280303
1.705273265
1.705313825
1.706722064
1.706747795
1.705403644
1.706019052
1.705548942
1.705347397
1.706197107
1.704722358
1.704066355
1.70382055
1.703115053
1.70259416
1.701958318
1.701942419
1.701568488
1.701331307
1.701560481
1.701645822
1.701949687
1.702140609
1.706439685
1.706530584
1.705570977
1.705770029
1.705880687
1.706110503
1.705411501
1.705354853
1.702731801
1.70201874
1.701751774
1.705284271
1.706591885
1.706650258
1.706578929
1.706518798
1.706309136
1.706190102
1.705723383
1.706389858
1.706233381
1.705944779
1.706072283
1.706082211
1.705825351
1.706204233
1.702915483
1.705842261
1.70569078
1.705697518
1.705536238
1.705405975
1.705369222
1.705288408
1.705268955
1.706581892
1.705093029
1.704859083
1.704157246
1.703881329
1.703117498
1.702368325
1.702212688
1.701502397
1.70148331
1.700927295
1.700482164
1.700586681
1.700409097
1.700421122
1.700837428
1.701022925
1.701450809
1.706167762
1.706386007
1.705342864
1.70546976
1.705552786
1.705773946
1.70527772
1.70527496
1.70231111
1.701751123
1.701535315
1.701212145
1.705316308
1.706454698
1.706446365
1.706235454
1.706222419
1.705830565
1.706508027
1.705238811
1.705045853
1.704263692
1.7065023
1.706488278
1.70629341
1.706395255
1.706476896
1.706455166
1.70628678
1.702327314
1.706125269
1.70596244
1.705743277
1.705667491
1.705488974
1.705358277
1.706255426
1.703364819
1.703199575
1.702278359
1.702061061
1.701277386
1.700560487
1.700398375
1.699911598
1.699906628
1.699570013
1.699406723
1.699616248
1.699773846
1.70025266
1.700755766
1.705824584
1.705276751
1.705251821
1.70530981
1.705467028
1.705300869
1.705366604
1.701936324
1.701509996
1.701415675
1.701179132
1.700819188
1.705515511
1.705748243
1.705647669
1.706076069
1.70507756
1.705202577
1.704398314
1.706300379
1.703567604
1.703283286
1.702249497
1.706322472
1.706478203
1.706622796
1.706631288
1.706618231
1.706535897
1.70653775
1.70177736
1.706367184
1.706171431
1.706063291
1.705832089
1.705621647
1.70580896
1.701386706
1.700454425
1.700192436
1.699535826
1.698987136
1.698969267
1.69872565
1.698801579
1.698787299
1.698957846
1.699281296
1.699763231
1.700312074
1.705405903
1.705202349
1.705153025
1.705288358
1.705192678
1.705446651
1.705567075
1.701593438
1.701248847
1.701225099
1.701176744
1.70096154
1.700599788
1.705792184
1.704975121
1.704335763
1.704202528
1.705466899
1.703310401
1.703531133
1.702459974
1.705600209
1.70152074
1.701197712
1.700337752
1.706041853
1.706573101
1.706636725
1.706696553
1.706334272
1.706644111
1.701250281
1.706507375
1.7064006
1.706184106
1.705945493
1.705336682
1.699446524
1.698776453
1.698642443
1.698252796
1.698037252
1.698185726
1.69820811
1.698418177
1.698724187
1.699170175
1.699529304
1.700080711
1.705057609
1.705086629
1.705222123
1.705008174
1.705416167
1.705696695
1.700901152
1.700989767
1.700760238
1.700932679
1.70082782
1.700536786
1.705982023
1.705540035
1.703259307
1.703997014
1.702377103
1.70232521
1.704216223
1.701230204
1.701407368
1.70034991
1.704896416
1.699476432
1.699268729
1.698567168
1.705523596
1.706122994
1.705958492
1.706412528
1.706576823
1.706587443
1.70062778
1.706503393
1.706386094
1.706190619
1.70491702
1.69798822
1.69769478
1.697730158
1.697742663
1.697989813
1.698419199
1.698753902
1.699277798
1.699808398
1.700090337
1.704819078
1.705071704
1.704899982
1.705281169
1.70580158
1.700260226
1.70048395
1.700522885
1.700013215
1.70070311
1.700737575
1.700579058
1.706024259
1.705511208
1.705289085
1.702059205
1.701129326
1.702360264
1.700362648
1.703205505
1.699472075
1.699194967
1.698427922
1.704081085
1.697830717
1.69774644
1.697395998
1.704770985
1.705011445
1.705572896
1.705983522
1.706262438
1.706190141
1.699801295
1.706256666
1.706210891
1.704601571
1.697254956
1.697390685
1.69762693
1.698018983
1.698578467
1.699195399
1.699563729
1.70012052
1.700468026
1.7046634
1.704828775
1.705044807
1.705679767
1.699605757
1.699321424
1.699654127
1.700056903
1.699046906
1.700425391
1.700633176
1.705765957
1.705149226
1.7052713
1.704933899
1.700026297
1.700358763
1.699293869
1.701214225
1.698476335
1.702204331
1.697803472
1.697580984
1.697083017
1.703059751
1.696871179
1.696978589
1.696998437
1.703361356
1.704185106
1.704914809
1.705435559
1.7055505
1.698734521
1.705852167
1.704398416
1.697309127
1.697811808
1.698192661
1.69880598
1.699491917
1.700059141
1.700361096
1.700608132
1.704551159
1.704740766
1.705257691
1.698346666
1.698479155
1.698128354
1.698890374
1.69946415
1.697987555
1.699957144
1.700181296
1.705144159
1.704670423
1.704839524
1.704731702
1.704590187
1.697745569
1.698355545
1.698607362
1.699328557
1.697758831
1.700164307
1.697191276
1.701152175
1.696821584
1.696713524
1.696678477
1.701311151
1.696862432
1.697319945
1.702377752
1.703339163
1.704088351
1.704414625
1.705086264
1.697533585
1.704269243
1.697965851
1.698671448
1.6990845
1.699701598
1.700206882
1.700456607
1.700520848
1.704434844
1.704527099
1.697096462
1.696894039
1.697430325
1.696910913
1.697994252
1.698589659
1.696829269
1.698915589
1.699818499
1.704173227
1.704280051
1.704217281
1.704314422
1.704009405
1.704297735
1.69725854
1.697430927
1.69791678
1.698555902
1.696914781
1.699323985
1.696682858
1.696640413
1.69671092
1.697138114
1.700528818
1.699562823
1.697496511
1.698130871
1.701511807
1.702415923
1.702909028
1.703930328
1.696106265
1.696398125
1.704146429
1.698854014
1.699529095
1.699798194
1.70013722
1.700208913
1.700001682
1.70355038
1.69565063
1.695856661
1.695819923
1.696287167
1.695892044
1.696803791
1.69709243
1.698259676
1.698610346
1.702936894
1.703705251
1.703560255
1.703921837
1.704072132
1.703100799
1.695240574
1.697001068
1.696912977
1.697210384
1.697523709
1.697938526
1.696850632
1.698193331
1.696911405
1.697118539
1.697315176
1.697974505
1.698828021
1.699733388
1.698363201
1.698925868
1.700657261
1.701271644
1.702489724
1.695432189
1.695561856
1.703958862
1.699394618
1.699843824
1.699597737
1.699701141
1.699252624
1.702423187
1.69462781
1.694721652
1.69502388
1.694748894
1.695019791
1.69513592
1.696199817
1.696505021
1.697436864
1.70156739
1.703443799
1.703068776
1.702763653
1.703745689
1.702143828
1.694670259
1.694944997
1.70197621
1.697372411
1.697228428
1.697262967
1.697275012
1.697379983
1.697504515
1.697365929
1.697808145
1.697598461
1.69791866
1.698153688
1.698691244
1.698379883
1.699140394
1.698960975
1.699207823
1.699751576
1.700966625
1.695119877
1.695152047
1.703674014
1.699196814
1.69896254
1.698883383
1.698287824
1.701371866
1.693779233
1.694004536
1.694326224
1.693684271
1.69350796
1.693913371
1.694385162
1.695259417
1.694310499
1.6961881
1.700553186
1.700126294
1.703331966
1.702906908
1.702407328
1.701257685
1.69445151
1.694741964
1.694995924
1.701796442
1.701285379
1.697894372
1.698014554
1.697959519
1.697705307
1.697587304
1.697604203
1.697593254
1.698112063
1.697764128
1.698335326
1.698586477
1.698725093
1.698821793
1.698188723
1.698607792
1.698843029
1.698606401
1.699383362
1.695119568
1.695122808
1.703292395
1.698047661
1.697363769
1.697049027
1.700443929
1.693091196
1.693519485
1.694004481
1.692726439
1.692600044
1.69269377
1.692591702
1.693066222
1.693905309
1.694791062
1.699682804
1.699211058
1.702871353
1.702375668
1.700563674
1.694478634
1.69489126
1.695064112
1.695216059
1.701861605
1.70128313
1.70079351
1.698644483
1.698493182
1.698689733
1.698614471
1.69830743
1.69826452
1.698084406
1.697929213
1.698649494
1.697990249
1.698673761
1.6986388
1.698595144
1.698484027
1.698023567
1.698235275
1.698637212
1.697815083
1.697104852
1.695264035
1.695262903
1.695267298
1.702860734
1.696124774
1.695194878
1.699840428
1.692835387
1.693280761
1.693923041
1.692334008
1.691999005
1.691735925
1.691727671
1.692076524
1.692697579
1.693084462
1.699268315
1.698883138
1.702408655
1.70017333
1.695103355
1.694722611
1.695329107
1.695376866
1.695392814
1.701455381
1.701948764
1.700985538
1.700561082
1.694525142
1.699095845
1.699152659
1.699103439
1.698937205
1.698792916
1.699114959
1.698860584
1.698655474
1.698443041
1.698596239
1.698529859
1.698279799
1.697871573
1.697756689
1.697179375
1.696408883
1.69860576
1.69604491
1.695041787
1.695335145
1.695174629
1.69525686
1.70244153
1.6939412
1.699654291
1.693607862
1.692946002
1.693949975
1.692307923
1.691941404
1.691468352
1.691251443
1.691376394
1.69153664
1.692192845
1.699333655
1.699083859
1.702060902
1.700112121
1.695469688
1.69534243
1.695242407
1.695454397
1.695414437
1.695284694
1.701255794
1.701665105
1.700879296
1.700541869
1.694893143
1.700618521
1.699254741
1.698871644
1.699489372
1.699615577
1.698455753
1.698215721
1.69960147
1.699431871
1.699195453
1.699457037
1.699211428
1.697718794
1.699079353
1.697069644
1.696367068
1.696149257
1.695317205
1.69442554
1.694008663
1.692967627
1.694944462
1.694633969
1.69494193
1.702076295
1.699818367
1.6946609
1.694059851
1.693358863
1.692974852
1.692237762
1.691563973
1.691169722
1.691082308
1.69115634
1.69152602
1.69968001
1.699581908
1.700248382
1.695316985
1.695484876
1.695529462
1.695514254
1.695075196
1.695031094
1.694785774
1.701167214
1.701550178
1.700858646
1.695492268
1.700726904
1.700423597
1.700511877
1.691719788
1.699104621
1.69849559
1.697872949
1.699353824
1.699691705
1.697131485
1.69684459
1.69985054
1.699904421
1.699856437
1.699841928
1.699696402
1.69612868
1.695291165
1.694491806
1.694249376
1.693413656
1.692640744
1.692371464
1.694114337
1.694000142
1.693940289
1.694194775
1.701786892
1.700050986
1.695176345
1.69466022
1.694417792
1.693585228
1.692817603
1.692026045
1.691753998
1.691339881
1.691166262
1.691218673
1.700033835
1.699995466
1.700275472
1.694960525
1.694556902
1.695093629
1.695455986
1.69560614
1.694160867
1.694135576
1.701040159
1.701376906
1.695754934
1.700275562
1.700733036
1.700212478
1.700017791
1.691395375
1.697921081
1.698193888
1.697038025
1.696909554
1.696048003
1.698887947
1.699429838
1.695224218
1.694973919
1.699602101
1.699879816
1.699942092
1.700017187
1.694217396
1.693445912
1.692813044
1.69257574
1.691994598
1.691555661
1.693185141
1.692966326
1.693011084
1.693082613
1.693249187
1.701506271
1.700148432
1.695643145
1.695594495
1.695122284
1.694445322
1.694277418
1.693456347
1.693184726
1.692472182
1.69189663
1.691754691
1.691483175
1.699987839
1.699923474
1.70005477
1.693822571
1.694058309
1.69331648
1.694786304
1.695386141
1.69288846
1.701139068
1.695836518
1.699392707
1.700085892
1.700701484
1.6995225
1.699093986
1.691477849
1.695896885
1.696266007
1.697228893
1.695021527
1.694794054
1.693972048
1.698091777
1.698338448
1.693293439
1.693134495
1.699052898
1.699173173
1.69964272
1.692535956
1.692145951
1.691736596
1.691629984
1.691454383
1.691988682
1.692342909
1.691983718
1.691662052
1.692361472
1.692422929
1.701099947
1.699724169
1.695992527
1.696016938
1.6957625
1.695635633
1.69509256
1.694806806
1.694056706
1.693311659
1.693089933
1.692432195
1.692361021
1.69927974
1.699099062
1.699270452
1.692361563
1.692539417
1.693323808
1.69192123
1.694247243
1.695040187
1.695397547
1.698999915
1.698051015
1.699883381
1.700549886
1.698323662
1.691910618
1.693743101
1.694011973
1.69506238
1.696082643
1.6929989
1.69281285
1.692277022
1.696538768
1.697605041
1.69190736
1.691906411
1.698378847
1.691669368
1.691684968
1.691577539
1.691637158
1.691646829
1.691113367
1.691448279
1.691831356
1.690884777
1.691998234
1.692028736
1.700419989
1.698666446
1.695941329
1.696207317
1.696255161
1.696112773
1.695980025
1.695467928
1.694821183
1.694473796
1.693709447
1.6931214
1.697920483
1.6975767
1.697983455
1.691077879
1.691034045
1.691667412
1.692576166
1.69353251
1.693936288
1.694858132
1.69783743
1.699069654
1.696682192
1.697013611
1.69252982
1.692107022
1.692176472
1.692992086
1.693927912
1.69441482
1.691621081
1.691586241
1.691449235
1.695534786
1.696674346
1.691480188
1.691554136
1.691715078
1.691760096
1.69203286
1.69242201
1.690612209
1.691034231
1.691489326
1.691790066
1.690338131
1.692075661
1.692204316
1.699332743
1.697147466
1.695580105
1.695788679
1.696146302
1.696170756
1.696133519
1.695834203
1.695565389
1.695011704
1.694373572
1.693837224
1.696206037
1.695789369
1.696454793
1.690186751
1.690360636
1.690930688
1.691725878
1.692057347
1.693050044
1.69404597
1.696610472
1.697856274
1.695530202
1.695654484
1.693684656
1.691367997
1.691679293
1.69228541
1.692719217
1.69364702
1.691374524
1.69144953
1.69173226
1.694756712
1.69215273
1.692244023
1.692635156
1.692718899
1.693174252
1.691032255
1.69050963
1.691623787
1.692070231
1.692200526
1.690210802
1.692494097
1.693066272
1.692850271
1.6979807
1.695513607
1.694480194
1.695300111
1.695707833
1.695917201
1.695814736
1.695650716
1.695325311
1.694951791
1.694866959
1.694604836
1.694166796
1.695048126
1.689890999
1.689882648
1.690291582
1.690341739
1.691018573
1.692049259
1.692546649
1.696651659
1.695611398
1.694686874
1.694828744
1.694479557
1.691764538
1.691556105
1.691676058
1.691958071
1.692486583
1.69327542
1.692202782
1.692401905
1.693061779
1.693619369
1.693545165
1.694070154
1.69406372
1.692138357
1.69151138
1.691218812
1.692716948
1.693006398
1.692937718
1.690460093
1.693708054
1.693699567
1.693568547
1.696623508
1.694180835
1.693548998
1.694445577
1.694983775
1.695091156
1.695360662
1.695489135
1.695464948
1.695463034
1.695393756
1.693555447
1.693212052
1.694131429
1.689865482
1.689602539
1.689644111
1.690257339
1.690700974
1.691588387
1.695705855
1.695047004
1.69432412
1.694657951
1.695215979
1.69490823
1.693107323
1.692496248
1.692180849
1.692286178
1.692359368
1.692689155
1.693768429
1.694074705
1.694909983
1.695037042
1.69527027
1.693631045
1.692980854
1.693099921
1.691974251
1.693947818
1.693969747
1.690940601
1.694582741
1.694214272
1.694005947
1.693939645
1.69557473
1.693602705
1.692595124
1.6933899
1.69362357
1.69423265
1.694714722
1.695122223
1.695157382
1.695460318
1.695676549
1.693209931
1.693998297
1.690131248
1.689739048
1.689489143
1.689606253
1.690075137
1.690853532
1.695200348
1.694529658
1.694903366
1.695852119
1.695018091
1.695084901
1.694815089
1.694075743
1.693507685
1.693463419
1.693147807
1.69305124
1.695400483
1.695586457
1.696050947
1.695972958
1.694559327
1.694927615
1.693965138
1.695265637
1.692798914
1.694871021
1.691691247
1.694545406
1.695105256
1.69416346
1.693810548
1.693666559
1.695016448
1.693964658
1.691615945
1.691888571
1.692671198
1.693401065
1.694047365
1.69438216
1.69514679
1.695502227
1.693874094
1.694454967
1.691012391
1.689907002
1.689651709
1.689551389
1.689815532
1.690374568
1.695073779
1.695322958
1.695965944
1.695077717
1.695346771
1.695680677
1.696168759
1.695013776
1.695016177
1.694439244
1.694048858
1.696447117
1.696432604
1.696270266
1.695790903
1.695602732
1.695806753
1.694854833
1.696385299
1.693791588
1.69302827
1.693823684
1.694558097
1.693728388
1.695350733
1.693427937
1.693119757
1.6927469
1.694974767
1.694805028
1.69045272
1.691213741
1.691918309
1.692550148
1.692919474
1.693919993
1.694336322
1.695013706
1.694892784
1.695187581
1.6914314
1.690859665
1.690199281
1.689901572
1.689971871
1.69561652
1.695596407
1.695464921
1.69526048
1.695480724
1.696193178
1.696511393
1.696626953
1.695616616
1.696028304
1.695212138
1.696470116
1.696248847
1.696060932
1.696424417
1.696692305
1.695745648
1.696195904
1.695142831
1.693594499
1.692495089
1.693146418
1.694137861
1.692503423
1.695207726
1.692284861
1.692170072
1.691523143
1.691252464
1.6951608
1.695605473
1.690465788
1.690314441
1.690872702
1.691298324
1.691553483
1.692413069
1.692761253
1.693435753
1.693897752
1.695750975
1.695766631
1.692901818
1.691823365
1.691051871
1.690606394
1.695811383
1.695712608
1.695530502
1.695052832
1.695338228
1.695307216
1.696296012
1.696408401
1.696327111
1.695974734
1.695994513
1.696193033
1.695302109
1.69686591
1.696855068
1.696292551
1.696654404
1.694804524
1.695933969
1.695127725
1.690998062
1.691417936
1.692254971
1.693417018
1.691184745
1.691139981
1.690542914
1.69060091
1.690381541
1.695277298
1.695950806
1.690696437
1.690797965
1.691473187
1.690759476
1.690816183
1.691165537
1.69133091
1.691784954
1.692024801
1.692899011
1.696007414
1.695787343
1.694857244
1.693812281
1.692913639
1.69216777
1.695392331
1.695330966
1.695026757
1.693734245
1.695145002
1.694774419
1.695567795
1.695804571
1.695542146
1.695113477
1.694380956
1.695978211
1.692979818
1.695929132
1.696668642
1.696815956
1.694516916
1.696844237
1.692558798
1.696524996
1.696285627
1.689885372
1.689922001
1.690349714
1.691236801
1.690211227
1.690488927
1.690266434
1.690490525
1.689929548
1.695069961
1.69554088
1.691528588
1.691184941
1.69208832
1.693280347
1.691012099
1.690705184
1.690580085
1.690653763
1.690668799
1.691097055
1.691768489
1.695450305
1.69495564
1.695668878
1.694871617
1.694110553
1.694556479
1.694312412
1.694158539
1.694656668
1.693973925
1.693985917
1.694538134
1.694034071
1.695072972
1.693900116
1.693257705
1.692311917
1.690996666
1.693713048
1.695178766
1.695625534
1.696282349
1.691743745
1.696610853
1.690222573
1.696579531
1.696512701
1.68918193
1.689585357
1.689035938
1.689359362
1.69118314
1.690919929
1.690504609
1.691362942
1.690255034
1.694470705
1.694414313
1.692480154
1.693112804
1.692206221
1.693928882
1.695111983
1.691453859
1.690970105
1.690799066
1.690413757
1.690237596
1.690167691
1.690388385
1.694183544
1.693651586
1.696204786
1.695746413
1.693438068
1.693052001
1.693159541
1.693076326
1.693389733
1.692798537
1.693525867
1.692238942
1.692003804
1.691360269
1.690652063
1.690008115
1.692799744
1.690825253
1.69343957
1.694515009
1.695394814
1.689312017
1.695569526
1.688547078
1.696077421
1.696373274
1.688815783
1.689517668
1.688415184
1.692169665
1.692371836
1.691808349
1.691741414
1.692883618
1.690907906
1.693662055
1.69293218
1.694216035
1.693922725
1.694930213
1.693075137
1.695708441
1.696302767
1.69227167
1.691928579
1.691202329
1.690872488
1.690345589
1.690021948
1.692600291
1.692287123
1.696436346
1.692376263
1.691920598
1.692315426
1.692362392
1.692588425
1.692862589
1.691818853
1.691262347
1.690690023
1.690511452
1.690132997
1.689909487
1.690187283
1.690921468
1.690240005
1.688649779
1.692097867
1.69323789
1.693620165
1.688020914
1.694479453
1.688092186
1.695282012
1.695895652
1.689973186
1.6896201
1.688684657
1.693585486
1.693427803
1.693570513
1.693554731
1.692863664
1.694386458
1.694181807
1.691923625
1.692980585
1.691576079
1.695772831
1.695538871
1.69484874
1.696291682
1.694020337
1.69651623
1.696304431
1.693645549
1.692774609
1.692408691
1.691550519
1.69078737
1.691289013
1.691283296
1.691665497
1.691314115
1.69187682
1.692193535
1.692494412
1.692675399
1.690742774
1.690570457
1.690210414
1.69003069
1.68996311
1.690019868
1.690458566
1.691495809
1.689766225
1.688879381
1.688429448
1.687872571
1.690842817
1.691226203
1.692381679
1.688175019
1.693226452
1.689021415
1.694251357
1.695079931
1.691499626
1.690260925
1.694764174
1.694629101
1.695052142
1.694750914
1.694090397
1.694741603
1.694374433
1.694391799
1.693801871
1.692722899
1.690805429
1.696451929
1.696525357
1.696136718
1.695600446
1.696384534
1.695296507
1.695795848
1.694549608
1.694254072
1.693356455
1.69239969
1.690568064
1.691004329
1.691650309
1.691463729
1.692132663
1.692576958
1.692883164
1.692897876
1.693349759
1.690357687
1.690234949
1.690299441
1.690523137
1.690579677
1.691207183
1.692349222
1.693405718
1.689013005
1.688365566
1.688105676
1.687986967
1.68859808
1.689320997
1.690110429
1.690993572
1.689704514
1.692094871
1.691069375
1.691113587
1.693014844
1.693977329
1.692604254
1.695599365
1.695218041
1.69586592
1.695754701
1.695677085
1.693577855
1.694431035
1.692960974
1.69292393
1.694914698
1.693000055
1.69093639
1.696240033
1.696432001
1.696061358
1.696374658
1.696243963
1.695019285
1.6958482
1.695755994
1.695129743
1.694297224
1.690820082
1.691591221
1.6923214
1.692352884
1.692927123
1.693359383
1.693599113
1.693879972
1.691005093
1.691016601
1.691462543
1.692014627
1.69220332
1.693444108
1.694502804
1.695232921
1.688586712
1.688447097
1.688678576
1.688822772
1.689368827
1.690668687
1.68883267
1.689249
1.689348106
1.692116429
1.690721078
1.689898801
1.693636085
1.691660799
1.692852186
1.694809311
1.695655128
1.696232529
1.6964569
1.696326397
1.690805951
1.692479804
1.692671858
1.690628627
1.689932887
1.695749403
1.693666435
1.691991329
1.694805858
1.695513278
1.696000433
1.694427873
1.696089418
1.696251859
1.696159573
1.695798036
1.691941438
1.692927684
1.693446614
1.693691684
1.693973639
1.694244137
1.694348219
1.694419764
1.692583019
1.692649537
1.693330233
1.694038581
1.694327003
1.695503351
1.696063193
1.696297823
1.689234992
1.68889677
1.689341376
1.690482919
1.690828164
1.691821229
1.693193825
1.68874399
1.688701793
1.68870937
1.694523965
1.689563094
1.688976229
1.690541106
1.692119565
1.693866802
1.695178001
1.695645908
1.696367494
1.696589263
1.68803568
1.689842302
1.690623431
1.688238263
1.686459695
1.69645456
1.69604156
1.694310713
1.693528957
1.69254681
1.693444058
1.694468618
1.694802185
1.69550686
1.696021091
1.696281849
1.694382195
1.694629264
1.694960223
1.694883884
1.694890881
1.69475876
1.694590992
1.694339063
1.69459592
1.695302267
1.695904978
1.696082661
1.696606747
1.696546963
1.696177914
1.690265253
1.691041956
1.689604446
1.691311739
1.692889076
1.693258387
1.69424459
1.695263114
1.689391749
1.688856425
1.688453208
1.688384489
1.688726236
1.689538409
1.690251337
1.692676757
1.693400788
1.694739551
1.695699568
1.69586111
1.687631591
1.686459695
1.686459695
1.687778314
1.689946216
1.696226453
1.696205931
1.694524715
1.69520542
1.690734585
1.692138886
1.692716062
1.69374148
1.694752907
1.695568007
1.695640412
1.695413371
1.695722845
1.695275648
1.694981852
1.694633063
1.694209566
1.695918565
1.696197146
1.696681674
1.696842219
1.696818595
1.696463379
1.69576386
1.694868703
1.691549401
1.692499502
1.693378285
1.69127109
1.693687987
1.694960582
1.69523004
1.695812998
1.690207397
1.689364174
1.688573398
1.688204761
1.68825549
1.688607497
1.688880017
1.69032311
1.692007778
1.693386461
1.693753619
1.69476451
1.686459695
1.686459695
1.687686989
1.695549335
1.695961023
1.694042074
1.696253099
1.690010091
1.690521332
1.691537479
1.692702881
1.693827128
1.696108864
1.695431133
1.69563479
1.694876693
1.694368559
1.69391812
1.693332733
1.696630707
1.696791711
1.696610154
1.69643792
1.695992356
1.694986291
1.693898288
1.692730002
1.693636588
1.693908365
1.69485228
1.695370309
1.692544599
1.695512592
1.695958846
1.696009887
1.691421366
1.691187922
1.689977423
1.689075826
1.68845699
1.688225191
1.688261547
1.688626833
1.687623453
1.689143118
1.690340684
1.690809071
1.692054345
1.693383932
1.686459695
1.694494689
1.695250765
1.692909137
1.696244565
1.688935278
1.689604279
1.690580065
1.691598918
1.695454501
1.694639296
1.693798275
1.69319128
1.692779093
1.692227674
1.696142425
1.696073015
1.695076928
1.694755386
1.693866829
1.692694088
1.691557088
1.690431964
1.695568337
1.694829358
1.695772974
1.69616892
1.696087876
1.693870598
1.695943432
1.695401503
1.693524786
1.692367284
1.691073951
1.689979156
1.689215149
1.689009196
1.688461399
1.688494282
1.687698569
1.686459695
1.687841964
1.688890309
1.690316595
1.691586969
1.693066776
1.693376161
1.69154084
1.691223184
1.695093727
1.688614757
1.689003313
1.689726576
1.693971273
1.692951918
1.69218745
1.69174673
1.691512669
1.694524558
1.694243402
1.692693218
1.692337728
1.691363689
1.690344005
1.689540886
1.688877146
1.688893136
1.696204369
1.696344156
1.695735039
1.69625827
1.695609568
1.695251515
1.695507649
1.694454632
1.694673344
1.693550214
1.692312959
1.691265894
1.690878591
1.689626089
1.68940359
1.688910896
1.686459695
1.686459695
1.687778749
1.688088331
1.690113049
1.690548074
1.691860805
1.690601932
1.690466715
1.690531331
1.693115749
1.688623373
1.688612663
1.691926954
1.691069136
1.690621116
1.690502952
1.692205265
1.691781539
1.690241382
1.689931806
1.68919505
1.688601837
1.688300238
1.688517463
1.688372145
1.696362357
1.696146075
1.695583014
1.696335994
1.695225558
1.693566152
1.693044126
1.696099343
1.695530644
1.694686647
1.69368142
1.693393362
1.692185792
1.691371886
1.690336249
1.69134177
1.689540279
1.686459695
1.686459695
1.687918972
1.687765338
1.689071117
1.69013378
1.690535817
1.69055624
1.690139187
1.689822521
1.690864233
1.688895013
1.690002352
1.68959012
1.689601403
1.689837387
1.689474106
1.68843807
1.688281749
1.688032792
1.688084422
1.68850979
1.68951159
1.689184337
1.695618695
1.695420774
1.694497283
1.693394784
1.696122239
1.692882341
1.690702095
1.696244734
1.696139507
1.695608456
1.695412962
1.694638117
1.693800348
1.693589252
1.692630153
1.691469744
1.690392997
1.686459695
1.68761537
1.687831358
1.691380018
1.691461863
1.690715466
1.690097285
1.689497749
1.689112524
1.688798664
1.689004228
1.691946598
1.688439551
1.688255925
1.687924925
1.687856609
1.687920722
1.688290439
1.689021051
1.690011312
1.691511602
1.691043128
1.694569502
1.693458388
1.693086513
1.691582332
1.690322293
1.695396373
1.690019401
1.695747451
1.696217735
1.696248622
1.6960863
1.695661587
1.695521242
1.694811747
1.693805602
1.692624992
1.686459695
1.686459695
1.687560502
1.692639485
1.692950677
1.691267592
1.690463355
1.689570901
1.68831987
1.688767968
1.693392815
1.692902426
1.688155124
1.688043929
1.688249239
1.688808528
1.689022241
1.690048087
1.691135621
1.692192714
1.693833309
1.693439777
1.69180576
1.693135561
1.690535314
1.690021204
1.688236383
1.693666399
1.695226749
1.695559555
1.696094154
1.69631609
1.696345939
1.696181009
1.695665232
1.694827853
1.686459695
1.686459695
1.693895477
1.693994793
1.694205722
1.692164302
1.691144971
1.689968161
1.688886773
1.694454597
1.694594806
1.694014242
1.689259425
1.689269192
1.689961655
1.690873295
1.691304035
1.692882995
1.693502548
1.694525835
1.695401625
1.695657527
1.690197159
1.688701478
1.690754754
1.687785816
1.687719944
1.692947251
1.693468702
1.694561974
1.695443259
1.695697759
1.69616144
1.696360247
1.696182357
1.686459695
1.694607749
1.694256771
1.694284844
1.693214644
1.692045059
1.690633773
1.695323407
1.695389061
1.694934311
1.695007509
1.691379415
1.691464377
1.692379269
1.693339316
1.693711846
1.695087634
1.69540895
1.695937316
1.69619312
1.696259467
1.68790637
1.687652035
1.686459695
1.690055303
1.690570445
1.691858897
1.693206669
1.693569817
1.694716496
1.695442907
1.696027063
1.69419078
1.692896145
1.692724998
1.694349769
1.692990447
1.695026673
1.695707689
1.696028611
1.695816374
1.68979035
1.69376386
1.69393427
1.694719263
1.695365839
1.695545363
1.696059048
1.696077974
1.695923615
1.695465614
1.69520302
1.686459695
1.686459695
1.687746845
1.687802113
1.688754783
1.690267486
1.690624172
1.691971721
1.693256176
1.693867242
1.693362442
1.692114668
1.690473761
1.695044698
1.696016436
1.694688754
1.695701159
1.696320367
1.687997141
1.686459695
1.695759489
1.695825215
1.696162453
1.696213107
1.696111435
1.695497129
1.695216949
1.694409412
1.693350487
1.692935081
1.686459695
1.686459695
1.687717218
1.687833027
1.688781558
1.69029288
1.6908642
1.692449392
1.690438094
1.689791854
1.688015993
1.696420353
1.696449562
1.694029236
1.695391766
1.686459695
1.687796797
1.696512831
1.696424873
1.696046529
1.695438737
1.695044866
1.693519563
1.693020419
1.691726286
1.690369613
1.690193679
1.686459695
1.686459695
1.687710587
1.687943222
1.689833888
1.691557023
1.687751458
1.686459695
1.696243455
1.695368198
1.693277062
1.695684844
1.695312623
1.693873296
1.693212672
1.692061489
1.690531145
1.690154588
1.688698307
1.687820054
1.687698459
1.686459695
1.686459695
1.687531307
1.688476022
1.690348046
1.686459695
1.694588559
1.693036796
1.693483715
1.69300541
1.690876411
1.690250304
1.688749458
1.687778598
1.687685318
1.686459695
1.686459695
1.686459695
1.687647871
1.690110252
1.691904022
1.69043696
1.690225762
1.687942806
1.687697109
1.686459695
1.686459695
1.686459695
1.687633842
1.689112586
1.687660843
1.687817602
1.686459695
1.686459695
1.686459695
1.686459695
