1.689280078
1.689280078
1.689280078
1.687589905
1.689280078
1.687820213
1.689280078
1.685467045
1.684733269
1.682207077
1.683726335
1.686608118
1.689280078
1.68717624
1.680608108
1.681230873
1.680999483
1.689280078
1.689280078
1.689280078
1.681958281
1.679779095
1.683341483
1.685932621
1.680652142
1.680621033
1.68260485
1.682380768
1.684625891
1.686794315
1.687843731
1.689280078
1.680140737
1.679939645
1.681183781
1.682323093
1.684115867
1.683158628
1.682554609
1.685663028
1.68611688
1.683660992
1.689280078
1.686399265
1.689280078
1.689280078
1.679873488
1.681559689
1.679906279
1.680218289
1.686339577
1.686592825
1.686024345
1.684881811
1.686225365
1.686201853
1.681225952
1.685732209
1.681404251
1.686677107
1.68726299
1.689280078
1.689280078
1.689280078
1.689280078
1.681823488
1.680582006
1.679879793
1.686706232
1.688289148
1.687703769
1.688000219
1.685930224
1.684379817
1.684643719
1.689280078
1.67985667
1.682363561
1.680229752
1.683160813
1.685904656
1.687014601
1.686750772
1.683946859
1.682519176
1.681535614
1.685228734
1.683326529
1.686533609
1.688566501
1.687691658
1.688349099
1.687826098
1.687159217
1.682510128
1.682918869
1.683015657
1.68717087
1.689280078
1.680550831
1.679941437
1.680790801
1.681943547
1.682625561
1.683273948
1.686005583
1.685028828
1.683562095
1.682223963
1.683890831
1.684592778
1.685828245
1.68514346
1.686138979
1.687996174
1.687869009
1.681780898
1.683205077
1.683489894
1.68437606
1.689280078
1.685289063
1.687592409
1.689280078
1.689280078
1.6812227
1.680162153
1.679911962
1.679951343
1.680134158
1.681384173
1.687798174
1.687096146
1.684722871
1.687626741
1.681467366
1.681979227
1.682279055
1.682872173
1.684286729
1.68690051
1.687709418
1.682952036
1.681323827
1.684987508
1.685058293
1.685500949
1.689280078
1.685790704
1.687002444
1.687309093
1.68094572
1.682886787
1.681759435
1.680927551
1.68005248
1.679530321
1.688476347
1.688039671
1.68626797
1.687871893
1.680640712
1.680442558
1.680629746
1.681614542
1.684403575
1.686065542
1.683312861
1.682162546
1.686277126
1.685632248
1.686662077
1.685381968
1.685525609
1.684487457
1.682855732
1.683800712
1.679886493
1.680543667
1.68526047
1.684435286
1.683164668
1.681287809
1.686573171
1.686813993
1.68767714
1.687382666
1.681419422
1.680870622
1.680653626
1.681473921
1.682743534
1.683479819
1.68497164
1.684389562
1.685399068
1.686199326
1.686874757
1.68698745
1.684197351
1.68427248
1.683811571
1.681439521
1.681352458
1.682040991
1.681196994
1.681515723
1.687774718
1.687192367
1.685519749
1.685120594
1.684003269
1.685172695
1.687734813
1.683591074
1.682380342
1.681195445
1.683179158
1.681166547
1.681284956
1.681352845
1.687173675
1.686792288
1.6844991
1.685515697
1.687318651
1.683302516
1.683281653
1.683257076
1.682890779
1.682816392
1.682774917
1.683861179
1.683387092
1.688733746
1.688671928
1.687672236
1.686338611
1.682079586
1.684466268
1.686570049
1.685811691
1.68564955
1.682066154
1.684404339
1.681463203
1.680920305
1.680549974
1.687872
1.687874136
1.683241889
1.684791845
1.68601196
1.683692394
1.683871641
1.683134429
1.682404226
1.681848499
1.685625748
1.685633887
1.687800841
1.687950228
1.687255949
1.686436401
1.681399324
1.680592672
1.683042424
1.684610405
1.687352394
1.68657238
1.683633862
1.685686267
1.683152459
1.682098097
1.682269402
1.686735865
1.686975525
1.681358081
1.682223214
1.683042463
1.683906508
1.684706696
1.684731121
1.685000474
1.684223467
1.685047147
1.683654905
1.68258728
1.686031961
1.685650962
1.685946519
1.685751922
1.680762448
1.681101792
1.681596779
1.682625864
1.686894997
1.686815344
1.686238049
1.685716933
1.685110758
1.683809806
1.685206928
1.684628617
1.682493328
1.681597829
1.681190636
1.681555912
1.682140607
1.685313228
1.684876781
1.684711466
1.685371912
1.684976841
1.684566405
1.684082123
1.683506651
1.683921924
1.680701834
1.682189087
1.680935428
1.681777313
1.685974634
1.687058548
1.687661849
1.687672093
1.686685361
1.684750951
1.683706311
1.682768568
1.683881587
1.682890385
1.681308887
1.681409127
1.681619356
1.684669108
1.685649367
1.684087702
1.684028586
1.686190758
1.686435733
1.686189079
1.682747556
1.68257416
1.68211504
1.681878335
1.682374627
1.685043566
1.685485653
1.683126464
1.686890146
1.68779038
1.687861892
1.686947797
1.681802762
1.681817265
1.685283328
1.683327809
1.68286332
1.68247891
1.683716178
1.684626922
1.683376937
1.685575205
1.683727262
1.683646179
1.683894903
1.686459251
1.686988699
1.686908155
1.683719521
1.683213859
1.683961651
1.683843955
1.684290922
1.686737878
1.685963722
1.684389066
1.682100871
1.685539756
1.686411924
1.687000324
1.686416961
1.68212633
1.681546264
1.68599198
1.685299322
1.684831043
1.684149772
1.683334476
1.682935059
1.683896307
1.682631445
1.684739794
1.684224504
1.68424797
1.685616668
1.686386506
1.686792796
1.685584126
1.68529896
1.685489896
1.685476737
1.686519979
1.686153352
1.682605844
1.681294629
1.683314886
1.684671161
1.68551309
1.684723011
1.683016544
1.681646189
1.686691057
1.686601425
1.686306713
1.685446463
1.683563759
1.682739531
1.682773622
1.682223093
1.683246312
1.684529051
1.684854979
1.684817672
1.684048418
1.683647746
1.68607015
1.68416874
1.685533023
1.685745637
1.685510175
1.685007846
1.680946154
1.68180063
1.68278345
1.684360006
1.683723968
1.683856147
1.681907446
1.686476814
1.686872948
1.686960762
1.686281611
1.683834021
1.682799903
1.681952308
1.682184786
1.684992691
1.68506331
1.685187009
1.684793938
1.682327854
1.682420425
1.684616812
1.682863039
1.684291551
1.683901532
1.68141299
1.681817832
1.682521576
1.683215131
1.684434815
1.686537127
1.683238783
1.685228471
1.68618705
1.686958642
1.684336332
1.683017161
1.682411345
1.682197876
1.684744529
1.685231076
1.685637095
1.685633702
1.68431108
1.682008659
1.681867843
1.682551892
1.683167287
1.6831283
1.682790637
1.682731876
1.682885772
1.686832417
1.685593976
1.686837618
1.68479608
1.68357685
1.684773968
1.685593142
1.684763593
1.685856494
1.683986303
1.68308165
1.683496954
1.684277928
1.684726998
1.685260568
1.685791497
1.683964099
1.683937728
1.682484478
1.681827769
1.681890953
1.683509793
1.683395573
1.684188842
1.683657906
1.684129388
1.686220055
1.68636044
1.686493481
1.685700912
1.682424812
1.683255167
1.684248282
1.685746195
1.685489763
1.685907047
1.685156045
1.684310872
1.684894088
1.684064652
1.684357562
1.68473131
1.684926645
1.684106749
1.683969994
1.683767963
1.683056991
1.684972418
1.682284568
1.68190122
1.684595239
1.68479252
1.684945072
1.685239894
1.686065564
1.685552491
1.681908582
1.682355675
1.683287854
1.685131211
1.685486057
1.685939959
1.68603924
1.686073452
1.686182607
1.683695395
1.683710122
1.683738229
1.683847618
1.684612717
1.684260611
1.684680334
1.683889699
1.68353919
1.684051642
1.685750367
1.683203494
1.682499029
1.684880554
1.685040256
1.684518928
1.684846027
1.684755945
1.682065412
1.682154148
1.682998708
1.6842722
1.685438096
1.685967135
1.686266951
1.686387043
1.683249398
1.683005923
1.682812289
1.682899306
1.6849975
1.68500091
1.684314744
1.68482436
1.683896445
1.683471102
1.685111897
1.686156029
1.684427005
1.683553939
1.684269523
1.683675863
1.684019715
1.68284708
1.682520423
1.683264573
1.683021087
1.683703309
1.684405886
1.684975976
1.686062499
1.685549915
1.683061885
1.682679287
1.682298943
1.682428575
1.684974069
1.684665149
1.684361264
1.685091133
1.684562824
1.68506085
1.684249581
1.683860316
1.686083251
1.685455009
1.684829032
1.68371116
1.683497626
1.684462882
1.683313472
1.684173813
1.683615017
1.685732707
1.682718071
1.683128541
1.683775693
1.684705748
1.683555653
1.68315085
1.682238559
1.682932718
1.681984012
1.684250753
1.684336122
1.684517171
1.684987432
1.684713127
1.685236147
1.68514839
1.684789748
1.684936878
1.68595134
1.68586597
1.685627803
1.684063143
1.685200955
1.684420992
1.684327074
1.684289327
1.68506967
1.681911177
1.682201866
1.682934263
1.682844836
1.684664472
1.684484513
1.682629492
1.684005423
1.682187384
1.684262058
1.684247895
1.684402321
1.684740413
1.685073684
1.685439329
1.685402862
1.684284167
1.685653972
1.685671512
1.685450666
1.685611648
1.685555394
1.684801643
1.685226093
1.684927732
1.685132179
1.683665892
1.684234283
1.681849326
1.682724615
1.68266134
1.6823273
1.681919245
1.683709626
1.685611249
1.685543459
1.684936294
1.68391524
1.683836575
1.685175982
1.684719989
1.684247504
1.684262015
1.684359618
1.684521977
1.68478215
1.685189419
1.68555944
1.684267558
1.684247576
1.686006271
1.685936488
1.685692936
1.684584159
1.68489409
1.684859143
1.68495595
1.684538622
1.684433493
1.683405075
1.683099917
1.682738576
1.682942897
1.682756605
1.682571777
1.684669767
1.685597243
1.686112483
1.685625532
1.686096298
1.685003964
1.685263475
1.685664292
1.684256365
1.684273281
1.684378448
1.684561541
1.685321451
1.684763039
1.685026482
1.685421568
1.684248623
1.684285713
1.68425051
1.684317662
1.685993923
1.685636307
1.685614409
1.685340965
1.68377606
1.684260403
1.68404962
1.683825428
1.683193103
1.682906923
1.683251213
1.683925334
1.683901545
1.685128652
1.685798236
1.686016789
1.686175227
1.685982779
1.685813617
1.686118046
1.685737133
1.686094979
1.686190526
1.685737816
1.685887871
1.686064322
1.686195386
1.686205728
1.684263968
1.684251677
1.684274358
1.684278932
1.684433144
1.684617939
1.685106917
1.684856812
1.685062195
1.684357924
1.684249218
1.684285593
1.684245004
1.685659079
1.685122478
1.685212053
1.684981527
1.683536864
1.684016843
1.683899636
1.68376698
1.683551299
1.683658116
1.684431585
1.685841336
1.685152338
1.686090742
1.686055929
1.686140072
1.686175259
1.686146526
1.686031925
1.685910208
1.686091843
1.68589515
1.68611541
1.68622336
1.6860972
1.686128722
1.686208268
1.686125132
1.686216945
1.686152164
1.684247296
1.68426817
1.684256744
1.68428193
1.684277898
1.684276455
1.684502538
1.684671148
1.684838366
1.684815534
1.684415791
1.684300107
1.684259794
1.684246537
1.684243818
1.685430562
1.685021624
1.684705884
1.684831237
1.684710758
1.68593671
1.684152084
1.684431276
1.684570295
1.684444792
1.684423226
1.684694034
1.685838695
1.685388949
1.685519217
1.68581995
1.68595704
1.686086207
1.686135968
1.685668141
1.685493109
1.686206131
1.68566806
1.686003066
1.686206061
1.686208099
1.686223054
1.686213324
1.685959457
1.68600973
1.686170974
1.686150774
1.686025937
1.684252748
1.684263714
1.684271637
1.684283093
1.68428112
1.684283318
1.684279984
1.684244152
1.684551189
1.684665124
1.684666348
1.684447078
1.68434559
1.68426803
1.684247041
1.684962936
1.684630975
1.684544501
1.684421789
1.684578835
1.684537451
1.684554807
1.685621611
1.685698762
1.685007737
1.685064228
1.685090045
1.685173942
1.685606066
1.685507322
1.685689238
1.685651141
1.685782644
1.685914658
1.685310443
1.684920303
1.686217728
1.685403047
1.685771213
1.686004732
1.686144246
1.686213608
1.686204582
1.686156567
1.686161082
1.686025013
1.686106075
1.686162393
1.685662252
1.685769831
1.68583766
1.686049346
1.685840491
1.685592056
1.684269405
1.684260949
1.684253783
1.684277445
1.684282767
1.684283232
1.684282944
1.68428234
1.684242785
1.684242978
1.684250989
1.684529417
1.684541317
1.684436038
1.68436837
1.684304224
1.684266682
1.684250555
1.684359578
1.684578847
1.684402807
1.68430244
1.684273371
1.684435233
1.684350126
1.684422087
1.684434741
1.684456045
1.685324319
1.685330627
1.685373277
1.685131513
1.685215077
1.685314768
1.685355392
1.685139598
1.685309717
1.685363421
1.684943845
1.685429932
1.685559609
1.685068556
1.684822432
1.685017804
1.684518027
1.685208543
1.684979748
1.685892056
1.68615537
1.685420842
1.68561641
1.685842919
1.686028416
1.686138841
1.686161179
1.686096954
1.686103622
1.686003818
1.68606308
1.685321751
1.685355995
1.685430617
1.685620966
1.685816222
1.685664098
1.685387707
1.684278079
1.684274656
1.684267922
1.684261589
1.68428183
1.684283344
1.684283021
1.684282399
1.684283365
1.684241695
1.684242089
1.684248608
1.684450286
1.684428667
1.684366734
1.684250191
1.684306252
1.68427004
1.684306074
1.684310465
1.684353853
1.684348754
1.684274094
1.684255611
1.684227826
1.684225597
1.684326472
1.684358984
1.684367721
1.685105163
1.68503024
1.685016213
1.684789429
1.684817725
1.684644044
1.685039807
1.684795308
1.684854113
1.684558854
1.684350281
1.685199134
1.685046407
1.684906104
1.684675589
1.684778057
1.68476329
1.684360083
1.685693178
1.685204423
1.684983421
1.685841632
1.686025915
1.685421656
1.685644815
1.68585761
1.686046483
1.686028565
1.686039665
1.686035502
1.685950146
1.68596851
1.685179527
1.685111806
1.685158742
1.684851996
1.685449916
1.685444785
1.685189173
1.685441102
1.684259031
1.68428114
1.684279044
1.684273852
1.684270052
1.68428328
1.684281788
1.684283252
1.684282342
1.684283496
1.684241057
1.68591191
1.685014331
1.684241259
1.684364345
1.684342886
1.684306797
1.684247109
1.684267919
1.684867791
1.684275389
1.684211431
1.684233139
1.684243298
1.684237056
1.68420648
1.6842056
1.684302484
1.684208836
1.684279194
1.684296094
1.684722357
1.68477685
1.684743986
1.684385456
1.684462136
1.68427419
1.684515925
1.684533416
1.684532756
1.684367876
1.6842797
1.684230794
1.684649915
1.684603684
1.684758071
1.684785589
1.684497277
1.684601551
1.684612649
1.684587946
1.684506939
1.684264381
1.684199786
1.685631563
1.685200348
1.684989778
1.68479251
1.68566605
1.685825177
1.685868872
1.685422494
1.685660324
1.685934108
1.685823426
1.685870538
1.685955721
1.685959271
1.685870035
1.685861348
1.68576639
1.684863212
1.684948088
1.684937198
1.684686042
1.685178273
1.684948329
1.684919813
1.6852008
1.685406588
1.685501398
1.684283019
1.684281869
1.684278574
1.684283701
1.684281193
1.684282725
1.684281642
1.684283102
1.688226487
1.688499418
1.685152655
1.687004503
1.687436709
1.686318755
1.690271575
1.684300297
1.684302332
1.684277795
1.684268243
1.684278391
1.686130364
1.684836776
1.687297177
1.685232509
1.68419741
1.684201094
1.684212853
1.684227095
1.684276436
1.684256084
1.68420158
1.684205842
1.684254693
1.684209199
1.684229965
1.68419743
1.684502675
1.684540588
1.684432123
1.68439293
1.684213736
1.684225283
1.68435379
1.684346864
1.684252478
1.684221092
1.684224794
1.684519007
1.684526586
1.684388574
1.684368879
1.684475841
1.684609124
1.684613183
1.68434379
1.684447487
1.68438541
1.684200425
1.684195937
1.684299624
1.685465721
1.685189061
1.684957221
1.684830166
1.684743625
1.685470274
1.68563475
1.685655766
1.685250719
1.685444599
1.685685655
1.685763579
1.685742244
1.685770823
1.685853118
1.685632967
1.685721067
1.685575955
1.684721162
1.684730044
1.684546897
1.684971137
1.68497561
1.684751668
1.684766665
1.684772202
1.685169167
1.684957883
1.685240765
1.685869002
1.688312356
1.684283844
1.685584211
1.684283623
1.684283418
1.684280661
1.684282125
1.684281324
1.684282435
1.691612724
1.691571951
1.69164228
1.687975988
1.689173718
1.692532418
1.694377409
1.684258165
1.684259767
1.684246495
1.68487523
1.689497769
1.691481034
1.689914945
1.687760424
1.687931864
1.684200726
1.684211117
1.684245392
1.684222865
1.684229783
1.684211408
1.684215732
1.684231707
1.684217011
1.684214068
1.684212129
1.684211676
1.684351709
1.684291505
1.684317588
1.684238579
1.684246519
1.684254518
1.684246407
1.684216622
1.684247599
1.684227085
1.684224875
1.684411691
1.684390152
1.684409347
1.684247911
1.684299633
1.684292216
1.684376756
1.684467943
1.684279184
1.684474196
1.695079204
1.684258141
1.684197635
1.68427647
1.684198161
1.684211855
1.684222268
1.685259371
1.687111557
1.685014688
1.695257059
1.709687164
1.688765405
1.689463448
1.685518615
1.685404268
1.68548041
1.685546178
1.685620494
1.698338541
1.695622872
1.692100665
1.68455343
1.684589832
1.684434211
1.684779136
1.68479143
1.684790902
1.684660346
1.684570919
1.684636098
1.684624785
1.684975798
1.685055166
1.685287064
1.687968161
1.687824202
1.691445435
1.684283736
1.68832227
1.686014357
1.68821219
1.684505794
1.684513383
1.684536735
1.68512948
1.686711907
1.695749598
1.696071371
1.692247417
1.697677795
1.699528941
1.684236803
1.685578088
1.686182535
1.68872649
1.694657829
1.695169096
1.697855926
1.693796784
1.692908947
1.684218974
1.68422977
1.684217712
1.684222791
1.684225516
1.684229636
1.684225005
1.684231148
1.684229897
1.684229088
1.684227839
1.684228129
1.684218007
1.684234755
1.684253534
1.684275505
1.684269842
1.684219311
1.684215553
1.684231262
1.684268629
1.684249816
1.684316934
1.684326718
1.684285191
1.684221094
1.684244425
1.684378441
1.684358074
1.684297089
1.684220634
1.684249655
1.703910161
1.71681899
1.684209019
1.68422979
1.684194145
1.684211402
1.684205041
1.684201089
1.689522095
1.693712258
1.707093584
1.72653105
1.721846274
1.716558043
1.697640104
1.71320442
1.694901253
1.702291303
1.704384698
1.70697411
1.70274348
1.684434637
1.684455506
1.684270468
1.684335607
1.686009303
1.684613166
1.684652435
1.684612504
1.686624319
1.684498697
1.684570844
1.684405936
1.684477926
1.684491711
1.684528264
1.684538203
1.684459211
1.689357261
1.687933592
1.691004864
1.69094317
1.697606043
1.694460721
1.68612302
1.690956872
1.688314249
1.690801787
1.690028084
1.68740429
1.68687966
1.687455274
1.69015876
1.700345588
1.700808201
1.700418492
1.704063575
1.704897131
1.686134937
1.690211166
1.690193822
1.69580846
1.704149065
1.703860931
1.703520846
1.704949008
1.685607857
1.684223797
1.684225671
1.684233983
1.684243287
1.684241601
1.684244949
1.684369812
1.684245537
1.684245559
1.684245365
1.684252041
1.684243207
1.68421957
1.684224446
1.684214239
1.684286218
1.684282027
1.684229859
1.684225442
1.684252294
1.684267042
1.684281424
1.68427242
1.684253372
1.684234986
1.68422497
1.684217771
1.684214481
1.684237489
1.707085999
1.688259818
1.688679357
1.684222674
1.720771337
1.726613833
1.684214899
1.684212957
1.68422309
1.684214801
1.6842316
1.684245266
1.68421759
1.684222578
1.69476613
1.699440775
1.721577896
1.73201375
1.731515484
1.728125564
1.726139729
1.704663031
1.722851546
1.716462456
1.716143513
1.713997771
1.709601196
1.684345578
1.68434878
1.684267232
1.690555875
1.691429142
1.684489587
1.688337469
1.685797897
1.684454626
1.68435767
1.684456335
1.684331639
1.684790319
1.68446067
1.684421592
1.684373248
1.694533276
1.691888707
1.693607223
1.694638383
1.694503121
1.698561007
1.692754008
1.690548578
1.693413206
1.692579521
1.693503987
1.691547237
1.690731663
1.693856519
1.705278406
1.703569116
1.708520449
1.709446074
1.709794624
1.704820764
1.691704413
1.696645862
1.711272916
1.71173367
1.712028655
1.710745273
1.684252461
1.684235186
1.684247532
1.684260861
1.684253585
1.684258539
1.684258409
1.686828919
1.694026376
1.68425967
1.684259353
1.684259707
1.684267913
1.684262931
1.684262785
1.684251273
1.684245444
1.684286982
1.684286066
1.68425872
1.684279061
1.684285287
1.684273312
1.68426546
1.684231158
1.684216265
1.684216708
1.684214781
1.684223723
1.684251692
1.713100223
1.696802457
1.735219337
1.728354192
1.684235335
1.699125645
1.685395176
1.684248881
1.684234454
1.684249208
1.68424075
1.684255372
1.684248481
1.699005655
1.703513817
1.726687207
1.729261878
1.734097447
1.731262141
1.736665006
1.70834899
1.725088252
1.722017401
1.718856927
1.713663754
1.684279188
1.684294191
1.684290808
1.684299024
1.68423977
1.689292254
1.694436711
1.692830262
1.689628822
1.684378837
1.684371673
1.684290877
1.689559156
1.686958374
1.684368838
1.69810493
1.695932872
1.696652961
1.697996571
1.69739135
1.702291498
1.696444136
1.696660779
1.696078251
1.696832185
1.696393414
1.696186501
1.695540873
1.696923965
1.698425971
1.709128263
1.70728308
1.713936922
1.71429625
1.714247627
1.70495853
1.717190778
1.717382218
1.715502001
1.710946965
1.684247936
1.688389699
1.684262587
1.684258331
1.684272869
1.684267311
1.684267576
1.6842726
1.684271065
1.696888335
1.701893604
1.684270889
1.684270859
1.684272239
1.684276241
1.684271496
1.684274688
1.684272161
1.684277941
1.684285044
1.684286563
1.684284375
1.684287763
1.684276692
1.684284549
1.684280844
1.684218231
1.684222057
1.684218617
1.684220062
1.684218575
1.684233608
1.684241268
1.684265154
1.684280167
1.713342209
1.717462336
1.738309299
1.731660925
1.689804301
1.703678137
1.684262221
1.694112163
1.684260395
1.684265106
1.684269433
1.73974485
1.70266053
1.70709356
1.728107918
1.733229254
1.731208832
1.735529849
1.725183113
1.711422147
1.722152489
1.716807404
1.684244576
1.684261701
1.687298304
1.684260949
1.684225427
1.684230822
1.692155759
1.696318059
1.693777585
1.699446882
1.687082963
1.685956223
1.68987956
1.693287478
1.691294233
1.689723156
1.702319127
1.699443926
1.701632018
1.700603625
1.707288996
1.699571023
1.700088198
1.69994688
1.698580587
1.699720979
1.700719154
1.700395514
1.712438915
1.712879027
1.718203521
1.718595406
1.717792139
1.704665258
1.720561755
1.710111629
1.719726365
1.715938674
1.684259132
1.688982623
1.684273783
1.684270112
1.684268608
1.690029015
1.695473764
1.684277013
1.684280751
1.68428422
1.684279186
1.684279414
1.684279432
1.699560532
1.684279144
1.684279142
1.684279208
1.684280599
1.68428384
1.684283782
1.68428768
1.684289046
1.684282791
1.68428443
1.684286089
1.684288284
1.684287033
1.684284078
1.684285235
1.684286625
1.68428942
1.684224064
1.684219393
1.684221186
1.684228689
1.68424364
1.684227769
1.684243859
1.684257659
1.684274629
1.684286857
1.684284736
1.724591174
1.742171791
1.736868369
1.708203324
1.69978386
1.684323054
1.684280485
1.684281306
1.73841606
1.743249465
1.745232614
1.706144841
1.71019434
1.730772412
1.728260941
1.732672327
1.723812722
1.7144083
1.719228857
1.691573401
1.684440384
1.688003896
1.685156145
1.695410246
1.696950416
1.700165418
1.694881623
1.692366457
1.695677421
1.696897122
1.695070812
1.703733837
1.707024635
1.702356146
1.705501929
1.703847914
1.713110729
1.702608849
1.703000101
1.704141594
1.703753635
1.701495254
1.70228352
1.717452073
1.720303534
1.722256408
1.722593829
1.722224577
1.704037912
1.723473884
1.710428245
1.715502429
1.720693466
1.688867554
1.684276458
1.689965397
1.694922229
1.684281189
1.684282057
1.684282984
1.684286559
1.684287053
1.684285058
1.68428543
1.684284962
1.69674512
1.684284684
1.684284291
1.684286251
1.684286141
1.684287106
1.684286798
1.684286782
1.684288005
1.684287792
1.684281189
1.684282725
1.684284255
1.684286368
1.684284922
1.684287595
1.684287813
1.684286403
1.685651941
1.684228474
1.684228067
1.684257821
1.684240749
1.684255959
1.684240144
1.684268107
1.684270433
1.6842801
1.684286775
1.68428693
1.684285717
1.726567658
1.741174367
1.709997803
1.717470532
1.704942799
1.698188656
1.685183694
1.735725957
1.74230509
1.748793946
1.747755646
1.710146379
1.713686433
1.729702298
1.726825833
1.721891961
1.717419623
1.695383074
1.691768194
1.688094403
1.687922663
1.698548074
1.699176767
1.701022022
1.699357683
1.698445538
1.701670298
1.700631825
1.704171355
1.707855038
1.710881234
1.704760917
1.7081761
1.709700447
1.719445224
1.706432621
1.709789836
1.707639746
1.704777459
1.704602348
1.72438086
1.728771773
1.727705649
1.725317969
1.726316198
1.702844542
1.724915483
1.709618959
1.715795179
1.721009082
1.688922099
1.691177823
1.691202229
1.685420907
1.684284683
1.684285106
1.690678307
1.684285774
1.684286217
1.684286362
1.684286086
1.684286784
1.684286501
1.684286671
1.696058649
1.684286249
1.687469442
1.684285369
1.684285178
1.684284642
1.68428007
1.684281572
1.684282451
1.684283432
1.684285549
1.684284372
1.684283446
1.684285042
1.684282686
1.687156837
1.685063596
1.684238657
1.684242171
1.684268376
1.684254357
1.68426694
1.684253994
1.684278682
1.684277828
1.684284313
1.684284988
1.684286985
1.684285478
1.684286581
1.68428684
1.727759649
1.739849686
1.721433747
1.713448257
1.705181314
1.73247164
1.749398076
1.740119183
1.748085987
1.753015436
1.714692569
1.717849331
1.725345858
1.721038409
1.729385666
1.695283807
1.690869579
1.699608489
1.689327907
1.704038575
1.702066636
1.704255747
1.705930177
1.706605575
1.711325026
1.706644163
1.707160943
1.714097129
1.714333341
1.72564009
1.712008783
1.715877226
1.710958581
1.709532838
1.733618737
1.735509025
1.734030121
1.729597453
1.726939359
1.70248826
1.724627511
1.709256767
1.719583518
1.714966341
1.702795576
1.722377496
1.685517056
1.684285326
1.684285486
1.715649322
1.688131489
1.691285262
1.684285093
1.699542478
1.691127636
1.697082686
1.684284559
1.685646058
1.684284114
1.684284114
1.69541898
1.684283994
1.709881057
1.698527779
1.684282671
1.684281787
1.684280134
1.684279528
1.68428052
1.684281144
1.684282429
1.684281786
1.684281105
1.684280777
1.684282833
1.684281032
1.685174023
1.686736189
1.684252557
1.684276521
1.68427537
1.684266516
1.684264892
1.684283671
1.684282746
1.68428637
1.684283392
1.684286654
1.684285459
1.684286678
1.734021703
1.744446375
1.730228533
1.722807683
1.737145853
1.754601338
1.746857714
1.755579857
1.719028034
1.723399476
1.726000431
1.733729246
1.703459935
1.692978027
1.69718651
1.688802873
1.707190108
1.706278298
1.710292568
1.708193573
1.711977712
1.708718443
1.715777704
1.708234302
1.71088581
1.72023425
1.733827322
1.719888249
1.717185347
1.716591043
1.74364997
1.748694454
1.734747024
1.727702345
1.723912307
1.699916071
1.71854923
1.707999076
1.712959555
1.684284707
1.684284752
1.729523635
1.725923867
1.686395904
1.689339249
1.684283587
1.710370974
1.709943764
1.709491912
1.684282582
1.703612471
1.686673926
1.695924963
1.690395911
1.692021998
1.684456886
1.723385613
1.684279261
1.712784129
1.684280614
1.684280091
1.684279473
1.684279729
1.684280424
1.684280059
1.684279706
1.684279589
1.686422676
1.684279728
1.684281233
1.684279982
1.684281672
1.684970541
1.684281489
1.684276681
1.684285957
1.684285277
1.684451767
1.684342519
1.68428561
1.68568544
1.757104416
1.750371353
1.740836524
1.748665838
1.736063443
1.74404767
1.760860515
1.761625009
1.753619246
1.724776002
1.731981273
1.74215024
1.700806049
1.704974703
1.690948391
1.694048488
1.687773366
1.711386627
1.711632174
1.712764495
1.709798235
1.716669405
1.713061148
1.721292476
1.710459258
1.716255501
1.736558619
1.724135735
1.725810231
1.723951034
1.72299774
1.742660315
1.755392529
1.730748306
1.717927985
1.726312123
1.692709496
1.699835038
1.711576501
1.703900377
1.684283578
1.714431694
1.738851014
1.737984602
1.689037199
1.687502685
1.686944097
1.685610375
1.72228042
1.722252429
1.690832006
1.706978207
1.700066236
1.697350045
1.690889011
1.691336724
1.736173588
1.684279149
1.724881172
1.68427948
1.684279298
1.684279207
1.68427912
1.684279399
1.684279253
1.684279184
1.684279154
1.686250599
1.684279237
1.684280231
1.684279447
1.685866301
1.685336312
1.685248924
1.685429925
1.687134661
1.686764997
1.761655492
1.755920507
1.746443521
1.753504945
1.767025458
1.763839953
1.732599824
1.753507999
1.743401326
1.687695315
1.698213253
1.701720516
1.692228003
1.689455907
1.704904464
1.715209965
1.717282889
1.710499857
1.726869871
1.72818734
1.719200798
1.687290376
1.713921342
1.738397602
1.729595432
1.730322668
1.729157259
1.743303214
1.757387687
1.725241128
1.714464962
1.693279019
1.694218086
1.702558635
1.716387795
1.751293783
1.750214202
1.691012285
1.690422028
1.735372871
1.734814782
1.698275059
1.719284993
1.7093988
1.703793425
1.694746382
1.696171116
1.751524076
1.684279221
1.699708449
1.736984338
1.728783916
1.684279153
1.684279179
1.68427921
1.684279148
1.684279194
1.684279112
1.684279145
1.684279095
1.68673927
1.684279091
1.685600613
1.685069627
1.68764947
1.687203582
1.687345616
1.689058999
1.766787839
1.774570576
1.762661435
1.782200048
1.762534706
1.770512964
1.745685675
1.762082529
1.688576495
1.697860612
1.694471445
1.690437798
1.703006617
1.715482413
1.721690959
1.708570829
1.741964666
1.733046785
1.723468889
1.72660798
1.688365816
1.688114839
1.721760257
1.733420405
1.733722598
1.731879134
1.738719932
1.744817232
1.746129261
1.710618615
1.718560193
1.701270055
1.696000536
1.69545434
1.764023669
1.695753271
1.748757568
1.747357362
1.722568251
1.704320295
1.711802404
1.701654422
1.703089166
1.766103514
1.778507795
1.684279413
1.706890433
1.712177501
1.749706285
1.736444557
1.684279335
1.684279447
1.684279346
1.68427942
1.68427932
1.684279538
1.68462636
1.685633799
1.689069334
1.685534193
1.687117332
1.686837371
1.689599451
1.691054807
1.690310392
1.794583784
1.785904489
1.797971141
1.786047541
1.771057449
1.77098278
1.758233527
1.689382574
1.696550168
1.691870926
1.702530865
1.71240629
1.696861755
1.743482596
1.713642643
1.733220594
1.726631179
1.689486309
1.689641218
1.691623472
1.733707993
1.748086801
1.727286275
1.732721867
1.743310975
1.726914304
1.729488094
1.708127451
1.700279765
1.702994576
1.696163039
1.72235888
1.761037806
1.712133538
1.711272813
1.782878693
1.800165773
1.684279725
1.721718571
1.731060489
1.77311141
1.762852477
1.749531616
1.684279724
1.684279836
1.684279841
1.684409485
1.684279692
1.686796469
1.68617608
1.687185964
1.692557617
1.687126612
1.692837315
1.688500645
1.691341316
1.821395987
1.817991401
1.799265864
1.782575772
1.767721734
1.690278342
1.692175207
1.690717952
1.692881079
1.703067304
1.706347339
1.697963321
1.757357032
1.712159229
1.733668433
1.722458098
1.691373253
1.694542861
1.694279843
1.771681071
1.752152567
1.725029785
1.752003863
1.718402387
1.719663797
1.708182474
1.70117518
1.700491195
1.708720173
1.808068708
1.684280049
1.731924803
1.744792682
1.784729637
1.769385989
1.830169999
1.684280075
1.684775022
1.684803453
1.688461221
1.685640048
1.688069964
1.687793495
1.694665871
1.688516768
1.692050844
1.690086585
1.689469247
1.84938983
1.837530857
1.823279178
1.806043457
1.782028565
1.692269301
1.691084516
1.694243015
1.69309391
1.693890034
1.772073992
1.707054814
1.702465587
1.698489748
1.710758944
1.739427829
1.719556137
1.697160691
1.696577425
1.70042971
1.795042339
1.771003324
1.768340104
1.806910942
1.725306387
1.712234702
1.72323316
1.705942032
1.708837896
1.720771615
1.826777827
1.837462329
1.806513664
1.684280176
1.750301467
1.764602314
1.786492179
1.838251406
1.686392737
1.687396808
1.688146434
1.689844897
1.688693322
1.689186765
1.691892105
1.690098342
1.69054505
1.690996075
1.870000837
1.862799808
1.842801982
1.844924996
1.809858089
1.69412512
1.696845633
1.694983715
1.695400037
1.760754516
1.703988947
1.698623169
1.714294115
1.698547904
1.695661303
1.693013322
1.699708874
1.704131075
1.813149001
1.762788067
1.846003557
1.72484462
1.718853814
1.738290319
1.719891311
1.74084208
1.837589158
1.822602814
1.859821735
1.82085065
1.833861151
1.808318796
1.772376407
1.687215306
1.774822114
1.796821891
1.834558246
1.689210202
1.690109229
1.690986941
1.691560383
1.692217068
1.690896572
1.692827099
1.691919489
1.876259702
1.874666477
1.866676455
1.851080788
1.795387593
1.697856263
1.702142108
1.70167844
1.699217606
1.70221152
1.715254706
1.703691209
1.695018626
1.693755324
1.696921881
1.700925281
1.705975123
1.704836261
1.781270057
1.735797357
1.81558026
1.770496259
1.7924095
1.75886149
1.767846325
1.794676091
1.804879247
1.817930591
1.816486905
1.793158842
1.82227092
1.883014204
1.869264845
1.823227333
1.853251124
1.689436755
1.818324482
1.877298508
1.691812732
1.69309727
1.694702708
1.692803546
1.694186582
1.912876575
1.870725057
1.797327523
1.728626964
1.705820192
1.705471832
1.707523421
1.710563317
1.694459599
1.695241686
1.696112712
1.698535839
1.702495052
1.707950799
1.771313363
1.82462284
1.773791264
1.827921893
1.780316995
1.843970512
1.817169528
1.83251843
1.795454053
1.824260381
1.821114202
1.841973184
1.861325646
1.914384073
1.960897067
1.929638739
1.899832159
1.9372625
1.853251711
1.807221136
1.691383468
1.891028945
1.90989292
1.693011809
1.696000766
1.697422292
1.696466
1.888219855
1.802346964
1.760097038
1.732488647
1.706405021
1.70677243
1.710487578
1.696778178
1.697817027
1.698890286
1.701882931
1.705973963
1.705494027
1.709256704
1.835272217
1.863350822
1.841159657
1.829749001
1.894285187
1.905415966
1.89360941
1.84627351
1.796442177
1.802946375
1.846086722
1.908268183
1.872777789
1.861076832
1.897407253
1.898011706
1.871521392
1.833130829
1.940504412
1.941418899
1.695058985
1.698196462
1.700872219
1.700631231
1.815162926
1.750981869
1.731329867
1.714628428
1.710357704
1.700355246
1.701195863
1.702183966
1.706720863
1.711291677
1.714267241
1.897656661
1.902760629
1.930920458
1.883160098
1.893853451
1.926482942
1.965658027
1.919835955
1.823702198
1.817391285
1.923714576
1.813996675
1.913492299
1.933501181
1.89441082
1.898914014
1.900997321
1.897282789
1.80401367
1.940739542
1.806964847
1.697669622
1.701274365
1.705785901
1.746411054
1.729855895
1.727564636
1.72306769
1.706672749
1.705455285
1.711408879
1.720622693
1.972355848
1.945710982
1.928095785
1.897165243
1.892340198
1.931971957
1.956096631
1.943269366
1.88155937
1.854368627
1.947239823
1.841481409
1.939181231
1.902561566
1.826950002
1.874527597
1.920739668
1.831513387
1.756061958
1.826642225
1.700980331
1.704599595
1.705864089
1.710065134
1.754742989
1.760001152
1.749194338
1.732638463
1.712968583
1.712783141
1.715856177
1.71838913
1.949832792
1.979297863
1.897648935
1.889642096
1.913155506
1.914866363
2
1.899989194
1.977239265
1.983351354
1.884283266
1.883424206
1.901486015
1.827199728
1.836938863
1.897806799
1.774389195
1.789157577
1.805815145
1.705638029
1.708511287
1.715386183
1.776904066
1.746611947
1.725589915
1.723336209
1.719937971
1.90827383
1.938074296
1.916115978
1.901657799
1.912051834
1.833993643
1.979797463
1.946723683
1.981645361
1.892961223
1.880196846
1.890236226
1.883517741
1.857052373
1.893081675
1.773743438
1.780477773
1.766697329
1.712139124
1.716330653
1.726674435
1.736490205
1.737556436
1.741716398
1.729946946
1.926428486
1.947208969
1.947124565
1.912887959
1.848083257
1.778855479
1.955002607
1.981200777
1.934089145
1.946073435
1.9199837
1.876169943
1.889607812
1.910633774
1.91243112
1.92609496
1.751261311
1.753496208
1.718091253
1.724642446
1.735750083
1.73561432
1.756164425
1.770059575
1.75902294
1.941097132
1.934365047
1.952461582
1.923296844
1.815611192
1.783767557
1.962360338
1.956165116
1.922349835
1.925604946
1.921413861
1.931900337
1.943338801
1.924899534
1.930732257
1.937125721
1.743308631
1.731293789
1.753937484
1.763910069
1.762758788
1.777117963
1.784987344
1.758998211
1.969036055
1.95856174
1.966013409
1.879780321
1.809018366
1.952176347
1.93372678
1.928442572
1.939491841
1.939033818
1.920625624
1.95863422
1.961281213
1.786542213
1.767870043
1.737526705
1.764018467
1.7854085
1.77300309
1.77241104
1.953207602
1.970757474
1.837163738
1.896628129
1.955613526
1.954009684
1.96544118
1.966072431
1.975180653
1.968215202
1.937939454
1.785095322
1.785590321
1.740571428
1.75842372
1.765703312
1.814319799
1.966504162
1.966359525
1.813440337
1.900938426
1.97630003
1.964197064
1.950852341
1.963120377
1.962256928
1.945603687
1.929884351
1.771340777
1.755188145
1.759148474
1.84626735
1.768572049
1.980718242
1.938097962
1.862905
1.96868639
1.937631023
1.93117113
1.93780611
1.930493766
1.923971728
1.756258655
1.788742654
1.847563538
1.757035342
1.77175042
1.957616347
1.930827665
1.938073961
1.908913461
1.92890254
1.916754664
1.918217172
1.774214264
1.88482048
1.779994291
1.750388813
1.948006751
1.924684133
1.898149892
1.90871055
1.907530776
1.905224226
1.743625878
1.811811298
1.756885448
1.972105808
1.904685664
1.891546134
1.893480802
1.873327092
1.761273753
1.752945792
1.809543506
1.863872806
1.928102313
1.895837743
1.898052772
1.812216407
1.793824746
1.837394276
1.847877798
1.884189221
1.890647421
1.884250874
1.848224005
1.844608384
1.840034104
1.848964792
1.947499025
1.908119717
1.857648656
1.843012054
1.905415253
