1.679524795
1.679524795
1.679524795
1.68185351
1.679524795
1.682060568
1.679524795
1.684499634
1.684965006
1.687309073
1.686380151
1.683513959
1.679524795
1.682629724
1.688681327
1.687652089
1.68768759
1.679524795
1.679524795
1.679524795
1.687960586
1.689170946
1.686672774
1.68409336
1.687617487
1.687513934
1.685442375
1.685775469
1.683734326
1.683190369
1.682032636
1.679524795
1.689100328
1.688322909
1.68835864
1.687559104
1.684025289
1.684779856
1.685250441
1.682767209
1.682802048
1.686515576
1.679524795
1.683715268
1.679524795
1.679524795
1.688586868
1.686313564
1.688899592
1.689117067
1.682216745
1.682411767
1.682222457
1.68308619
1.683270692
1.683561962
1.688595203
1.684397415
1.688224822
1.683251644
1.682535532
1.679524795
1.679524795
1.679524795
1.679524795
1.686051284
1.687664336
1.688704782
1.683246146
1.681146105
1.681994475
1.680984424
1.682385406
1.685663454
1.685612802
1.679524795
1.688878246
1.687460177
1.688762062
1.68680154
1.684242849
1.683037388
1.683188151
1.684170339
1.685554426
1.686493729
1.685234093
1.687078737
1.684077187
1.681834219
1.682984967
1.681226029
1.682991748
1.681866849
1.687369439
1.686948287
1.687033638
1.682628456
1.679524795
1.687601885
1.688991559
1.688721306
1.6879196
1.687284154
1.686683998
1.682624182
1.683236361
1.684392866
1.688066205
1.686896143
1.686533363
1.685503744
1.686165763
1.685043652
1.682324507
1.68198022
1.687917586
1.686330958
1.686096282
1.685135297
1.679524795
1.684799227
1.682172548
1.679524795
1.679524795
1.686802937
1.688238093
1.688802604
1.688954117
1.689021713
1.68835591
1.68159746
1.681702018
1.683426799
1.681563527
1.688959108
1.688900759
1.688768095
1.688275435
1.686947545
1.684065657
1.683041599
1.686329071
1.688142502
1.684411067
1.684696355
1.684356851
1.679524795
1.68446149
1.682916104
1.682308659
1.688655636
1.68514844
1.686262822
1.68704393
1.688007529
1.689069532
1.681854287
1.682384211
1.682420864
1.682061117
1.689142899
1.689576919
1.689665939
1.689136733
1.686921834
1.685267688
1.685723506
1.686811628
1.683790242
1.683711524
1.683404843
1.684886851
1.684880398
1.685250799
1.687059067
1.685968115
1.688556242
1.688479993
1.683080683
1.683515961
1.684462886
1.686415498
1.684688884
1.684261096
1.681848929
1.683261749
1.687588245
1.688313733
1.689025698
1.689096942
1.688348943
1.687822016
1.684010046
1.684361733
1.685400837
1.684603334
1.683770158
1.682767973
1.686331109
1.68644639
1.687236843
1.687403765
1.687708085
1.685756819
1.686972001
1.686882683
1.681306642
1.681225521
1.682357106
1.682968689
1.687367875
1.68614172
1.68301473
1.685043294
1.686424236
1.688294445
1.685688957
1.688943066
1.689192453
1.689363114
1.682326154
1.682350199
1.686798633
1.685856451
1.683547341
1.687412985
1.687146262
1.687445779
1.688092012
1.688492079
1.685254314
1.684188658
1.684732837
1.681375711
1.680725686
1.681287963
1.682340908
1.688958274
1.686887849
1.684690658
1.683043825
1.683425979
1.687144601
1.684587905
1.687991209
1.688663047
1.689417735
1.682593949
1.682169297
1.688369186
1.686896958
1.685547838
1.686737891
1.686911527
1.687740181
1.688653532
1.689488989
1.682856537
1.682953821
1.683065475
1.682334355
1.682460158
1.682870481
1.689400583
1.689110646
1.68824068
1.686758081
1.682458989
1.682996166
1.685329879
1.683565355
1.685695943
1.686752864
1.686641724
1.684565063
1.683980837
1.68992947
1.689482346
1.688844522
1.687974903
1.686420156
1.686192704
1.686624565
1.686794922
1.686360347
1.68733086
1.688395332
1.683452516
1.685427018
1.684596657
1.684253599
1.689656303
1.688261096
1.689273808
1.688337256
1.683653811
1.683214968
1.682959736
1.683132607
1.68361176
1.684968614
1.686193126
1.687077463
1.688507783
1.689508569
1.690371736
1.690176176
1.689623283
1.686595085
1.686775051
1.687322454
1.686069841
1.686256411
1.686541352
1.685870389
1.687201097
1.686380417
1.689130425
1.686879089
1.689166653
1.688460305
1.685003803
1.683240933
1.682151192
1.681775797
1.682429361
1.684160686
1.687809641
1.688903973
1.687139784
1.688151552
1.689946323
1.689946137
1.689800547
1.687619421
1.686465064
1.688021412
1.68822972
1.685751801
1.685319376
1.685329706
1.686988454
1.687457945
1.686993094
1.687584426
1.687278286
1.684023076
1.685718764
1.688404489
1.684038888
1.682818257
1.682268752
1.6825825
1.689633048
1.689559965
1.686009964
1.687772386
1.688306977
1.688684231
1.68864467
1.687857252
1.689058279
1.686986776
1.688513305
1.688622236
1.688380171
1.686076449
1.685368889
1.685131853
1.685839875
1.68640015
1.685163861
1.685526928
1.68529314
1.682997678
1.683500791
1.687173177
1.689454707
1.685948765
1.684769468
1.683550712
1.684154945
1.689011945
1.689654203
1.685620886
1.686159897
1.686516225
1.68703397
1.688870946
1.689251269
1.688806639
1.689755469
1.688166507
1.688139138
1.688045343
1.687338221
1.68641178
1.685617456
1.68734369
1.684526378
1.68407411
1.684337174
1.683628322
1.683903141
1.689076262
1.69009375
1.688325619
1.686673052
1.685236332
1.686341776
1.688024583
1.689389985
1.685502614
1.685422379
1.685455161
1.685958224
1.688486341
1.689234615
1.689884805
1.689937774
1.689613549
1.687650764
1.687699271
1.687825737
1.688943764
1.689230774
1.686769367
1.68880066
1.684787963
1.684482945
1.685047343
1.685523203
1.690384039
1.689582152
1.688471327
1.686478912
1.687336517
1.687195281
1.689001728
1.686293357
1.685726861
1.685278185
1.685393921
1.688038513
1.688981836
1.69021544
1.690255478
1.68780026
1.687066088
1.687306925
1.68815011
1.690168447
1.690142904
1.688450385
1.689915345
1.686245193
1.686761047
1.689558693
1.689202364
1.688484034
1.687660583
1.686617365
1.685204183
1.68761223
1.687905649
1.686836674
1.685703004
1.687451033
1.688689293
1.689425711
1.689712028
1.688271678
1.687634606
1.68658765
1.68697013
1.688770188
1.689967355
1.690333479
1.69026656
1.68721149
1.687481449
1.688046806
1.688128656
1.687911956
1.685686171
1.685682322
1.685220944
1.686279382
1.689515217
1.688404309
1.687477905
1.687042963
1.686444741
1.687693122
1.688489673
1.688122239
1.688853282
1.68839464
1.687773176
1.687049941
1.689110859
1.689185288
1.68914505
1.690195709
1.690549275
1.686812595
1.687214511
1.686797563
1.687197931
1.686702775
1.686596746
1.685375504
1.685926588
1.685819001
1.690346184
1.689717879
1.6887615
1.687061052
1.686524847
1.686658467
1.686670428
1.687184142
1.686761533
1.689124713
1.688866884
1.688474805
1.688214389
1.688970475
1.689136782
1.689366872
1.688454676
1.686577479
1.689448894
1.690117801
1.686112925
1.686377861
1.686300952
1.687595728
1.686261513
1.686335906
1.690400437
1.690207001
1.689436456
1.687887948
1.687341137
1.686436196
1.686175784
1.685878923
1.685825461
1.689484945
1.689494175
1.689440812
1.689270813
1.688658129
1.688893139
1.688653264
1.689191196
1.689513658
1.687431102
1.686018063
1.688327338
1.689147734
1.686456933
1.686583565
1.688134354
1.687488487
1.687227055
1.689769042
1.689981681
1.689442957
1.688771372
1.687421847
1.686709673
1.68630202
1.685999076
1.689780528
1.689970077
1.690085077
1.689983534
1.688694726
1.688695615
1.688814683
1.688534798
1.689088225
1.689394765
1.6864952
1.685910313
1.687062003
1.687873354
1.687496002
1.68868216
1.688075703
1.688669332
1.689448933
1.68837512
1.689095449
1.689271554
1.688591115
1.688015699
1.686542507
1.687344784
1.689672967
1.689893822
1.690140756
1.690222528
1.689255787
1.690060755
1.690682871
1.688756887
1.688539397
1.688406157
1.688647103
1.68882048
1.685916165
1.686224868
1.686666624
1.688121618
1.688525756
1.687064505
1.688510941
1.687513685
1.688302824
1.686869158
1.690076268
1.689806099
1.689241438
1.688239575
1.688883041
1.689029405
1.689978152
1.689044279
1.690308861
1.690894098
1.690755486
1.690409262
1.6893139
1.690001845
1.688633212
1.688139659
1.688162662
1.687863613
1.686300135
1.686137996
1.686248158
1.687790263
1.686661968
1.687435344
1.687638698
1.688553024
1.687600351
1.690550063
1.690482411
1.689900329
1.689831838
1.687792177
1.6876847
1.689259957
1.687923532
1.689695927
1.690893168
1.690913543
1.690639561
1.689998982
1.689265354
1.687934386
1.688431005
1.690853106
1.687427829
1.687771455
1.687064053
1.686786604
1.686737178
1.687347091
1.686921553
1.687255928
1.687383518
1.68906904
1.688514725
1.690303785
1.689144227
1.689818507
1.689979278
1.690402493
1.688136637
1.687157306
1.68698428
1.687233794
1.687939278
1.688020391
1.6871155
1.687376125
1.690917824
1.690917751
1.690713952
1.690417668
1.689944079
1.689129418
1.688360925
1.69087446
1.690911427
1.687442592
1.687913963
1.688324685
1.688171352
1.687801518
1.687687762
1.687543531
1.68816243
1.688334493
1.689388863
1.689558471
1.68965063
1.688892875
1.689323733
1.689422306
1.687419751
1.687001683
1.687281955
1.686927844
1.687074908
1.68716274
1.68704742
1.686938336
1.690913869
1.690946759
1.690667873
1.690343772
1.688973101
1.689995802
1.689514983
1.688915663
1.690895862
1.690826179
1.690901318
1.690755018
1.688124043
1.688755468
1.688975735
1.68921236
1.689088099
1.688513002
1.68875479
1.689013203
1.689586719
1.689657829
1.689005184
1.688200751
1.688055177
1.687235358
1.687113917
1.687011208
1.68725133
1.68703902
1.686993377
1.687893038
1.686908584
1.687039415
1.687576818
1.68689651
1.686921088
1.687020552
1.687259651
1.687536571
1.690917359
1.690884534
1.69095874
1.691003757
1.690554473
1.690245124
1.689443223
1.68985756
1.689605196
1.69066265
1.690869591
1.690791246
1.690856156
1.689028914
1.689834461
1.689590988
1.689843837
1.689305773
1.688834783
1.688964306
1.689085973
1.689160957
1.688848379
1.687986687
1.687371317
1.687331505
1.687303516
1.687539031
1.687260333
1.687576071
1.68734501
1.688305589
1.688570225
1.687011601
1.688674944
1.688018542
1.68745934
1.687022079
1.687078475
1.68731486
1.687938966
1.687563084
1.687898995
1.690839494
1.690912501
1.690870529
1.691073945
1.690986705
1.690964575
1.690425425
1.690165768
1.68992319
1.690017666
1.690546538
1.690736611
1.69081724
1.690814668
1.690802048
1.689500011
1.690055726
1.690366066
1.690150062
1.690221913
1.687911306
1.688808334
1.688643256
1.688576733
1.688560777
1.688443519
1.688064622
1.687958585
1.68786819
1.687514941
1.688434952
1.68816889
1.687886128
1.68781217
1.689132833
1.689477534
1.687286231
1.689190103
1.688428116
1.687710089
1.68727073
1.687435144
1.687600736
1.68841019
1.688332531
1.687886556
1.68794127
1.688328248
1.690824355
1.690863114
1.690909536
1.691155493
1.691047865
1.69124296
1.691001109
1.690783225
1.690341877
1.69019441
1.690220992
1.690477575
1.690634943
1.690763462
1.690769174
1.690209916
1.690498364
1.69040394
1.690573262
1.690402054
1.69047074
1.690375324
1.688779367
1.688713577
1.688516251
1.688457762
1.688264905
1.68807316
1.688710136
1.688239195
1.688183635
1.688912266
1.688705902
1.688465532
1.689816213
1.690321622
1.687569964
1.68969632
1.688991584
1.688438437
1.688000569
1.687631028
1.687699219
1.687951597
1.687925517
1.688383584
1.688139441
1.687925664
1.689051874
1.688869163
1.688759509
1.688308273
1.688778767
1.689238229
1.690867629
1.690818828
1.690784247
1.690939389
1.691117444
1.691226866
1.691335253
1.691062139
1.690750213
1.69074811
1.690751747
1.69036977
1.690366325
1.690475285
1.690569021
1.690670495
1.69073035
1.690720551
1.690553786
1.690599031
1.690615491
1.690552098
1.690510158
1.690491185
1.690542349
1.690511765
1.690482178
1.690460745
1.689380603
1.689455486
1.689440419
1.689008622
1.688821158
1.688902364
1.688456491
1.689669026
1.689251774
1.689011963
1.689750832
1.689399802
1.689211495
1.690182842
1.690465754
1.690275492
1.690677727
1.690011298
1.690344831
1.688716933
1.687954104
1.689675645
1.689317319
1.688848023
1.688387622
1.688025648
1.687938777
1.688177848
1.688154975
1.688451777
1.68828605
1.689663066
1.689650498
1.689505083
1.689212347
1.688855244
1.689170959
1.68961785
1.690934697
1.690878915
1.690813741
1.690768991
1.691024941
1.691183897
1.691319134
1.691428891
1.691140959
1.690716804
1.690714961
1.690716178
1.69045854
1.690477609
1.690531726
1.690681863
1.690626288
1.69068611
1.690588064
1.69062296
1.690650068
1.69062713
1.690490211
1.690511557
1.690401775
1.690374777
1.690527595
1.690516816
1.690514722
1.689931953
1.689941773
1.69002528
1.689901292
1.689820446
1.690203082
1.689432315
1.690236858
1.690051403
1.690412269
1.690684496
1.689832437
1.690083532
1.690247326
1.690634697
1.690561809
1.690600209
1.690693632
1.689138428
1.690037781
1.690355602
1.688847629
1.688398004
1.689690236
1.689278332
1.68882791
1.688344
1.688393127
1.688361255
1.688369805
1.688598717
1.688555489
1.689929055
1.690015877
1.689973656
1.690360185
1.689542848
1.689570366
1.689944772
1.689593162
1.690729989
1.690977223
1.690911053
1.69082613
1.690783326
1.69109255
1.691524929
1.691280062
1.691440421
1.691228488
1.690685308
1.692293789
1.691384484
1.690682638
1.690524632
1.690528069
1.690558511
1.690653347
1.690634722
1.691174123
1.690582517
1.69040189
1.69047548
1.690494455
1.690420322
1.690274725
1.69020787
1.690521132
1.690222691
1.690490292
1.690512866
1.690388324
1.690394366
1.690399737
1.690610101
1.690486163
1.690789728
1.690620852
1.690561894
1.690509685
1.690692321
1.690789718
1.690840013
1.690596824
1.690617138
1.690465361
1.69058776
1.690726813
1.690696748
1.690714885
1.69072154
1.690728459
1.690553728
1.690361372
1.689272332
1.690057969
1.690358573
1.690588009
1.68921882
1.688892482
1.688810212
1.689699612
1.689258218
1.688648732
1.688915144
1.688805325
1.688594268
1.688584144
1.688798862
1.688825668
1.689026873
1.690358778
1.690259245
1.690282556
1.690568492
1.689979079
1.690276144
1.690318979
1.6899649
1.689666651
1.691933527
1.69103719
1.690958558
1.690861021
1.691173547
1.691621004
1.691382774
1.691549776
1.691323064
1.69460627
1.694843981
1.691486413
1.693315409
1.693769745
1.692650183
1.696567077
1.690525072
1.690541231
1.690526013
1.690547833
1.69054219
1.692434249
1.691118374
1.693559602
1.691470375
1.690174387
1.690222667
1.690235594
1.690369045
1.690505958
1.690460819
1.690031678
1.690015791
1.69047035
1.690049919
1.690386335
1.689952208
1.690663988
1.690652361
1.690749186
1.690744795
1.690872348
1.69085302
1.690759462
1.690740934
1.690798451
1.690810531
1.690811775
1.690709817
1.690715792
1.690784401
1.69079315
1.690742339
1.690727933
1.69073217
1.690683146
1.690761543
1.690723566
1.690337708
1.689977052
1.690628654
1.689579989
1.690085447
1.690406918
1.690956187
1.690638634
1.689585251
1.689290452
1.68927342
1.689990777
1.689667086
1.689211073
1.689051893
1.689093438
1.689027773
1.688848427
1.689313916
1.68913213
1.689408383
1.690540325
1.690532031
1.690706313
1.690263704
1.690267972
1.690508115
1.690491497
1.690489528
1.690027589
1.690301234
1.689938479
1.692387901
1.694754002
1.691114702
1.692250888
1.691034164
1.691269665
1.691719022
1.691475508
1.691602092
1.691425735
1.697921443
1.697952203
1.697983337
1.69426318
1.695462722
1.698789979
1.700643328
1.690495306
1.690517816
1.690482058
1.691076799
1.695749784
1.6976929
1.696123643
1.693979168
1.694110598
1.689955853
1.690149719
1.690457532
1.690311789
1.690365186
1.689830432
1.689844929
1.690386572
1.689904151
1.690105191
1.68975613
1.689710822
1.690786099
1.690791892
1.690784558
1.690838322
1.690820782
1.690779742
1.69078662
1.690753765
1.690760629
1.690682872
1.69074699
1.690778323
1.690786733
1.69078177
1.690759968
1.690792579
1.690799711
1.690717961
1.690770178
1.69057452
1.690769138
1.701369072
1.690517518
1.690184138
1.690589002
1.689915378
1.689675291
1.690297253
1.689920948
1.691779624
1.690336164
1.701131154
1.715934295
1.693170723
1.694588872
1.689539174
1.689741913
1.689608634
1.689487751
1.689397966
1.70285938
1.700014806
1.696405338
1.690702812
1.690667489
1.690769752
1.690483716
1.690474832
1.690486212
1.690597065
1.690678956
1.690613433
1.690618703
1.690296164
1.690204823
1.692826116
1.694540361
1.694542924
1.697919549
1.691209456
1.695179691
1.692874396
1.695190361
1.691603229
1.691934978
1.691855848
1.692373488
1.69423943
1.702050272
1.702436534
1.698488488
1.703899607
1.705782014
1.690435419
1.691726121
1.692271788
1.694855719
1.700857079
1.701325332
1.704009293
1.699939577
1.699022334
1.689954387
1.690378259
1.690164705
1.690256838
1.689668404
1.689697887
1.690284727
1.689755408
1.689844266
1.68992606
1.689585305
1.689529467
1.690632768
1.690726657
1.69077636
1.690879315
1.69082858
1.690691215
1.690701599
1.690617385
1.690761814
1.690679119
1.690778563
1.690775967
1.690782075
1.690678397
1.690722471
1.690731654
1.690710814
1.690605987
1.690257622
1.690434474
1.710260797
1.723165585
1.689959306
1.689470481
1.69008143
1.689652283
1.689851086
1.689886207
1.694784107
1.698931158
1.712868361
1.732873705
1.728114746
1.722668991
1.702769174
1.718938829
1.699838183
1.707248614
1.709309294
1.712246097
1.707954429
1.690765172
1.690757536
1.69072345
1.690769065
1.691728617
1.690625313
1.690595341
1.690624848
1.692600693
1.690673589
1.690671077
1.690755839
1.690735737
1.69068452
1.690692412
1.690675404
1.690695001
1.695008544
1.69557617
1.697645669
1.697736366
1.704061974
1.70099611
1.69318809
1.697907373
1.695397241
1.697895254
1.697664211
1.694665085
1.694336031
1.69483972
1.69773461
1.706654593
1.707199947
1.706598825
1.710269675
1.711160423
1.69215683
1.696277648
1.69620017
1.701858686
1.710280307
1.709948395
1.709564246
1.710927451
1.691557328
1.690083143
1.69014487
1.689967503
1.689401164
1.689535078
1.689584272
1.690222029
1.689655588
1.689729632
1.689807869
1.689313579
1.689453616
1.690493793
1.690496729
1.690615186
1.691018842
1.690902482
1.690519927
1.690578609
1.690548406
1.690626874
1.690827333
1.690720641
1.690721935
1.690635057
1.69064806
1.690503449
1.690577435
1.690372362
1.713404521
1.694572972
1.694814317
1.690229334
1.727072656
1.732931542
1.689739151
1.689995535
1.689507356
1.689654521
1.689421833
1.689334331
1.689553039
1.689493001
1.700488505
1.705163613
1.727665217
1.738288771
1.737833486
1.73444072
1.732392815
1.710385713
1.728917933
1.722181215
1.721839875
1.719746309
1.715366829
1.690762958
1.690753208
1.6906999
1.696539147
1.697598287
1.690677742
1.694531659
1.692067493
1.690725701
1.690744578
1.690736783
1.690712215
1.691077944
1.690713078
1.690704663
1.690673778
1.700540424
1.699634868
1.701331619
1.701364485
1.701401308
1.705149571
1.700160578
1.697814141
1.700480753
1.699795129
1.701180865
1.69900561
1.6982514
1.701482665
1.711618176
1.710041499
1.714677551
1.715661127
1.716087921
1.710743468
1.697621255
1.702620522
1.717373599
1.717779099
1.718018293
1.716676114
1.689375275
1.690040422
1.689874862
1.689305226
1.689429482
1.689454065
1.689528942
1.692593062
1.699854138
1.689590887
1.68966868
1.68973987
1.689253724
1.689234058
1.689346763
1.690363199
1.690423625
1.691198842
1.691030126
1.690499406
1.690659218
1.690833373
1.690442622
1.690317194
1.690588776
1.690548068
1.690497924
1.69043275
1.690402991
1.690286784
1.719240127
1.702695023
1.741321451
1.73447592
1.689341048
1.704692924
1.690647248
1.689196679
1.689351179
1.689272131
1.689316752
1.689242813
1.689230979
1.705035603
1.709537804
1.732919431
1.735559605
1.740373567
1.737587835
1.742769717
1.714389997
1.731308391
1.728084983
1.724923288
1.719717945
1.690693064
1.690694937
1.690644823
1.690681611
1.690594393
1.6955787
1.700614406
1.699090849
1.695907944
1.690710184
1.690723773
1.690647469
1.69584601
1.693267628
1.690690262
1.704298966
1.703754125
1.704430365
1.704820217
1.704415464
1.708974795
1.7038873
1.704193214
1.703440811
1.704125095
1.703578657
1.703903531
1.703135479
1.704598723
1.706220129
1.715525356
1.713837208
1.720099827
1.720541328
1.720594285
1.710818973
1.723299734
1.723435608
1.721497121
1.716870212
1.689965011
1.694119133
1.689791722
1.689859146
1.689288862
1.689382944
1.689460345
1.689422538
1.689508312
1.702649393
1.707705781
1.689582521
1.689664242
1.689755254
1.68924172
1.689187405
1.689341656
1.690513853
1.690504875
1.691374439
1.691118739
1.690675662
1.690907134
1.690316036
1.69058041
1.690466118
1.690459711
1.690469651
1.69035959
1.690321255
1.690347604
1.690283544
1.690279675
1.690238219
1.690307663
1.718837189
1.723283973
1.744136279
1.737451224
1.694691895
1.70883784
1.689101705
1.698907234
1.689124846
1.689156415
1.689117492
1.745594389
1.708857034
1.713301484
1.73440331
1.739492594
1.737523168
1.741625701
1.731467354
1.717636223
1.728391313
1.723034156
1.690569491
1.690593901
1.693532918
1.690558471
1.69044422
1.690433279
1.698425394
1.70257772
1.700045207
1.705704852
1.693403642
1.692292056
1.696104443
1.699524389
1.697566556
1.696019665
1.70858213
1.707320338
1.708567847
1.707767579
1.71408043
1.707170514
1.707573534
1.707293702
1.706325903
1.707414624
1.70857441
1.708204463
1.718907604
1.719534343
1.724398233
1.724896055
1.72421331
1.710529277
1.726704846
1.716071574
1.725815663
1.721966572
1.689926725
1.69467987
1.689099466
1.689844827
1.689922601
1.695742218
1.701272583
1.689874965
1.689331092
1.689364949
1.689407413
1.689476547
1.689557464
1.705423557
1.689639852
1.689725882
1.689818163
1.689210816
1.689300834
1.689434303
1.69071658
1.690758576
1.691542608
1.691375578
1.691203447
1.690908067
1.691088821
1.690493648
1.690481687
1.690644419
1.690822053
1.690272015
1.690323467
1.690304034
1.690235836
1.69015015
1.690208931
1.690188827
1.690194616
1.690217465
1.690632593
1.690362741
1.72990782
1.747695724
1.742262266
1.713055729
1.704550508
1.689106079
1.689175344
1.689158996
1.744265276
1.748835614
1.750558908
1.712413832
1.716466866
1.737015706
1.734564749
1.738759528
1.730109233
1.720687024
1.725516654
1.697646314
1.690550451
1.694079819
1.691098785
1.701619646
1.703192955
1.706396097
1.70093413
1.698586502
1.701831357
1.702992803
1.70124901
1.709967645
1.713256633
1.710275808
1.712572044
1.711172844
1.720030281
1.710269206
1.710568571
1.711631505
1.711489232
1.70927602
1.710153426
1.724018324
1.727077724
1.728509679
1.728974396
1.728747308
1.709998711
1.729680054
1.71647453
1.721612349
1.726854808
1.693717067
1.689961059
1.695733761
1.70082547
1.690035243
1.689983475
1.689938853
1.689526454
1.689658304
1.689549523
1.689651555
1.689716431
1.702773804
1.689802291
1.689882464
1.689428811
1.689378385
1.689626481
1.689670513
1.689767146
1.691000694
1.69100832
1.691688693
1.691523854
1.691370446
1.691159829
1.691296002
1.690770854
1.690966341
1.691114096
1.691436138
1.690139344
1.690163671
1.690116651
1.690122626
1.690067406
1.690083413
1.690144011
1.690108605
1.69022878
1.690861545
1.690582785
1.69037169
1.731534191
1.746242229
1.714760296
1.722236031
1.709779231
1.703158241
1.690226568
1.74156435
1.747877491
1.753846067
1.753066633
1.716380468
1.719928298
1.735762424
1.733067958
1.728136437
1.723663629
1.701289759
1.6976718
1.694013155
1.693697633
1.704652587
1.70518906
1.707089709
1.705224629
1.704471622
1.707602363
1.706623457
1.710240869
1.713964094
1.716944706
1.712720599
1.715633364
1.716919891
1.726508913
1.714078348
1.717394588
1.715398081
1.712607469
1.712508987
1.73107075
1.735683558
1.734357497
1.731655991
1.732806125
1.708944457
1.731214089
1.715773674
1.722001764
1.727285916
1.694770076
1.697169291
1.696482646
1.691339378
1.690153564
1.690091083
1.696818592
1.690153132
1.690088503
1.690049023
1.690083631
1.69004182
1.690083283
1.690062322
1.702279221
1.690179272
1.692988106
1.690349419
1.691235049
1.691298143
1.691818107
1.691633616
1.691529508
1.691420597
1.691131285
1.691265501
1.691371137
1.691106039
1.691374677
1.692800636
1.690734828
1.690027538
1.690033203
1.690060695
1.690020262
1.690007054
1.68997396
1.690169677
1.690110172
1.690281601
1.691052515
1.690557946
1.690932194
1.690792529
1.690452838
1.732537684
1.744663312
1.726243251
1.718420429
1.710387367
1.738298231
1.754234639
1.745680439
1.753340514
1.75801343
1.72076557
1.723935524
1.731411547
1.727117096
1.735188452
1.701022488
1.696609009
1.705302823
1.694941735
1.709928762
1.707944846
1.710069407
1.711712324
1.712473541
1.717152495
1.714639165
1.715108886
1.721671468
1.721703582
1.732860751
1.719740417
1.723591787
1.718786893
1.717430973
1.740463542
1.742579243
1.740832336
1.736227619
1.733396396
1.708752961
1.731060139
1.715549733
1.725981552
1.721306748
1.708325437
1.727348212
1.691615558
1.690361201
1.690324905
1.721166664
1.694420488
1.697639353
1.690494542
1.705508775
1.697484844
1.703329041
1.690586724
1.692203357
1.690635101
1.690665306
1.701837258
1.69073025
1.715726108
1.705249067
1.691464708
1.691570202
1.691817138
1.691929158
1.691751744
1.691658903
1.691429664
1.691523362
1.691623388
1.691619233
1.691316875
1.691557913
1.690763821
1.692289634
1.689933198
1.690050729
1.689992222
1.6899545
1.689909485
1.690218045
1.690151275
1.690378645
1.691191243
1.690678982
1.690892364
1.690584422
1.738818247
1.749217488
1.735192199
1.728014165
1.742687504
1.759346434
1.752084072
1.760451581
1.724857003
1.729207794
1.731812717
1.739270712
1.709096047
1.698571596
1.702733771
1.694321351
1.712899512
1.711969071
1.715870098
1.713818738
1.71761063
1.714363599
1.721369193
1.716259506
1.718868207
1.727944315
1.741162635
1.727400384
1.72502938
1.724537735
1.750662218
1.75589927
1.741576527
1.734319171
1.730504079
1.706406523
1.725100169
1.714476376
1.719484617
1.690603106
1.690583414
1.735029543
1.731771506
1.692928649
1.695925902
1.690832182
1.716673119
1.716786387
1.716141063
1.691016852
1.710673823
1.693483216
1.702934021
1.697407883
1.698711817
1.69127453
1.72963147
1.692027448
1.719888888
1.691704213
1.691799697
1.69194555
1.691878859
1.691690113
1.691767594
1.691853324
1.691846608
1.69194889
1.69179856
1.691496186
1.691726612
1.691400365
1.690536801
1.690084828
1.689949655
1.690311997
1.69023366
1.690684402
1.691142528
1.690809206
1.692138065
1.761974873
1.75527436
1.745810974
1.75390638
1.741320635
1.749270685
1.765592681
1.766362058
1.75852691
1.730332204
1.737466191
1.747379519
1.706308494
1.710459982
1.69642709
1.699491678
1.693254071
1.716910584
1.717102999
1.718161764
1.715228553
1.72205923
1.718480783
1.726636595
1.718510644
1.724274238
1.744045521
1.731955135
1.733453767
1.731869623
1.731008759
1.749717493
1.762734546
1.737725591
1.724668115
1.73308716
1.699618426
1.706541349
1.718315054
1.710642469
1.690852556
1.721733109
1.744626326
1.744193793
1.695939361
1.694475347
1.693797497
1.692433851
1.728968245
1.729332205
1.697941344
1.714281401
1.707340818
1.704669251
1.698001554
1.698513747
1.742827996
1.692116918
1.732343826
1.691921847
1.691996091
1.69205458
1.692052132
1.691914077
1.691980612
1.692039926
1.692008774
1.691828351
1.691950874
1.691651728
1.691868745
1.692924501
1.6910234
1.691128341
1.691570514
1.693543793
1.693457889
1.766821365
1.761436644
1.752009311
1.758416697
1.77192606
1.768567585
1.737857202
1.758450693
1.748514611
1.693205511
1.703620753
1.707088648
1.697626403
1.694884534
1.71022354
1.720554956
1.722558224
1.71578193
1.731972461
1.733183401
1.724393347
1.692947658
1.721992189
1.746002555
1.737400362
1.738295351
1.737209142
1.750548329
1.764912708
1.732459044
1.721448518
1.700663847
1.701349497
1.709558985
1.723863011
1.757438241
1.756813331
1.698205879
1.697582854
1.742438822
1.742248441
1.705708926
1.726927023
1.716883867
1.711282458
1.702211873
1.703605343
1.758554461
1.69219476
1.707446546
1.744777759
1.736576419
1.692099133
1.692151138
1.692186285
1.692182959
1.69219626
1.692096332
1.692158435
1.692140781
1.692527712
1.692061072
1.692918148
1.692624152
1.694640929
1.693237907
1.693590039
1.695709714
1.772674611
1.780277874
1.76886833
1.787690926
1.767280384
1.775333137
1.750646198
1.766875149
1.694094812
1.703161073
1.699823363
1.695846138
1.708248717
1.720699126
1.72682379
1.713756062
1.746834906
1.737940578
1.728517478
1.7316254
1.694125211
1.694053302
1.729839975
1.7414938
1.741499876
1.739826833
1.746762174
1.752309794
1.753868197
1.717945324
1.726089573
1.708562584
1.703655006
1.702841315
1.770763105
1.703226237
1.756188742
1.755110646
1.730429595
1.711949019
1.719462085
1.709393581
1.710791767
1.773465242
1.785516934
1.692264273
1.714866245
1.720199956
1.757787162
1.744510737
1.692242904
1.692280238
1.692284141
1.69229442
1.692248471
1.692311578
1.692579142
1.693697771
1.695238244
1.693311013
1.694414078
1.694385673
1.696602636
1.69757889
1.696898813
1.801077474
1.79253444
1.804242643
1.791322909
1.775813489
1.775741951
1.763011539
1.694975072
1.701845769
1.697260491
1.707738382
1.717514912
1.702203558
1.74831047
1.718715129
1.738129919
1.7316103
1.695396364
1.695782562
1.698018362
1.741776808
1.756162929
1.735219136
1.740745802
1.75137143
1.734857741
1.737271238
1.715889197
1.707927361
1.710959834
1.703881358
1.730395794
1.768848491
1.719944645
1.719182147
1.790574476
1.80755841
1.692329266
1.729959618
1.739306411
1.781224025
1.771181577
1.757855024
1.692333609
1.692356257
1.692367234
1.692492691
1.69235443
1.694913641
1.69414449
1.6952653
1.699195478
1.69490228
1.699758094
1.695918993
1.698443446
1.82872868
1.825053482
1.805107889
1.787636657
1.772587146
1.69598132
1.697670974
1.696822753
1.698533298
1.708281461
1.711592154
1.703432242
1.76238805
1.717343615
1.738670614
1.727479896
1.697764554
1.701406697
1.700958639
1.779735685
1.760194161
1.733060731
1.760047977
1.726381265
1.727692145
1.716160507
1.709163346
1.708530142
1.716880489
1.816049087
1.69236301
1.74031453
1.75325617
1.793122719
1.777895258
1.838270224
1.692372377
1.692881956
1.692906305
1.696589999
1.69375689
1.696205415
1.695825732
1.701820651
1.696283748
1.699424953
1.697605988
1.697600592
1.857376019
1.84539713
1.830012739
1.811928853
1.787335739
1.69847262
1.697103599
1.70088686
1.69974076
1.699784542
1.777641538
1.712517523
1.707926421
1.704306289
1.716312737
1.744851151
1.724808646
1.704188432
1.703926888
1.707713526
1.803051669
1.77898862
1.77633013
1.814838989
1.733312573
1.720322681
1.731265075
1.714104237
1.717105607
1.729139233
1.834743452
1.845534933
1.814993516
1.692354513
1.758833892
1.773200624
1.795126549
1.846806408
1.694474891
1.695509844
1.696237686
1.697994852
1.696821011
1.697222985
1.699612677
1.697945006
1.698678549
1.699159692
1.878562595
1.871268474
1.850607478
1.851945174
1.816212841
1.700602537
1.703839555
1.701868582
1.701762648
1.766892874
1.709862332
1.704984573
1.720246977
1.706082416
1.703353178
1.700890343
1.707486046
1.711686629
1.821093604
1.770684098
1.853904667
1.73271028
1.726998169
1.7461952
1.728164497
1.749270064
1.845519231
1.830624025
1.867959533
1.828980512
1.841992192
1.81701511
1.780978856
1.695267094
1.7833423
1.805493926
1.84331059
1.697270535
1.698208491
1.699055634
1.699685742
1.700264019
1.698994979
1.700975392
1.700099546
1.884996327
1.883270038
1.874816004
1.858589194
1.802483231
1.704813913
1.709605575
1.709062911
1.706189851
1.709258945
1.722156087
1.710275016
1.703002559
1.701893405
1.705003158
1.708909073
1.7137443
1.712781003
1.789091896
1.743486745
1.823408838
1.778100335
1.800105536
1.766972249
1.776066317
1.802631075
1.813000732
1.826108804
1.824631308
1.80139363
1.830370157
1.891382063
1.877399575
1.831316801
1.861631706
1.697463409
1.826821303
1.885913381
1.699845096
1.701161915
1.702802932
1.700999338
1.702351934
1.921567163
1.879430152
1.80547646
1.736574889
1.713423844
1.713359666
1.715174322
1.718222133
1.702675433
1.703451702
1.704320657
1.706753515
1.71067375
1.716091722
1.778964459
1.832066153
1.781586288
1.835262445
1.787954052
1.851894115
1.825232592
1.840776356
1.803718611
1.832454094
1.829507774
1.850024639
1.869376667
1.922827266
1.969317408
1.938072939
1.908072178
1.945625713
1.861316607
1.815807178
1.699384531
1.899181619
1.918201137
1.700986549
1.704030997
1.705519128
1.704635376
1.896659553
1.810900052
1.768696728
1.740895283
1.714500054
1.715000051
1.718730615
1.704996731
1.706067342
1.707153017
1.710182123
1.7143007
1.713793966
1.717601953
1.842809764
1.870609634
1.849054041
1.836910825
1.901418462
1.912701573
1.9010682
1.854610607
1.804821904
1.811160395
1.854625283
1.916786762
1.8807429
1.869144106
1.905872241
1.906381839
1.879736349
1.841096961
1.948130824
1.949218212
1.703002537
1.706177321
1.708927294
1.708767598
1.823197376
1.759351183
1.73980586
1.723100166
1.718773311
1.708550936
1.70943146
1.710462742
1.715009603
1.719636731
1.722643072
1.905209382
1.910902882
1.938354135
1.890155572
1.901011157
1.933479827
1.972717188
1.928377393
1.832189466
1.825639261
1.932372526
1.821966735
1.921984278
1.942086731
1.902283066
1.906869292
1.909338618
1.905430124
1.811781273
1.947893015
1.814308144
1.70557547
1.709223747
1.713858089
1.754164643
1.737867513
1.735751749
1.731377551
1.714803669
1.713657416
1.719619964
1.728858016
1.980283795
1.954151184
1.935773756
1.904167993
1.899730305
1.938902308
1.962990242
1.951991781
1.890052298
1.862518118
1.955915301
1.849263283
1.947640728
1.911204148
1.834684394
1.882420429
1.928912638
1.839113582
1.763232878
1.833525904
1.708850449
1.712492213
1.713829278
1.718057407
1.76216844
1.7676581
1.757074529
1.740663577
1.721000643
1.720841992
1.723743858
1.726364274
1.958089802
1.987996815
1.905613433
1.89704792
1.920363455
1.92193728
2.00880669
1.907935129
1.985579539
1.991867694
1.89190015
1.89180182
1.910158555
1.834854942
1.844886888
1.90530166
1.781328733
1.796214614
1.812857137
1.713481246
1.716381149
1.723272202
1.784141291
1.754036523
1.733240195
1.731193027
1.727662727
1.916827538
1.946941897
1.924284982
1.909555049
1.919770528
1.841586007
1.988537527
1.954662638
1.989828372
1.900484862
1.88866306
1.898938382
1.891181025
1.865120925
1.900530639
1.78080864
1.787607398
1.774187152
1.719959363
1.72414598
1.73446226
1.743754932
1.744968761
1.749279604
1.73764445
1.935160682
1.956128259
1.955691516
1.92131961
1.856394409
1.787025558
1.963728413
1.989519143
1.941742456
1.953845418
1.92737947
1.884620786
1.898334295
1.918321964
1.920512725
1.933595539
1.758648261
1.761450798
1.725925211
1.732437628
1.743515093
1.743260943
1.763739957
1.777678903
1.766730525
1.949959145
1.943287951
1.961352487
1.932145496
1.824380369
1.792338935
1.970806768
1.964067858
1.929745317
1.93303766
1.928785946
1.940641816
1.951770103
1.93282372
1.938462276
1.945853746
1.751502723
1.739230741
1.761808068
1.771916683
1.770748287
1.785025479
1.792899625
1.767638668
1.97765647
1.9674866
1.974973685
1.888754676
1.817944122
1.960283185
1.941281072
1.935721112
1.946736848
1.946559389
1.929006261
1.966632266
1.970070453
1.795327607
1.776280043
1.745684329
1.772216529
1.793665435
1.781185187
1.781056361
1.96175568
1.979437286
1.845884365
1.90538358
1.963487245
1.961380657
1.972663369
1.973459046
1.983125343
1.976702136
1.946768797
1.793742441
1.794092165
1.748881548
1.766753469
1.77408633
1.822831874
1.974592863
1.97458257
1.82183834
1.9092527
1.983825032
1.971437158
1.958215543
1.970611826
1.970209717
1.954088937
1.938750136
1.779763411
1.76347305
1.767482195
1.854478942
1.776843207
1.98838269
1.945901913
1.870887363
1.976007876
1.9449584
1.938803908
1.945773596
1.939016329
1.932866306
1.764515531
1.796891621
1.855445274
1.765150742
1.779791562
1.965049027
1.938437152
1.945462318
1.916597441
1.937041376
1.925331367
1.92712702
1.782270212
1.892496233
1.787862716
1.758392055
1.955500633
1.932441776
1.906364459
1.917347661
1.916430886
1.912917715
1.751740226
1.81964484
1.764883963
1.980003847
1.912954557
1.900234677
1.902329215
1.881219348
1.76943904
1.761234405
1.817595665
1.872004393
1.936439719
1.904494974
1.906885948
1.820639822
1.802138165
1.845669027
1.856286515
1.892819621
1.899406143
1.89268305
1.856655405
1.853057557
1.848617561
1.85762594
1.955841808
1.916580087
1.866165787
1.851559344
1.913853528
