1.683497905
1.683497905
1.683497905
1.682489472
1.683497905
1.68163805
1.683497905
1.682107348
1.682368903
1.684975561
1.682652893
1.681446305
1.683497905
1.68208435
1.686812546
1.686679326
1.688839563
1.683497905
1.683497905
1.683497905
1.683980274
1.688579424
1.683142524
1.682120993
1.69154614
1.692470262
1.690900867
1.691732678
1.691971635
1.681913675
1.681749111
1.683497905
1.687265468
1.691842262
1.685834644
1.684285099
1.693290475
1.694126704
1.694637692
1.691196883
1.691242923
1.682742507
1.683497905
1.681614926
1.683497905
1.683497905
1.691017918
1.694155853
1.689661054
1.687404621
1.693311821
1.691777313
1.694410515
1.695152712
1.689300738
1.689653226
1.684908368
1.681714197
1.685379673
1.681798219
1.681841203
1.683497905
1.683497905
1.683497905
1.683497905
1.694515076
1.69282589
1.691109067
1.68971869
1.691706526
1.690691602
1.69311316
1.694703346
1.689012424
1.689109574
1.683497905
1.690050544
1.684011218
1.688403624
1.683027216
1.681301266
1.681183213
1.68154514
1.694910371
1.69460417
1.694142305
1.68884545
1.689535946
1.688565865
1.689595541
1.688617679
1.691919734
1.688829287
1.693427204
1.691578316
1.690825969
1.690533614
1.681786305
1.683497905
1.692754768
1.688440168
1.685547687
1.683691034
1.683152547
1.682694584
1.6943947
1.695085377
1.695189642
1.690298045
1.688516323
1.687703289
1.687314727
1.687732337
1.688295019
1.690390197
1.691789436
1.692354666
1.692969869
1.692625235
1.693234353
1.683497905
1.681672907
1.681768826
1.683497905
1.683497905
1.693379339
1.691056487
1.689206081
1.687930916
1.686604476
1.684117085
1.692985767
1.694214625
1.694824555
1.693129889
1.690079682
1.688861142
1.688595143
1.68857154
1.688506045
1.689106992
1.689802036
1.693793446
1.693132686
1.693595876
1.692580721
1.692374931
1.683497905
1.681149591
1.681696727
1.682263826
1.684842829
1.694040241
1.693122728
1.692437456
1.691436599
1.689014071
1.690822455
1.690383236
1.693662644
1.691189879
1.692221483
1.691666876
1.691084533
1.690008924
1.688489589
1.688475389
1.6944966
1.694621341
1.691882527
1.693716844
1.691871504
1.691256929
1.691046774
1.682410039
1.683242472
1.683235941
1.689680255
1.687211681
1.693790376
1.694077997
1.69419291
1.693060376
1.68856204
1.688770205
1.691647149
1.689400541
1.694569519
1.694209176
1.693010482
1.69069196
1.689325937
1.688755686
1.69462452
1.695233909
1.690311785
1.690206589
1.690471069
1.692574437
1.690872795
1.690707671
1.690443611
1.686865711
1.686659868
1.692738024
1.690876552
1.689614941
1.692201296
1.693224079
1.693838089
1.692744973
1.688429001
1.68814581
1.688728805
1.695624171
1.695304205
1.693624048
1.695159956
1.692071737
1.691182792
1.690566133
1.693169073
1.694121838
1.689608683
1.689106958
1.689839953
1.691579302
1.691966276
1.692499194
1.69164049
1.690671957
1.690684111
1.692134747
1.691265981
1.689610956
1.690724002
1.691171347
1.691163126
1.689445388
1.687836798
1.687255124
1.694968499
1.694456786
1.694426358
1.694837748
1.693970091
1.693808619
1.692752746
1.690742916
1.691809281
1.689565129
1.688639033
1.68859956
1.693119985
1.693141922
1.6929612
1.692583467
1.691707694
1.690218944
1.690653659
1.687492006
1.68824148
1.688974558
1.689291724
1.689983761
1.693386851
1.687925355
1.686884143
1.692470833
1.693195282
1.695122811
1.694165717
1.695662942
1.6958643
1.695598449
1.689096232
1.68989123
1.692635637
1.6900179
1.689100233
1.688821422
1.693007817
1.69299488
1.69242521
1.693419351
1.692910154
1.69381472
1.694078861
1.688066698
1.686829741
1.687420652
1.687944259
1.690917507
1.694162991
1.689019183
1.688023643
1.690866769
1.692136967
1.694385027
1.695524709
1.695956091
1.695779988
1.689500307
1.689015928
1.69459186
1.694241892
1.691596918
1.690877604
1.690482563
1.692159062
1.692229026
1.692024288
1.693233438
1.69415464
1.694914714
1.687854448
1.687886398
1.688111445
1.692473754
1.694853109
1.691251105
1.690179627
1.690172048
1.691501768
1.692702516
1.693691301
1.694632671
1.695225782
1.68997066
1.690277886
1.695413538
1.695268598
1.693755083
1.6933208
1.692692382
1.691708881
1.69191968
1.692253542
1.692199482
1.692613487
1.693503968
1.694451367
1.689931434
1.689989495
1.694569064
1.693173328
1.69212106
1.694686614
1.689776615
1.690187481
1.690001241
1.690590026
1.691757843
1.693386824
1.69198155
1.692067579
1.69516176
1.695344287
1.694800144
1.69440752
1.692163689
1.691363806
1.692028253
1.691185156
1.693099274
1.692942171
1.693543651
1.691475206
1.692184878
1.693195745
1.691695054
1.691926889
1.694401139
1.6934308
1.692569136
1.692810595
1.693509871
1.689275523
1.690770142
1.688913354
1.68934451
1.690748925
1.690789977
1.694100993
1.693406229
1.694357523
1.694643056
1.694770698
1.695011264
1.6933157
1.693257183
1.691131875
1.692446077
1.69057525
1.693670793
1.693861988
1.690485425
1.69095396
1.692076753
1.690477827
1.691805229
1.693094699
1.692245165
1.691755726
1.691887122
1.689781086
1.692104804
1.68935502
1.689453356
1.69057998
1.690174558
1.69508556
1.694494955
1.692664704
1.693117755
1.693843146
1.69478889
1.694164953
1.694087719
1.691537249
1.693275487
1.690853739
1.694231457
1.693597119
1.693481488
1.69034523
1.690576388
1.690716755
1.690269053
1.690887374
1.691342879
1.690869344
1.690882699
1.69224358
1.691145879
1.690828539
1.690769253
1.690714319
1.695513015
1.695076716
1.690960156
1.691549986
1.692688993
1.69428556
1.694751765
1.694640259
1.693117194
1.692076162
1.693211204
1.694305637
1.693661889
1.693058281
1.691744482
1.69145978
1.690040604
1.690855594
1.690829557
1.691178229
1.694028507
1.69300796
1.692116585
1.691572359
1.695642973
1.694124303
1.695593029
1.689985276
1.690472622
1.691637164
1.694864613
1.694667224
1.693980817
1.693541435
1.69292257
1.692923239
1.693809856
1.693208422
1.69308441
1.693228812
1.69258567
1.690885001
1.692209825
1.692331691
1.694824177
1.693793896
1.692921979
1.692026687
1.695077829
1.693153397
1.695030787
1.690273002
1.690158072
1.69050659
1.694530383
1.69325559
1.694549323
1.694469365
1.694468342
1.692985842
1.692569739
1.692309275
1.692280794
1.693569762
1.693453098
1.694306563
1.69327779
1.692228238
1.693538752
1.69337793
1.694458423
1.693838049
1.693628443
1.691132564
1.693653871
1.692009023
1.693670631
1.691391201
1.690844526
1.690666266
1.691958601
1.693682806
1.692241786
1.693944786
1.694727461
1.69427656
1.692842113
1.692218304
1.691694831
1.691350117
1.694069803
1.693844134
1.693372425
1.694802284
1.694676479
1.694330188
1.693619118
1.693578263
1.693240313
1.693603042
1.690953402
1.69194646
1.692562559
1.692816921
1.692043649
1.691436328
1.691201913
1.691388169
1.692472849
1.692745806
1.693428166
1.69335088
1.692731218
1.69207889
1.691554963
1.691179809
1.694079699
1.694057914
1.693947794
1.693843775
1.693406963
1.695036426
1.694152151
1.695010877
1.694716381
1.692757177
1.692669282
1.691304414
1.691758275
1.692221817
1.694175653
1.693270022
1.692190163
1.690940186
1.691100368
1.691463983
1.691757031
1.692342381
1.692888005
1.692418904
1.692054132
1.69161646
1.693623819
1.693518803
1.694010849
1.693770504
1.693886086
1.693642175
1.694708359
1.693318904
1.695069838
1.695262348
1.692409746
1.692087286
1.692332441
1.695070774
1.693757073
1.694771823
1.693148729
1.690998543
1.690757054
1.69070268
1.691780325
1.690968656
1.693382574
1.693223955
1.693058624
1.69210987
1.693125144
1.69295501
1.69316952
1.693210829
1.693884376
1.693435374
1.693905259
1.693879278
1.693491451
1.694389581
1.694966575
1.693062437
1.693070003
1.695016701
1.694243559
1.694710498
1.693821252
1.691768645
1.691554562
1.691094609
1.690816962
1.69093005
1.693951052
1.694093443
1.6934566
1.694291511
1.693137865
1.693406692
1.693063311
1.692735342
1.692818392
1.692662151
1.692868656
1.693398383
1.693651477
1.693617122
1.692692004
1.693413877
1.693944605
1.69376738
1.694232863
1.694326151
1.693917647
1.69122106
1.691591353
1.69265507
1.692006773
1.691468461
1.69191526
1.693902977
1.69420284
1.694390041
1.694528543
1.694447304
1.693210634
1.693442628
1.692748011
1.692327394
1.692421326
1.692959642
1.692574861
1.693033621
1.692978191
1.692630261
1.692054914
1.692563708
1.693116148
1.693576568
1.693657013
1.693619852
1.692891666
1.69163946
1.691686358
1.693717087
1.694687973
1.69266242
1.693195247
1.693191011
1.694902792
1.693285003
1.69355929
1.694139269
1.694688031
1.694744855
1.694224045
1.694491033
1.693280549
1.693365602
1.692719196
1.692416463
1.692133245
1.692111585
1.692195841
1.692994418
1.693201099
1.692379521
1.691977538
1.691931072
1.691936161
1.692346031
1.693029492
1.693073162
1.692930203
1.692680111
1.692400178
1.69235168
1.693351344
1.694876667
1.694109971
1.694299603
1.694612062
1.693759315
1.69236391
1.693502214
1.692598944
1.694192284
1.694046505
1.693666981
1.693261376
1.693245641
1.692558918
1.692230476
1.691910296
1.692003053
1.691931334
1.691740652
1.693077956
1.692838312
1.693167603
1.692631131
1.691658725
1.691568041
1.69141487
1.69157225
1.692580623
1.693077655
1.693250112
1.693162628
1.693482889
1.693554331
1.694178823
1.694440987
1.694749435
1.694146855
1.693308447
1.69307313
1.692533536
1.693118425
1.693450874
1.691693411
1.69338108
1.692642664
1.691898179
1.693447178
1.693256944
1.692929542
1.692437814
1.692151995
1.693178219
1.693111249
1.693115449
1.69312008
1.692345957
1.692051883
1.691760219
1.691851151
1.691657921
1.692444581
1.692957838
1.692696898
1.692973668
1.691325814
1.691520022
1.691503878
1.691634678
1.693680885
1.693733616
1.693801882
1.694249881
1.694297488
1.694334349
1.694259065
1.692970301
1.693982469
1.692634451
1.692418669
1.692604589
1.69218178
1.692499167
1.691424898
1.691370435
1.692708254
1.691322793
1.691580936
1.691972505
1.692740708
1.692687876
1.692300415
1.69186588
1.692062735
1.691848054
1.692979339
1.693094161
1.693063812
1.69300634
1.69303187
1.693001484
1.692149285
1.691921186
1.691779399
1.691750506
1.692252796
1.692562301
1.692784234
1.692838527
1.692869995
1.691338669
1.69158613
1.691928206
1.691753299
1.691858472
1.692229954
1.694160106
1.694029339
1.694136242
1.69436618
1.69440736
1.694191169
1.692437627
1.693519967
1.693439209
1.69187499
1.691896914
1.691981466
1.691986825
1.691301225
1.691281132
1.692223028
1.691264843
1.6913737
1.69175013
1.692286043
1.692110112
1.69198604
1.691651141
1.69164835
1.691783138
1.691785582
1.691616269
1.692962006
1.693005747
1.693010323
1.692906025
1.692939701
1.692819935
1.692916233
1.692879834
1.692019595
1.691879753
1.69188259
1.692152105
1.692378732
1.692645495
1.692746665
1.691657908
1.692084333
1.692090161
1.692445081
1.692059286
1.692159411
1.6920323
1.691971166
1.691837061
1.693676006
1.693681788
1.693899765
1.693881553
1.692158558
1.693106763
1.692662145
1.69168496
1.691642232
1.691662448
1.691383838
1.691725924
1.691906513
1.691337104
1.691268871
1.691373609
1.691567666
1.69187792
1.691859691
1.691670317
1.69170996
1.691535558
1.691624727
1.691724819
1.691527802
1.691523692
1.691521512
1.691580791
1.691497825
1.691496129
1.692943721
1.692929011
1.692886811
1.692917673
1.692843653
1.69276824
1.692749831
1.692820489
1.692771897
1.692831347
1.692852553
1.692026961
1.692020665
1.692161035
1.69229061
1.692466668
1.692612862
1.692669303
1.692301852
1.692232874
1.692573336
1.692837006
1.692877579
1.69228309
1.692569875
1.692353677
1.692249307
1.69217298
1.691966234
1.691826299
1.691719734
1.692961378
1.692978515
1.692670744
1.69320053
1.692059961
1.692196793
1.692407127
1.692372351
1.691618809
1.691550108
1.691602084
1.691876568
1.691660555
1.692422092
1.691489134
1.691722668
1.691456203
1.691613595
1.691343194
1.69127905
1.691284996
1.691393655
1.691585211
1.691653135
1.691534094
1.691571967
1.691494809
1.691532875
1.691585196
1.691554706
1.691533066
1.691480036
1.691465305
1.691449016
1.691532834
1.692862491
1.692859691
1.692860807
1.69283215
1.692795462
1.692745599
1.692693681
1.692693178
1.692722568
1.692739162
1.692795574
1.692817161
1.6921471
1.692202314
1.692292662
1.692636419
1.69243053
1.692560649
1.692424539
1.693037287
1.692825498
1.692784461
1.692817602
1.693073813
1.693159755
1.693108836
1.692560883
1.692411558
1.692350896
1.691793483
1.691990336
1.691917575
1.6925657
1.692545018
1.692490338
1.692525679
1.692219271
1.692257173
1.69250749
1.692730424
1.691670053
1.691770942
1.691937963
1.692133391
1.691996392
1.692040254
1.692901366
1.691425852
1.691496187
1.691733654
1.691414258
1.69140264
1.691347104
1.691274428
1.691290485
1.691435002
1.691434584
1.691464707
1.691482407
1.691438056
1.691429897
1.691653609
1.691695488
1.691666677
1.691961171
1.691496454
1.691495467
1.691638266
1.691491058
1.69280355
1.692772982
1.692766408
1.692775732
1.692753957
1.692699107
1.692650071
1.692662565
1.692629673
1.692637659
1.692713003
1.694378756
1.693487127
1.692764336
1.692312696
1.692382122
1.6924359
1.692636509
1.692539469
1.69316431
1.692515474
1.693468254
1.693304901
1.693197501
1.692964766
1.693379846
1.69333725
1.692522357
1.693246955
1.692701925
1.692581902
1.692245984
1.692108447
1.692185474
1.692733143
1.69260148
1.692869486
1.692520076
1.692502834
1.692522046
1.692750178
1.692877551
1.692993013
1.692235868
1.692328041
1.692079993
1.692029428
1.692559437
1.692350487
1.692370763
1.692409921
1.692593531
1.693304474
1.693574126
1.691418179
1.691508279
1.69174121
1.692041207
1.691397375
1.691392923
1.691300088
1.691353873
1.69127612
1.691351634
1.691299772
1.691332516
1.691381527
1.691402045
1.69138334
1.691360383
1.691370381
1.691943415
1.691843812
1.691860417
1.692181045
1.691647907
1.69185295
1.691891163
1.691639443
1.691500124
1.693948025
1.692677852
1.692670088
1.692676312
1.692610386
1.692616891
1.692595906
1.692579675
1.692563418
1.69664915
1.696934249
1.693532265
1.695392693
1.69587766
1.694742963
1.698685255
1.692505649
1.692469391
1.692556475
1.692555966
1.692532455
1.694469843
1.693113992
1.695616133
1.693528841
1.69359335
1.693494431
1.693166816
1.692989348
1.692594783
1.692731659
1.693502174
1.693412599
1.69269866
1.693310222
1.692921268
1.69370268
1.69253158
1.692454828
1.692660217
1.692741832
1.693044949
1.693035565
1.692807956
1.692804057
1.693006743
1.693086107
1.693075219
1.69247483
1.69245624
1.69276491
1.692801037
1.692553402
1.69238889
1.692405423
1.693038366
1.69278428
1.692948464
1.693653165
1.693768362
1.693313586
1.691464695
1.691529694
1.691801382
1.692684225
1.692151973
1.691451461
1.691386609
1.691284666
1.691494241
1.691351903
1.69129813
1.691297908
1.691315205
1.691337573
1.69133876
1.691348667
1.691348893
1.691392061
1.692125625
1.692122931
1.692422987
1.69184638
1.691853498
1.692102924
1.692094604
1.692091041
1.691665852
1.691882092
1.691604732
1.694239425
1.696678428
1.692583792
1.693859847
1.692567313
1.692528963
1.692597617
1.692541011
1.692543593
1.692502389
1.700014979
1.699925313
1.700028198
1.696345415
1.697572657
1.700922664
1.702758468
1.692642795
1.692607543
1.692676792
1.693202606
1.697854653
1.699839094
1.698261775
1.696088757
1.696285046
1.693607544
1.693185115
1.692716369
1.692966076
1.692868947
1.693514767
1.693407318
1.692817601
1.693310493
1.69314287
1.693608026
1.693694885
1.69283502
1.693014299
1.692919166
1.693089714
1.693000694
1.693092521
1.693075308
1.693181265
1.693011696
1.693180742
1.693135492
1.692727696
1.692765034
1.692722877
1.693178263
1.693014838
1.693021646
1.693037031
1.692760153
1.693442089
1.692775886
1.703376771
1.693428962
1.693775276
1.693380445
1.693838418
1.693773903
1.69374295
1.691589318
1.693437816
1.691741246
1.702648555
1.717819731
1.69488874
1.696018121
1.691334095
1.691386623
1.691364748
1.691345211
1.691354184
1.704498806
1.701709319
1.698140147
1.692419041
1.692363038
1.692681254
1.692095869
1.692093494
1.692110046
1.692255007
1.692408909
1.69230999
1.692345182
1.691863696
1.691781658
1.693600947
1.696243452
1.696012098
1.699711469
1.692494608
1.696443781
1.694187371
1.696305929
1.692680715
1.692777662
1.692750092
1.693301688
1.694971821
1.704095958
1.704354123
1.700631938
1.706040655
1.707842549
1.692742789
1.693956716
1.694609361
1.697117367
1.70303421
1.7035435
1.706228952
1.70218017
1.701306068
1.693222527
1.692807209
1.69305128
1.692939903
1.693455995
1.693341091
1.692884448
1.693245407
1.693165335
1.693092551
1.69352929
1.693611418
1.693338874
1.693225825
1.693123918
1.692844324
1.692834946
1.693272855
1.693246914
1.693206526
1.692850561
1.69304112
1.692990691
1.692972301
1.693072667
1.693325857
1.693231833
1.693087816
1.693132726
1.693402063
1.69381265
1.693656271
1.712645835
1.725520897
1.693983092
1.693677909
1.693878306
1.693853597
1.693977622
1.693941706
1.696340943
1.700474051
1.714362348
1.735267356
1.730137775
1.724403504
1.704302513
1.720435893
1.70130287
1.708730228
1.710806959
1.713748736
1.709467827
1.692692829
1.692648737
1.693176287
1.692962171
1.693363053
1.692382907
1.692329179
1.692420365
1.694368802
1.692639686
1.692421471
1.692796142
1.692612854
1.692636623
1.692518611
1.692511398
1.692707712
1.696606716
1.696260389
1.69916079
1.699032115
1.705775384
1.702616432
1.694248934
1.699000198
1.696386199
1.698823106
1.698298862
1.695508739
1.695083419
1.695603131
1.698363519
1.708601911
1.708975416
1.708769591
1.712346529
1.713115163
1.694611098
1.698640671
1.698657196
1.704227496
1.712482255
1.712222191
1.711905157
1.713335354
1.694125492
1.693027056
1.692956331
1.692989645
1.693476728
1.693329759
1.693209822
1.692925735
1.693120725
1.693044577
1.692973488
1.69340935
1.693405173
1.693380636
1.693331882
1.693341739
1.692589323
1.692629619
1.693279081
1.693270261
1.693094194
1.692921782
1.692644929
1.692816269
1.693219401
1.693336505
1.693347627
1.69340308
1.693409125
1.693300657
1.716170653
1.697377512
1.698051358
1.693864874
1.729927785
1.735668149
1.694019076
1.693997835
1.693966262
1.693976407
1.693730606
1.693535121
1.693893676
1.69390365
1.702101406
1.70676429
1.729394286
1.741227055
1.740480884
1.736705696
1.734392193
1.711975282
1.730648423
1.723689824
1.723362926
1.721299731
1.716954354
1.692949106
1.692956739
1.693212074
1.698314011
1.699613946
1.692673048
1.6965705
1.694292478
1.692692446
1.692946026
1.692675928
1.693046569
1.693339082
1.692685216
1.692800766
1.692959345
1.7023303
1.700248811
1.701908436
1.702681354
1.702496881
1.706600564
1.7007909
1.698580957
1.701387195
1.700566487
1.701738448
1.699631321
1.698874552
1.702022618
1.71342051
1.71161259
1.71677869
1.717631674
1.71790285
1.713203853
1.70019612
1.705091844
1.719524695
1.719992811
1.720288268
1.719005536
1.693313767
1.692916405
1.692885498
1.693220765
1.693226684
1.693102574
1.693024634
1.695347717
1.70249347
1.69294048
1.69287475
1.69280775
1.693115191
1.693262913
1.693131042
1.693187245
1.693216213
1.692384558
1.692432748
1.693059505
1.692737783
1.692552918
1.692863534
1.693047109
1.69338375
1.69343239
1.693461747
1.693471043
1.693406556
1.693209489
1.722492697
1.706359281
1.744660464
1.737775423
1.693888898
1.708820685
1.695081517
1.69370994
1.693842125
1.693541929
1.693689254
1.693435204
1.693641833
1.706840922
1.711327395
1.734912531
1.737790923
1.743278411
1.740052266
1.746099738
1.71618174
1.733307796
1.729838663
1.726692746
1.721500685
1.693193418
1.693159991
1.693215219
1.693163438
1.693365596
1.698058654
1.702652848
1.701397332
1.698260009
1.692919406
1.692927563
1.693193339
1.698414552
1.695720133
1.692960073
1.706369411
1.704335591
1.704968493
1.705944346
1.705310171
1.710221221
1.704432777
1.704699038
1.70404014
1.704762985
1.704314378
1.704410602
1.703642629
1.705079009
1.70672385
1.717153546
1.71520643
1.72209623
1.722371056
1.722237098
1.713329248
1.725331729
1.725507393
1.723616339
1.719085531
1.692810098
1.696828504
1.692716757
1.692736841
1.692949514
1.692988444
1.692904136
1.692820383
1.69278125
1.705173594
1.710212543
1.692720921
1.692654106
1.692555554
1.692904363
1.693101903
1.692846239
1.692878365
1.692787752
1.69224518
1.6923109
1.692621671
1.692407886
1.692866588
1.69257793
1.692695992
1.693482836
1.693477774
1.693494674
1.693507492
1.693489212
1.693385716
1.69331407
1.693061145
1.692772361
1.723060165
1.727080659
1.747938582
1.741305089
1.699284502
1.71335315
1.69347755
1.703289272
1.693496686
1.693317125
1.693252114
1.749354025
1.710925911
1.715386346
1.73666031
1.742408925
1.740059799
1.744961691
1.733724215
1.719713611
1.730459998
1.725112269
1.693379014
1.693325021
1.69637525
1.693358096
1.693489964
1.693486918
1.70107336
1.704945874
1.702663568
1.708101675
1.695930946
1.694826477
1.698960029
1.702339103
1.700267022
1.698648234
1.710969122
1.707889889
1.709498399
1.70846403
1.715120416
1.707616425
1.708046768
1.707843106
1.706790046
1.707848752
1.7090855
1.708670666
1.720340038
1.720688912
1.726246761
1.726545398
1.725651325
1.712786525
1.728577042
1.718091738
1.727714728
1.723905389
1.692676511
1.697328856
1.693142193
1.69253815
1.692518453
1.698220297
1.703525993
1.692358204
1.692669287
1.692499117
1.692652803
1.692587693
1.692518404
1.707521941
1.692461781
1.692397842
1.692331179
1.692795269
1.692582174
1.692461014
1.692485539
1.692378361
1.692170297
1.692179159
1.692211462
1.692335001
1.692237038
1.692565418
1.692510969
1.692421481
1.692257957
1.693551658
1.693526347
1.693540971
1.693456836
1.693350126
1.693486843
1.693332279
1.69317051
1.69290748
1.692323126
1.692589675
1.734351189
1.751919353
1.746637007
1.717672157
1.708724711
1.693234898
1.692838408
1.692821808
1.74801345
1.752969641
1.75498687
1.714848872
1.718901202
1.739973502
1.737141996
1.742097146
1.732612939
1.723122667
1.727954112
1.700759358
1.693602334
1.697186511
1.69438132
1.704499333
1.705953406
1.709185753
1.704079089
1.701448442
1.70479821
1.706063233
1.704178003
1.71273937
1.716058911
1.710849228
1.713303344
1.711688298
1.720857707
1.710669856
1.710980144
1.712048507
1.711878074
1.709702416
1.710632169
1.725229718
1.728012544
1.730168685
1.730405944
1.729953826
1.711890323
1.731349456
1.718238949
1.723303544
1.728520191
1.697457669
1.692322955
1.697961377
1.702733752
1.692135199
1.692128612
1.692112912
1.692225063
1.69204205
1.692304031
1.692202167
1.692177408
1.704377243
1.692128029
1.692093866
1.692319311
1.692373188
1.692060735
1.692066333
1.691977962
1.692206925
1.692161158
1.692118734
1.692100825
1.692113664
1.692145638
1.692113907
1.692233962
1.692109515
1.692059029
1.694879498
1.693539711
1.693514303
1.693187173
1.69339319
1.693233012
1.693417957
1.693041267
1.692998931
1.692760768
1.692119428
1.692317034
1.692510001
1.736171262
1.750889397
1.718902225
1.726589121
1.713517124
1.70644908
1.693328144
1.74531455
1.752019212
1.75850465
1.757516234
1.719209124
1.722749654
1.73913143
1.736009647
1.731017883
1.726509183
1.704638877
1.701019877
1.69733339
1.697167268
1.707731212
1.708404994
1.710248103
1.708632398
1.707657254
1.710934482
1.709862196
1.713419517
1.717101688
1.720180102
1.713306071
1.716017813
1.717462226
1.727125543
1.714436448
1.717720351
1.715751616
1.713012343
1.712983489
1.732043755
1.736395232
1.73531415
1.73308624
1.733991497
1.710463636
1.732638083
1.717257569
1.723458187
1.728670925
1.696723862
1.698790646
1.699018164
1.693043909
1.691890783
1.691893139
1.698114415
1.69177269
1.691655285
1.691667724
1.691628952
1.691702249
1.691738756
1.691719028
1.703476958
1.691693412
1.695027236
1.691471718
1.692039387
1.692043667
1.692095249
1.692058736
1.692042471
1.692037076
1.691977359
1.691958047
1.691957927
1.691957232
1.691862659
1.696336531
1.694217418
1.693463347
1.693416778
1.693041319
1.693270357
1.693078708
1.693289906
1.692797798
1.692820997
1.692572483
1.691959029
1.692284564
1.691998969
1.692114375
1.692343009
1.73700969
1.749245393
1.730055975
1.721686315
1.713070379
1.742049437
1.758870136
1.749821492
1.757838526
1.762705355
1.724015869
1.727192829
1.734753586
1.730411589
1.7389553
1.7045588
1.700127428
1.708896886
1.698522357
1.713366102
1.711371876
1.713554602
1.7152465
1.715976213
1.720752165
1.715248766
1.71560329
1.721956253
1.722082948
1.733278842
1.720047144
1.723857352
1.719131842
1.717836129
1.741180948
1.743071793
1.741533007
1.737142963
1.734561412
1.709929611
1.73219074
1.716740638
1.727105432
1.722474889
1.710345116
1.730616257
1.692932066
1.691669806
1.691658014
1.723207792
1.695411442
1.698550002
1.691497203
1.706771651
1.698160006
1.704162321
1.691400521
1.692601651
1.691340352
1.691333973
1.702678164
1.691340917
1.717180159
1.705433292
1.691965611
1.691975025
1.692060421
1.692102969
1.692024988
1.691996694
1.691879701
1.691894455
1.691914115
1.691828385
1.691848833
1.691801909
1.694200322
1.695781454
1.693321658
1.692854894
1.692890233
1.693095949
1.69313668
1.692588581
1.692618179
1.692368948
1.6918529
1.692131538
1.691982284
1.69215267
1.742747406
1.75337456
1.738467861
1.730696314
1.746834675
1.763842838
1.756590942
1.765165759
1.728501356
1.732919196
1.735545865
1.743394974
1.712759572
1.702203006
1.70641569
1.697883386
1.716538799
1.715661321
1.71963519
1.717517395
1.721446943
1.718148459
1.725298137
1.71690907
1.71937787
1.728164206
1.74142142
1.727650439
1.725326165
1.724941423
1.751125184
1.756166926
1.742166513
1.735184084
1.731347301
1.707166406
1.725948442
1.715333079
1.720312888
1.691500132
1.691473653
1.737101454
1.733223711
1.693499912
1.696446643
1.691319334
1.71742601
1.716830763
1.716425498
1.691225353
1.710467366
1.693586703
1.702786441
1.697270471
1.699108424
1.69138841
1.730467224
1.692124788
1.719640337
1.691940757
1.691975659
1.692066166
1.692017769
1.691855714
1.691888839
1.691930654
1.691844632
1.695295742
1.691806319
1.69177522
1.691770804
1.69176371
1.693778001
1.692652748
1.6928581
1.692380212
1.692420343
1.692329703
1.69190604
1.691981918
1.693389856
1.765672589
1.758742015
1.749047633
1.756558404
1.743896692
1.753757897
1.769768058
1.770836486
1.763200061
1.73435573
1.741626433
1.751834777
1.710036171
1.714237912
1.700032259
1.703145921
1.696645874
1.720758776
1.721039571
1.7220732
1.719079461
1.726165699
1.722517606
1.730840922
1.719218521
1.724830991
1.744169317
1.732167466
1.733612126
1.732174482
1.731492919
1.75004054
1.76283434
1.738043634
1.725219549
1.733654154
1.699724292
1.706985424
1.718809571
1.711068287
1.691337421
1.721287846
1.746198947
1.745083767
1.696012741
1.694415683
1.693905927
1.692562122
1.729208002
1.72911279
1.697708146
1.7138327
1.706920592
1.704217644
1.697830448
1.698219241
1.743116388
1.692156379
1.731751367
1.691975696
1.692031069
1.692088625
1.69191745
1.691890051
1.691941723
1.691998247
1.691863442
1.694826807
1.691811226
1.691733724
1.691766213
1.693330315
1.693741406
1.693399113
1.693345403
1.694834721
1.6943258
1.769606149
1.763484066
1.753954074
1.763067126
1.775371248
1.77297443
1.742198528
1.763056662
1.753019403
1.696349189
1.707330403
1.710851094
1.701157532
1.6983177
1.71402911
1.724546252
1.726647901
1.719684912
1.736334355
1.737519677
1.728617115
1.695597586
1.722782999
1.746041722
1.737518736
1.738618857
1.737813711
1.750623968
1.764849214
1.732457245
1.721643031
1.700217738
1.701205693
1.709646705
1.723261992
1.758419964
1.757176751
1.697923093
1.697318705
1.7422452
1.74168918
1.705158345
1.726192663
1.716273152
1.710673373
1.701672313
1.703064466
1.758411901
1.692204393
1.706701787
1.743938545
1.735738802
1.692062325
1.69213079
1.692107959
1.691975321
1.692028207
1.691975387
1.692046806
1.691903369
1.694888618
1.69182449
1.693031545
1.692519846
1.695097818
1.695095623
1.695122068
1.696597686
1.774071825
1.781974574
1.769754774
1.789778345
1.77177333
1.77901243
1.755142824
1.771406613
1.697080233
1.706763051
1.703370619
1.699119967
1.711950095
1.72468684
1.730921708
1.717568793
1.751213568
1.74217669
1.732515817
1.735841794
1.696422595
1.69601073
1.730750545
1.742275918
1.741493081
1.740022598
1.747259082
1.752141913
1.753695854
1.717747767
1.72578333
1.708325032
1.702987405
1.70245151
1.7709546
1.702664221
1.755643099
1.754307241
1.729552539
1.711235383
1.718716789
1.708629788
1.710036909
1.772989212
1.785399352
1.692271665
1.71400042
1.719277528
1.756808132
1.743536492
1.692195488
1.692198059
1.692053431
1.692115298
1.692111485
1.69221441
1.692294334
1.693467304
1.696795058
1.693047247
1.694524805
1.694264299
1.697007131
1.698583418
1.697840559
1.801603018
1.792857096
1.805062578
1.793803419
1.779725409
1.779766667
1.767275142
1.697636015
1.705203773
1.700415612
1.71125372
1.721340402
1.705247738
1.752244149
1.722311992
1.742077443
1.735507341
1.697302945
1.697297121
1.699149372
1.742855459
1.75704073
1.735274474
1.741118541
1.752080872
1.73478291
1.736930648
1.71540052
1.707402617
1.71013569
1.703219368
1.729447798
1.768014048
1.719104575
1.718297486
1.789819491
1.80706917
1.692379858
1.729018405
1.738318014
1.780247404
1.770171495
1.75684533
1.692342015
1.692370467
1.692345062
1.692333444
1.692244278
1.694774134
1.693822584
1.695014661
1.699996916
1.694607632
1.700209638
1.695878787
1.698694206
1.828284511
1.824891566
1.806536005
1.790574423
1.776153902
1.698278754
1.700386925
1.698314099
1.700803874
1.711530066
1.714590563
1.706006022
1.765484273
1.720372525
1.741992664
1.730960026
1.698817332
1.701876982
1.701629806
1.780926105
1.761529772
1.733444743
1.760994125
1.726156454
1.727870653
1.71569746
1.708522079
1.707771123
1.716036821
1.815128962
1.692546739
1.739464578
1.752341285
1.79210966
1.776965908
1.837317195
1.692533861
1.692951131
1.693054348
1.696402664
1.693729735
1.696146067
1.695469143
1.701949035
1.69596709
1.699364667
1.697454628
1.697361832
1.856465738
1.844549805
1.830203565
1.813262347
1.789708501
1.699715019
1.698687555
1.70148677
1.700383291
1.701504121
1.779516911
1.714876069
1.710382699
1.706063364
1.718394041
1.747049338
1.727491445
1.704391734
1.703819229
1.707595934
1.804554533
1.780716348
1.77760853
1.817116389
1.734068422
1.720173113
1.731689721
1.71367123
1.716514984
1.728459183
1.837501744
1.84858576
1.81400936
1.692677415
1.758228345
1.772493897
1.794354084
1.84586974
1.694772704
1.695656495
1.696513148
1.697977468
1.69691272
1.696828522
1.699251562
1.69756048
1.698391449
1.699082724
1.877625646
1.870331667
1.849793122
1.851769452
1.816806313
1.701369629
1.703945218
1.702145455
1.702640856
1.767803424
1.711390267
1.705778817
1.72151348
1.705774485
1.702985406
1.700415981
1.706986627
1.711281956
1.822974624
1.772188712
1.856245814
1.733894215
1.727215521
1.747194643
1.728054625
1.749162512
1.848083959
1.833354125
1.871164677
1.831789971
1.845180384
1.816348993
1.780627378
1.695701223
1.783452114
1.805266874
1.842974335
1.697678308
1.698476324
1.69944596
1.699872777
1.699804928
1.698567244
1.70108193
1.69993417
1.884598395
1.882428321
1.873812083
1.857910013
1.802151658
1.704906576
1.709189249
1.708769428
1.706208567
1.709128329
1.72206539
1.710654512
1.702462633
1.701436436
1.704431039
1.708288414
1.713147504
1.712138165
1.791108697
1.745274008
1.825659469
1.779816225
1.801731463
1.767777164
1.777035693
1.804897492
1.815253969
1.828968692
1.827507348
1.803727336
1.833390845
1.892745985
1.880164314
1.834185104
1.860627401
1.697990201
1.827473494
1.886354494
1.700358321
1.701585469
1.703119856
1.700731551
1.702426744
1.9216032
1.878929014
1.804400251
1.7355421
1.712839487
1.712637259
1.71449464
1.717427846
1.702480774
1.703131645
1.703860821
1.706215858
1.710039316
1.7153583
1.780961317
1.834034869
1.783449984
1.837408138
1.789991756
1.853760443
1.826842773
1.842450836
1.806095914
1.834983101
1.831107589
1.852912598
1.872309263
1.925014592
1.971374119
1.940373269
1.91062241
1.947993967
1.864084148
1.815064749
1.699993431
1.90078228
1.91946049
1.701674485
1.704577265
1.705875006
1.704763503
1.897446285
1.811059704
1.767899353
1.739896881
1.713626819
1.714213366
1.717770253
1.704949278
1.705861783
1.706813714
1.709766583
1.713982657
1.713233869
1.717009994
1.844531281
1.872589579
1.8502254
1.839377637
1.903430358
1.915366117
1.903707968
1.855458895
1.806643515
1.813446687
1.855468948
1.919658473
1.883739456
1.872206032
1.908785707
1.909281088
1.882713207
1.84399991
1.950572671
1.951303326
1.703780748
1.7068734
1.709440943
1.709054264
1.824682974
1.759826434
1.73966948
1.722627138
1.718125715
1.708685038
1.709456816
1.71030116
1.714945057
1.719433627
1.722419719
1.906414507
1.911303746
1.939518188
1.892696908
1.902702415
1.936304944
1.975614045
1.928473571
1.833480605
1.827688
1.932737118
1.824790118
1.925378893
1.945540106
1.905611924
1.910391346
1.912857568
1.90897798
1.81526528
1.950704769
1.816822527
1.706458909
1.710023326
1.714368642
1.755916374
1.738964948
1.736338609
1.731549801
1.715201105
1.713904725
1.719928964
1.729161748
1.980580856
1.953821058
1.936270909
1.90627192
1.900741532
1.941254437
1.965549853
1.951663547
1.891212536
1.864762688
1.956291182
1.852625425
1.951590158
1.91516901
1.838599409
1.886534772
1.93302754
1.843241042
1.765714243
1.836198713
1.709839656
1.71345581
1.714620275
1.718817672
1.764211392
1.769274933
1.75826957
1.741542158
1.721714761
1.721540157
1.72488324
1.727331613
1.957671274
1.987237543
1.905478847
1.897932741
1.921724307
1.923628396
2.008530388
1.910779198
1.987188156
1.992889654
1.895846043
1.896327419
1.91458961
1.83943289
1.849600439
1.910060462
1.783723146
1.798541104
1.814644873
1.7145691
1.717435332
1.72433394
1.786274609
1.755975625
1.734883757
1.732384897
1.729198043
1.915933893
1.946118037
1.923781947
1.909489653
1.920053494
1.842164312
1.988792373
1.957536484
1.991979927
1.904838132
1.8935466
1.903793087
1.896337892
1.870316193
1.905757896
1.78269286
1.789629521
1.775109464
1.721174272
1.725419575
1.73585679
1.745729637
1.746995717
1.751204117
1.739330243
1.934076432
1.955384342
1.954715982
1.920548375
1.855884578
1.786903564
1.964052435
1.991263813
1.945624613
1.957338542
1.932517027
1.889935533
1.903567408
1.923915077
1.926142117
1.939414685
1.760045358
1.761945229
1.72730406
1.733934336
1.745209093
1.744582681
1.765541019
1.779698151
1.768725346
1.949786569
1.942276907
1.960319288
1.931220355
1.823714028
1.792180788
1.9721548
1.967124607
1.934720261
1.937731368
1.934714781
1.946199267
1.957513088
1.938836143
1.944764178
1.951666224
1.752166351
1.740888654
1.763711995
1.774081921
1.772127019
1.786895888
1.795003121
1.768002888
1.978462267
1.967116812
1.974580201
1.888404472
1.817837066
1.96270194
1.945437213
1.941611447
1.95232841
1.953019189
1.935168903
1.973126106
1.976121515
1.795946454
1.777377133
1.747843999
1.774662551
1.795411234
1.78337723
1.782227418
1.962887902
1.980295132
1.846948582
1.906185571
1.966591275
1.966127077
1.978561636
1.979956649
1.989806385
1.983091136
1.952947598
1.795153795
1.79589759
1.751716072
1.769543436
1.776450291
1.824908312
1.977136333
1.976868717
1.823998343
1.911442709
1.987990612
1.976843605
1.964396318
1.977089497
1.976902436
1.96064831
1.944951803
1.782329377
1.76696232
1.770602313
1.857276182
1.77979083
1.992146171
1.949343535
1.874001974
1.980940816
1.950652745
1.944942566
1.952284898
1.94553963
1.938963643
1.767784735
1.800712226
1.858886623
1.768612825
1.783111829
1.969555268
1.942435143
1.950679996
1.922315379
1.943164314
1.931631316
1.932987837
1.78591233
1.896398242
1.791404501
1.761827422
1.960137217
1.937573153
1.911961116
1.923238098
1.921926776
1.917050742
1.754830554
1.823262788
1.768133332
1.984432829
1.917901906
1.905536316
1.907335668
1.885011181
1.772248282
1.763666988
1.820816414
1.875675393
1.940661077
1.909104194
1.911355758
1.822503867
1.804627241
1.848657466
1.85974898
1.89669781
1.903239886
1.893996911
1.858807369
1.855770494
1.851735017
1.860732728
1.956409227
1.918292981
1.868528193
1.853859385
1.915301921
