1.899142406
1.893287452
1.923478657
1.908776097
1.885434033
1.882709578
1.925496469
1.912874451
1.893112237
1.928870741
1.886271963
1.938981929
1.887220994
1.883192663
1.906348605
1.927505347
1.882190061
1.928057798
1.922816444
1.905900492
1.892646669
1.930779942
1.929887621
1.939630443
1.947472682
1.931834685
1.889961979
1.888667556
1.884085436
1.886661072
1.900328372
1.925047069
1.891116845
1.934713071
1.931858533
1.920209652
1.928076412
1.906352206
1.931206015
1.932120347
1.933740283
1.93728275
1.94170863
1.863370959
1.871716673
1.88739878
1.894476267
1.865969524
1.901761082
1.903438863
1.916392623
1.933567745
1.936997659
1.938224437
1.933619087
1.946378691
1.935632458
1.939182421
1.944346082
1.948052839
1.953059998
1.961635607
1.956956246
1.834279136
1.837392868
1.869662217
1.87666518
1.894788897
1.910677578
1.846908238
1.927719925
1.94735949
1.938647899
1.940859693
1.945270944
1.950192685
1.958133561
1.945749913
1.949680793
1.949760688
1.950597392
1.955680048
1.964424406
1.959026904
1.968484236
1.972549796
1.816050558
1.810343082
1.828173251
1.857699688
1.88750091
1.913695986
1.937096736
1.83184656
1.962206453
1.948573453
1.944360501
1.949526341
1.951603779
1.957597739
1.960773803
1.968728557
1.95513049
1.955642826
1.958013609
1.962760667
1.96704853
1.972423678
1.973232228
1.97187427
1.97558555
1.977351512
1.982469934
1.804637908
1.79594441
1.800728658
1.869678423
1.844383371
1.901839394
1.929210171
1.965311422
1.823224517
1.953512598
1.959538058
1.955402193
1.958685204
1.962637247
1.968995404
1.974104861
1.969424117
1.964797387
1.968818885
1.97666234
1.979496621
1.986717843
1.983321942
1.980828429
1.981238632
1.981913201
1.984141336
1.982686473
1.978640597
1.928760386
1.967268626
1.96039438
1.799871304
1.790068276
1.788561441
1.85101928
1.882560039
1.826505219
1.914821014
1.953723333
1.809638235
1.964580868
1.96532484
1.971387586
1.967832146
1.973907667
1.973410623
1.978920087
1.981122064
1.972683584
1.961360756
1.976993633
1.983900622
1.992216475
1.993706347
1.992927754
1.992915395
1.987658415
1.986515553
1.984092946
1.973220778
1.965106678
1.912155393
1.931671443
1.9464744
1.96058207
1.955219389
1.908370777
1.79430659
1.791987738
1.787417608
1.872322924
1.840071946
1.897363437
1.815781273
1.932544645
1.801559298
1.978142444
1.977009103
1.975908394
1.981736312
1.980399387
1.981534982
1.983888549
1.982086763
1.975017225
1.95237544
1.933935315
1.987978497
1.99240742
1.994270121
1.995024849
1.992360548
1.989817168
1.985374507
1.98092852
1.972486622
1.963411356
1.957200968
1.905709535
1.917421337
1.951536622
1.939534498
1.95442575
1.91047113
1.918952078
1.925358434
1.793689406
1.793928303
1.797276752
1.875529679
1.853959616
1.826280586
1.906199041
1.805341331
1.796117047
1.988202545
1.986025264
1.986124401
1.981662035
1.989443545
1.989403592
1.991979638
1.96256109
1.943026616
1.915169981
1.8990301
1.990929741
1.988353797
1.988123449
1.981455213
1.978119764
1.974746213
1.96942148
1.968177892
1.960878731
1.954910332
1.952162553
1.908760818
1.903682272
1.926185675
1.949762916
1.9421532
1.912147584
1.922046997
1.923029232
1.924818339
1.79418974
1.797778245
1.926652453
1.798100151
1.880504297
1.8612035
1.839226769
1.815376452
1.800647257
1.794184253
1.995319917
1.99560309
1.994782862
1.988690106
1.962252076
1.99454587
1.991912307
1.986649075
1.927575958
1.908096859
1.882767185
1.871327034
1.980681178
1.980376146
1.973791722
1.969084914
1.965745694
1.961486395
1.958470747
1.952293837
1.950059509
1.947192485
1.902042997
1.914533854
1.901154862
1.931553087
1.939790357
1.91325883
1.919512295
1.934232757
1.793460449
1.803267638
1.801446239
1.933261722
1.803604734
1.862033307
1.845404651
1.826959548
1.807195506
1.796173888
1.792205135
1.996923084
1.998506992
1.988693685
1.994564814
1.971948606
1.925286475
1.989488347
1.983797007
1.975251336
1.883007542
1.857484862
1.848743067
1.972204875
1.968044089
1.963866963
1.961003651
1.956951853
1.954593126
1.949843468
1.949145693
1.947054547
1.90642462
1.894625991
1.920960851
1.898999894
1.933344056
1.937470295
1.908437627
1.926227626
1.948039485
1.94939558
1.791027595
1.801718268
1.948629229
1.951871931
1.942921251
1.800129359
1.841477195
1.827088301
1.813706181
1.800638409
1.795747572
1.790846001
1.987067642
1.994425956
1.991713237
1.966681901
1.988359078
1.938364248
1.890721347
1.982882274
1.975048284
1.969739659
1.856207233
1.832975737
1.827284099
1.967826489
1.962269454
1.96003902
1.955286555
1.94933564
1.946912042
1.943428163
1.924146624
1.902160025
1.888781697
1.89388956
1.93303163
1.934933644
1.923475321
1.942686604
1.954585065
1.790362754
1.795971416
1.9517061
1.944930685
1.934102043
1.933954384
1.940529257
1.934289937
1.789751302
1.822955379
1.812397642
1.805853533
1.798959748
1.794392471
1.789356258
1.990259616
1.960120117
1.993147872
1.987393429
1.928847265
1.981685219
1.90211209
1.85520787
1.980421137
1.975941877
1.977235686
1.832243876
1.815606312
1.811664346
1.973616244
1.974530148
1.967531839
1.956496139
1.952428055
1.944309096
1.931399099
1.911975029
1.888089055
1.882896203
1.901513259
1.934206445
1.93971011
1.926893838
1.944677412
1.942143946
1.786747914
1.787536324
1.93621185
1.93077917
1.934599897
1.944737774
1.943321338
1.930442606
1.780078737
1.808577656
1.804211035
1.797142284
1.794483075
1.791149442
1.993586849
1.976073403
1.924520318
1.989249469
1.983857344
1.885848447
1.986132734
1.861129326
1.828436574
1.984886393
1.988339501
1.98898917
1.81401538
1.806858483
1.80303792
1.994962602
1.985286625
1.973226538
1.963489699
1.957484844
1.914353751
1.933888181
1.892694749
1.875850822
1.880996203
1.901550081
1.93551699
1.956628362
1.922394464
1.928280198
1.923158773
1.78783953
1.786386734
1.91643052
1.932372659
1.954506359
1.949519768
1.910542402
1.773575119
1.803079276
1.803031113
1.800619205
1.798615376
1.795000138
1.981837531
1.98697153
1.941433565
1.890311356
1.985193444
1.988102365
1.852557549
1.990272369
1.831142132
1.806861924
1.992345018
1.994581643
2.006472611
1.797477845
1.795216302
1.79795728
2.004678375
1.99742539
1.981573667
1.982618046
1.894691784
1.928030095
1.873941664
1.86796934
1.879164966
1.905356606
1.957787417
1.978361275
1.916458444
1.911570101
1.92285081
1.782580276
1.792075517
1.912429351
1.949592476
1.962988725
1.895115643
1.909477033
1.775387296
1.788319818
1.770464887
1.800003402
1.80165601
1.801967708
1.79760865
1.799442729
1.954951488
1.972640453
1.979736046
1.908599013
1.860435433
1.980456935
1.980383478
1.831901699
1.822203068
1.979538201
1.80474969
1.987844123
1.999096516
2.009384773
1.783689841
1.782536287
1.78833267
2.012929273
2.001255724
1.999093629
1.874429499
1.9463816
1.858774651
1.862924826
1.886027509
1.908674911
1.97904133
1.998548875
1.905431054
1.904606235
1.931689163
1.784011317
1.915269724
1.952684072
1.886473744
1.92059396
1.772197349
1.785662623
1.776808732
1.853760711
1.765936694
1.794973625
1.797511524
1.796896556
1.79622824
1.788071524
1.914734712
1.948805284
1.969201919
1.973598923
1.871546366
1.835351467
1.970381676
1.967016881
1.809662784
1.799839935
1.971831595
1.978786846
2.001856692
1.986845952
2.008666463
1.774115995
1.774978402
1.785442695
2.006071348
2.003527294
1.867586231
1.855382201
1.969180674
1.873601291
1.901237438
1.907471172
1.994059063
2.004542541
1.900127087
1.909157209
1.931664545
1.774491262
1.916577507
1.893303088
1.941235359
1.76723652
1.77603073
1.785465812
1.770509889
1.852158464
1.866616703
1.758904436
1.791638821
1.792468815
1.789178856
1.78514543
1.775881354
1.91556887
1.881359403
1.947549927
1.965069361
1.964502949
1.843059256
1.812646953
1.961946528
1.962629966
1.794659379
1.967361389
1.976110411
1.996227231
1.98845895
2.002189928
1.767961129
1.779552163
1.768528172
2.009032473
1.87375043
1.854725467
1.975638683
1.894001445
1.899087613
1.895431733
1.993447893
2.008915031
1.913081544
1.919984098
1.763235158
1.767702425
1.906999632
1.943432385
1.772833616
1.779668135
1.788311488
1.767797803
1.849212045
1.859761034
1.880974444
1.754368631
1.749249217
1.789257564
1.787108525
1.778632638
1.770983265
1.763989607
1.925377819
1.888095569
1.855404937
1.943385536
1.960651209
1.959814128
1.824185963
1.801184958
1.956181464
1.958096539
1.96269848
1.971748568
1.979827725
1.997635864
1.764604994
1.773447968
1.763115951
2.006924099
1.87978435
1.858604114
1.968638785
1.890592006
1.885758083
1.901256796
1.989761426
2.002946369
1.917015812
1.755560052
1.914027954
1.939495455
1.775512173
1.781662577
1.790136921
1.801265315
1.769038493
1.848976786
1.846744808
1.862868179
1.877399158
1.742819944
1.738576683
1.783198619
1.772682882
1.76440669
1.757031592
1.753711189
1.90915384
1.928565255
1.873683386
1.840671749
1.933472078
1.941018373
1.942278345
1.948766635
1.812628293
1.949282217
1.949341625
1.956107854
1.963666858
1.989851029
1.764256742
1.764051266
1.760854606
1.991223254
1.861017185
1.891847166
1.963957292
1.874377561
1.880287441
1.896491274
1.985436154
1.989999928
1.746584511
1.927405508
1.944239493
1.792073501
1.781731524
1.7984442
1.80244725
1.807792705
1.773182997
1.841788058
1.850555082
1.851066606
1.863719016
1.868545087
1.784580124
1.858590008
1.737741164
1.733375816
1.730325883
1.766152734
1.758264026
1.749119764
1.746774511
1.745498324
1.922828725
1.895278545
1.931205501
1.858911258
1.829978597
1.931183498
1.931291198
1.93444083
1.942305336
1.943764611
1.94417901
1.948502805
1.969147454
1.766268359
1.757144209
1.762801139
1.974920114
1.869557875
1.898700169
1.966781879
1.863084142
1.873036364
1.978675962
1.981314444
1.928703512
1.946809655
1.801423821
1.794602492
1.805166286
1.807086486
1.812640441
1.825395598
1.774405781
1.841333265
1.840527249
1.849975396
1.857709269
1.855177382
1.782239702
1.773351168
1.847931229
1.854133997
1.730227539
1.735626967
1.72655937
1.724414595
1.752486041
1.745930933
1.740628301
1.740156973
1.739855159
1.914267997
1.928343044
1.878831337
1.931977646
1.844668158
1.933057513
1.930566146
1.931657165
1.933286025
1.939769625
1.939313995
1.951318728
1.766987731
1.755199317
1.763411361
1.959617757
1.878616049
1.903519671
1.962944228
1.857923295
1.979116158
1.972427835
1.917189016
1.940417679
1.799397451
1.786826067
1.805617898
1.806410755
1.817789754
1.834843303
1.767952058
1.838785392
1.848491524
1.839931507
1.843519058
1.864323487
1.768958486
1.766418123
1.758394307
1.849696998
1.843300935
1.853254322
1.728161366
1.725370943
1.731411998
1.721926867
1.72042675
1.746393137
1.740717123
1.734838081
1.732740939
1.898385625
1.927089869
1.939335151
1.863554774
1.943919266
1.938943851
1.932207789
1.92867236
1.928828989
1.935660669
1.939751047
1.932530613
1.762502872
1.751084897
1.754717281
1.948941948
1.876431906
1.884416529
1.889029724
1.966876805
1.854325758
1.971840193
1.95060391
1.907544354
1.937757085
1.778360474
1.787338721
1.793230565
1.811078024
1.831321325
1.856554806
1.755964695
1.84386662
1.834827684
1.855888813
1.836099045
1.756491267
1.764000742
1.753300154
1.746618508
1.851145524
1.842397271
1.723601993
1.724077052
1.72188746
1.726017085
1.718576163
1.717226463
1.743591733
1.735473238
1.728867317
1.922935497
1.888594713
1.947994087
1.951854914
1.943682488
1.936482036
1.927917765
1.926163874
1.926446565
1.93015682
1.752067703
1.746384326
1.743753298
1.931782144
1.863184868
1.873780638
1.868443468
1.876752444
1.944402342
1.859235196
1.947511121
1.93179463
1.896856298
1.91608999
1.773518192
1.782781417
1.801021438
1.822065467
1.844957808
1.875624247
1.747132221
1.851750906
1.837056664
1.836979219
1.750869227
1.758482476
1.768329557
1.745964326
1.738884644
1.856953766
1.849647875
1.842566952
1.7205907
1.718344834
1.718944836
1.718925748
1.723232824
1.714326274
1.715645532
1.736685724
1.729440781
1.910683878
1.948708284
1.965412814
1.958732054
1.948259526
1.935804607
1.92823726
1.923593294
1.922820255
1.740557638
1.736364512
1.734170088
1.919227127
1.854164455
1.862075428
1.851590418
1.849992929
1.863798226
1.899958486
1.91898325
1.865968858
1.923614612
1.912827413
1.880871775
1.780384776
1.80080081
1.830619938
1.865612332
1.909377283
1.73674402
1.842909005
1.838021843
1.75878325
1.749596056
1.769781285
1.780900628
1.740334542
1.733204079
1.861557967
1.850905577
1.843150971
1.717040851
1.717884795
1.715774737
1.714734083
1.714568645
1.723581626
1.712094692
1.709225695
1.711525397
1.714742616
1.718552635
1.713386115
1.712116667
1.712850577
1.728019847
1.948538835
1.965779928
1.966487369
1.957002375
1.945537755
1.93572637
1.928208823
1.918753506
1.732439872
1.728674193
1.727838911
1.907392307
1.841247538
1.842635984
1.830860914
1.834683003
1.851450212
1.878511493
1.867440731
1.89583471
1.864738607
1.894859052
1.89118004
1.798389261
1.825750324
1.863929483
1.907551694
1.943244549
1.730113745
1.843941952
1.756237377
1.768842909
1.741433504
1.783284503
1.794814105
1.733495011
1.72890206
1.857523364
1.849760647
1.845804966
1.714323171
1.714741528
1.712690702
1.721812625
1.710946769
1.710011182
1.708326619
1.708493845
1.707368024
1.710499944
1.711815075
1.718116437
1.714441948
1.711289205
1.711528923
1.710151241
1.709606336
1.722902452
1.959512017
1.959580769
1.948062065
1.939876764
1.933600396
1.928579824
1.921209805
1.727488308
1.725006221
1.723769311
1.912241925
1.892371661
1.835018298
1.846915479
1.824234911
1.817146883
1.82455384
1.847370655
1.849385168
1.860821474
1.872806442
1.856016895
1.865834571
1.86432108
1.817994139
1.855192407
1.892653164
1.92266525
1.941328747
1.726167027
1.743682475
1.760440403
1.77540137
1.733958703
1.790958287
1.814850539
1.727811452
1.725588637
1.852877778
1.849071002
1.850103795
1.712186521
1.709289299
1.706401875
1.707166085
1.707288417
1.705888198
1.850603382
1.83387184
1.716033326
1.789690524
1.709992099
1.720725029
1.711617264
1.71373786
1.708812788
1.709819626
1.708090343
1.707444206
1.723106018
1.949941348
1.940114885
1.925665443
1.918754294
1.912487359
1.917545479
1.72181391
1.720137237
1.898776071
1.874489806
1.835540961
1.847488713
1.814796837
1.807056909
1.814095428
1.830325383
1.839905331
1.850190617
1.850832112
1.844671643
1.846487162
1.844993548
1.874723317
1.910046718
1.929654154
1.929163267
1.721957908
1.734539684
1.749829949
1.770027784
1.728014713
1.811726543
1.841260711
1.722530621
1.718615423
1.851010216
1.851843251
1.708093851
1.704706625
1.705215678
1.705415467
1.706063736
1.706358899
1.704840299
1.848234983
1.814131346
1.814833403
1.71880371
1.716603305
1.809725735
1.787642492
1.716188461
1.703408488
1.704222709
1.709684063
1.718784436
1.712051344
1.715082948
1.706633584
1.707697997
1.705870253
1.704888008
1.92862659
1.920284403
1.906647247
1.894010218
1.894319172
1.715636268
1.714880313
1.871328295
1.849088323
1.826937481
1.843240807
1.805113761
1.789051108
1.800716121
1.800266658
1.818010933
1.827136983
1.846186737
1.820225266
1.821359466
1.874156706
1.902418221
1.916925836
1.920051484
1.909066529
1.72893158
1.741359736
1.759246048
1.723368413
1.833382047
1.858608877
1.718257439
1.71468747
1.851546184
1.848436119
1.707748174
1.703437918
1.703463081
1.703801362
1.704342728
1.705907048
1.842528918
1.792300936
1.792853139
1.715944182
1.82867324
1.804379936
1.778175226
1.712787455
1.701950645
1.702613017
1.705947401
1.704031318
1.702813126
1.712918361
1.772638862
1.734489901
1.710154655
1.71228774
1.712812992
1.71105042
1.704517371
1.703227811
1.70196455
1.702340028
1.905002765
1.89899701
1.881055553
1.870339277
1.711432767
1.846928336
1.825695729
1.80889978
1.832217615
1.788343241
1.775338855
1.782091583
1.779252798
1.794650459
1.80084029
1.835804281
1.793995678
1.79479163
1.878019215
1.89240872
1.893252078
1.900396829
1.896538406
1.886776519
1.725527701
1.748986362
1.720481077
1.855180321
1.716266255
1.712710962
1.844442401
1.835322273
1.708075129
1.701624888
1.701356633
1.701702521
1.835154966
1.770809041
1.842882983
1.813715576
1.790302192
1.766416875
1.710987773
1.70099638
1.700622986
1.702202829
1.70840865
1.706414992
1.704258177
1.700931863
1.709643251
1.761508438
1.754922368
1.730086523
1.737762424
1.700718804
1.719264555
1.700638506
1.710842651
1.709166985
1.709035006
1.707708003
1.701065745
1.7020864
1.701137392
1.700892844
1.700928478
1.879270154
1.862741773
1.853894359
1.709580527
1.827209423
1.803323858
1.813250337
1.795788472
1.775710317
1.762260734
1.768567621
1.769252541
1.776457307
1.82307492
1.768952199
1.77524162
1.875585529
1.86424732
1.872392996
1.876378862
1.881420348
1.879235218
1.861984669
1.725358078
1.745245191
1.714497727
1.711250312
1.827769141
1.814933313
1.700662751
1.700716605
1.700760626
1.700845235
1.821753375
1.751245131
1.846265659
1.821134886
1.796229253
1.776152768
1.758358316
1.700611769
1.700626173
1.702200792
1.70878195
1.706717166
1.704453673
1.707500972
1.747083679
1.757605325
1.741099671
1.732957441
1.717506509
1.721458056
1.700680353
1.700647265
1.70075246
1.700671059
1.706724431
1.707024521
1.708276941
1.705901244
1.706042918
1.70099815
1.700858413
1.700939765
1.700754691
1.700788774
1.841939548
1.834994373
1.710021394
1.810501334
1.790719954
1.777776602
1.799361418
1.781362797
1.762242239
1.751026847
1.748082784
1.755428742
1.801709807
1.74941499
1.756229446
1.853501978
1.858344959
1.854558996
1.862646651
1.869261438
1.851607684
1.72679613
1.742319992
1.7133466
1.811257474
1.800639837
1.700645251
1.700672728
1.801438859
1.736660238
1.842924834
1.822189877
1.80213225
1.784747622
1.766475766
1.753533976
1.700638185
1.700640502
1.702110153
1.705587044
1.703969252
1.707040279
1.736908806
1.742494684
1.746189769
1.731496169
1.733429005
1.717287669
1.721831581
1.700724753
1.700698893
1.700827913
1.700875614
1.704401895
1.702504338
1.705681127
1.704127059
1.709006634
1.704547425
1.700775447
1.700719537
1.700795354
1.70069211
1.817518412
1.825771433
1.711947294
1.795524063
1.779081732
1.76233742
1.783549268
1.765007649
1.751967818
1.745273807
1.737733319
1.733067583
1.777111041
1.735243939
1.729766875
1.742735062
1.836567776
1.836747055
1.839622078
1.848829515
1.844580306
1.726630166
1.732891718
1.741207996
1.749351438
1.71587803
1.790161542
1.782910362
1.700644403
1.700652154
1.779003806
1.727033208
1.821401342
1.804964694
1.791215132
1.77294438
1.75844029
1.700681062
1.700668866
1.701187488
1.700999736
1.703173351
1.701993747
1.707679495
1.738878707
1.733666499
1.742051423
1.727567972
1.720955466
1.700795763
1.700763918
1.700912356
1.700960006
1.702461357
1.70247486
1.701187731
1.704144865
1.705792701
1.706664793
1.701417484
1.700708847
1.708764187
1.746151734
1.702805598
1.711246748
1.700707341
1.700660459
1.700667383
1.700718179
1.803848786
1.821267495
1.715381876
1.781724509
1.768414555
1.750746844
1.766265205
1.75555205
1.747399543
1.746543203
1.724223684
1.758062706
1.756305822
1.727200438
1.722597634
1.733076795
1.81640155
1.818912007
1.817147907
1.821961777
1.83044429
1.725706593
1.73232368
1.740698463
1.745975529
1.751468661
1.719724207
1.766269105
1.766218988
1.700658128
1.700651441
1.722658115
1.806636769
1.801066874
1.793019803
1.777087532
1.760086018
1.700739538
1.700706124
1.701139486
1.701086186
1.701356021
1.701313042
1.750208955
1.735332171
1.727127533
1.700876193
1.700833174
1.700990459
1.701039068
1.701520559
1.701604373
1.701268254
1.702746205
1.704299813
1.710613108
1.707329632
1.701464488
1.700668573
1.71386255
1.746658308
1.760741909
1.700669521
1.744529497
1.803989994
1.701142196
1.720696677
1.758049532
1.701576287
1.810820565
1.712416063
1.740977254
1.701621683
1.717405201
1.700652915
1.700648114
1.700644857
1.791148458
1.810185558
1.721899436
1.768806391
1.757148275
1.756904977
1.750929249
1.748076545
1.755806793
1.719130672
1.752844711
1.74419641
1.721569576
1.719003738
1.726158116
1.804649355
1.798734938
1.793419342
1.725785049
1.731370122
1.737414375
1.742639087
1.748357041
1.75700202
1.700691968
1.700665868
1.722702441
1.793087677
1.787537597
1.778142594
1.763044099
1.700793867
1.701215559
1.701415671
1.701367919
1.732314531
1.700942923
1.701095247
1.701526249
1.70131892
1.702321095
1.704822449
1.71629327
1.708580231
1.701479836
1.719341649
1.747115412
1.735569498
1.763980804
1.7006317
1.737103697
1.701199864
1.71663699
1.717425497
1.716374207
1.756431323
1.70156862
1.701536452
1.795138074
1.798079434
1.713449481
1.717185072
1.733540529
1.745501212
1.732712175
1.700637211
1.702728203
1.782509475
1.793571435
1.701515306
1.701505587
1.723634453
1.700622459
1.700649717
1.700637659
1.782902291
1.728770479
1.753217286
1.770012901
1.760787691
1.751339792
1.749051868
1.750795071
1.720332918
1.71657536
1.748052514
1.743386598
1.736274664
1.715979744
1.726935621
1.719559153
1.787306186
1.785967623
1.78237471
1.782885031
1.732228986
1.737115923
1.733975405
1.741309346
1.751758512
1.700773805
1.70073454
1.700699822
1.72755703
1.781799226
1.775087527
1.7644397
1.700908869
1.70127598
1.701433083
1.701384154
1.701064335
1.701207445
1.701493193
1.701334735
1.705323639
1.721356543
1.708975782
1.701449036
1.747779419
1.737175998
1.751595357
1.759345957
1.700606903
1.713610177
1.713471718
1.712872464
1.712338907
1.75275573
1.701489504
1.701450265
1.783463613
1.782812674
1.716216604
1.711449189
1.713147665
1.718935563
1.736132705
1.743076373
1.731418163
1.729709227
1.702488425
1.771529033
1.774461386
1.781171652
1.752458648
1.767032467
1.713713154
1.77051936
1.701392624
1.701403279
1.70129444
1.725384424
1.700615409
1.700639177
1.700669638
1.769607874
1.727911133
1.742193939
1.759162344
1.745640723
1.746824239
1.727500709
1.719727656
1.715011004
1.741874255
1.736670291
1.722015307
1.732099343
1.714737426
1.778254901
1.77581909
1.769384472
1.772154692
1.729197703
1.735788979
1.731682309
1.743421771
1.75270963
1.700869932
1.700823524
1.700773932
1.760769863
1.701024528
1.701293449
1.701405473
1.701363073
1.701179591
1.701410917
1.705523486
1.721101251
1.708919115
1.701375627
1.74037546
1.745320086
1.733830222
1.747459153
1.75373145
1.700593767
1.713433836
1.709750933
1.709963006
1.709528936
1.711530009
1.747185683
1.701355686
1.701319468
1.770605994
1.770602105
1.715992066
1.710683863
1.710455361
1.731407499
1.727725527
1.727359008
1.70220297
1.762139126
1.761207986
1.773862272
1.747757191
1.760648591
1.711310649
1.768060824
1.758728584
1.714437777
1.751567665
1.700737066
1.755986856
1.707654094
1.700832113
1.701249016
1.701224742
1.701254419
1.701086212
1.701088138
1.72328316
1.700653127
1.700618549
1.700696633
1.75735483
1.724599273
1.739828757
1.733298624
1.737546382
1.741791493
1.728158328
1.724330119
1.718191011
1.726885657
1.715535533
1.720675248
1.710446993
1.768549445
1.767856796
1.760986589
1.759616684
1.726990977
1.730788424
1.737251798
1.744342624
1.749406728
1.700971722
1.700920055
1.700879762
1.701130177
1.701253837
1.701322452
1.701350051
1.701288757
1.7051179
1.720289497
1.717580497
1.707682299
1.701283272
1.738175394
1.740938941
1.742355517
1.733636257
1.746175545
1.741635095
1.746511985
1.700591127
1.71484696
1.706819249
1.706515801
1.709306002
1.711812146
1.741225907
1.701186367
1.701153704
1.757695899
1.711458466
1.707688301
1.731918003
1.727182559
1.725017959
1.725128128
1.70088567
1.701671444
1.753218286
1.751034678
1.766275819
1.742971181
1.75418706
1.707172037
1.7090116
1.760165994
1.751091777
1.715877064
1.713334284
1.745674386
1.749224011
1.749736125
1.706739988
1.705551618
1.700913638
1.700976961
1.700783182
1.700944729
1.74204764
1.728502315
1.744540465
1.701055338
1.701053894
1.701042811
1.700873136
1.700856719
1.72077343
1.718538896
1.70072832
1.700667785
1.700595899
1.7445995
1.723121674
1.735919475
1.731514011
1.725144597
1.737311571
1.73232274
1.734637759
1.729867093
1.724853822
1.719579207
1.712259716
1.707752978
1.718589137
1.760754047
1.761204815
1.754195821
1.746049331
1.726609551
1.732316826
1.737795247
1.741133372
1.743953824
1.701076077
1.701022835
1.701206634
1.701280823
1.701296039
1.701152761
1.703968124
1.701074194
1.704457941
1.701197101
1.734325355
1.738343947
1.739686718
1.739209591
1.741853762
1.73775058
1.739457386
1.714178272
1.702662393
1.703695636
1.703307199
1.710137395
1.736419175
1.700997977
1.700980025
1.706970557
1.710762063
1.708999683
1.703907072
1.723748752
1.725535214
1.722644992
1.722814846
1.700648331
1.700664519
1.743532474
1.759553402
1.736160719
1.747935977
1.705241992
1.703286942
1.75299933
1.746497327
1.715609902
1.712879919
1.737690032
1.742684096
1.742417029
1.703545874
1.705292373
1.707202958
1.700996843
1.700850102
1.701087309
1.701067498
1.700905553
1.70100222
1.733900453
1.735428522
1.728823215
1.725570139
1.736710142
1.701445765
1.733892188
1.736790707
1.738226429
1.728227672
1.736275445
1.747122393
1.701119343
1.706086875
1.720484101
1.736192349
1.726050355
1.700831486
1.700854283
1.700636009
1.700626638
1.717900947
1.720614056
1.700786435
1.700685264
1.700617335
1.733241321
1.733704558
1.724084889
1.725404153
1.722468154
1.713878711
1.732590593
1.729934136
1.730123176
1.725244923
1.71959552
1.703246876
1.708391046
1.7013504
1.75333265
1.756499294
1.750559475
1.728461269
1.732452964
1.735520399
1.738997654
1.742271645
1.701168569
1.701238023
1.701241754
1.700985067
1.700466727
1.7004388
1.701116243
1.733480328
1.737735086
1.73775775
1.735853935
1.733711712
1.734397582
1.732916811
1.714024563
1.70157183
1.701501394
1.701395748
1.701534404
1.709379054
1.732433047
1.700794797
1.700783089
1.702760079
1.708136565
1.70981264
1.700266197
1.721241253
1.722837738
1.720270136
1.700451199
1.700418194
1.73376158
1.752739078
1.722840819
1.739458973
1.701048378
1.700230102
1.747738632
1.715961533
1.713010269
1.724957091
1.701558264
1.703693255
1.705103347
1.701063055
1.701143224
1.701107349
1.700894637
1.700980083
1.701021577
1.725415169
1.720393698
1.723898563
1.727954781
1.722907241
1.730254741
1.729947095
1.732924807
1.715034382
1.735480683
1.743721402
1.700278871
1.702729369
1.704666145
1.71847178
1.719204178
1.728394675
1.723346156
1.726553573
1.700262154
1.737845044
1.724344313
1.700745801
1.701141151
1.70011549
1.700934358
1.70061739
1.700431663
1.719040375
1.722260142
1.700734611
1.700814334
1.700651477
1.719783262
1.725385396
1.709004059
1.701369849
1.727751697
1.729498924
1.724329931
1.720131969
1.70152331
1.701706787
1.748442037
1.750073222
1.745811914
1.728060214
1.73100832
1.734396115
1.738473875
1.743586028
1.701188685
1.701152083
1.700970012
1.700767958
1.700221281
1.732170562
1.735997375
1.734971232
1.732224258
1.728104786
1.728993976
1.729379426
1.728055146
1.716343822
1.71245772
1.701761522
1.7017022
1.701732223
1.701879605
1.706450541
1.708267097
1.729034412
1.700577194
1.700556478
1.700097731
1.706396903
1.710761126
1.707664167
1.70014058
1.700087505
1.720190465
1.717553249
1.700297029
1.700211165
1.719277151
1.747655845
1.701712068
1.710594654
1.734847567
1.700087554
1.714110022
1.717041716
1.701690713
1.702159801
1.70104351
1.701070125
1.700860206
1.700938235
1.700925257
1.709212732
1.709403324
1.702207122
1.714202203
1.704185781
1.720374938
1.720485825
1.7204331
1.725503002
1.723188283
1.721510023
1.702050706
1.733688228
1.740183751
1.700081628
1.702087274
1.71721451
1.716510326
1.717551789
1.717158109
1.724013542
1.720955704
1.70011074
1.734381751
1.709906335
1.700541598
1.701088012
1.699999156
1.699999723
1.700874519
1.700855457
1.704848728
1.701907516
1.702173802
1.718606009
1.733921938
1.72742279
1.710795582
1.705313249
1.705115999
1.706776902
1.700383605
1.700275054
1.719716576
1.723384323
1.700774659
1.70069155
1.70204841
1.701596949
1.70175782
1.701705512
1.723424892
1.729715188
1.724535578
1.721895479
1.719150685
1.701915306
1.70203324
1.744369336
1.744401603
1.740694762
1.726710499
1.730495382
1.736600293
1.740305504
1.701036676
1.700907577
1.700732377
1.700532356
1.700064296
1.731547786
1.733651689
1.731221029
1.728356995
1.723833783
1.724846702
1.725115545
1.723822278
1.715810453
1.712321134
1.70191971
1.701851553
1.701983205
1.702086913
1.702095936
1.724915814
1.700338662
1.700339243
1.69995377
1.703631609
1.712045833
1.708591895
1.700002089
1.699959582
1.717179977
1.714393247
1.715630711
1.700165483
1.70010402
1.70456919
1.702599578
1.743252414
1.702186801
1.702087318
1.733925941
1.728107155
1.715279231
1.701823711
1.701880276
1.700949402
1.700842344
1.700902086
1.700821969
1.700761114
1.70077052
1.700684961
1.702437068
1.702382619
1.702484998
1.713085477
1.707062523
1.714864747
1.717520488
1.735247874
1.699953679
1.700006889
1.700272627
1.714851849
1.714495937
1.714353357
1.70508075
1.72180193
1.717646488
1.719404502
1.700026704
1.700018906
1.733306645
1.702603215
1.700337469
1.699934968
1.700772197
1.700680558
1.701374016
1.715919124
1.73227038
1.727191497
1.703688376
1.701904804
1.69996775
1.706392708
1.702214593
1.705999144
1.71021365
1.70182942
1.702579221
1.71994566
1.701963585
1.730172732
1.700162638
1.71899415
1.722404884
1.700727576
1.700767272
1.702348708
1.702034924
1.719675723
1.71995339
1.728959556
1.724479387
1.721344195
1.718446261
1.702147248
1.702173168
1.74057283
1.739673878
1.739801826
1.736359139
1.726406888
1.735188603
1.737682305
1.700747004
1.700568553
1.700341615
1.69994139
1.729704469
1.731513533
1.729298363
1.727064974
1.724016935
1.720321036
1.720220031
1.721235617
1.720788195
1.71472966
1.71127636
1.702039341
1.701945569
1.70209807
1.702166252
1.701900439
1.720530405
1.700145983
1.700146935
1.699894236
1.699896644
1.699920458
1.71039445
1.699900078
1.712303604
1.71270912
1.710992608
1.70002633
1.702570906
1.702560348
1.702570397
1.739012044
1.702371175
1.70229364
1.702208643
1.728231086
1.722185363
1.714256955
1.70194469
1.700714721
1.700535682
1.700580618
1.700521526
1.700512252
1.700369809
1.702490524
1.70252856
1.702433292
1.702528236
1.702187766
1.702363158
1.703537936
1.711561279
1.73112223
1.699901738
1.699924203
1.71085171
1.712545526
1.713800007
1.715726961
1.716863546
1.699963892
1.699959028
1.732471207
1.702522613
1.700147905
1.70058989
1.700690072
1.70043419
1.699843214
1.730243095
1.726321225
1.701247814
1.701638833
1.699814958
1.699794391
1.700995132
1.705323794
1.705727825
1.701783836
1.701853386
1.716641631
1.717246094
1.702016352
1.7294233
1.732468156
1.70209367
1.700863701
1.700237382
1.722615657
1.700001348
1.717956574
1.721727941
1.700701585
1.702425904
1.702238718
1.715661908
1.727396186
1.722557267
1.718033966
1.714971875
1.702241247
1.702218799
1.735885285
1.737292726
1.735236788
1.735295008
1.725572056
1.733574213
1.70043617
1.700280554
1.700139891
1.699877871
1.699909791
1.728273901
1.726865017
1.724761295
1.719325266
1.71631582
1.71669697
1.716862936
1.717423125
1.710486983
1.70206246
1.701987343
1.702141618
1.702177842
1.701874172
1.701935451
1.715737797
1.69999576
1.699996001
1.699869454
1.699869473
1.699868331
1.699852243
1.709347822
1.707948495
1.709083052
1.709640658
1.709822732
1.707798865
1.699908152
1.702516771
1.702528942
1.702479777
1.702380097
1.734492061
1.702399838
1.702362604
1.70230833
1.718826746
1.723148762
1.713257174
1.700385621
1.700201115
1.700266616
1.700230755
1.700153049
1.702460515
1.702508249
1.702473843
1.702367408
1.701882998
1.702096581
1.700514869
1.706378435
1.726499164
1.699859588
1.707397202
1.710454806
1.712841915
1.699901451
1.730620266
1.699991141
1.700545232
1.700357504
1.700169904
1.699828901
1.724757903
1.701199678
1.699835195
1.699838518
1.699854733
1.699806449
1.703334567
1.70449706
1.701691177
1.701775054
1.714292552
1.713110672
1.702015843
1.727568375
1.728787962
1.702095204
1.700608312
1.700013041
1.70000227
1.717397717
1.719708442
1.713258135
1.701564317
1.71751669
1.700023666
1.721651636
1.699990443
1.699898551
1.71664135
1.721085212
1.700565335
1.702417431
1.702292473
1.710697643
1.723267849
1.716408775
1.710986063
1.702255289
1.702198453
1.731313213
1.732984556
1.730182686
1.730294827
1.724061926
1.729131375
1.700132583
1.700015809
1.699866176
1.699862922
1.724205486
1.720530282
1.713731762
1.713054208
1.713185303
1.713379774
1.71233339
1.704876368
1.702032877
1.70195043
1.702116562
1.702122792
1.701745709
1.701861707
1.710814686
1.699893719
1.699889146
1.699858452
1.699861858
1.699853093
1.699842489
1.706916469
1.705753114
1.705070332
1.706463732
1.70671019
1.70547112
1.699861466
1.699861987
1.702434181
1.702356169
1.702453765
1.702071311
1.702121778
1.729196102
1.702352931
1.702351126
1.7023302
1.709980339
1.717369136
1.709120913
1.700090302
1.699942528
1.700011136
1.699960797
1.702415852
1.702389612
1.701666233
1.700178279
1.700260325
1.721174113
1.705192031
1.708552938
1.706453735
1.726321461
1.699886325
1.700336113
1.700128652
1.699974853
1.699875535
1.72028652
1.700526966
1.701060302
1.699919126
1.699954959
1.699972679
1.699920003
1.699887761
1.701594156
1.710655276
1.710469713
1.701956109
1.723109625
1.722850149
1.702035885
1.69989701
1.699889627
1.699895723
1.711641415
1.713649959
1.715389835
1.709961703
1.701411071
1.713105441
1.711262273
1.699886086
1.699887517
1.699889988
1.700032792
1.709110585
1.699854058
1.712041926
1.718445141
1.700350791
1.702334414
1.702277198
1.707934898
1.707015524
1.715712066
1.715494422
1.717893862
1.707796656
1.707981705
1.701429492
1.702474734
1.702199082
1.702079251
1.725974183
1.727575297
1.724200299
1.724091289
1.723976088
1.69989445
1.699870696
1.699875796
1.712606803
1.70792883
1.708858624
1.709576615
1.709681254
1.708203152
1.701920947
1.7018449
1.702002798
1.701653187
1.707013313
1.699850179
1.699845681
1.699876766
1.699864119
1.699905254
1.699924648
1.703766793
1.704297475
1.703387491
1.70410084
1.703910886
1.703667056
1.69986713
1.702265638
1.702320932
1.702111906
1.701630346
1.701813781
1.721157503
1.702235632
1.702268094
1.702282746
1.702571016
1.699969434
1.710900832
1.703763694
1.700013692
1.699888168
1.699840384
1.699862322
1.702291568
1.702223
1.70112417
1.699973693
1.700055299
1.710913779
1.705235927
1.719881229
1.699842619
1.700116118
1.699951231
1.699893829
1.700006222
1.700545998
1.700184877
1.700131133
1.700119178
1.700122213
1.701407027
1.707714313
1.71617009
1.69990975
1.69995511
1.699946297
1.707196553
1.708471368
1.709781855
1.706844388
1.701229608
1.708290893
1.706947275
1.699866632
1.69984088
1.699841406
1.700243642
1.706964828
1.706028248
1.699817793
1.699903425
1.702431254
1.699955364
1.699870042
1.700017165
1.707038143
1.711216813
1.700101782
1.702177867
1.702194131
1.705263448
1.708949027
1.709090073
1.703240404
1.702440773
1.701093738
1.700952569
1.702082097
1.701878579
1.701919695
1.718577844
1.720092406
1.714599071
1.699833415
1.699913809
1.699937868
1.706734919
1.705308202
1.704558458
1.706505426
1.704838221
1.701797145
1.70170746
1.701446315
1.699875123
1.699872227
1.699923317
1.700026858
1.700226011
1.702591687
1.702657897
1.702015372
1.702063057
1.703394474
1.702131198
1.699912973
1.70203853
1.702076903
1.701787884
1.70104948
1.701409068
1.709635356
1.70603952
1.702045974
1.702108322
1.702164417
1.699725618
1.699747859
1.700187356
1.70034726
1.699935506
1.699906048
1.700006034
1.700033309
1.702085577
1.701991589
1.700539797
1.699752783
1.699919162
1.699622071
1.702010955
1.708702837
1.699869203
1.699935337
1.699873021
1.700194909
1.700083383
1.700336023
1.700365135
1.701165379
1.700122459
1.700191601
1.70014809
1.705497996
1.704557715
1.705775508
1.704718226
1.703551256
1.703032458
1.699866897
1.69986289
1.704546604
1.705305374
1.703779563
1.699964706
1.701438078
1.700176675
1.700040586
1.699911198
1.699724989
1.70105991
1.701683622
1.699967172
1.700295637
1.700338183
1.699978427
1.699927486
1.699883484
1.701922505
1.702033465
1.702889104
1.704186516
1.703810389
1.700766157
1.70082432
1.700905997
1.700736161
1.701903396
1.701618674
1.701726958
1.703059303
1.69958173
1.699935567
1.699992469
1.700014508
1.700042436
1.700066977
1.703432473
1.702840764
1.703155261
1.702914361
1.703704727
1.702183171
1.701535656
1.701203001
1.699967409
1.699966645
1.700221095
1.700514828
1.701135778
1.701020046
1.701529949
1.701175942
1.701727937
1.70134049
1.700770032
1.699700693
1.699644382
1.701860733
1.701967222
1.699622065
1.700490059
1.700209759
1.700195466
1.700106089
1.700388356
1.700384895
1.701688714
1.700243908
1.699615575
1.699792798
1.699588278
1.699578955
1.69992321
1.699952543
1.699844412
1.700428307
1.699939983
1.700528372
1.700566631
1.700931832
1.700482603
1.700550999
1.700485698
1.702657791
1.703289834
1.700644113
1.700609662
1.699984631
1.70278679
1.70009066
1.70109684
1.700435987
1.700058991
1.700308534
1.699838057
1.699620653
1.701061664
1.701388187
1.701464106
1.700160562
1.700101488
1.700119183
1.70011671
1.70060391
1.700176495
1.700435288
1.700516984
1.700636717
1.700302641
1.699748258
1.701656432
1.701768903
1.701891562
1.701217415
1.700702959
1.701187186
1.700635038
1.700700916
1.700547102
1.701225187
1.701498937
1.699909944
1.699628654
1.700269301
1.700135418
1.700241353
1.700264836
1.700932132
1.701371434
1.700906079
1.701229253
1.701453227
1.701039025
1.70085034
1.700798723
1.700120936
1.700112736
1.700483556
1.700680498
1.700698933
1.701152179
1.701122604
1.701032778
1.701198924
1.70117585
1.70105404
1.700249798
1.699774362
1.701592987
1.699577749
1.70066181
1.700500937
1.700838719
1.700825465
1.701313557
1.700957601
1.699583977
1.69966523
1.700273306
1.700109069
1.700694956
1.699775812
1.700906285
1.700938617
1.70082343
1.700532128
1.70052188
1.700515225
1.700470721
1.700324305
1.700283865
1.701085923
1.70073237
1.700259335
1.699898366
1.700573128
1.699590068
1.699590049
1.701084557
1.701133655
1.701181415
1.700439596
1.700339518
1.699952489
1.699942592
1.700318661
1.700316715
1.700329159
1.700756449
1.700806919
1.700583303
1.700826806
1.699756375
1.70124843
1.701464125
1.701157534
1.701184009
1.700447216
1.700454848
1.700500334
1.700372026
1.700778836
1.701172216
1.700176827
1.699632644
1.699749843
1.700823554
1.700762157
1.700327931
1.700502814
1.700551034
1.700413737
1.700510013
1.700582745
1.700708261
1.700446912
1.701000946
1.700836328
1.700513689
1.700343993
1.700750528
1.700848969
1.701124095
1.701152698
1.701046165
1.70117823
1.701163856
1.700342204
1.701185191
1.701182555
1.701007589
1.70127815
1.701236553
1.70066987
1.699599603
1.700398284
1.700898388
1.699678651
1.701265626
1.701221972
1.701059877
1.700417471
1.700369192
1.700381569
1.700344539
1.700681389
1.700566687
1.701090699
1.700962844
1.700468567
1.700057937
1.700769412
1.699642694
1.699669828
1.699645904
1.700743506
1.700853029
1.700855224
1.700600775
1.700662719
1.699793599
1.699887011
1.700076816
1.701132881
1.700587974
1.700560688
1.700597716
1.700573073
1.700590447
1.700626407
1.700948771
1.700781497
1.700978766
1.701001941
1.699883603
1.700733635
1.701001399
1.70107557
1.701135586
1.700341024
1.700297119
1.70031503
1.700233361
1.70038286
1.700698744
1.700265113
1.699776289
1.701317258
1.701364141
1.701131485
1.700808198
1.700853982
1.700841355
1.700374916
1.700438389
1.70069559
1.700860023
1.70103413
1.701028608
1.701126733
1.701143521
1.701058885
1.701134117
1.700014682
1.700649547
1.70156034
1.701489934
1.701548716
1.701466441
1.700162257
1.699668297
1.69962506
1.700539091
1.701361823
1.70120799
1.700289345
1.700232707
1.700296921
1.700244558
1.700877917
1.701100171
1.701008578
1.700605631
1.700250084
1.700820059
1.699790904
1.700469365
1.700437486
1.700752073
1.701000859
1.699665056
1.700021734
1.701075052
1.700311257
1.700405981
1.700558518
1.700427341
1.700903374
1.700883616
1.701141866
1.701110248
1.700944358
1.701193931
1.700084174
1.700210897
1.700435141
1.700981346
1.700306979
1.700231895
1.700161659
1.700181711
1.700193754
1.700218932
1.700273214
1.700439958
1.699990948
1.70178992
1.701677926
1.701755878
1.701502417
1.701132466
1.701120955
1.701151688
1.700607753
1.700739235
1.701193303
1.701124
1.701117588
1.70106888
1.701079139
1.699703724
1.700148898
1.701674554
1.701746166
1.70153674
1.701410575
1.699849285
1.699835338
1.699688102
1.700721476
1.701152461
1.70100821
1.70017828
1.70014124
1.700161179
1.701185728
1.701100951
1.700815663
1.700607758
1.700399734
1.70068221
1.700003718
1.700184498
1.700149923
1.700917403
1.701416214
1.701182295
1.699681573
1.700986014
1.700101478
1.700292643
1.70041279
1.700451779
1.701279275
1.701355989
1.70129359
1.701096835
1.701266944
1.701374359
1.700261015
1.699842955
1.699978604
1.700837189
1.7002051
1.70014728
1.700110258
1.700105128
1.700089848
1.699952883
1.700580279
1.700628677
1.700259954
1.701930145
1.701989758
1.701934552
1.70182196
1.701828
1.70140066
1.701458885
1.70049134
1.700596387
1.701101088
1.701068248
1.70107395
1.701003352
1.699758521
1.699730174
1.699857252
1.701444104
1.701669439
1.701190603
1.701045446
1.700162509
1.699858074
1.700961038
1.70066849
1.700565768
1.700117831
1.700113637
1.701507124
1.700413845
1.700443774
1.700361333
1.700083946
1.69999502
1.70154933
1.700884612
1.700027988
1.700193145
1.70029711
1.700150249
1.700365192
1.701757215
1.701472544
1.701631871
1.701446276
1.701252775
1.70162324
1.700320496
1.699799887
1.699859988
1.700710002
1.700130218
1.700106848
1.700089489
1.700108266
1.700057843
1.69995105
1.700568968
1.700909183
1.700929931
1.701580055
1.70193029
1.701673976
1.702079869
1.702115341
1.702091112
1.701870769
1.701703129
1.701791308
1.700336219
1.700479578
1.70106477
1.701065965
1.700995166
1.700929577
1.699959679
1.700061668
1.700873542
1.701237764
1.700538925
1.700399621
1.700476817
1.701235481
1.699995838
1.699955995
1.700116248
1.699876602
1.699917928
1.700003205
1.700754095
1.700038712
1.700120035
1.700195537
1.699779274
1.700181865
1.701978961
1.70010762
1.702165086
1.701624039
1.701877832
1.701816551
1.701547049
1.700179641
1.700044354
1.700164328
1.70055676
1.700097168
1.700118791
1.700164577
1.700120434
1.700119988
1.700181897
1.700951947
1.701265886
1.700880592
1.701065642
1.701796602
1.70143812
1.702032228
1.702142834
1.701950732
1.70211964
1.700338475
1.700201784
1.701034086
1.700967034
1.70083178
1.700801201
1.700399764
1.700411999
1.700386667
1.700058305
1.700476985
1.699688154
1.699612756
1.700886476
1.699277143
1.699311329
1.700186664
1.699323101
1.699447008
1.700584999
1.700093237
1.700112793
1.699392492
1.699869595
1.70027528
1.701552831
1.70009418
1.702095478
1.70217771
1.702028738
1.702088146
1.701822765
1.702001864
1.699883919
1.700533901
1.700557435
1.700699008
1.700362684
1.700156643
1.700300613
1.700375993
1.700589831
1.701369499
1.700172245
1.699973693
1.700608862
1.701098407
1.701504137
1.701725576
1.702176938
1.700203806
1.700109755
1.700955091
1.700826334
1.700596979
1.700632379
1.700920539
1.700996784
1.699576183
1.699209895
1.698877941
1.698918834
1.69878151
1.701392361
1.698673681
1.698788711
1.700288866
1.69888436
1.699055882
1.700387731
1.699093066
1.699511271
1.700501138
1.701760232
1.70009298
1.700212659
1.701687347
1.70136235
1.70173393
1.702012899
1.702116643
1.70215035
1.70200511
1.702104912
1.69949566
1.70116927
1.701058959
1.701046137
1.701216366
1.700201742
1.700363987
1.700690453
1.70075554
1.700560337
1.700914434
1.701783256
1.699219317
1.699618913
1.699060658
1.700130394
1.70061679
1.700839784
1.702106279
1.700108512
1.700785771
1.700618901
1.700355102
1.700431886
1.70150211
1.701550951
1.698741097
1.698465111
1.698319142
1.698349375
1.69833066
1.701823025
1.698383492
1.698520119
1.698669929
1.698858817
1.698937768
1.699195481
1.70010932
1.700186552
1.70039095
1.700501982
1.700895073
1.700736841
1.700256799
1.701341335
1.701751297
1.702033581
1.702026122
1.702052816
1.701944284
1.699122838
1.701720461
1.701593538
1.701460747
1.701436407
1.70131236
1.701583676
1.700185165
1.700109148
1.700704155
1.70114969
1.700934388
1.701132078
1.698715263
1.698465018
1.699112808
1.698369375
1.699563025
1.699752946
1.700552104
1.700371405
1.700238484
1.701923016
1.701858999
1.698208374
1.698132614
1.698153452
1.698200963
1.698306655
1.698455473
1.698546854
1.698776392
1.698712477
1.69887368
1.698933687
1.698990792
1.700133225
1.700243386
1.700464371
1.700686375
1.700835215
1.69891844
1.700311037
1.699771211
1.699603444
1.699125781
1.70088856
1.701404973
1.701910468
1.70186404
1.701686029
1.701407549
1.698872502
1.701820455
1.701775318
1.701715623
1.701615083
1.701656275
1.701550804
1.701458883
1.700114235
1.701056709
1.701405457
1.701260744
1.698300779
1.698167549
1.698089724
1.698601524
1.698100915
1.698715154
1.70031571
1.700156433
1.701829485
1.698145772
1.698271559
1.698439537
1.698481066
1.698673171
1.698862087
1.698900948
1.699014761
1.699008514
1.699049056
1.699030871
1.700275503
1.70014704
1.700741969
1.700529353
1.700955507
1.701103302
1.698925863
1.699155617
1.699746453
1.698668996
1.698546925
1.698203545
1.700293792
1.700482157
1.701421085
1.701396525
1.701193669
1.700914539
1.698808204
1.701566827
1.701497093
1.701501858
1.701529085
1.701481966
1.701521672
1.701523889
1.701482791
1.700102806
1.701288396
1.701416607
1.697934454
1.697981468
1.697995107
1.698064307
1.698234215
1.697983823
1.69832918
1.700135402
1.6985593
1.698830608
1.699060403
1.699092592
1.699297303
1.699456413
1.699392519
1.699403294
1.699299158
1.699235554
1.699115782
1.700401408
1.700229867
1.700938955
1.700744415
1.700594839
1.7011034
1.701226212
1.698975962
1.699085797
1.698635454
1.698175255
1.699144678
1.697880378
1.697821381
1.697715032
1.699350796
1.699824978
1.700586339
1.700609465
1.700803985
1.700261408
1.700250209
1.698836411
1.700978239
1.700930879
1.701055521
1.70101487
1.70117601
1.701296575
1.701283545
1.701355328
1.700137471
1.700063682
1.701323225
1.697848425
1.698053818
1.698184985
1.697749684
1.69849336
1.698833113
1.698970942
1.699323949
1.699562982
1.699844676
1.699817113
1.69993617
1.699956256
1.699795475
1.699647214
1.699470842
1.699283367
1.700392633
1.700249309
1.70099559
1.700867381
1.700729414
1.700539431
1.701067305
1.701137088
1.698949346
1.698860634
1.699096927
1.701084788
1.698194115
1.697828166
1.697644539
1.698363271
1.697584774
1.697630851
1.697798405
1.698757148
1.699167177
1.699868792
1.699582942
1.699546727
1.700113771
1.699236997
1.698816599
1.700051824
1.700329618
1.700255007
1.700535382
1.700776018
1.700793518
1.700995822
1.701134957
1.700092675
1.698103251
1.698271943
1.698667515
1.698857521
1.699278265
1.699677725
1.699776036
1.700114714
1.700121139
1.700342284
1.700461778
1.70036585
1.700298641
1.70010111
1.699863642
1.699587877
1.699373871
1.700401433
1.700234691
1.700872872
1.700845155
1.700740489
1.700614325
1.700822811
1.700817551
1.698762641
1.698450166
1.698671873
1.69896447
1.700673356
1.697699426
1.697776709
1.697568939
1.697610104
1.697655471
1.697996531
1.697897758
1.698020607
1.698435012
1.698268953
1.698354534
1.699168266
1.698910406
1.698624869
1.698608157
1.699175918
1.698615816
1.699456487
1.6996871
1.700030075
1.700095083
1.700392698
1.700641472
1.700199248
1.698936091
1.699081121
1.699586525
1.699751254
1.700154239
1.700484148
1.700566855
1.700733761
1.70072331
1.700740668
1.700616145
1.700452031
1.700100915
1.699660045
1.699183681
1.700454491
1.700659807
1.700566764
1.700622857
1.700582434
1.70038172
1.700322654
1.698410579
1.697943905
1.698103849
1.698336352
1.698461297
1.700072535
1.697747753
1.697744627
1.697742997
1.697931022
1.697879701
1.698253551
1.697820227
1.698689127
1.698874388
1.699441051
1.697867275
1.69801354
1.698366704
1.698395243
1.698170067
1.697991393
1.698631863
1.698207394
1.698929342
1.699211455
1.699313842
1.699654505
1.699972386
1.700322332
1.699929368
1.700395285
1.700552111
1.700798494
1.700923903
1.700920383
1.700861787
1.700786882
1.700537896
1.700150287
1.6999269
1.699438698
1.698899783
1.700463517
1.70032383
1.70037578
1.70010792
1.700459606
1.699815189
1.699734681
1.697987112
1.697564202
1.697567733
1.697680161
1.697690858
1.697975802
1.699387814
1.698053724
1.698289958
1.698332513
1.697921753
1.698766224
1.698643291
1.699207695
1.697925898
1.69969344
1.699889627
1.700320901
1.697862039
1.697915898
1.697937042
1.698063801
1.697865584
1.698273732
1.69769395
1.69851979
1.698612583
1.698930433
1.699264721
1.70037885
1.700699923
1.700903284
1.700940719
1.700909489
1.700717807
1.700651324
1.700296975
1.700174835
1.699692752
1.699128782
1.698951728
1.698439279
1.700357887
1.700021413
1.699882667
1.700220176
1.699562463
1.699215987
1.697269665
1.697218567
1.697307517
1.697124739
1.697179078
1.697419004
1.698842499
1.699090264
1.698816763
1.69851859
1.699205019
1.699221685
1.698469477
1.699766333
1.699656647
1.700181779
1.6982399
1.700553439
1.700664265
1.700884797
1.698050831
1.697931674
1.697949704
1.697896845
1.697945734
1.698072925
1.697276684
1.69815016
1.698370755
1.698656418
1.70031057
1.700941096
1.700800537
1.700683628
1.700288097
1.699840044
1.699218754
1.698987598
1.698390063
1.697848444
1.697773494
1.700138798
1.699621109
1.699899948
1.699417746
1.698739576
1.697179554
1.697076201
1.696933417
1.69720475
1.696773276
1.69669709
1.696838624
1.698443527
1.6987478
1.699037149
1.699400145
1.69977369
1.699312306
1.700091246
1.6990032
1.70045096
1.70058518
1.700833596
1.69868197
1.700939842
1.700945655
1.700836866
1.69843985
1.698394349
1.698192072
1.698059057
1.698004099
1.698052466
1.697095473
1.698108093
1.698275172
1.700103431
1.700502635
1.700022738
1.699748104
1.699170607
1.698443614
1.697773147
1.697547666
1.69699256
1.696702598
1.699843642
1.69955452
1.699250475
1.698492143
1.697233998
1.697326376
1.69713698
1.696860025
1.697313048
1.696546275
1.696294469
1.698327429
1.698802148
1.698610439
1.698978991
1.700222685
1.700136599
1.700457343
1.699879517
1.700699881
1.699549823
1.70085075
1.700906502
1.700844139
1.699258994
1.700622143
1.700561212
1.700078036
1.699205976
1.698880035
1.69856765
1.698339916
1.698308825
1.697184633
1.698230321
1.699790292
1.6994493
1.698728231
1.698398158
1.69770237
1.696986521
1.696485108
1.696351908
1.696142729
1.699526681
1.699247367
1.698515459
1.69763627
1.697585889
1.6976396
1.697358293
1.696966891
1.697562934
1.696545088
1.696247395
1.698521064
1.698848265
1.698743254
1.698717682
1.699029131
1.697496922
1.700650253
1.700613623
1.700519761
1.700722165
1.70036612
1.700717171
1.700092716
1.700600382
1.700500217
1.699939212
1.700148415
1.699614339
1.698879874
1.699775325
1.69938062
1.699034073
1.698872935
1.698540072
1.697434104
1.699442417
1.698041801
1.697257634
1.69696401
1.696387973
1.695955741
1.695828061
1.695926387
1.699252031
1.698788077
1.698039414
1.698175037
1.698010286
1.697946667
1.697730956
1.697335304
1.697779609
1.697033313
1.696319732
1.698970039
1.698871829
1.698904688
1.698943917
1.698982793
1.699067649
1.700506638
1.700518176
1.700647864
1.700732152
1.700358321
1.70073408
1.700075719
1.699718826
1.699495392
1.698610341
1.700556021
1.700758223
1.698184264
1.697435278
1.700244716
1.699875613
1.699638599
1.699116688
1.697784243
1.697615891
1.699142738
1.696672336
1.696037044
1.695964071
1.69569794
1.695743343
1.69603698
1.699221648
1.698467141
1.698262186
1.698594506
1.698526203
1.698023356
1.69832066
1.698147561
1.697371114
1.697023952
1.699555351
1.699027962
1.699114542
1.698956817
1.69897101
1.699348403
1.697804267
1.699755982
1.699782046
1.70014199
1.700484548
1.700749486
1.699365188
1.700866798
1.698930556
1.698430261
1.698138878
1.697193
1.700961558
1.700863977
1.696816867
1.696263164
1.700607907
1.700362497
1.69981241
1.697597387
1.697537433
1.698964909
1.695856879
1.695664777
1.695718725
1.695923162
1.696421024
1.699696078
1.698712417
1.698365407
1.69810805
1.698978582
1.699081439
1.699129668
1.69864029
1.698425158
1.697726821
1.700113546
1.699055151
1.699216384
1.699386321
1.698957592
1.699681637
1.697565848
1.697278467
1.699587868
1.698567435
1.698597266
1.69912013
1.699619461
1.700084222
1.700309657
1.698121548
1.700689773
1.697608562
1.697093624
1.696813889
1.696150128
1.700938102
1.700942693
1.695940561
1.695761267
1.700797275
1.700414451
1.697128484
1.69712234
1.698916596
1.695842325
1.696157491
1.69637592
1.69698501
1.700020332
1.698816521
1.698275107
1.697793202
1.699257599
1.699533371
1.699648273
1.699548539
1.699093068
1.69959265
1.698442928
1.700295686
1.700519388
1.699023164
1.699182274
1.699380603
1.699859619
1.696885228
1.696741174
1.696553881
1.699446015
1.69962388
1.697746748
1.697345043
1.6972703
1.698327666
1.69888766
1.699160404
1.69974655
1.696899291
1.700320404
1.696491703
1.696115685
1.695976091
1.69582105
1.700661848
1.700688462
1.695864283
1.696141312
1.700696108
1.696498638
1.696474425
1.698967471
1.696698604
1.697350758
1.697726357
1.700090005
1.69870267
1.698020849
1.697350383
1.699094875
1.699633119
1.699955993
1.70011997
1.700106673
1.699747788
1.69918227
1.700222481
1.700351889
1.69910875
1.699265703
1.699774099
1.69625974
1.695859517
1.695865935
1.695829612
1.699273367
1.699324738
1.699413542
1.696573385
1.696983506
1.696333805
1.696296452
1.697478326
1.69775157
1.698359422
1.699111654
1.696104274
1.699739975
1.695949389
1.695880193
1.695921981
1.695987307
1.696365931
1.699923366
1.70025163
1.696608267
1.697248664
1.69585704
1.695855193
1.695822416
1.699037856
1.698069068
1.698808736
1.699805262
1.697925247
1.697533311
1.696766203
1.698698902
1.699386601
1.699690001
1.700156078
1.700335958
1.700169179
1.699926736
1.699679077
1.699663859
1.69914415
1.699366121
1.695202139
1.695529125
1.695069011
1.695204953
1.695318519
1.699066551
1.69912551
1.698968985
1.698939056
1.695548882
1.695916271
1.696043897
1.696300029
1.695913564
1.69594316
1.696446811
1.697007777
1.69761877
1.698400788
1.695987148
1.698697947
1.696146916
1.696407795
1.696490936
1.696928471
1.697519051
1.699264394
1.697857427
1.698625972
1.695415149
1.695442932
1.695498079
1.699027923
1.699388236
1.69913785
1.696372088
1.697149278
1.696161907
1.698005915
1.698357514
1.699180384
1.699873064
1.700223865
1.700238189
1.700102935
1.698761948
1.698603256
1.699012006
1.698671445
1.694637998
1.694638761
1.694570427
1.694783434
1.694980793
1.695216427
1.69867671
1.698865185
1.698436682
1.698290607
1.694792638
1.69769223
1.695808862
1.696007019
1.695746313
1.695745034
1.696230719
1.696331283
1.695938047
1.696342833
1.697110283
1.69650089
1.697368217
1.696616966
1.698009609
1.697020285
1.697472023
1.697618561
1.698179223
1.698762375
1.69908626
1.699709946
1.695486439
1.695730525
1.695534372
1.698872738
1.698236392
1.6948834
1.695454725
1.696205432
1.696539733
1.697438232
1.698431943
1.699225035
1.699461668
1.699865891
1.700017737
1.697734666
1.697455592
1.697856162
1.694743755
1.694440264
1.694250476
1.694089041
1.695090817
1.695241859
1.695530491
1.69820367
1.698546821
1.697869108
1.693957929
1.697428806
1.697333099
1.697262188
1.699879867
1.69601085
1.696399073
1.696768315
1.695891073
1.695715218
1.697222281
1.697339473
1.695725551
1.69581743
1.696117906
1.696348125
1.696870535
1.697739995
1.698207084
1.698638894
1.698772502
1.699211559
1.699564868
1.699731389
1.696083907
1.696149249
1.696182426
1.695980503
1.698499617
1.697392096
1.694131044
1.694553112
1.69469642
1.695556832
1.696392623
1.697438166
1.697811573
1.698591975
1.699206427
1.699289557
1.696857949
1.696601015
1.697130986
1.694991867
1.695480189
1.694749717
1.694249248
1.693981946
1.695915704
1.695997252
1.697730596
1.698088165
1.693646708
1.697260195
1.697401945
1.69703485
1.69718524
1.699551328
1.696966005
1.696826484
1.697553929
1.697567098
1.698077219
1.696354421
1.69600453
1.698511648
1.69856886
1.695957146
1.695894425
1.69600175
1.696217023
1.698896265
1.699193599
1.69939449
1.69946985
1.699587474
1.699554462
1.696716486
1.69690342
1.696894045
1.696693479
1.696521401
1.697994287
1.696774737
1.693577683
1.693514957
1.693857453
1.694477136
1.69461301
1.69550218
1.695799666
1.696714046
1.697575201
1.697847675
1.698477124
1.696515106
1.696346705
1.6968719
1.696103198
1.695812914
1.696605353
1.695000664
1.6942603
1.69698261
1.697661376
1.693623388
1.69742761
1.697332299
1.697386751
1.697173529
1.697453027
1.698609975
1.698436951
1.6982475
1.697629878
1.698912015
1.698967445
1.699324082
1.697055082
1.696934421
1.699530514
1.699489472
1.69647683
1.696496083
1.696311781
1.69956616
1.699522451
1.699398089
1.699360068
1.699075736
1.697471103
1.697169357
1.697576637
1.697847494
1.6969777
1.696820554
1.697511419
1.696772138
1.693371537
1.69315637
1.693244498
1.693310944
1.693770743
1.694042193
1.694818647
1.695675676
1.695973166
1.696867208
1.69699857
1.696823401
1.696793672
1.697139968
1.697381209
1.697214411
1.69648575
1.697717013
1.695553515
1.694690205
1.694286778
1.697551356
1.697855281
1.697353693
1.697329228
1.697689954
1.697766181
1.699690357
1.699604969
1.699066325
1.698470993
1.699932421
1.699922047
1.699943587
1.698208608
1.697556928
1.699815256
1.699686857
1.697136161
1.699367076
1.699410847
1.699004058
1.69852413
1.69840269
1.697984929
1.697564611
1.69723033
1.698306167
1.696860601
1.696617909
1.697209286
1.697306497
1.693590347
1.693147941
1.693036874
1.693020491
1.693120597
1.693511271
1.694109949
1.694490548
1.695324472
1.696060186
1.697615606
1.697738447
1.697766332
1.6983533
1.698336219
1.69794517
1.697189107
1.696309488
1.695939871
1.694987088
1.697872456
1.69745851
1.698260275
1.698215767
1.696869239
1.700187156
1.700231675
1.700051428
1.699675734
1.699426762
1.700073957
1.6999646
1.699607192
1.698841105
1.698212234
1.699129088
1.698931034
1.69843198
1.698306933
1.697718772
1.697061789
1.698127944
1.697587178
1.69707597
1.696824607
1.698538184
1.69633325
1.695871482
1.697251415
1.69810234
1.694169192
1.69394403
1.693412742
1.693387305
1.693236251
1.693379835
1.693630547
1.694105474
1.69472564
1.695309219
1.698514607
1.69870861
1.698424818
1.698768491
1.698844029
1.698553682
1.697985017
1.697756335
1.696895654
1.695946886
1.698122545
1.697725285
1.698371192
1.698563213
1.695503783
1.699788141
1.700034222
1.700096855
1.699950203
1.699653812
1.699215646
1.698968394
1.69828957
1.699190192
1.697550886
1.69741854
1.696838253
1.696710153
1.696109898
1.697268723
1.697894937
1.696607702
1.696136568
1.696038662
1.698241955
1.695567301
1.69473792
1.694787072
1.697500254
1.698768914
1.695543307
1.694650424
1.694129558
1.6937442
1.693800349
1.693815322
1.694008192
1.694303636
1.694397806
1.699066265
1.699262145
1.698763811
1.698805401
1.699121511
1.699046788
1.699114066
1.698704709
1.697901832
1.697515422
1.697911145
1.698101469
1.698446847
1.698047373
1.694735396
1.698297123
1.699035114
1.699445457
1.699470091
1.699584609
1.699511933
1.697470228
1.697156635
1.696254037
1.695595603
1.695706281
1.69513181
1.6951421
1.695889145
1.696548351
1.696851709
1.695295259
1.694995876
1.695045216
1.697781721
1.694155112
1.693945426
1.693791552
1.697732585
1.698901008
1.696595625
1.695680158
1.695067657
1.694921156
1.694522792
1.694237134
1.694132732
1.694130366
1.694075925
1.698901186
1.699070131
1.698493117
1.698653769
1.699269817
1.699499501
1.6993205
1.6990895
1.698438148
1.697856469
1.697716656
1.697807375
1.697331026
1.694134863
1.697080491
1.69625503
1.697201496
1.69792884
1.698073718
1.698569645
1.698882574
1.695417091
1.695075016
1.694248498
1.694173356
1.694046702
1.694349972
1.694981302
1.694844942
1.696015981
1.694052716
1.693995989
1.697196231
1.693463611
1.693632267
1.693551942
1.693269359
1.697701349
1.698148768
1.697573339
1.696819052
1.696586256
1.695935493
1.695376657
1.694845783
1.69484499
1.694430353
1.694051747
1.698059546
1.697641331
1.698244679
1.698858973
1.699568977
1.69969618
1.69955387
1.699054456
1.697528367
1.696801332
1.696416444
1.693833882
1.696993262
1.696302336
1.694325392
1.695167071
1.695961638
1.696185941
1.696927211
1.697583519
1.693764554
1.693633197
1.693390721
1.693566375
1.693526743
1.693231878
1.694086801
1.692974483
1.695228921
1.693283888
1.696416768
1.693588229
1.693251426
1.693653807
1.693643247
1.693402137
1.697310419
1.696889067
1.698458177
1.698225723
1.697525194
1.696830544
1.696186679
1.695860731
1.694989999
1.694606414
1.69657848
1.696446157
1.697220426
1.698648607
1.699119425
1.699546771
1.699604608
1.699328866
1.69572924
1.695575643
1.694027663
1.69642415
1.69568347
1.693577032
1.693172487
1.694266427
1.694358019
1.695176959
1.695939519
1.693056051
1.693170578
1.693640525
1.692639796
1.692856234
1.692620569
1.693387795
1.692347229
1.694369319
1.695143491
1.694377804
1.693923353
1.694205196
1.693367443
1.694190676
1.694106725
1.69405796
1.696641527
1.695522423
1.699252433
1.698728495
1.698183577
1.697666387
1.697368615
1.696428772
1.696047698
1.695347959
1.695136611
1.695284916
1.696822765
1.697528407
1.698428345
1.699021804
1.699268082
1.694932678
1.695133711
1.694865764
1.695855206
1.695357233
1.693279329
1.693078109
1.693157195
1.69396338
1.693534239
1.694534268
1.693533911
1.693849392
1.692760336
1.692292301
1.692247355
1.692780034
1.692957111
1.693302093
1.694685157
1.69542194
1.695210458
1.694624009
1.695140132
1.693844729
1.69498406
1.694724986
1.694779391
1.695158449
1.695987425
1.69453554
1.699025762
1.698794658
1.698864179
1.698635395
1.698501183
1.697877637
1.69762834
1.697048251
1.696627523
1.694203413
1.694557558
1.695401114
1.696561198
1.697502407
1.698176629
1.694640102
1.694858666
1.695145921
1.695403572
1.695557568
1.695439091
1.693581202
1.693478087
1.693716661
1.694270752
1.693840103
1.693635687
1.695137698
1.692386547
1.692210271
1.693079821
1.692323399
1.694494736
1.692783621
1.69343371
1.696331644
1.696433518
1.696174456
1.695522414
1.695908198
1.695564521
1.695194822
1.695007204
1.695605637
1.695612748
1.69425159
1.698573773
1.698213369
1.697237722
1.698729532
1.698810895
1.698799015
1.698776009
1.698514778
1.698364697
1.697621839
1.69410157
1.694596451
1.693719449
1.694652817
1.695556081
1.696385915
1.695196081
1.695194248
1.695622219
1.696810271
1.695625919
1.695892571
1.694653084
1.694342368
1.694719441
1.695272461
1.696118933
1.694115966
1.697537941
1.693674171
1.692878322
1.692683217
1.69495457
1.692453361
1.696441827
1.692554986
1.692740728
1.696602314
1.697095796
1.697336667
1.697142587
1.696116219
1.69453182
1.694944678
1.694363652
1.695531011
1.69567258
1.694823324
1.697348193
1.697860954
1.696629891
1.695348535
1.698144207
1.698770976
1.699035313
1.69921202
1.699294768
1.699091339
1.698597626
1.694866938
1.695531433
1.693176089
1.693828428
1.694526918
1.696017334
1.696210704
1.696398035
1.695997506
1.696542712
1.696495318
1.695812974
1.696345634
1.695250294
1.696515298
1.697192783
1.698099408
1.699159768
1.695797595
1.694544296
1.694132729
1.69341948
1.69721984
1.692952461
1.697975455
1.692929761
1.692820108
1.69679548
1.695958406
1.697585578
1.698039281
1.693241914
1.693612498
1.694156997
1.69288921
1.6943814
1.696108327
1.696032715
1.696294647
1.695608071
1.696603255
1.694789146
1.693746964
1.697489343
1.69812633
1.698322746
1.698932
1.699163268
1.69946595
1.69950126
1.696223634
1.696787429
1.692943592
1.693250267
1.696990997
1.697304924
1.697175533
1.697152991
1.696856474
1.697501907
1.696834619
1.698012523
1.698252178
1.69881477
1.699343263
1.699565274
1.696605777
1.697919105
1.696119628
1.69520691
1.694372572
1.698555986
1.694185881
1.69844127
1.693623337
1.693219289
1.696586794
1.695472328
1.697736083
1.69192121
1.691710969
1.692284687
1.692252631
1.691099819
1.693207261
1.696625267
1.697396533
1.694569298
1.694833836
1.693942233
1.695649807
1.693335642
1.693006699
1.696482257
1.696827158
1.697645503
1.698004962
1.698703414
1.699262332
1.697668458
1.697899547
1.693024955
1.697751645
1.698085611
1.697676692
1.697494037
1.697246939
1.697017377
1.698301981
1.698733339
1.699136843
1.699292046
1.699502382
1.69946652
1.698770123
1.697886375
1.698272276
1.698783211
1.697118426
1.696264592
1.695949501
1.698441871
1.695231241
1.697528263
1.694509007
1.693900911
1.69439958
1.694761654
1.696255179
1.690371899
1.690431673
1.69045199
1.690178506
1.690787333
1.689781793
1.689925359
1.691738801
1.696876138
1.698409151
1.693301299
1.693453248
1.693982238
1.693007105
1.694692517
1.693063441
1.693435239
1.695007961
1.695832181
1.696163021
1.697069597
1.697957528
1.698622525
1.698466989
1.698011065
1.698215453
1.697644404
1.697223912
1.696890574
1.696776062
1.698930877
1.699087808
1.699219946
1.699194112
1.699230676
1.698973093
1.698275279
1.697003236
1.69838149
1.698653295
1.698728569
1.698054832
1.697845794
1.697598081
1.696872054
1.696841287
1.696301512
1.695310243
1.695522487
1.694828715
1.692103249
1.69357399
1.689199883
1.689482013
1.688793965
1.688867074
1.689336743
1.689675936
1.690079651
1.690029827
1.689465527
1.69660699
1.698669845
1.692956613
1.69299304
1.693045694
1.693360594
1.6934148
1.693553933
1.694136006
1.694122963
1.694333084
1.695126395
1.696052329
1.698790967
1.698221427
1.697545179
1.697577256
1.696952257
1.69644828
1.696113721
1.696152741
1.695407449
1.698754473
1.698812658
1.698525827
1.698124437
1.698041188
1.697246342
1.695983163
1.694959373
1.698377087
1.698252789
1.697865897
1.697614774
1.69590295
1.698271549
1.698083488
1.697728294
1.694099337
1.697185568
1.697716758
1.69227036
1.696619192
1.695904464
1.69061395
1.688606332
1.689069801
1.68806169
1.687862506
1.687720803
1.691087578
1.690185662
1.691668857
1.691678063
1.688199202
1.695806455
1.697987855
1.69356713
1.693176156
1.693838454
1.692994406
1.692999167
1.694973406
1.693138437
1.693135722
1.693535584
1.694185121
1.697992846
1.697160724
1.696485549
1.696310122
1.695839622
1.695391942
1.695112113
1.694650714
1.697584243
1.697500594
1.696904619
1.696259936
1.69606896
1.69481188
1.693875607
1.693331625
1.697522761
1.697345774
1.696155556
1.695663198
1.694602642
1.692706525
1.69795182
1.698174836
1.698245644
1.690932158
1.69810957
1.698309086
1.689330961
1.697665392
1.696862243
1.689778231
1.688728649
1.687835242
1.687399873
1.687111222
1.693720361
1.692219285
1.692056965
1.693786509
1.694295722
1.687322695
1.694727129
1.696511681
1.695139431
1.6943704
1.69372926
1.69553138
1.693500845
1.693078813
1.692917632
1.693000816
1.696487034
1.69552388
1.695144555
1.694804611
1.694645238
1.69438005
1.694211317
1.693942846
1.695696604
1.695585667
1.694867069
1.694185649
1.693942316
1.692986289
1.692670032
1.692680652
1.695431679
1.696394942
1.695057973
1.693101852
1.692549175
1.691232501
1.689650267
1.697194058
1.697421272
1.698085056
1.688323795
1.698702583
1.698571252
1.698382708
1.697413909
1.690840189
1.689338602
1.688710768
1.687632016
1.687017006
1.69580685
1.69457979
1.693924357
1.695510165
1.696336578
1.686970397
1.687035421
1.693801829
1.694782061
1.697065682
1.696314116
1.695341457
1.694934893
1.694119196
1.693422351
1.692946962
1.694038717
1.693949326
1.693600384
1.693750175
1.693726847
1.693740726
1.69365015
1.693941748
1.693678491
1.693062543
1.692609107
1.692517999
1.692337679
1.692648516
1.693211203
1.693727608
1.69249782
1.694913052
1.692052028
1.690019986
1.689574548
1.688523531
1.687587207
1.695317579
1.69643344
1.697575156
1.698444233
1.698882854
1.698841837
1.698526635
1.69199926
1.691209488
1.689688428
1.688436279
1.68807683
1.696076304
1.696336578
1.696336578
1.69604994
1.694436627
1.687353512
1.687024184
1.693394377
1.693240481
1.698225123
1.697257569
1.696741438
1.695824966
1.694837515
1.693956766
1.692989186
1.693305714
1.69305511
1.693462246
1.693665102
1.693805401
1.693868897
1.692635327
1.692411311
1.692140011
1.692166171
1.692278624
1.692929238
1.693766137
1.694691872
1.691887335
1.690616948
1.689532581
1.692275304
1.689155613
1.687831545
1.687593043
1.687155393
1.693843578
1.695178739
1.696738452
1.697876796
1.698626097
1.698871712
1.698840127
1.69408755
1.692480329
1.691020474
1.690516216
1.689273313
1.696336578
1.696336578
1.696040936
1.688189727
1.68747042
1.693648821
1.6925339
1.698499897
1.698164503
1.697495581
1.69661499
1.695663947
1.692835279
1.693462901
1.693362285
1.693933047
1.694225779
1.694352386
1.694448116
1.692350515
1.692307431
1.692753815
1.693011855
1.693559744
1.694610531
1.695614354
1.69657401
1.68926283
1.688959164
1.687940588
1.687456019
1.690568422
1.687346948
1.687125922
1.687173346
1.692015706
1.692319655
1.694064878
1.695564072
1.696881425
1.697759854
1.697985069
1.698613787
1.696013382
1.694934276
1.693889051
1.693391213
1.692126111
1.690683957
1.696336578
1.689384008
1.688402311
1.694382706
1.692910497
1.698560517
1.698421638
1.697997322
1.697384009
1.69371841
1.694364107
1.694922804
1.69515416
1.695132432
1.69510144
1.693202508
1.693384192
1.694497927
1.694839491
1.695668381
1.696640212
1.697452299
1.69809544
1.687229964
1.687938074
1.687075636
1.686876879
1.687058246
1.688966914
1.68736921
1.688164771
1.689344578
1.690728461
1.692426687
1.694038057
1.69535054
1.695812584
1.697321049
1.697584116
1.69589409
1.696336578
1.695747003
1.694954063
1.693665416
1.692438971
1.690888594
1.690523585
1.695082843
1.695452047
1.694234325
1.698081023
1.698380613
1.698337875
1.69514193
1.695800684
1.696107758
1.696059624
1.695785161
1.694901188
1.695247549
1.696618252
1.696923419
1.697630345
1.698231362
1.698531689
1.698454882
1.698526841
1.686700851
1.686743034
1.687046334
1.686928597
1.687896482
1.688346796
1.687238825
1.689307696
1.688064408
1.68930477
1.690808111
1.69221077
1.692798297
1.694797498
1.695275136
1.696397886
1.696336578
1.696336578
1.695698182
1.695487596
1.693760083
1.693339812
1.69206364
1.69514554
1.695380981
1.695984053
1.696019612
1.697356941
1.698076971
1.696753027
1.697048781
1.696925798
1.696509741
1.696860707
1.697264503
1.698303458
1.698486927
1.698773174
1.698775395
1.69839063
1.697380216
1.697693333
1.68673469
1.687164771
1.687941103
1.686678514
1.688391057
1.6902821
1.69084561
1.686760999
1.687226743
1.688071133
1.689199569
1.689564919
1.691082745
1.692220155
1.693812378
1.692327468
1.695134946
1.696336578
1.696336578
1.695534016
1.695674275
1.694627649
1.693697345
1.694303951
1.69448446
1.695440913
1.696257483
1.697632954
1.696396812
1.697837696
1.697568419
1.696978317
1.698364589
1.698632153
1.698916592
1.698887008
1.69857473
1.697847692
1.696766129
1.69507199
1.695539672
1.687838761
1.688112886
1.689223075
1.690446431
1.687114171
1.690998121
1.693163763
1.686821019
1.686767521
1.687198087
1.687403399
1.688218845
1.6891904
1.689473628
1.690662669
1.692183806
1.693706923
1.696336578
1.695758142
1.695621246
1.692970147
1.692662986
1.694016392
1.694969766
1.695983648
1.698361453
1.697888526
1.697003272
1.692182339
1.698507131
1.698732249
1.698618084
1.698005285
1.697816274
1.696867241
1.695548893
1.694051808
1.692078161
1.692654628
1.689083637
1.690323349
1.690736208
1.692283298
1.693492686
1.688090079
1.693777691
1.687640248
1.686910652
1.686823593
1.686870632
1.687246606
1.687406621
1.688149039
1.689272053
1.69067514
1.696336578
1.696336578
1.695814758
1.691309634
1.690838142
1.69301892
1.694052801
1.695312179
1.697808508
1.696656631
1.690458599
1.690939059
1.697465434
1.697487963
1.696796387
1.695701992
1.695371843
1.693829859
1.692394948
1.691105879
1.689233902
1.689656888
1.692015568
1.690647597
1.693245109
1.69373101
1.695274949
1.690081139
1.688314767
1.687924323
1.687232207
1.686866191
1.686821833
1.686881728
1.687325085
1.688160701
1.696336578
1.696336578
1.689966215
1.689873368
1.689648146
1.691711161
1.692873442
1.694362503
1.695968838
1.689306469
1.689293555
1.689624137
1.695119287
1.695005964
1.693909162
1.692648327
1.692102686
1.690201718
1.6895319
1.688453556
1.687599794
1.687363843
1.693549699
1.694874821
1.693032561
1.695588635
1.695635891
1.690858232
1.690323009
1.689145908
1.68813997
1.687855204
1.68726099
1.686901512
1.686932896
1.696336578
1.689448712
1.689974938
1.689885319
1.690341049
1.691553675
1.693221433
1.688649496
1.688375991
1.689196777
1.688526319
1.69212686
1.691952069
1.690797998
1.68968389
1.689274804
1.687886133
1.687601592
1.687182595
1.687078636
1.687063131
1.695519226
1.695672015
1.696336578
1.693690422
1.693221826
1.691998064
1.690644851
1.690282774
1.689052652
1.688224706
1.687490255
1.69021899
1.691518776
1.691655208
1.688976952
1.690309553
1.68929208
1.688410408
1.687815863
1.687728566
1.694286584
1.689356087
1.689114822
1.688274744
1.687652037
1.687494395
1.687203293
1.687249987
1.687579132
1.688206563
1.688530133
1.696336578
1.696336578
1.695615412
1.695587483
1.694848362
1.693524866
1.693208506
1.691939868
1.690655654
1.690027351
1.691190205
1.692377656
1.693776844
1.688157075
1.687417827
1.68977511
1.688552781
1.687603567
1.695571775
1.696336578
1.687432831
1.687328464
1.687076836
1.687152234
1.687302242
1.688186202
1.688519959
1.689456024
1.690597071
1.691016644
1.696336578
1.696336578
1.695632778
1.695570575
1.694849855
1.693542688
1.693031533
1.692118774
1.693944121
1.694427153
1.695666892
1.687071299
1.687420377
1.690510042
1.688945305
1.696336578
1.695831658
1.687077584
1.687142297
1.687676347
1.688384752
1.688800086
1.690460435
1.690963144
1.692252022
1.693524034
1.693651361
1.696336578
1.696336578
1.695658465
1.695536921
1.694454573
1.692945743
1.695964878
1.696336578
1.687716434
1.688922474
1.691248516
1.68836029
1.688710164
1.690239521
1.690862139
1.691991543
1.693406671
1.693731557
1.694972582
1.695622894
1.695699203
1.696336578
1.696336578
1.696050818
1.695485418
1.693968376
1.696336578
1.689731678
1.691429849
1.690820313
1.691221606
1.69319895
1.693717479
1.69497341
1.695675937
1.695709064
1.696336578
1.696336578
1.696336578
1.695977823
1.694122482
1.692453572
1.693729204
1.693828116
1.695635859
1.695736765
1.696336578
1.696336578
1.696336578
1.695935379
1.69486303
1.695874148
1.695739818
1.696336578
1.696336578
1.696336578
1.696336578
