1.682734993
1.682734993
1.682734993
1.681123781
1.682734993
1.679772762
1.682734993
1.67996315
1.680866584
1.682085075
1.679925199
1.6792598
1.682734993
1.680113349
1.683257343
1.684155146
1.685119767
1.682734993
1.682734993
1.682734993
1.68088474
1.684596627
1.680269391
1.679703971
1.6868899
1.687477529
1.686879144
1.686961523
1.686389101
1.679687729
1.679820887
1.682734993
1.683498169
1.687043796
1.682294895
1.681005153
1.687408294
1.688223868
1.688704017
1.685763635
1.68498441
1.679816967
1.682734993
1.67939311
1.682734993
1.682734993
1.686348997
1.688465701
1.685206248
1.683395277
1.686528248
1.685098578
1.68752564
1.688389364
1.683146517
1.683034699
1.681522705
1.679455155
1.682078405
1.679840146
1.680099899
1.682734993
1.682734993
1.682734993
1.682734993
1.688568769
1.687396249
1.686238647
1.682787531
1.684261892
1.683485414
1.685588307
1.687524407
1.682620826
1.682415534
1.682734993
1.685605928
1.681140325
1.684506839
1.680463074
1.679276718
1.679358628
1.679765181
1.688142962
1.688261652
1.688285809
1.681938103
1.682726491
1.681392681
1.681874327
1.681153423
1.68414065
1.68105656
1.685769295
1.684677344
1.684177237
1.683782828
1.680125124
1.682734993
1.687655994
1.684676729
1.68245886
1.681018322
1.680697657
1.680408363
1.686940336
1.687938619
1.688672992
1.683472191
1.681583899
1.680592964
1.679927441
1.680299347
1.680604763
1.682460932
1.683794348
1.68543063
1.685780569
1.685491596
1.685770874
1.682734993
1.679623328
1.680164066
1.682734993
1.682734993
1.688088974
1.686651436
1.685415023
1.684597259
1.683640771
1.681503811
1.68501067
1.686551193
1.688123135
1.68546746
1.683272653
1.681937772
1.681545054
1.681335628
1.680972308
1.681181006
1.681684055
1.686576335
1.686184821
1.68603774
1.684977938
1.6846914
1.682734993
1.67904197
1.67983217
1.680677019
1.682055721
1.688217676
1.688008297
1.687925468
1.68748391
1.685633492
1.682640489
1.682413158
1.686669412
1.683550027
1.685352403
1.684773022
1.684098656
1.682809535
1.680829538
1.680534925
1.687189086
1.687449478
1.684152459
1.686083595
1.684136357
1.683502249
1.683333075
1.680822869
1.680687471
1.680931576
1.686123546
1.684034671
1.68741977
1.6882832
1.689021408
1.688635572
1.680614367
1.680988603
1.684426288
1.681853665
1.687447841
1.68710011
1.685870515
1.683390813
1.681800205
1.681138032
1.687052248
1.687675606
1.682695953
1.68256542
1.682752912
1.68477733
1.683191313
1.683097593
1.682996151
1.684287938
1.683700234
1.688258539
1.686920374
1.685964471
1.685359998
1.686917284
1.688238985
1.687479315
1.680862679
1.680694728
1.681405773
1.688085869
1.687847889
1.686275953
1.687469018
1.68467133
1.683744608
1.683185113
1.685282651
1.68617191
1.682203244
1.681611291
1.682043766
1.683991562
1.684254531
1.684808057
1.684219921
1.683422021
1.686886712
1.687375673
1.686884878
1.682620172
1.684199426
1.685192257
1.685748346
1.682184468
1.680673021
1.680241763
1.687013568
1.686404744
1.686800495
1.686843029
1.686364099
1.686277231
1.685425744
1.682744476
1.683660249
1.682335816
1.68119912
1.680897315
1.685153075
1.685210402
1.685351453
1.685226114
1.684507202
1.685518112
1.685655994
1.680761342
1.681946811
1.683191692
1.683967589
1.682937514
1.686122466
1.681087881
1.680284003
1.684253495
1.684944859
1.687124767
1.685913082
1.687656932
1.688041467
1.687847495
1.681159883
1.681787251
1.685329136
1.682816882
1.68172586
1.681233071
1.68479949
1.684696117
1.684038519
1.685475697
1.684675254
1.686051032
1.686493353
1.683074028
1.68056373
1.681577256
1.682553962
1.68403247
1.686859051
1.682457576
1.68179335
1.682642092
1.683777663
1.685942326
1.687073826
1.687615894
1.687777653
1.681553725
1.681237113
1.686846316
1.686598367
1.68427828
1.68345849
1.68295101
1.683755474
1.68373691
1.683555096
1.684989676
1.685959419
1.68667377
1.682848207
1.682029785
1.682650706
1.685597786
1.687364071
1.684746939
1.684065749
1.682012243
1.683040534
1.684034988
1.684971946
1.686101495
1.687147699
1.682158599
1.682634848
1.687184212
1.687205676
1.686126637
1.685692296
1.685082882
1.68325257
1.68345135
1.683691843
1.683682774
1.68404662
1.684803348
1.685711061
1.684620692
1.684237914
1.687294149
1.686407666
1.685739596
1.686691982
1.681629131
1.682392951
1.681551956
1.681939398
1.68308073
1.684902519
1.684369123
1.684395484
1.686568671
1.687185751
1.686824849
1.686559435
1.683674281
1.68288867
1.683565482
1.68257235
1.684406919
1.684315918
1.684728356
1.682672856
1.683261703
1.684299623
1.685611089
1.685664384
1.686898009
1.686328354
1.685679952
1.684458503
1.685467832
1.681243093
1.683036853
1.680658985
1.6809386
1.682270107
1.682459032
1.686307319
1.685664652
1.68568394
1.6861866
1.686470138
1.686829952
1.684672804
1.684685085
1.682641761
1.68400073
1.681972428
1.684740193
1.684875112
1.68177771
1.682180145
1.683301301
1.681960089
1.684872946
1.685403789
1.684789041
1.68351164
1.683862656
1.681933908
1.68437751
1.681385373
1.681316376
1.682415399
1.682061715
1.687032096
1.68659101
1.683995548
1.68453168
1.685305371
1.68631562
1.685334675
1.685465981
1.683151858
1.684858829
1.682500736
1.685137012
1.684398675
1.684320175
1.681995938
1.682416796
1.682204799
1.682101134
1.683365322
1.683518974
1.682778407
1.682919289
1.684485112
1.68330103
1.682904364
1.682730921
1.682723921
1.687182684
1.687001306
1.682432483
1.682943369
1.683981031
1.685552978
1.685855539
1.686061326
1.68487392
1.683987953
1.683931798
1.685179346
1.684411175
1.683797207
1.683776949
1.683564837
1.681835456
1.682915466
1.682995283
1.68316351
1.686050808
1.685057099
1.68417232
1.683587143
1.687087063
1.685223722
1.687186977
1.681652254
1.681897488
1.682802543
1.686014833
1.686226784
1.685835243
1.685583249
1.68363311
1.683644037
1.68478043
1.684002455
1.683821509
1.685373698
1.684757062
1.682942578
1.684146005
1.684247224
1.686551857
1.685652572
1.68484415
1.683073429
1.686239527
1.684110052
1.686333915
1.682081913
1.681666169
1.681760791
1.685832748
1.684424641
1.686169095
1.68641709
1.686304113
1.683732096
1.68335051
1.683170508
1.683277196
1.684309327
1.684228855
1.686317649
1.685342467
1.684201843
1.685146712
1.685103846
1.68595162
1.685505971
1.685158929
1.682182511
1.68466039
1.68297244
1.684834066
1.683176672
1.682390485
1.681965566
1.683191623
1.685096486
1.683609507
1.685531334
1.686405398
1.685926524
1.683699496
1.683200173
1.682831686
1.682670411
1.684784055
1.684637866
1.684286938
1.686584546
1.686115977
1.686126558
1.685368156
1.684892618
1.684591684
1.684964455
1.682057804
1.682972583
1.683738151
1.68445769
1.683523406
1.682738303
1.682670166
1.68290134
1.683945101
1.684215803
1.684811786
1.684580853
1.683819889
1.68337512
1.683052879
1.682818891
1.684792365
1.684845722
1.684761012
1.684777581
1.684545416
1.686485893
1.685322178
1.686471091
1.686168021
1.683984499
1.683946523
1.682477436
1.682953203
1.68348056
1.685580355
1.684605785
1.683465957
1.682610456
1.682643763
1.682869035
1.683002698
1.683437773
1.684265213
1.684018007
1.683810852
1.683422893
1.684413605
1.684410722
1.684945447
1.684725099
1.68501224
1.685002506
1.68584668
1.684337711
1.686190229
1.686382513
1.683678496
1.683346593
1.68361556
1.686173581
1.684959768
1.685750915
1.684367813
1.682721031
1.68233516
1.682104995
1.682819408
1.682184192
1.684959914
1.684946944
1.684850068
1.683904922
1.684081267
1.684122145
1.684510371
1.684243329
1.684982522
1.684533503
1.685177789
1.685334904
1.684411236
1.685262991
1.685777654
1.684302836
1.684305299
1.685766273
1.685272914
1.685493822
1.684906374
1.68277658
1.6832647
1.682678091
1.682243387
1.682165708
1.685501554
1.685669729
1.68514759
1.685802164
1.684804617
1.684850623
1.684567393
1.684255445
1.684000153
1.684040457
1.684086624
1.684616399
1.684982662
1.684977304
1.683550289
1.684128614
1.684529882
1.68483316
1.684803461
1.685111486
1.68483919
1.682453203
1.682624792
1.684280032
1.683564476
1.682914605
1.683327355
1.685235769
1.685447009
1.685832031
1.685751384
1.685869146
1.684798227
1.684949505
1.684406949
1.683935195
1.683830137
1.68429332
1.683931333
1.684726926
1.684199297
1.683958895
1.68289004
1.683196996
1.683627216
1.684433921
1.684237915
1.684356307
1.683449136
1.682890426
1.682735741
1.68520154
1.685948907
1.68403256
1.684615613
1.684680448
1.685971552
1.684379796
1.68455578
1.685154465
1.685833405
1.685841406
1.685058123
1.685397876
1.684923506
1.684922526
1.684498442
1.684185935
1.683859958
1.683661301
1.683647555
1.684787347
1.6849381
1.683489331
1.683224983
1.683349855
1.682756464
1.682968565
1.683810904
1.683743218
1.683613996
1.683322332
1.683414659
1.683572826
1.684636135
1.686079988
1.685410233
1.685614563
1.685520287
1.684545019
1.683369204
1.684410912
1.683521379
1.685120731
1.68489247
1.684441439
1.684941927
1.68484692
1.684444597
1.684105958
1.68350724
1.68383574
1.683633873
1.683318124
1.684917208
1.684733427
1.684969162
1.68461048
1.682820655
1.682979126
1.682772897
1.683164504
1.68336802
1.683891971
1.68398718
1.683885214
1.684391541
1.684678006
1.685354961
1.68553886
1.685816911
1.685031395
1.684147861
1.683819022
1.683286183
1.683879722
1.684237361
1.682737428
1.68423628
1.683509992
1.682838888
1.684261935
1.684027018
1.683673467
1.683190765
1.682926433
1.684916372
1.684983669
1.684828646
1.684761017
1.684327971
1.683995467
1.683493064
1.683695047
1.683417769
1.684506485
1.684909423
1.684732751
1.684978305
1.682594442
1.683041657
1.683067331
1.683370086
1.684448688
1.684554235
1.684554903
1.685014893
1.685174416
1.685344606
1.685271845
1.683870477
1.684912788
1.683456473
1.683301879
1.683377357
1.682977363
1.683299183
1.682434144
1.682474852
1.683528381
1.682355333
1.682518238
1.68284988
1.683525069
1.683449076
1.683077675
1.682702945
1.682844704
1.682662608
1.685015139
1.684903219
1.684984748
1.684680894
1.684782597
1.684809631
1.684180966
1.683891111
1.683664078
1.683622295
1.684362183
1.684685678
1.684858215
1.684958706
1.685016576
1.682640488
1.683080657
1.683610227
1.683462408
1.683710373
1.683194633
1.684911326
1.684837387
1.684902394
1.685106684
1.685210765
1.685093223
1.683413845
1.684397256
1.684352935
1.682912814
1.68286899
1.68287463
1.682832774
1.682432182
1.682500928
1.68304518
1.682358882
1.682342377
1.682625405
1.683080399
1.682915636
1.682801242
1.682580735
1.682535893
1.682622025
1.682606744
1.682489382
1.685023426
1.684964089
1.684885848
1.684608076
1.684708156
1.684543629
1.684754056
1.685057885
1.684075564
1.68386359
1.683833524
1.684289196
1.684553241
1.684822479
1.684965586
1.683100008
1.683720212
1.684022125
1.684270867
1.683922338
1.683989043
1.684010089
1.683075863
1.682930648
1.684542579
1.684531499
1.684678709
1.684678476
1.683231895
1.684000905
1.683619362
1.68279864
1.682690634
1.682634173
1.682613163
1.683122461
1.682745639
1.682497492
1.682305358
1.68232498
1.682462528
1.682718077
1.682714076
1.682584647
1.68262046
1.682458041
1.682534605
1.682618492
1.682594902
1.682525308
1.682475629
1.682454637
1.682444282
1.68255635
1.684930228
1.685003413
1.685044643
1.68482266
1.684639423
1.684556439
1.684488621
1.684684116
1.685029
1.685080332
1.685075611
1.684102573
1.684061079
1.684311786
1.684497287
1.684699803
1.684850534
1.6849603
1.684527162
1.683810087
1.684323474
1.684720975
1.684855713
1.684282411
1.684533549
1.684312229
1.684291393
1.684239992
1.68317411
1.683054875
1.68294165
1.684040557
1.684030462
1.683737127
1.684112655
1.683321261
1.683359713
1.683501153
1.683689512
1.682815388
1.682680096
1.682886457
1.683268381
1.682935908
1.683956679
1.682691969
1.682981522
1.682408843
1.682496
1.682475078
1.682348543
1.682280841
1.682328165
1.682483788
1.682552643
1.682508186
1.682563134
1.682479771
1.682546937
1.682798075
1.682713626
1.682680524
1.682509331
1.682423937
1.682474058
1.682658345
1.684817905
1.684883931
1.684970797
1.685025868
1.684715081
1.684583994
1.684498342
1.684441074
1.684612553
1.685052424
1.685103223
1.685106176
1.684268581
1.684318914
1.684502696
1.684978472
1.684707385
1.684853935
1.684717165
1.684701838
1.684501217
1.684517426
1.684868978
1.684947858
1.685150128
1.685179246
1.684627666
1.684522199
1.684495759
1.683114058
1.683318535
1.683265857
1.683955945
1.683955898
1.684017111
1.683790406
1.683626488
1.683622254
1.684048812
1.684477087
1.682948263
1.683102444
1.683332886
1.683544318
1.683336298
1.683355014
1.684482292
1.682467605
1.682677095
1.682968051
1.682446032
1.682344249
1.682458711
1.682320191
1.682278968
1.682402003
1.682453177
1.682524487
1.682562468
1.682528796
1.682590734
1.682887254
1.682981436
1.682890428
1.683370104
1.682583938
1.682612165
1.682827847
1.682651159
1.685063831
1.684755147
1.68482026
1.684918229
1.684965676
1.684645887
1.68440051
1.684518965
1.68443584
1.684547683
1.685070979
1.686713533
1.685832772
1.685122961
1.684509655
1.684580991
1.684720136
1.6850136
1.684884463
1.68555858
1.684861686
1.685261855
1.685100832
1.685028359
1.685086584
1.685366156
1.685424996
1.684741552
1.685397303
1.684850045
1.684767222
1.683695251
1.683550157
1.683632759
1.684402077
1.684271232
1.684711585
1.684062007
1.684032953
1.684064583
1.684425777
1.684665105
1.684904346
1.683733913
1.683843276
1.683532346
1.683314042
1.684026513
1.683746115
1.683718617
1.68378135
1.684021748
1.684957645
1.685354547
1.682527864
1.682671186
1.682954533
1.683304339
1.682536879
1.68253451
1.682313672
1.682452236
1.682319928
1.682412811
1.682386614
1.682516546
1.6825126
1.682587532
1.682640257
1.682706889
1.682663895
1.683337173
1.683185248
1.683186092
1.683658383
1.682819594
1.683149446
1.683178855
1.682861261
1.68275858
1.686234896
1.684686175
1.684752052
1.684847743
1.684579317
1.684364629
1.684462034
1.684390445
1.684489859
1.689008649
1.689327228
1.685929531
1.687817603
1.688278866
1.687145057
1.691137033
1.684756031
1.684742783
1.684858343
1.684908862
1.68485589
1.686887299
1.685502675
1.688047492
1.685923115
1.685510292
1.685444543
1.685371534
1.685184049
1.68487391
1.684990244
1.685600442
1.685593582
1.684998547
1.685552349
1.685163452
1.685695868
1.68408533
1.683993718
1.684257795
1.684358438
1.684906897
1.685003066
1.684452005
1.684469976
1.684803262
1.684997462
1.685081244
1.684034764
1.684012431
1.68439716
1.684438038
1.684131111
1.683723438
1.683718801
1.68458403
1.684203871
1.684430275
1.685391669
1.685692111
1.684833367
1.682701176
1.682681027
1.683008416
1.685024941
1.683412873
1.682696322
1.682657751
1.682366621
1.682631952
1.682445649
1.682466601
1.682527284
1.682681952
1.682803795
1.682643167
1.683481258
1.682854804
1.682918671
1.683575716
1.68355254
1.683965766
1.683087956
1.683114219
1.68350065
1.683458497
1.683429389
1.683007537
1.683218691
1.68309811
1.686488441
1.689006347
1.684614785
1.686040618
1.684670413
1.684515085
1.684334744
1.684419014
1.684371896
1.684437722
1.692461719
1.692324015
1.692449964
1.688788898
1.690026262
1.693415688
1.695257452
1.68497413
1.684960593
1.68505476
1.685597934
1.690319547
1.692325074
1.690726677
1.688524697
1.688728826
1.685670795
1.685465462
1.685066318
1.68527592
1.68520954
1.685715075
1.685684854
1.685196525
1.685638583
1.68550448
1.685767612
1.685805465
1.684478999
1.684710972
1.684593379
1.685070259
1.685066896
1.684842466
1.684854789
1.685085887
1.68510545
1.68519096
1.685143039
1.684350048
1.684398359
1.684345893
1.684924396
1.684710787
1.684718176
1.684490652
1.684144118
1.684965763
1.684138131
1.695035022
1.685047025
1.685542354
1.684938172
1.685739202
1.685834875
1.685394006
1.683029095
1.687473343
1.682927823
1.695668016
1.709746851
1.689116557
1.690085087
1.682518874
1.682523973
1.682707709
1.683002978
1.685657355
1.698548247
1.695789456
1.692304429
1.683951905
1.68386559
1.684288801
1.683410186
1.683399529
1.683451523
1.683693447
1.683912129
1.683734044
1.683747636
1.683379519
1.684183129
1.685317467
1.688514405
1.688223383
1.692077858
1.684545063
1.688616866
1.686309917
1.688438444
1.684677929
1.684573477
1.68462626
1.685243687
1.686745768
1.696580781
1.696811431
1.693129429
1.69858599
1.700390335
1.685144445
1.686378133
1.68705796
1.689582673
1.695560637
1.696071652
1.698789487
1.69469297
1.693817293
1.685596025
1.685231351
1.685447735
1.685356783
1.685758126
1.685719194
1.685339945
1.685677827
1.685632773
1.685588946
1.685798644
1.685833135
1.685187328
1.685008114
1.684865782
1.684921167
1.684977247
1.685119183
1.685137425
1.685237965
1.685019259
1.685148332
1.684682119
1.684658026
1.684784351
1.685127971
1.684995708
1.684497442
1.684574883
1.684888034
1.685446866
1.685206111
1.704038479
1.716896963
1.685714318
1.685862812
1.685652774
1.685861383
1.685788002
1.685769255
1.689675155
1.694061166
1.707543666
1.726637223
1.721807994
1.716761925
1.698052009
1.713649563
1.695462727
1.70272236
1.704734372
1.707360685
1.703146397
1.684298531
1.684236186
1.684920642
1.684643139
1.686198474
1.683770869
1.68368733
1.683797084
1.686780738
1.684089784
1.683909586
1.684418119
1.684177129
1.684106115
1.684020954
1.683981875
1.684218229
1.689447985
1.687944276
1.691461534
1.691275731
1.698231051
1.695008459
1.686306035
1.691192242
1.688486221
1.690967438
1.690040625
1.687508691
1.686929741
1.687523359
1.690181961
1.701130831
1.7014864
1.701350567
1.704950904
1.7057091
1.687085879
1.691139912
1.69117749
1.696781404
1.70510572
1.70484599
1.704526831
1.705989029
1.686628019
1.685499878
1.685456915
1.685548968
1.685807953
1.685747235
1.685700378
1.685470555
1.685660551
1.685623786
1.68558599
1.685788355
1.685781041
1.685324903
1.685308541
1.685230263
1.684735804
1.684838034
1.685288677
1.685261306
1.685213889
1.685103252
1.684881732
1.685014688
1.684976315
1.685139449
1.685155432
1.685320709
1.685263246
1.685351898
1.707610867
1.688839153
1.689573686
1.685475508
1.721366347
1.727083686
1.685827924
1.685684098
1.685911365
1.685865557
1.685884304
1.685829949
1.685902531
1.685912952
1.69494775
1.699726679
1.72179155
1.73266261
1.731876901
1.728053889
1.726124974
1.705000298
1.723064698
1.716875305
1.716528257
1.714362009
1.709943487
1.684622703
1.684627547
1.684966145
1.690662067
1.691381063
1.68411273
1.688270774
1.685804891
1.684252323
1.68460584
1.684246797
1.684729524
1.684883125
1.684222856
1.684352904
1.684531911
1.694608054
1.691892327
1.693607488
1.695012258
1.694763161
1.699038026
1.692812117
1.690648098
1.693587325
1.692694907
1.693509466
1.691593217
1.690765246
1.693869286
1.705995561
1.704146268
1.709433288
1.710285196
1.710541308
1.705885434
1.692770259
1.697678108
1.712219649
1.712713051
1.713033473
1.711773435
1.685749514
1.685505774
1.685543595
1.68571366
1.685717086
1.685668862
1.685634517
1.687980418
1.695143757
1.685597447
1.68556559
1.685531609
1.685663663
1.685727983
1.685678385
1.685312325
1.685310875
1.684579761
1.684694926
1.685211441
1.684991059
1.684833158
1.685118521
1.685250492
1.685205269
1.685289717
1.685337037
1.685398816
1.685383386
1.685339408
1.713994561
1.6979444
1.736149829
1.729268119
1.68592294
1.700516567
1.686941608
1.685891047
1.685919283
1.685832352
1.685881918
1.685797534
1.685872603
1.699095623
1.703659114
1.726683124
1.729130113
1.734704253
1.731422418
1.737584751
1.70851398
1.725083071
1.72221134
1.719041788
1.713840782
1.684939351
1.684890915
1.684951913
1.684889885
1.685176476
1.689629867
1.694365499
1.692875981
1.689776791
1.684533443
1.684563224
1.684912673
1.690025975
1.687342936
1.684566799
1.69800791
1.695943591
1.696659395
1.698296058
1.697582831
1.702681659
1.696490783
1.696688603
1.696146109
1.696920231
1.696517751
1.6961866
1.695557655
1.696928151
1.698434236
1.709764812
1.707768701
1.714804151
1.715070482
1.714916092
1.70605085
1.718085777
1.718301825
1.716444915
1.711929161
1.685497194
1.689533228
1.685486995
1.685488122
1.68558861
1.685615817
1.685580233
1.68553633
1.685523523
1.697979405
1.702983134
1.685496578
1.685463976
1.685412685
1.685559023
1.685651275
1.685542503
1.685108329
1.685061377
1.684467751
1.684612677
1.684922805
1.684736483
1.685153168
1.684929158
1.685022777
1.6853689
1.685351948
1.685443566
1.685468651
1.685453505
1.685425755
1.68539234
1.685276625
1.685105823
1.714773506
1.718669548
1.739504839
1.732890834
1.691408251
1.705251694
1.685803693
1.695612138
1.685817377
1.68574794
1.685713129
1.740911905
1.702575452
1.70701387
1.728001822
1.733835752
1.731437066
1.736449221
1.725067433
1.711358944
1.722096466
1.716746322
1.685192167
1.685112895
1.688169088
1.685152855
1.685368123
1.685362237
1.692669944
1.696421599
1.694225379
1.699566302
1.687611154
1.686526871
1.690743423
1.693997072
1.691936537
1.690334764
1.702411214
1.699458258
1.70186378
1.700734047
1.707600209
1.699585351
1.700123879
1.70001664
1.698584701
1.6997213
1.700732031
1.700405479
1.71298691
1.713276727
1.719003472
1.719288522
1.718368299
1.705658402
1.721385159
1.711010479
1.720570195
1.716804022
1.685452056
1.690107766
1.685655269
1.68539819
1.685380561
1.691088718
1.69645244
1.685303144
1.685444293
1.685346442
1.685446251
1.685418487
1.68538738
1.700482547
1.685361536
1.685328868
1.685291223
1.6854937
1.685386459
1.685337539
1.684839285
1.684774005
1.684393483
1.684464244
1.684545011
1.684703893
1.684599459
1.684948645
1.684925867
1.684833109
1.684699969
1.685506036
1.685474512
1.685488416
1.685485171
1.685459983
1.685511685
1.685435351
1.685347052
1.685201511
1.684794381
1.684998165
1.726127005
1.743587119
1.73836321
1.709806592
1.701188387
1.685715623
1.685510461
1.68549578
1.739573567
1.744615154
1.746743598
1.706277312
1.710308446
1.73140899
1.728525941
1.733590539
1.723992722
1.71451249
1.719331926
1.692617633
1.685467028
1.689055712
1.686324871
1.696138371
1.697528953
1.700742419
1.695930943
1.693213139
1.696527751
1.697784153
1.695930772
1.704262669
1.707565132
1.702371808
1.705668387
1.703922984
1.713347085
1.702612965
1.703019055
1.704174855
1.703758546
1.701503823
1.702297665
1.717907777
1.720619331
1.722972252
1.72318959
1.72270398
1.704880332
1.724208733
1.71122071
1.716262878
1.721437438
1.690103857
1.685276659
1.69092339
1.695761241
1.68516752
1.685169484
1.685163188
1.685197969
1.68508267
1.685256292
1.685203429
1.685195877
1.697462452
1.685171716
1.685153625
1.685234123
1.685260307
1.685088835
1.685109107
1.685060145
1.684618875
1.684600027
1.684337857
1.68439459
1.684455435
1.684541753
1.684484017
1.684710802
1.684596423
1.68453036
1.686908015
1.685567514
1.685545378
1.685382256
1.685494938
1.685425231
1.685524174
1.685294589
1.685284372
1.685123431
1.684639982
1.684807872
1.684958725
1.728178338
1.742787277
1.711385298
1.718947107
1.706169633
1.699249187
1.686184195
1.736883388
1.743672987
1.750405898
1.749274954
1.710696762
1.71421379
1.730638686
1.72744931
1.72246044
1.717959789
1.696566126
1.692961006
1.689278794
1.689190282
1.699399564
1.700143104
1.701907024
1.700563267
1.699498379
1.702753533
1.701684477
1.705048331
1.708688597
1.711767988
1.704777228
1.708215788
1.709808981
1.719613668
1.706437538
1.709800565
1.707647747
1.704790458
1.704618272
1.724745011
1.729011561
1.728089059
1.725932679
1.726809836
1.703533617
1.725543326
1.710294544
1.716455806
1.721632376
1.689766917
1.691896092
1.692017776
1.686158907
1.685020185
1.68502714
1.691277523
1.684951143
1.684850346
1.684855328
1.684824944
1.68489506
1.684927825
1.684910571
1.696627343
1.684900722
1.688138065
1.68473167
1.684484706
1.684463689
1.684299365
1.684353502
1.684386021
1.684421381
1.684502163
1.684453984
1.68442062
1.684508277
1.684403197
1.688454264
1.686335949
1.685572553
1.685543195
1.685323483
1.685463884
1.685363079
1.685492837
1.685161354
1.685193575
1.685017028
1.684528527
1.68480332
1.68458126
1.684662387
1.68486154
1.729283826
1.741418043
1.722686899
1.714495769
1.706035915
1.733630412
1.750986617
1.741486642
1.749626844
1.754636661
1.715577758
1.718729889
1.726268807
1.721936274
1.730555478
1.696576335
1.692159007
1.700923375
1.690645667
1.705109534
1.70317058
1.705487164
1.707156905
1.70768923
1.712443857
1.706660108
1.707177666
1.714112612
1.714395213
1.725748503
1.712015036
1.715882151
1.71097283
1.709549689
1.733891579
1.735679342
1.734324198
1.729989009
1.72744554
1.703049835
1.725137835
1.709819697
1.720105687
1.715514525
1.703453834
1.723425764
1.686115933
1.68487281
1.684870539
1.716310609
1.688626448
1.691756607
1.684759393
1.700001566
1.691452368
1.697439587
1.684688412
1.68591419
1.684637585
1.6846377
1.695867943
1.684640821
1.710383788
1.698740752
1.684393071
1.684362244
1.684301317
1.684276873
1.684316148
1.684339292
1.684388686
1.684363975
1.684338918
1.68433115
1.684420118
1.684344804
1.686415785
1.688003345
1.685527619
1.68523232
1.685271876
1.68539257
1.685432216
1.685046752
1.685084866
1.684898318
1.68446176
1.684707593
1.68459007
1.684748432
1.735321085
1.745834353
1.731278543
1.723660441
1.738518096
1.75612332
1.748403305
1.757203678
1.720152369
1.724550982
1.727156763
1.735093584
1.704801287
1.694319247
1.698547218
1.690103288
1.708451959
1.70753149
1.71164907
1.709537165
1.713254975
1.709992163
1.717084084
1.708248831
1.710902659
1.720239387
1.733900896
1.719916638
1.717201993
1.716609608
1.743843262
1.748816403
1.735025706
1.728096119
1.724316367
1.700335981
1.718970282
1.70844418
1.713386088
1.68474535
1.684735852
1.730194417
1.726423831
1.686761864
1.689692157
1.684615534
1.710703834
1.710123518
1.709721908
1.684531103
1.703745969
1.686887463
1.696075872
1.690558626
1.692338558
1.684688603
1.723734634
1.68426137
1.712905294
1.684320651
1.684300417
1.684273669
1.684285313
1.684315874
1.684300617
1.684285324
1.684281806
1.687613541
1.684289564
1.684359275
1.684303308
1.684386731
1.68611066
1.685126864
1.685272043
1.684927641
1.684973262
1.684942246
1.684555901
1.684619147
1.686047998
1.758324479
1.751496933
1.741874097
1.74952154
1.736885074
1.745586699
1.762251174
1.763138349
1.755230203
1.726111932
1.73337441
1.743679288
1.702182958
1.706369516
1.69226755
1.695389185
1.688983537
1.712761579
1.713024986
1.714192045
1.711217043
1.718096438
1.714475393
1.722745584
1.710471619
1.716271218
1.736594946
1.724152168
1.725814026
1.723971072
1.723015142
1.742837852
1.755472602
1.730961766
1.718247971
1.726616395
1.692943568
1.700157669
1.711892238
1.704209549
1.684621056
1.714515704
1.739381504
1.73834444
1.689267695
1.687695591
1.6871824
1.685851452
1.722497375
1.722376066
1.690978797
1.707065309
1.700163943
1.69744622
1.691055518
1.691472903
1.736398911
1.684250437
1.724934387
1.684274591
1.68426425
1.684257226
1.684252716
1.684271687
1.684262991
1.684256802
1.684256778
1.687279208
1.684263779
1.684318476
1.684277032
1.685987464
1.686241208
1.685968784
1.685967748
1.687513129
1.687012404
1.762555408
1.756588586
1.747077002
1.755110173
1.768151195
1.765328669
1.734099797
1.755100833
1.744962823
1.688789986
1.699577496
1.703105589
1.693503052
1.690683163
1.706303574
1.716657745
1.718755805
1.711935622
1.728405528
1.729723683
1.720706265
1.688171713
1.713930822
1.738411542
1.729612836
1.730343715
1.7291713
1.743417135
1.75742263
1.725369939
1.71467797
1.693375722
1.69438244
1.702768581
1.716442687
1.751674611
1.750454795
1.69115313
1.690567037
1.735499427
1.734871523
1.69835199
1.719314476
1.70945546
1.703854375
1.694824702
1.696251607
1.751659528
1.684245325
1.699735382
1.736989158
1.728791192
1.684251459
1.68424791
1.684245414
1.684242432
1.684243229
1.68424937
1.684245517
1.684243891
1.687499045
1.684250249
1.685652558
1.685071759
1.687788847
1.687771208
1.687803834
1.689317419
1.767280526
1.775149667
1.763020576
1.782899269
1.764065658
1.771725972
1.747256656
1.763645774
1.689602925
1.699163717
1.695751648
1.691589583
1.704352218
1.716938855
1.723176026
1.709959996
1.743498958
1.734542126
1.724911031
1.728117282
1.689108432
1.688728783
1.721766236
1.733429632
1.733734217
1.73190189
1.738736464
1.744866091
1.746131375
1.710722452
1.71860914
1.701388012
1.696039377
1.695552075
1.76422724
1.695828603
1.748814721
1.747366432
1.722569985
1.704360615
1.711833088
1.701681278
1.703120392
1.766172872
1.778647371
1.684244693
1.706895912
1.712189076
1.749730719
1.736464934
1.684244297
1.684244598
1.684240081
1.684242048
1.684243086
1.6842451
1.684666692
1.685671838
1.689542873
1.685562494
1.687174536
1.686843064
1.68973197
1.691357616
1.690589455
1.794875315
1.786139429
1.798342613
1.786871049
1.772360756
1.772343467
1.759704859
1.690276179
1.697741127
1.692971091
1.703790891
1.713792244
1.697924084
1.744848163
1.714928258
1.734617121
1.728023286
1.690093269
1.690113824
1.691974446
1.73371065
1.748093705
1.727308739
1.732740527
1.743321435
1.72693602
1.729491215
1.708136356
1.700315225
1.702999739
1.696189445
1.722373171
1.761038871
1.712144965
1.71127302
1.782893596
1.800232826
1.684249321
1.72175022
1.731093157
1.773139601
1.762894219
1.749571306
1.684249522
1.684252665
1.68425176
1.684443909
1.684246734
1.686827895
1.686217377
1.687223939
1.692810441
1.687154238
1.692997225
1.688530334
1.691443116
1.82147444
1.818143246
1.799801925
1.783554542
1.768932564
1.691034415
1.693096072
1.691196795
1.693641186
1.704215942
1.707401336
1.698844399
1.758424699
1.713227359
1.734830395
1.723688583
1.691714957
1.694719157
1.694512053
1.771682835
1.752153082
1.725046658
1.752009074
1.718423909
1.71968246
1.708201762
1.701189743
1.700508399
1.708746643
1.808085914
1.6842618
1.731964219
1.744836645
1.784776769
1.769433372
1.830196483
1.684263448
1.68479581
1.684819832
1.688494377
1.685665519
1.688095631
1.687837083
1.694753719
1.688542308
1.692090532
1.690099236
1.689504606
1.849403349
1.837540563
1.823525559
1.806571331
1.782849006
1.692690079
1.691598036
1.694492848
1.693334631
1.694474074
1.772764638
1.707882188
1.703315086
1.699103609
1.711505502
1.740217976
1.720499665
1.697285615
1.696620526
1.700491802
1.79504304
1.77100517
1.768340863
1.806911477
1.725313807
1.7122584
1.723245875
1.705970012
1.708870525
1.72080891
1.826778101
1.837462376
1.806564774
1.684279457
1.750340887
1.76464621
1.786540426
1.838305578
1.686400985
1.687412045
1.68815567
1.689867049
1.688710484
1.6892304
1.691910334
1.690131143
1.690582089
1.691020667
1.870054881
1.862842187
1.842833361
1.84510496
1.810218289
1.694427169
1.696984121
1.695141202
1.695751313
1.76119474
1.704555986
1.698975423
1.714811417
1.698558627
1.695668529
1.693048283
1.699728247
1.704142313
1.813150648
1.76278915
1.846004195
1.724845509
1.71887138
1.738294062
1.719916493
1.740868999
1.837589171
1.822602953
1.859821766
1.820850662
1.833861152
1.808367034
1.772411832
1.687219009
1.774845835
1.796856583
1.834600208
1.689214782
1.690118119
1.690991586
1.691571667
1.692258966
1.690941864
1.692841436
1.691948094
1.876304284
1.874710819
1.866683463
1.851164865
1.7955475
1.698007766
1.702181457
1.701727833
1.699371355
1.702356153
1.715448737
1.703966139
1.695058785
1.69379687
1.696964268
1.7009621
1.705986717
1.704866028
1.78127154
1.735799299
1.815580591
1.770498301
1.792410641
1.758869397
1.767853061
1.794676241
1.804879341
1.81793061
1.816486906
1.793158848
1.822270923
1.883014204
1.869264846
1.823227336
1.853276323
1.689438386
1.818339178
1.87732263
1.691814194
1.693100268
1.694708626
1.692837107
1.694201465
1.912909199
1.870764436
1.797335671
1.728628072
1.705840813
1.705491486
1.70754521
1.710589566
1.694487512
1.695274651
1.696152216
1.698576717
1.702535706
1.707989575
1.771314117
1.824624106
1.77379137
1.827924255
1.780320808
1.843972494
1.817169682
1.832518465
1.795454067
1.824260382
1.821114222
1.841973184
1.861325647
1.914384073
1.960897067
1.929638739
1.899832159
1.9372625
1.853251713
1.807256871
1.691383597
1.891032324
1.909902555
1.693013656
1.696000745
1.697426626
1.696477477
1.88823585
1.802370388
1.760136279
1.732528001
1.706436892
1.70681048
1.710524066
1.696796924
1.697841894
1.698921254
1.701915366
1.705999997
1.705529926
1.709290863
1.835272249
1.863351195
1.841159877
1.829751424
1.89428532
1.905420252
1.893613563
1.846273518
1.796442186
1.802946378
1.846086752
1.908268183
1.872777789
1.861076832
1.897407253
1.898011706
1.871521392
1.83313083
1.940506875
1.941419013
1.69506209
1.698198857
1.70087218
1.700636914
1.815166696
1.750997143
1.731353073
1.7146571
1.710391987
1.700365517
1.701209553
1.70220492
1.706737026
1.711311733
1.714287244
1.897657058
1.902760722
1.930920838
1.88316138
1.893853728
1.926485274
1.965660902
1.919835998
1.823702203
1.81739129
1.923714598
1.813996676
1.913492299
1.933501181
1.894410821
1.898914014
1.900997321
1.897282789
1.80401367
1.940742717
1.806968149
1.697673286
1.701277885
1.705785983
1.746411255
1.729858482
1.727569994
1.723077633
1.706675195
1.70546129
1.711413827
1.720628614
1.972356044
1.945711007
1.928096113
1.89716534
1.892340587
1.931972452
1.956097686
1.943269406
1.881559373
1.854368631
1.947239827
1.841481409
1.939181231
1.902561566
1.826950002
1.874527597
1.920739668
1.831513387
1.756064938
1.826644003
1.700983936
1.704603297
1.705867417
1.710068472
1.754746451
1.760004927
1.749197562
1.732640283
1.712971174
1.712784981
1.71586007
1.718392801
1.949832838
1.979297909
1.89764912
1.88964247
1.913155765
1.914866465
2.000000015
1.899989196
1.977239271
1.98335136
1.884283267
1.883424206
1.901486015
1.827199728
1.836938863
1.897806799
1.7743905
1.789159699
1.805815148
1.705640889
1.708514903
1.71539021
1.776906826
1.746615099
1.72559381
1.723340346
1.719941179
1.908273852
1.938074331
1.916116086
1.901658008
1.912052111
1.833993941
1.979797464
1.946723685
1.981645365
1.892961223
1.880196846
1.890236226
1.883517741
1.857052374
1.893081675
1.773743641
1.78047847
1.766697625
1.712140843
1.716332832
1.726676791
1.736490336
1.737557022
1.741717267
1.729948362
1.926428512
1.94720899
1.947124573
1.912888012
1.848083336
1.778855582
1.955002608
1.98120078
1.934089145
1.946073436
1.9199837
1.876169943
1.889607812
1.910633774
1.91243112
1.92609496
1.751261644
1.753496425
1.718091545
1.724643132
1.735750306
1.735614746
1.75616496
1.770060108
1.759023401
1.941097141
1.934365076
1.95246161
1.923296873
1.815611226
1.783767572
1.96236034
1.956165117
1.922349835
1.925604946
1.921413861
1.931900337
1.943338801
1.924899534
1.930732257
1.937125721
1.743308739
1.731294298
1.753937892
1.763910333
1.762759014
1.777118266
1.784987691
1.75899825
1.969036055
1.958561754
1.966013426
1.879780343
1.8090184
1.95217635
1.933726781
1.928442572
1.939491841
1.939033818
1.920625624
1.95863422
1.961281213
1.786542238
1.767870079
1.737526788
1.764018494
1.785408532
1.773003102
1.772411084
1.953207604
1.970757476
1.837163739
1.896628129
1.955613528
1.954009684
1.96544118
1.966072431
1.975180653
1.968215202
1.937939454
1.785095329
1.785590382
1.74057151
1.758423783
1.765703378
1.8143198
1.966504165
1.966359529
1.813440344
1.900938431
1.97630003
1.964197064
1.950852341
1.963120377
1.962256928
1.945603687
1.929884351
1.771340784
1.75518815
1.759148475
1.846267357
1.76857206
1.980718242
1.938097963
1.862905002
1.96868639
1.937631024
1.93117113
1.93780611
1.930493766
1.923971728
1.756258666
1.788742665
1.847563539
1.757035345
1.771750422
1.957616348
1.930827666
1.938073961
1.908913461
1.92890254
1.916754664
1.918217172
1.774214267
1.88482048
1.779994293
1.750388815
1.948006751
1.924684134
1.898149892
1.90871055
1.907530776
1.905224226
1.743625878
1.811811298
1.756885449
1.972105808
1.904685664
1.891546134
1.893480802
1.873327092
1.761273753
1.752945792
1.809543506
1.863872806
1.928102313
1.895837743
1.898052772
1.812216407
1.793824746
1.837394276
1.847877798
1.884189221
1.890647421
1.884250874
1.848224005
1.844608384
1.840034104
1.848964792
1.947499025
1.908119717
1.857648656
1.843012054
1.905415253
