1.884686515
1.878906682
1.90893324
1.894322116
1.87110292
1.868345161
1.911496092
1.89878987
1.878936089
1.914943257
1.872003698
1.924356378
1.872850432
1.868882333
1.891904093
1.912983436
1.867947869
1.914126245
1.908813574
1.891815751
1.878489667
1.916904188
1.9160308
1.925017584
1.932772413
1.918038256
1.875543215
1.874321082
1.869702981
1.872376762
1.885845806
1.910511507
1.876891008
1.920755322
1.917840478
1.906104961
1.913969418
1.892169165
1.917364308
1.917501404
1.919951812
1.923538745
1.928006623
1.848956702
1.857266974
1.873000568
1.880114683
1.85155829
1.887448802
1.888902713
1.902111634
1.919539925
1.922867931
1.924042861
1.91941111
1.932109855
1.921713969
1.925397416
1.93059662
1.934383023
1.939405834
1.947989216
1.943309342
1.819855526
1.822964872
1.855191928
1.862218419
1.880352855
1.896267568
1.83246778
1.913318805
1.933011597
1.92440001
1.926702576
1.930923801
1.935818204
1.943698145
1.93171987
1.935700468
1.935863587
1.936846624
1.94193841
1.950712991
1.945308028
1.954834052
1.958884836
1.801617275
1.795921137
1.813744046
1.843231386
1.873016577
1.899208671
1.922597294
1.817397715
1.947726154
1.934089762
1.929957445
1.935123596
1.937308672
1.94305575
1.946231547
1.954165858
1.940856543
1.941476567
1.943966288
1.948758455
1.953113827
1.958591102
1.959496554
1.957955534
1.961845385
1.963679018
1.968768493
1.790220134
1.781525909
1.786315152
1.855198592
1.829944603
1.887325652
1.914671073
1.950749744
1.808812676
1.938898797
1.944890356
1.940787252
1.944125994
1.948093381
1.954340942
1.959471952
1.954819495
1.95034317
1.954464663
1.962327116
1.965280951
1.972501878
1.969228843
1.966854355
1.967294327
1.968081852
1.970362689
1.968897387
1.964927675
1.914930962
1.953523352
1.946622887
1.785521456
1.775677544
1.77415211
1.836619973
1.868097975
1.812169852
1.900329042
1.939169319
1.79532758
1.949868358
1.950599964
1.956698374
1.953113155
1.959183496
1.958732806
1.9642767
1.966508184
1.958142299
1.946840061
1.962381089
1.969308533
1.977723697
1.979307782
1.978660075
1.978679969
1.973552716
1.972506824
1.970106257
1.959335693
1.951255337
1.898312479
1.917788444
1.932686007
1.946757887
1.941381955
1.894485097
1.780078151
1.777666614
1.773027196
1.858006721
1.82584213
1.883023245
1.801627162
1.918109361
1.787417422
1.963468472
1.962353907
1.961181324
1.967159691
1.965655166
1.96676761
1.96912936
1.967606883
1.960573012
1.938032137
1.919618081
1.97322563
1.977700411
1.979640924
1.980480788
1.977848485
1.975418239
1.971083725
1.96666947
1.95833234
1.949289677
1.943179771
1.891772708
1.903458217
1.937604134
1.925471297
1.940458863
1.896520617
1.905032057
1.911385748
1.77963524
1.779724366
1.782948326
1.861443297
1.839887286
1.812305583
1.89199603
1.791415521
1.78224048
1.97374493
1.971444471
1.971700927
1.967371485
1.974783672
1.974671072
1.977234428
1.948413259
1.928895375
1.901160172
1.885036871
1.976160255
1.973593709
1.973402091
1.966752018
1.963486189
1.960198682
1.954897582
1.953762369
1.946473451
1.940622557
1.937973569
1.894661757
1.889598114
1.912007235
1.935609656
1.927863986
1.898128381
1.908050868
1.908999124
1.910794493
1.780375736
1.783742921
1.912592089
1.783899733
1.866636037
1.847456539
1.825475582
1.801686266
1.787023113
1.78060818
1.981095085
1.981542552
1.98039493
1.974669212
1.948424481
1.980043535
1.977376994
1.972014492
1.913907915
1.894385744
1.869214002
1.857747653
1.965968924
1.965630404
1.959051204
1.954345607
1.951039447
1.946805568
1.943858501
1.937760451
1.935627618
1.932801666
1.887766343
1.900231621
1.886966961
1.917156751
1.925292318
1.899133561
1.905382529
1.920157387
1.779912833
1.789468807
1.787433439
1.919146065
1.789600318
1.848571063
1.832047714
1.813557235
1.793845113
1.782868674
1.778927347
1.983209658
1.984581872
1.975166828
1.980468737
1.958479089
1.912087811
1.975360478
1.969503856
1.960810595
1.869830952
1.844410227
1.835625124
1.957631135
1.953481192
1.949222149
1.946303774
1.942255318
1.939896316
1.935178802
1.934532825
1.932476807
1.891957314
1.880247647
1.906477172
1.884702069
1.918778065
1.922848131
1.894166598
1.912008106
1.933910343
1.935251451
1.77773566
1.788100352
1.934437343
1.937659997
1.928636331
1.786394753
1.828446701
1.81413091
1.800674203
1.787626573
1.782755789
1.777848252
1.973968268
1.981094885
1.978182152
1.953759055
1.974800682
1.925473609
1.878090749
1.969107166
1.961051236
1.955546524
1.843573208
1.820387692
1.814621665
1.953564777
1.947798594
1.945523644
1.940686972
1.934682957
1.932248293
1.928777895
1.909557132
1.887627191
1.874323655
1.879469927
1.918410783
1.920323647
1.909125441
1.928394797
1.940399272
1.777341156
1.7826274
1.937444849
1.930692363
1.91980247
1.919595289
1.926098075
1.919788481
1.776327173
1.810339901
1.799819366
1.793149705
1.786282028
1.781681317
1.776617302
1.977611843
1.94765947
1.980246939
1.974531521
1.916530901
1.968551424
1.889796018
1.843104152
1.96702737
1.962319478
1.963505572
1.820092644
1.80344673
1.79940223
1.959559339
1.960392316
1.953229101
1.942042134
1.937883831
1.929751613
1.916813109
1.897386242
1.8735319
1.868373383
1.887049878
1.919673098
1.92528445
1.912496034
1.93032746
1.927869809
1.773974794
1.774471524
1.921871223
1.916476809
1.920245369
1.930322872
1.928848981
1.915876127
1.766978357
1.796308918
1.791851244
1.784724996
1.78200686
1.778633194
1.981369715
1.964046188
1.912647129
1.977057333
1.971392724
1.874075636
1.973414389
1.849325612
1.81674818
1.971926929
1.975259333
1.975499965
1.802244289
1.79502486
1.791075215
1.981362071
1.971455183
1.959171686
1.949232151
1.943239922
1.89983551
1.919459813
1.8781446
1.861312829
1.866479486
1.887076551
1.92123776
1.942563772
1.907970411
1.913875335
1.908825493
1.775290566
1.773582893
1.902056969
1.918016356
1.940093175
1.93501622
1.896241254
1.760783006
1.791022336
1.790891115
1.788399063
1.786328606
1.782675503
1.970230942
1.975353073
1.929942256
1.878912243
1.97340199
1.976058685
1.841208644
1.977994644
1.819709565
1.795451914
1.979941239
1.98175625
1.993510395
1.785958731
1.783591836
1.786183928
1.991434949
1.983886501
1.967740016
1.968941798
1.880280671
1.913916754
1.85950972
1.853491634
1.864685382
1.890902509
1.943913224
1.964808357
1.902034742
1.897167884
1.908480276
1.770036689
1.779730028
1.898042642
1.935194518
1.948533536
1.880965079
1.895542972
1.762874754
1.777048695
1.757950356
1.788121438
1.78967428
1.789900459
1.785479091
1.787281484
1.943793362
1.961485116
1.968466015
1.897493095
1.849353939
1.969001838
1.968726721
1.820831815
1.811045146
1.967768012
1.793546135
1.975689462
1.986810949
1.996781741
1.77229928
1.771022742
1.776678324
2
1.987993186
1.98604977
1.860262513
1.932708934
1.84445037
1.848525723
1.87160708
1.894269544
1.965685023
1.985572331
1.891032415
1.890214726
1.917295439
1.771767453
1.900880522
1.93826149
1.872668594
1.907098961
1.759897763
1.774518919
1.765569643
1.839542575
1.753667781
1.783201439
1.785649065
1.7849595
1.784244015
1.776046818
1.903845357
1.937936746
1.958281256
1.962568484
1.860654342
1.824430749
1.959212375
1.955784169
1.79868046
1.788778025
1.960369286
1.967119488
1.989848208
1.975132692
1.996355202
1.762767087
1.763515979
1.773843718
1.993425112
1.99109316
1.853855269
1.841327494
1.956021329
1.859298235
1.886918645
1.893123754
1.981266037
1.992155386
1.885763161
1.894781923
1.917263373
1.762458569
1.902193586
1.87995593
1.928243087
1.75511436
1.764863317
1.774384977
1.759259742
1.838212938
1.852513576
1.74686756
1.779964963
1.780721187
1.777382203
1.77332072
1.764052551
1.904804086
1.870563107
1.936790934
1.954275434
1.953638445
1.832212571
1.801723708
1.951045884
1.951604185
1.783650069
1.95617714
1.964858956
1.984478772
1.976990882
1.990131881
1.756628645
1.768049228
1.757149534
1.997144542
1.860497172
1.841036581
1.963013813
1.879840675
1.884848821
1.881132601
1.981208523
1.997076531
1.898737582
1.905605475
1.75130197
1.755896734
1.894136436
1.93093763
1.761640707
1.768533058
1.777229764
1.756565094
1.835611984
1.84593224
1.867033844
1.742644974
1.737461708
1.77769615
1.775508885
1.767019429
1.759374059
1.752398792
1.914618516
1.877290092
1.844561057
1.932648347
1.949904961
1.949051388
1.813266847
1.790179438
1.945366691
1.947194573
1.951744673
1.960648878
1.968520497
1.986072797
1.753330944
1.762061238
1.751882062
1.995466805
1.866990076
1.845328631
1.956507678
1.876521393
1.871576838
1.886986812
1.978007382
1.991526091
1.90267641
1.743999462
1.901619278
1.927436618
1.764365978
1.770518476
1.779019151
1.790183167
1.757917655
1.835473252
1.833525578
1.849214686
1.863540586
1.731400612
1.727082921
1.77180485
1.761299181
1.753049211
1.745700406
1.742398298
1.898287306
1.917752863
1.862758216
1.829713433
1.922658076
1.93024104
1.931496076
1.937986586
1.801603093
1.938479275
1.938505164
1.945199102
1.952632071
1.978635275
1.753130528
1.752870037
1.749874598
1.98003792
1.848168753
1.879467043
1.952225258
1.860373678
1.866133769
1.882224549
1.974027132
1.978803356
1.735318233
1.915378046
1.932514821
1.781034142
1.770765362
1.787403914
1.791369634
1.796717321
1.762309281
1.828626622
1.837215792
1.838225244
1.850146725
1.854759502
1.7739647
1.844801814
1.726763943
1.722263076
1.719120853
1.755018985
1.747181315
1.738098969
1.735748665
1.734545369
1.911883031
1.884286634
1.920268028
1.84788127
1.818928795
1.920282871
1.920394592
1.923576279
1.931460834
1.932905116
1.933301827
1.937575302
1.95811921
1.755422908
1.746277621
1.752186982
1.963857151
1.857117662
1.886652582
1.955322672
1.849080055
1.858887236
1.96743935
1.970192307
1.916956268
1.935309038
1.790620253
1.783824738
1.794249773
1.796088731
1.801652131
1.814358965
1.763929202
1.828498188
1.827495109
1.836690099
1.845201722
1.841646912
1.77189572
1.763286746
1.834391295
1.840309116
1.719551321
1.725039447
1.715721565
1.713422824
1.741708957
1.73522799
1.730041072
1.729476619
1.729241258
1.903231014
1.917311953
1.86778659
1.920962508
1.833633692
1.922039801
1.91957507
1.920697848
1.922321141
1.928829312
1.928363072
1.940335427
1.756550743
1.744746729
1.753253277
1.948556809
1.866503323
1.891710919
1.951635183
1.843939194
1.967927155
1.961289011
1.905626223
1.929039717
1.788814438
1.776415282
1.794886582
1.795660292
1.806937645
1.823969624
1.757953157
1.826030956
1.835919791
1.826918792
1.830247418
1.852023838
1.759055861
1.756581337
1.748882559
1.836094981
1.82999612
1.839449049
1.7179012
1.714951878
1.721205814
1.711306629
1.709611523
1.736057318
1.730488929
1.724682472
1.722517894
1.887382318
1.916086239
1.928300697
1.852603418
1.932875815
1.927880578
1.921148729
1.917606945
1.917781062
1.924632431
1.928713748
1.921481211
1.752640706
1.741105871
1.74507064
1.937823444
1.864353234
1.872535911
1.877384586
1.95561852
1.840543071
1.960633998
1.939426488
1.896087642
1.926428827
1.768252063
1.777041538
1.782898382
1.800590581
1.820811155
1.845890146
1.746494873
1.831353776
1.822064335
1.843555072
1.823074262
1.747138887
1.75445136
1.743996945
1.737602111
1.837724162
1.829314215
1.713573611
1.7141978
1.711680738
1.716205368
1.708139501
1.706581369
1.733738043
1.72569545
1.719152538
1.912120855
1.877802056
1.93708492
1.940904406
1.932636977
1.925411365
1.916818565
1.91505637
1.91532723
1.919037981
1.7427328
1.736881155
1.734561939
1.920620403
1.85105213
1.861876637
1.856712768
1.865209368
1.933142128
1.845690898
1.936302019
1.920625802
1.885453188
1.904777746
1.763766915
1.773017638
1.791033128
1.812097903
1.834789552
1.865235516
1.738123322
1.839450933
1.82451814
1.824185087
1.742016392
1.749481506
1.759152439
1.73713423
1.730218144
1.843660044
1.83656273
1.829744667
1.711075423
1.708285464
1.709112309
1.709260096
1.713859125
1.703836871
1.705404708
1.727283869
1.72005267
1.900246849
1.938127623
1.954755023
1.947860192
1.937335919
1.924785617
1.917153253
1.912488801
1.911679779
1.731634496
1.727261898
1.725307576
1.908110745
1.842058841
1.850117856
1.83982539
1.838379098
1.852342223
1.888709707
1.907777981
1.852672411
1.912476108
1.901774808
1.869536956
1.771180972
1.791411788
1.821138679
1.855799711
1.899469649
1.728053334
1.830576295
1.825449038
1.750230255
1.741092973
1.761102559
1.772208202
1.731806387
1.72468782
1.848492714
1.83806295
1.830546212
1.707651793
1.708687477
1.706075764
1.70496748
1.704665106
1.714425556
1.702534351
1.699778113
1.701869862
1.705281962
1.709504631
1.703183469
1.701755046
1.702902037
1.718989183
1.93844516
1.955585032
1.955966355
1.946401621
1.934768865
1.924820657
1.917259436
1.907712
1.723758787
1.719827462
1.719131598
1.896477639
1.82913766
1.830777431
1.819228364
1.82319695
1.840112125
1.867397758
1.856227539
1.884772425
1.851695204
1.88390635
1.880386763
1.789570999
1.81685653
1.854710582
1.898240114
1.933733238
1.721541082
1.831577909
1.747882657
1.760477442
1.733021929
1.774931467
1.786411732
1.725017538
1.72029618
1.844677782
1.837132616
1.833411248
1.705083823
1.705651062
1.703239526
1.712858062
1.701655086
1.700650754
1.698800846
1.699258985
1.698081737
1.700784686
1.702622044
1.709199265
1.705463391
1.701272979
1.701344564
1.699901589
1.69980832
1.714070622
1.949886126
1.949572448
1.937944344
1.929528099
1.92304496
1.917965644
1.910404423
1.718838404
1.716230765
1.714998732
1.901624731
1.881891953
1.823121483
1.834766237
1.812578331
1.805701479
1.813240966
1.836216021
1.838376134
1.849940485
1.862003256
1.843229616
1.8552018
1.853947667
1.809560038
1.846516002
1.883905358
1.913740965
1.932298436
1.717478382
1.735214149
1.752123837
1.767143938
1.725401394
1.782741472
1.806650912
1.719096228
1.716675773
1.8402466
1.836660443
1.837930936
1.703129234
1.700148563
1.697054421
1.697585961
1.698145296
1.69670026
1.838183447
1.823143713
1.70706004
1.781387267
1.700931181
1.71181703
1.702587216
1.704693447
1.698884524
1.69974365
1.697951101
1.697663813
1.71423402
1.940541311
1.930585888
1.915870731
1.90869968
1.902362261
1.907166568
1.71293852
1.711117233
1.888644634
1.864563998
1.823869879
1.83556327
1.803373806
1.795850965
1.803022846
1.819453762
1.829376193
1.839764081
1.838310111
1.834487512
1.836638767
1.836706107
1.866404218
1.901606004
1.921155578
1.920438065
1.712929337
1.725717346
1.741305172
1.761596931
1.719087697
1.803489874
1.833101853
1.713386838
1.709251875
1.838833
1.839913536
1.699004885
1.69547144
1.695829613
1.695896592
1.696389944
1.697239331
1.695692176
1.83604163
1.803804035
1.804267702
1.70975894
1.707477589
1.801157022
1.778990356
1.706760916
1.694230224
1.69505153
1.700587638
1.709676785
1.702894666
1.705819612
1.696757493
1.697676301
1.695848259
1.695143756
1.919673479
1.911105582
1.897187162
1.884462107
1.884484441
1.70633175
1.705547296
1.861763258
1.839740493
1.815532736
1.831568632
1.793974007
1.778144491
1.789950057
1.789798681
1.807916516
1.817170679
1.833954475
1.810564308
1.812094487
1.866025313
1.894252594
1.90873974
1.911764756
1.900618816
1.719600439
1.732397846
1.750390595
1.713920664
1.825016445
1.850363755
1.708585867
1.704892677
1.839630351
1.836784917
1.698603326
1.694168654
1.694094745
1.694339212
1.694732006
1.696745614
1.830620147
1.782409
1.782697471
1.706680587
1.819807259
1.795267511
1.768973639
1.703051257
1.692744167
1.693429782
1.696694827
1.694785157
1.693264899
1.703466854
1.762896284
1.724966165
1.700912362
1.70278294
1.703413321
1.701473994
1.694668645
1.693336086
1.692288803
1.692713245
1.896342505
1.890124608
1.872090923
1.861091273
1.701731259
1.83792702
1.816878845
1.797805129
1.820839527
1.777535954
1.764782574
1.771697398
1.769212798
1.785012758
1.791355345
1.823896392
1.784863697
1.786047014
1.86968002
1.884237576
1.885102823
1.892267078
1.888368084
1.878492414
1.715627325
1.739502156
1.710486685
1.846560208
1.706167464
1.70258975
1.832844856
1.824000009
1.69881924
1.692333152
1.691976223
1.692251309
1.823592229
1.761334135
1.833677472
1.804212382
1.780544781
1.756572954
1.700979561
1.691798417
1.691398137
1.692962206
1.699015024
1.697031309
1.694892343
1.691398137
1.699902842
1.751850435
1.745539981
1.719907602
1.727758048
1.691398137
1.708926776
1.691398137
1.701368556
1.699247655
1.699331818
1.697819229
1.691398137
1.692301083
1.691398137
1.691398137
1.691398137
1.870842323
1.85426474
1.845177607
1.699441151
1.818661478
1.794853414
1.802211146
1.785052863
1.765267298
1.752089437
1.758560186
1.760030212
1.767390799
1.811533134
1.760222615
1.766719804
1.867100903
1.855379647
1.863979886
1.868100807
1.873239545
1.871083121
1.853776894
1.714947077
1.734966261
1.704119162
1.700927612
1.816587161
1.80398489
1.691398137
1.691398137
1.691398137
1.691398137
1.810536823
1.742103597
1.83673234
1.811250557
1.786061359
1.765770549
1.747901546
1.691398137
1.691398137
1.692851318
1.699223156
1.697183896
1.694938642
1.697422688
1.737728819
1.747949734
1.731968589
1.722415516
1.706969608
1.710911812
1.691398137
1.691398137
1.691398136
1.691398137
1.696992467
1.697222414
1.698013806
1.695899227
1.695869837
1.691398137
1.691398137
1.691398137
1.691398137
1.691398137
1.833727717
1.826651933
1.699616676
1.80218625
1.78236622
1.769352683
1.788696531
1.770994617
1.752159691
1.741229912
1.739168795
1.746637611
1.79056995
1.740820786
1.747708074
1.844533997
1.849307393
1.845839119
1.854154129
1.860947855
1.843398495
1.716097957
1.731553014
1.702840805
1.800463557
1.790047308
1.691398137
1.691398137
1.79058384
1.727705983
1.833228215
1.811965164
1.791612143
1.774020341
1.75562342
1.742694995
1.691398137
1.691398137
1.692604784
1.695876523
1.694302739
1.696711891
1.72775261
1.733166849
1.736680043
1.722468787
1.722661538
1.706708137
1.711180066
1.691398137
1.691398137
1.691398136
1.691398136
1.694477742
1.692780221
1.695346637
1.694039689
1.698567946
1.694325467
1.691398137
1.691398137
1.691398137
1.691398137
1.809281453
1.817519531
1.701453375
1.787215228
1.770689803
1.753852362
1.773241271
1.754982355
1.742193846
1.735760503
1.72900757
1.724235399
1.766389107
1.726549364
1.72099568
1.734098261
1.827190038
1.827032185
1.830589183
1.840099061
1.836151333
1.715935372
1.722111764
1.73033359
1.738395809
1.705339708
1.779755364
1.772651634
1.691398137
1.691398137
1.768498377
1.718087278
1.810992811
1.794166756
1.78023514
1.761892318
1.747413879
1.691398137
1.691398137
1.691538477
1.691398136
1.693296793
1.692149441
1.697274094
1.729661238
1.724526693
1.732717319
1.718471053
1.710351646
1.691398136
1.691398137
1.691398136
1.691398136
1.69245164
1.692350218
1.691398134
1.693831883
1.695439448
1.696373674
1.69139813
1.691398137
1.698414616
1.736877982
1.692558027
1.700826603
1.691398137
1.691398137
1.691398137
1.691398137
1.795498078
1.8127818
1.704941624
1.77328798
1.759909545
1.742139088
1.75627953
1.745798891
1.737842394
1.737152704
1.71532151
1.74783444
1.745911302
1.718349868
1.713669423
1.724283821
1.806264743
1.809223844
1.80674787
1.812643693
1.821634877
1.715144673
1.721680328
1.729946623
1.735124545
1.74055415
1.709230014
1.756171534
1.756223453
1.691398137
1.691398137
1.713557927
1.795762664
1.790018148
1.781860746
1.76594718
1.749051754
1.691398137
1.691398137
1.691398135
1.691398135
1.691398132
1.691398133
1.740900333
1.726063814
1.717841607
1.691398136
1.691398136
1.691398136
1.691398136
1.691398126
1.691398119
1.691398133
1.692473
1.694014693
1.700394912
1.697151177
1.691398128
1.691398137
1.703590486
1.737233581
1.751353379
1.691398137
1.734344297
1.794060867
1.691398135
1.711611972
1.748537652
1.691398118
1.801568352
1.702374854
1.732232231
1.691398103
1.707095405
1.691398137
1.691398137
1.691398137
1.78259149
1.801408356
1.711558549
1.760179092
1.748499018
1.747152756
1.74134191
1.738617198
1.746411567
1.709966367
1.742945554
1.734178563
1.712548489
1.709922164
1.717189064
1.793793317
1.788269671
1.783395274
1.715374321
1.720904211
1.726863355
1.731961975
1.737590481
1.747206115
1.691398137
1.691398137
1.71333428
1.781891064
1.776306408
1.767020873
1.752097529
1.691398136
1.691398134
1.69139813
1.691398131
1.722874321
1.691398136
1.691398135
1.691398122
1.691398132
1.692107551
1.694671677
1.706216732
1.698569106
1.691398125
1.709209674
1.737509059
1.72599155
1.754498506
1.691398137
1.72706463
1.691398134
1.707407043
1.708208391
1.707131622
1.746807784
1.691398105
1.691398112
1.785536297
1.788975598
1.703608336
1.707320318
1.72465692
1.736723503
1.722775539
1.691398137
1.692628851
1.772125625
1.782593266
1.691398084
1.69139806
1.713474793
1.691398137
1.691398137
1.691398137
1.774106795
1.71852746
1.744415425
1.761174549
1.751961536
1.741722497
1.739534169
1.741339793
1.710825829
1.707215021
1.73837125
1.73360773
1.726414715
1.706721406
1.71790026
1.710370214
1.776066837
1.774999732
1.771569019
1.772869149
1.721919296
1.726682114
1.723629774
1.730825275
1.741175734
1.691398137
1.691398137
1.691398137
1.717989359
1.770575713
1.764072963
1.753649481
1.691398136
1.691398133
1.691398127
1.691398128
1.691398135
1.691398134
1.691398116
1.69139813
1.695344399
1.711420361
1.699148258
1.691398119
1.738032195
1.727443048
1.742091321
1.749756413
1.691398137
1.704161357
1.704076651
1.703456268
1.702859206
1.743027008
1.691398094
1.691398101
1.773931496
1.773703996
1.706575459
1.701736273
1.703551321
1.709241403
1.727223946
1.734184363
1.721638109
1.719849494
1.692544253
1.761068224
1.763677571
1.769917356
1.743494693
1.756091366
1.704278983
1.759602587
1.691398067
1.69139805
1.691397988
1.715406181
1.691398137
1.691398137
1.691398137
1.760510182
1.717864651
1.733201224
1.750097173
1.736074897
1.737316317
1.717787572
1.710036615
1.705463648
1.732234108
1.726971361
1.712828864
1.723071515
1.705358458
1.767055661
1.764590737
1.758201528
1.762081651
1.719107877
1.725616653
1.721550876
1.733206277
1.742389995
1.691398136
1.691398136
1.691398137
1.750222473
1.691398136
1.691398131
1.691398122
1.691398126
1.691398134
1.691398107
1.695761835
1.711386253
1.699327126
1.691398112
1.730518201
1.735464513
1.723973359
1.737902789
1.74404732
1.691398137
1.703751349
1.700180747
1.700397839
1.699857614
1.701820166
1.737359793
1.691398076
1.691398085
1.760847727
1.761193909
1.706543988
1.701310294
1.700973735
1.721735821
1.717993258
1.717559664
1.692493016
1.751361463
1.750782921
1.762643726
1.738655076
1.749489045
1.702043514
1.757224051
1.74832586
1.705120545
1.742320316
1.691398137
1.744957113
1.697916658
1.691398136
1.691398024
1.691398039
1.691397999
1.69139789
1.691397925
1.713515417
1.691398137
1.691398137
1.691398137
1.74795696
1.714788815
1.730706468
1.724187775
1.727954606
1.732252324
1.718297442
1.71443846
1.708340483
1.717736039
1.70613378
1.711392466
1.700884523
1.757657908
1.756616849
1.749720627
1.74952214
1.717147188
1.72093699
1.727373223
1.734435311
1.739398482
1.691398136
1.691398136
1.691398136
1.691398135
1.691398132
1.691398127
1.691398119
1.691398094
1.695604601
1.710684627
1.708105968
1.698314227
1.691398105
1.728229506
1.73098957
1.732425072
1.723676939
1.7365119
1.732063111
1.73670879
1.691398137
1.704955271
1.697102967
1.696806272
1.69938799
1.701927092
1.731309212
1.69139805
1.691398061
1.747952216
1.702268933
1.698459928
1.722297231
1.71752685
1.71532219
1.715376152
1.691397767
1.692200514
1.742489603
1.740624027
1.75535436
1.733707547
1.742920367
1.698053872
1.699878376
1.749782272
1.74115773
1.706546801
1.704138434
1.736232206
1.738030611
1.738739274
1.696795458
1.695721179
1.691398136
1.691398136
1.691398136
1.691398135
1.731593422
1.718889905
1.73383487
1.691397949
1.69139798
1.691398001
1.691397806
1.691397841
1.7112377
1.709074422
1.691398137
1.691398137
1.691398137
1.734859847
1.713573218
1.726639014
1.722277548
1.715876892
1.727752512
1.722731803
1.725060514
1.719871584
1.714838528
1.709555163
1.702707392
1.698073796
1.709190802
1.75035104
1.750229996
1.743084164
1.735944784
1.717055337
1.722770329
1.728247041
1.731566474
1.734380928
1.691398135
1.691398135
1.691398133
1.691398128
1.691398118
1.691398079
1.694681812
1.691799801
1.695272717
1.6913981
1.724288663
1.728328146
1.72968115
1.729221826
1.732110333
1.728127288
1.729566079
1.704134296
1.6927357
1.693851965
1.693478369
1.700058207
1.726449732
1.691398009
1.69139803
1.697957789
1.70169646
1.699958188
1.694841262
1.714101721
1.715905957
1.712971552
1.713101932
1.691397626
1.691397576
1.732566241
1.749138968
1.726711459
1.73670217
1.696249076
1.694313639
1.743072623
1.736912815
1.706415439
1.703808314
1.728092777
1.731431636
1.73126658
1.693562656
1.695257417
1.697083926
1.691398135
1.691398136
1.691398134
1.691398134
1.691398136
1.691398134
1.723491157
1.724725261
1.71922465
1.71595959
1.725778923
1.691398131
1.724147845
1.725573152
1.728417756
1.718703166
1.726211407
1.736097483
1.692090092
1.697162152
1.710829511
1.724964406
1.716443524
1.691397876
1.691397928
1.691397684
1.69139773
1.708658558
1.711374327
1.691398136
1.691398136
1.691398137
1.723332542
1.723595342
1.714850982
1.715941443
1.713040503
1.704278103
1.722991589
1.72033844
1.720043451
1.715132991
1.709460402
1.693399174
1.698673904
1.691398132
1.743423277
1.745977477
1.739969407
1.719231843
1.723242716
1.726322905
1.729742697
1.733004821
1.691398133
1.691398128
1.691398119
1.691398057
1.691397216
1.691397276
1.691398096
1.723380797
1.727677642
1.727720829
1.725840869
1.724019647
1.724503309
1.722962312
1.703858919
1.691398129
1.691398131
1.691398132
1.69139813
1.699172166
1.722442377
1.691397934
1.691397966
1.693898149
1.699196611
1.700910311
1.691396635
1.71160621
1.713214596
1.710589477
1.691397471
1.691397356
1.722637185
1.742809348
1.713061144
1.728361774
1.692198369
1.691396365
1.738196758
1.707006731
1.704085128
1.715064779
1.691398129
1.693552875
1.694870814
1.691398133
1.691398132
1.691398131
1.691398135
1.691398134
1.69139813
1.714883361
1.70998889
1.713173557
1.717005494
1.713293028
1.719148923
1.718709736
1.72312374
1.705237469
1.725389487
1.733144417
1.69139682
1.693915005
1.69584093
1.708829603
1.709574698
1.717164091
1.713727028
1.716937722
1.691397024
1.728803165
1.713157389
1.691397975
1.691398128
1.691395703
1.691398133
1.691397782
1.691397548
1.710102403
1.713353107
1.691398136
1.691398136
1.691398137
1.709623071
1.716449537
1.699189182
1.691398132
1.718109197
1.719361706
1.714157844
1.709917503
1.69139813
1.691398128
1.738912824
1.740102833
1.735807564
1.719166383
1.722117504
1.7254745
1.729533867
1.734379944
1.691398126
1.691398113
1.691398073
1.691398007
1.691396817
1.722043344
1.725928706
1.724934992
1.722216086
1.718364078
1.719133834
1.719446843
1.718088911
1.706109579
1.702199943
1.691398126
1.691398127
1.691398127
1.691398124
1.696160146
1.697951729
1.719052375
1.691397807
1.691397844
1.691395419
1.697584583
1.70205286
1.698965151
1.691396373
1.69139595
1.710569246
1.707899964
1.691397284
1.691397043
1.708140305
1.738133419
1.691398129
1.700452173
1.724267452
1.691395768
1.705417593
1.708354689
1.691398127
1.691798599
1.691398126
1.691398122
1.691398135
1.691398127
1.691398119
1.698482096
1.698972538
1.691398118
1.703262937
1.69328745
1.709353751
1.710864348
1.709590631
1.715121668
1.712026621
1.710275334
1.691984787
1.723584352
1.730172204
1.691395181
1.693376493
1.707587899
1.706879765
1.707927402
1.705913941
1.714376208
1.711321376
1.691396657
1.725617399
1.698686124
1.69139788
1.691398117
1.69139518
1.691394964
1.691398133
1.691398128
1.696236386
1.691398125
1.691398119
1.708974627
1.723877035
1.717252623
1.700142509
1.696868499
1.696598322
1.696410712
1.691397568
1.69139734
1.711076109
1.714725093
1.691398136
1.691398136
1.691398123
1.69139813
1.691398128
1.691398128
1.713730181
1.719563548
1.714334826
1.711670547
1.70890399
1.691398124
1.69139812
1.735173669
1.734939977
1.731160163
1.718071625
1.721839317
1.727857344
1.731376357
1.691398105
1.691398074
1.691398015
1.691397914
1.691396222
1.721430204
1.723573784
1.721215142
1.718385219
1.714027227
1.714933485
1.715157306
1.713872888
1.705532842
1.702012315
1.691398121
1.691398122
1.69139812
1.691398116
1.691680026
1.714973096
1.691397578
1.691397653
1.691394447
1.69496616
1.703534825
1.700081377
1.691395669
1.691395131
1.707552588
1.704766035
1.705998273
1.691397062
1.691396803
1.693455926
1.691398083
1.73409373
1.691398118
1.691398121
1.724018204
1.71818782
1.706797348
1.691398121
1.691398115
1.691398109
1.691398102
1.691398094
1.691398134
1.691398116
1.691398109
1.691398085
1.691398106
1.691398109
1.691398102
1.701909668
1.696089364
1.704614716
1.707711953
1.725759924
1.691394208
1.691394588
1.691652785
1.705225731
1.704870884
1.704721094
1.693862391
1.712143857
1.707997654
1.709745158
1.691396414
1.691396136
1.724698683
1.691398062
1.691397721
1.69139461
1.69139813
1.691398118
1.692860831
1.706278651
1.722235096
1.717022136
1.693626239
1.691397725
1.691545178
1.698013052
1.693819684
1.695633539
1.69988433
1.691398106
1.691398041
1.710140524
1.691398117
1.721663284
1.691397185
1.710540166
1.713955629
1.691398136
1.691398134
1.69139811
1.691398122
1.709984278
1.7102127
1.718830485
1.714296595
1.711153617
1.708204265
1.691398115
1.691398111
1.731687091
1.73049319
1.730788926
1.727184032
1.717958708
1.72658807
1.728974886
1.691398048
1.691397971
1.691397793
1.691395329
1.719623026
1.721441097
1.719323319
1.717127411
1.714112473
1.71044674
1.710294004
1.711318436
1.710851014
1.704451199
1.70097007
1.691398113
1.691398114
1.691398111
1.691398106
1.691398105
1.710657186
1.691397256
1.691397367
1.69139388
1.691393511
1.691393466
1.702020146
1.691394455
1.702655312
1.7030886
1.701384081
1.69139662
1.691398085
1.691398046
1.691398066
1.730173278
1.691398104
1.69139811
1.691398114
1.718841867
1.712695618
1.705909214
1.691398107
1.691398069
1.691398038
1.691398018
1.691398089
1.691398063
1.691398
1.691398093
1.69139809
1.691398099
1.691398007
1.691397871
1.691397948
1.693940467
1.702233842
1.721982677
1.691393413
1.691393655
1.701214108
1.702918386
1.7041375
1.706051134
1.707169811
1.691395864
1.691396092
1.723984662
1.691398022
1.691397466
1.691398121
1.691398131
1.691398096
1.691391816
1.720224382
1.716191301
1.691397327
1.691397602
1.69138981
1.691388794
1.692631965
1.696986157
1.695408606
1.691398091
1.691398096
1.706859969
1.70740533
1.691398108
1.721018925
1.723549603
1.691398105
1.691396936
1.691398036
1.712772391
1.691396636
1.709630438
1.713406652
1.691398134
1.691398094
1.69139811
1.705928224
1.717334696
1.712432615
1.707880542
1.704765046
1.691398105
1.691398099
1.727313446
1.728616713
1.726384367
1.726594815
1.717238168
1.725108192
1.691397934
1.691397785
1.691397547
1.691394222
1.691395119
1.718260799
1.716923846
1.714881914
1.709519666
1.706421203
1.706777484
1.707019129
1.707526886
1.700255808
1.691398101
1.691398102
1.6913981
1.691398092
1.691398088
1.691398095
1.705968251
1.691396784
1.69139694
1.691392845
1.691393349
1.691392551
1.69139198
1.701035408
1.698289799
1.69940447
1.700027683
1.700197575
1.698201605
1.691395789
1.69139805
1.691398068
1.691398027
1.691397988
1.725925847
1.691398087
1.691398096
1.691398103
1.709695769
1.714165927
1.704968003
1.691397962
1.691397882
1.691397851
1.691397995
1.691397889
1.691398084
1.691398075
1.691398071
1.691397966
1.691397761
1.691397864
1.691396406
1.697400667
1.717675343
1.691392225
1.697758884
1.700755851
1.703128375
1.691395287
1.722246345
1.691397047
1.691398125
1.691398103
1.691398051
1.691389726
1.714713182
1.691397355
1.69138779
1.691384959
1.691385773
1.691384911
1.69497257
1.694273697
1.69139807
1.691398075
1.704461401
1.70333384
1.691398094
1.719254787
1.720113072
1.691398093
1.691396644
1.691397868
1.691397928
1.707687144
1.709956331
1.703388451
1.691398048
1.70761147
1.691397698
1.711629932
1.691397157
1.691395878
1.708375002
1.712826079
1.69139813
1.691398075
1.691398098
1.700944469
1.7133494
1.706417035
1.700936574
1.691398091
1.691398082
1.722940019
1.724531965
1.721614463
1.721834335
1.715791673
1.72082123
1.691397664
1.691397404
1.691393978
1.691392705
1.714306435
1.710753153
1.704082664
1.703154057
1.703304147
1.703557056
1.702595289
1.694789906
1.691398085
1.691398086
1.691398084
1.691398073
1.69139806
1.691398075
1.701184318
1.691396095
1.691396266
1.691391493
1.691391917
1.691391262
1.691389693
1.698580718
1.696069677
1.695412165
1.696753942
1.697093493
1.695874463
1.691394734
1.69139428
1.691398033
1.691397997
1.69139805
1.691397879
1.691397917
1.7208355
1.691398065
1.691398079
1.691398089
1.701195934
1.708685705
1.700799433
1.691397711
1.69139749
1.691397494
1.691397722
1.691398061
1.691398042
1.691397691
1.691395627
1.691395935
1.712619162
1.6955572
1.698814003
1.696718373
1.718057748
1.691396442
1.691398111
1.691398065
1.69139796
1.691386305
1.710392467
1.691396606
1.691397264
1.691383464
1.691379977
1.691380514
1.691380076
1.691380123
1.69139804
1.70083334
1.700688226
1.691398076
1.714865714
1.71440338
1.691398074
1.691397574
1.691397599
1.691397718
1.70210811
1.704084113
1.705781011
1.700090906
1.691398013
1.703386155
1.701506046
1.691397341
1.691396639
1.691396829
1.691375882
1.699387984
1.691394696
1.703747234
1.710203999
1.691398119
1.691398048
1.691398081
1.698135846
1.697233137
1.705988838
1.705824664
1.708181261
1.698070277
1.698130779
1.691526955
1.692691274
1.69139807
1.691398054
1.717725144
1.719286263
1.715839438
1.71579626
1.715743621
1.691397111
1.691392152
1.691390799
1.703080628
1.698488493
1.699350083
1.699695842
1.699863345
1.698583285
1.691398059
1.69139806
1.691398057
1.691398035
1.697512391
1.691395014
1.691395245
1.691389803
1.691389446
1.691386146
1.691421791
1.694083609
1.694584125
1.693734474
1.694349904
1.694287123
1.69406526
1.691392931
1.691397985
1.691398012
1.691397928
1.691397713
1.691397807
1.712939085
1.691398033
1.691398052
1.691398068
1.694047057
1.691394861
1.702442739
1.695310677
1.691374865
1.691397202
1.691396755
1.691397108
1.691398026
1.691397997
1.69139736
1.69139497
1.69139542
1.702579643
1.695458372
1.71166043
1.691395524
1.691398081
1.691397987
1.691397778
1.691380851
1.691396692
1.691395858
1.691375036
1.691374032
1.691372552
1.691397995
1.697874473
1.707878908
1.691397032
1.691397041
1.691397306
1.697819414
1.699084399
1.700360839
1.696976234
1.691397962
1.698749051
1.697365239
1.691396666
1.691395753
1.691396162
1.691369373
1.697229103
1.69640665
1.691394075
1.691389855
1.69275332
1.691397393
1.691393145
1.691373678
1.698657989
1.702919908
1.691398095
1.691398008
1.691398056
1.695430685
1.699449901
1.699645327
1.693711399
1.692807469
1.691397928
1.691397894
1.69139804
1.691398025
1.691398017
1.710370591
1.711894961
1.70638574
1.6913964
1.691390396
1.69138734
1.697410772
1.695922969
1.695259765
1.696669094
1.695349855
1.691398028
1.691398029
1.691397985
1.691393295
1.691393745
1.691386623
1.691381502
1.691368692
1.692881922
1.692918823
1.692368571
1.692291883
1.693595704
1.692520672
1.691391303
1.69139792
1.691397946
1.691397822
1.691397333
1.691397628
1.701439701
1.697859598
1.691397986
1.691398013
1.691398037
1.691393151
1.691393475
1.691368816
1.691364105
1.691395493
1.691395237
1.691395586
1.691395977
1.691397973
1.691397934
1.691396736
1.691393689
1.691394785
1.691391549
1.693803053
1.700426792
1.691394194
1.691398017
1.691397805
1.691374141
1.691395647
1.69136739
1.691364758
1.691397925
1.691395938
1.691395961
1.691396465
1.696201511
1.695314459
1.696499763
1.694863898
1.694190433
1.693619684
1.691394726
1.691395323
1.694884403
1.695552908
1.694228992
1.691387588
1.691746094
1.691396462
1.691397091
1.691397522
1.691393351
1.691398136
1.691397976
1.691390255
1.691364227
1.69136332
1.691374369
1.691375592
1.691398038
1.691397941
1.691398017
1.69305329
1.69486781
1.694560643
1.691397845
1.691397855
1.691397848
1.691397786
1.691397996
1.691397982
1.691397964
1.694803794
1.691388457
1.691394326
1.691388498
1.691386816
1.691382351
1.691382805
1.694236834
1.693489934
1.69387978
1.693706036
1.693922711
1.692715738
1.691397984
1.691397912
1.691391065
1.691391795
1.691374733
1.691358754
1.691398136
1.691398136
1.691723874
1.691398135
1.691397828
1.69139763
1.691397111
1.691382411
1.691384686
1.691397948
1.691397989
1.691391829
1.691358486
1.691393381
1.691392658
1.691392727
1.691392818
1.691393852
1.691397849
1.69139622
1.69139169
1.691393993
1.691390147
1.691388741
1.691375405
1.691392755
1.691397896
1.691365585
1.691395004
1.691359279
1.691358854
1.691397829
1.691393833
1.69139383
1.691394656
1.693494861
1.693456657
1.691397792
1.691397799
1.691393059
1.6931624
1.691383346
1.691398136
1.69139509
1.69139687
1.691395824
1.691397676
1.691391793
1.691398136
1.691397912
1.691397908
1.691367963
1.691390662
1.691385801
1.691387239
1.691352718
1.691367777
1.691358856
1.691356459
1.691352244
1.691363388
1.691397927
1.691397863
1.69139795
1.692081609
1.691398133
1.691538143
1.692052838
1.69139775
1.691397728
1.691397645
1.691397894
1.691397892
1.691375733
1.691385373
1.691389998
1.691383806
1.691375666
1.691376565
1.691838061
1.692158891
1.691581193
1.692090543
1.69174359
1.691469139
1.691398086
1.691397746
1.691388365
1.691389514
1.691365098
1.691351632
1.691352254
1.691398136
1.691398136
1.691398136
1.691398134
1.691398135
1.691397504
1.69139641
1.691380174
1.69139787
1.691388944
1.691388385
1.691388282
1.691387968
1.691389825
1.691397692
1.691397471
1.691389461
1.691392629
1.691364204
1.691369564
1.691354501
1.691393972
1.691389722
1.691389614
1.691391432
1.691449229
1.691397712
1.691397675
1.6913977
1.691387706
1.691377734
1.691398136
1.691392149
1.691395687
1.691397326
1.691393572
1.691389004
1.691389604
1.691397818
1.691397811
1.691397798
1.69135835
1.691386035
1.691395176
1.691375089
1.691381703
1.69138008
1.691383256
1.691345986
1.6913445
1.691352988
1.691344618
1.691397637
1.691397697
1.691397853
1.691398128
1.691398132
1.691397738
1.691397581
1.691397554
1.691397431
1.691397698
1.691397762
1.691367599
1.691385777
1.691381383
1.691381498
1.691380306
1.691378024
1.691366379
1.691366914
1.691397784
1.691397943
1.691397995
1.691398054
1.691397878
1.691398113
1.69139809
1.691397511
1.691384634
1.691353935
1.691345405
1.691398136
1.691398135
1.691398136
1.691398133
1.691398134
1.691396682
1.691397703
1.69137924
1.691380462
1.69137912
1.691382286
1.691397278
1.691390646
1.691359897
1.691345187
1.691392482
1.691381577
1.69138147
1.691385533
1.691397601
1.691397503
1.691397639
1.691397542
1.69137992
1.691369101
1.691398136
1.69138619
1.691393346
1.691396491
1.691389301
1.691385946
1.69138533
1.69138689
1.691397634
1.691397655
1.691397613
1.691352096
1.691378537
1.69139434
1.691377289
1.691371131
1.691398131
1.691397413
1.691398001
1.691373228
1.691375973
1.691370957
1.691376896
1.691336875
1.691344431
1.691336301
1.691336431
1.691396975
1.691397374
1.691397638
1.691398123
1.69139813
1.691397701
1.691397342
1.691397276
1.691397133
1.691397326
1.691397451
1.691365068
1.691381216
1.691364421
1.691366881
1.691367034
1.691353181
1.691353019
1.691356838
1.691397821
1.691397916
1.691398063
1.691398101
1.691339594
1.691336767
1.691398135
1.691398134
1.691398136
1.691398132
1.691395738
1.691397322
1.691362805
1.691364652
1.691362999
1.691368122
1.69139639
1.691386756
1.691390614
1.691354732
1.691365113
1.691372184
1.691397406
1.691397226
1.691397562
1.691397389
1.69135898
1.691398136
1.691375477
1.691388846
1.691394776
1.691381217
1.691381777
1.691397367
1.691397187
1.691345625
1.691366823
1.691392775
1.691373471
1.691398127
1.691397049
1.691397917
1.691398014
1.691397951
1.691361609
1.691366452
1.691326972
1.691327326
1.69133637
1.691325674
1.691395462
1.691396578
1.691397108
1.691398118
1.691397775
1.691397542
1.691396915
1.691396929
1.691396897
1.691396731
1.691365703
1.691358991
1.691375224
1.69133355
1.691340403
1.691339439
1.691347139
1.69133593
1.691339503
1.691342311
1.691398051
1.691398087
1.691327811
1.691398135
1.691398133
1.691398136
1.691398129
1.691393483
1.691396453
1.691333429
1.691336689
1.69133432
1.691343944
1.691394762
1.691381653
1.691387402
1.69134721
1.691338873
1.691349722
1.691397108
1.691396838
1.691397155
1.691346009
1.691398135
1.691356461
1.691380411
1.691391386
1.691366559
1.691375957
1.691396783
1.691396559
1.691337654
1.691346683
1.691355341
1.691389756
1.691398121
1.691396337
1.691397831
1.691397959
1.691364581
1.691346408
1.69131355
1.691315816
1.691327564
1.691316494
1.691315868
1.69139216
1.691394692
1.691395859
1.691398105
1.691397624
1.691397285
1.691396493
1.691396425
1.691396259
1.691395357
1.691354917
1.691351962
1.691367224
1.691278012
1.691291404
1.691307146
1.691293974
1.691315304
1.691319858
1.691322355
1.691398022
1.691398062
1.691398134
1.69139813
1.691398135
1.691398125
1.691387452
1.691391218
1.691394569
1.691281712
1.691284007
1.691284122
1.691301398
1.691372297
1.691382383
1.691335764
1.691290827
1.691310262
1.691396674
1.691396763
1.691325457
1.691322284
1.691385005
1.69133985
1.691396163
1.691395427
1.691333323
1.691398114
1.691395445
1.6913977
1.691397885
1.691336276
1.69137314
1.691308637
1.691302184
1.69128976
1.691302436
1.691317568
1.691294308
1.691385641
1.691390998
1.691392427
1.69139809
1.691397404
1.691396948
1.691395814
1.691396095
1.691395481
1.691393157
1.691356805
1.691340448
1.691338187
1.691206976
1.691208209
1.69117485
1.691231723
1.691253996
1.69125706
1.691299929
1.691293057
1.691292725
1.691397956
1.691398031
1.691398134
1.691398132
1.691398128
1.691398121
1.691383917
1.69137774
1.691192941
1.691196582
1.691197231
1.691225623
1.691362831
1.691319196
1.691209721
1.691242095
1.691396226
1.691262505
1.691292663
1.691393986
1.691398101
1.691394528
1.691397503
1.69139778
1.69128831
1.691356139
1.691271951
1.691392689
1.691232118
1.691284693
1.691259122
1.691259811
1.691292907
1.691370111
1.691385569
1.691386987
1.691398064
1.691397059
1.691396472
1.691395088
1.69139485
1.69139391
1.691390074
1.69134027
1.691318131
1.691057675
1.691026416
1.691103892
1.691055532
1.691139687
1.691157075
1.69125766
1.691223586
1.69139798
1.691397845
1.691398133
1.691398128
1.691398117
1.691398111
1.691370878
1.691373787
1.69136894
1.691044139
1.691049633
1.691047445
1.6911007
1.691347323
1.691073795
1.69112644
1.691395526
1.691159808
1.691209951
1.691398077
1.691397136
1.691397578
1.691200972
1.691319027
1.691391188
1.691291936
1.69139714
1.691091875
1.691115975
1.691214887
1.691210924
1.691255501
1.691211694
1.6913389
1.691374592
1.691382792
1.691374797
1.691398007
1.691396312
1.691392866
1.691393266
1.691385343
1.691314114
1.690768925
1.690815754
1.690815259
1.690888606
1.690950739
1.690973143
1.691147333
1.691397883
1.69139766
1.69139813
1.691398119
1.691398085
1.691398096
1.691350363
1.691352752
1.690805971
1.690795399
1.690741466
1.690861566
1.6908632
1.691316731
1.690842552
1.690935481
1.691394863
1.690985129
1.691065233
1.691398025
1.691050754
1.69125012
1.691389227
1.691265768
1.691397279
1.691396207
1.690893911
1.690802804
1.690883653
1.690997637
1.691137709
1.6911453
1.691206948
1.691125016
1.691275852
1.691351481
1.691369012
1.691374009
1.691355482
1.691397904
1.69139477
1.691388091
1.691388611
1.691392224
1.691381423
1.691266997
1.69035519
1.690426611
1.690428626
1.690542595
1.690642738
1.690654291
1.691056812
1.691397688
1.69139812
1.691398099
1.691398022
1.691398053
1.691312699
1.691314134
1.690404515
1.690351401
1.690335359
1.690475751
1.690472503
1.691261821
1.690466863
1.690623289
1.690690377
1.69082936
1.690794293
1.691126063
1.691397258
1.691396587
1.691395205
1.691394081
1.690530895
1.690509324
1.690343725
1.690690645
1.69085505
1.691003512
1.691178334
1.691091639
1.690971403
1.69115057
1.691296305
1.691320877
1.691346491
1.691353941
1.691367234
1.691324867
1.691397882
1.691397661
1.691391465
1.691377972
1.691386895
1.691380224
1.689818394
1.689732589
1.689992356
1.68981877
1.690150865
1.690154969
1.691398095
1.691398045
1.691397956
1.691235135
1.691243628
1.689765228
1.689703895
1.689672964
1.689886778
1.689874183
1.689867257
1.690105502
1.690346254
1.690067769
1.69037685
1.690344709
1.690911649
1.69139719
1.691396369
1.691394748
1.691392394
1.691390217
1.690559611
1.690207455
1.689952822
1.689919501
1.689658697
1.690462847
1.690693131
1.691102976
1.691008877
1.690871269
1.690709399
1.690913345
1.691204537
1.691255027
1.691272358
1.691319166
1.691305244
1.691342278
1.691359517
1.691397655
1.691385267
1.691366176
1.691377105
1.689135426
1.688998957
1.688755669
1.689391681
1.688891629
1.689385343
1.691398039
1.691397859
1.691133189
1.688812713
1.688721851
1.688678231
1.68899697
1.688951103
1.688912145
1.689194308
1.689266317
1.68958765
1.689612014
1.689618517
1.691396217
1.69139713
1.691391352
1.691393998
1.691387235
1.691383443
1.690071364
1.689450962
1.689833323
1.689067837
1.689024168
1.688629587
1.690144235
1.690249961
1.690881519
1.690947304
1.690704325
1.690508206
1.690418618
1.691146529
1.691058598
1.691178459
1.691235285
1.691258245
1.691299061
1.691328691
1.691341689
1.691397515
1.691374464
1.691360346
1.687807169
1.688025225
1.688280283
1.687632332
1.687305872
1.688224411
1.687529135
1.691397911
1.687407301
1.687284354
1.687282832
1.687658005
1.68755189
1.687422311
1.687884358
1.687947735
1.688423004
1.688438605
1.688531327
1.691395025
1.691396422
1.69138545
1.691390231
1.691392249
1.691378201
1.691371553
1.689140506
1.686844153
1.688869741
1.688309791
1.689337857
1.687788202
1.687679868
1.687105634
1.6894999
1.68988873
1.690638406
1.690551696
1.690822283
1.690218153
1.690286204
1.68953723
1.690965557
1.691020298
1.691117936
1.691155874
1.691226018
1.691276576
1.691297143
1.691332079
1.691396975
1.691397596
1.691355154
1.686493159
1.686021689
1.686184147
1.686504511
1.68567469
1.685256465
1.685600426
1.68539613
1.685510987
1.685187545
1.685701382
1.685481289
1.685242327
1.685907597
1.685979698
1.68664571
1.68669705
1.691394653
1.6913959
1.691375235
1.691383557
1.691387199
1.691391627
1.691362741
1.691353072
1.687670285
1.684412809
1.684188908
1.691330178
1.688135035
1.687408561
1.686767419
1.68836583
1.685849049
1.685739583
1.684906394
1.688941972
1.689443579
1.690442588
1.69014422
1.689986471
1.690674348
1.689603113
1.688044613
1.69075671
1.690927773
1.690981907
1.691103272
1.691189603
1.691222605
1.691277525
1.69131647
1.691396952
1.683996768
1.684083744
1.683436338
1.683619782
1.682988473
1.682417587
1.682947847
1.68316799
1.682282813
1.682701516
1.682206798
1.68289371
1.68247309
1.682080819
1.683194519
1.682930917
1.684071638
1.691393426
1.691395625
1.691357723
1.691372089
1.691378641
1.691386895
1.691336514
1.691319767
1.685501649
1.681081525
1.680778014
1.680529121
1.691282265
1.686465499
1.686702251
1.685391178
1.685435594
1.684332951
1.687534576
1.68312606
1.683019154
1.681814178
1.688264686
1.688529756
1.690215388
1.689842192
1.689348913
1.689122417
1.690390154
1.685691571
1.690682579
1.690885806
1.691044535
1.691102912
1.691192071
1.691255459
1.69139574
1.680555966
1.680903325
1.679738887
1.68017971
1.679369202
1.678564117
1.679019259
1.678612824
1.679422605
1.67883049
1.678166988
1.678977702
1.678402214
1.678915666
1.679053698
1.691390367
1.691352506
1.691327829
1.691365031
1.691379704
1.691290856
1.691263813
1.682488121
1.676731579
1.676324267
1.675966192
1.674085883
1.691201866
1.684315769
1.683885484
1.685506109
1.682419515
1.682680607
1.68103916
1.686553513
1.679506018
1.679297868
1.677628555
1.686885134
1.687844609
1.68950269
1.689783063
1.68890929
1.688119286
1.690228033
1.682235159
1.690573543
1.690809894
1.690911159
1.691054279
1.691156401
1.691392774
1.676639837
1.675341885
1.675701189
1.674650768
1.673469895
1.674230453
1.673654204
1.674510387
1.673753248
1.672899369
1.673908316
1.673960007
1.67381235
1.691383162
1.691319163
1.691340694
1.691276616
1.691365283
1.691213304
1.691173108
1.678858897
1.670965259
1.67304957
1.670336416
1.668004418
1.667532754
1.691071256
1.682658304
1.680941472
1.680476891
1.684128646
1.67848015
1.678887906
1.676737103
1.684785172
1.674826337
1.674522942
1.673017587
1.686250199
1.688409223
1.688868583
1.689549894
1.687401856
1.690089024
1.677566679
1.690458284
1.690610986
1.69083787
1.691001315
1.69138699
1.671230149
1.669733843
1.670124593
1.668711666
1.667187644
1.668485446
1.667050596
1.668365484
1.667431232
1.666399665
1.667897556
1.667688681
1.691369279
1.691300021
1.691262911
1.691340555
1.691184771
1.691067951
1.665893262
1.663965892
1.668483125
1.661114185
1.660283081
1.660441954
1.690892809
1.691046438
1.678783893
1.680793148
1.676450144
1.676143753
1.681693869
1.673517253
1.673829231
1.671364442
1.683643626
1.669059339
1.668913108
1.666947895
1.685429506
1.687514689
1.686781581
1.688535697
1.689355257
1.689923209
1.671449369
1.690151656
1.69050055
1.690759289
1.691375497
1.664803779
1.663090694
1.663435064
1.661700059
1.661115732
1.659923554
1.66106028
1.659903305
1.658816875
1.66054525
1.691345852
1.691233539
1.691300041
1.691169715
1.690854713
1.659557878
1.657375063
1.65383491
1.661827303
1.65262997
1.6520636
1.652995517
1.690590833
1.690834953
1.691027239
1.676350012
1.67352728
1.677598148
1.671064207
1.680156492
1.668227621
1.667468223
1.664814621
1.682618296
1.662293292
1.662175589
1.659975501
1.684539026
1.685562405
1.687072755
1.688254224
1.689129359
1.689421142
1.664192807
1.689939014
1.690375557
1.691353707
1.657526241
1.655714973
1.656014238
1.65490915
1.653279886
1.651993953
1.652939649
1.651252564
1.650303607
1.691306917
1.691234768
1.691127815
1.690535912
1.650356544
1.652702046
1.64665319
1.645271803
1.654779141
1.644458609
1.644017366
1.690129874
1.690810843
1.690510819
1.690963994
1.67077888
1.672406768
1.667866092
1.675596643
1.664504989
1.678811611
1.661399236
1.660389552
1.657117876
1.681438694
1.654495394
1.655043248
1.652120386
1.68281907
1.684999372
1.686811164
1.688151686
1.688892117
1.656146406
1.689743542
1.691313849
1.649955073
1.648117549
1.648559924
1.647118714
1.645346199
1.644096629
1.644657847
1.642555563
1.691243468
1.691132366
1.690058883
1.640102881
1.644252067
1.64528542
1.638987638
1.638088093
1.647470243
1.637410986
1.636338859
1.689455447
1.690699251
1.690480306
1.690028015
1.690974739
1.64797755
1.664447424
1.666179152
1.669993851
1.661033113
1.673802041
1.657263053
1.677346804
1.653960699
1.652484729
1.648328559
1.678878953
1.647300947
1.64496381
1.682072886
1.684617059
1.686480807
1.687546779
1.688883554
1.647845464
1.691243603
1.642789029
1.64101308
1.64135167
1.63996762
1.63830277
1.637341552
1.637855519
1.69114519
1.689370564
1.63754247
1.635180721
1.634533938
1.63945195
1.633800166
1.633228231
1.641373734
1.632605912
1.63324608
1.688480707
1.690106869
1.690411661
1.690759482
1.689395146
1.691003676
1.65732456
1.659102105
1.663448092
1.66813055
1.653655499
1.672672058
1.649791223
1.646644407
1.645292613
1.641438761
1.678403203
1.674651262
1.640479634
1.638696616
1.681631287
1.684180201
1.685693969
1.687640865
1.638357304
1.640966903
1.691125967
1.63698878
1.63538128
1.635982896
1.634464299
1.633569529
1.633015777
1.68839181
1.634139164
1.6349989
1.633518486
1.632883937
1.636393299
1.632565596
1.632752094
1.632135814
1.632423871
1.68708428
1.689914906
1.68940311
1.690437985
1.690825309
1.688418016
1.636323262
1.651257948
1.650138848
1.656152607
1.66121309
1.666054517
1.646205398
1.668931562
1.642952191
1.640306377
1.63919676
1.636413476
1.673348868
1.677617157
1.635773652
1.634769128
1.681015745
1.683122111
1.685858994
1.63662428
1.636801216
1.690923116
1.634019848
1.633089618
1.633743989
1.632784085
1.632548692
1.686989262
1.637099067
1.637071817
1.636157816
1.636710658
1.636580682
1.637710474
1.635760949
1.636880354
1.63635852
1.685057912
1.689945311
1.689199036
1.688450547
1.690509354
1.687082372
1.641458818
1.640047471
1.687126588
1.644818291
1.643493121
1.649100417
1.653868417
1.658852121
1.66210157
1.64026429
1.667141298
1.63772798
1.636021577
1.6353683
1.634657266
1.672360648
1.676766408
1.63449719
1.634690973
1.679557113
1.683250761
1.638642729
1.636862591
1.690603753
1.635500874
1.636185899
1.635403912
1.635789975
1.685211001
1.645632207
1.645635102
1.644605276
1.645830939
1.648354388
1.646224997
1.645247143
1.645696461
1.648725188
1.644314702
1.682905546
1.681464796
1.690033629
1.68924642
1.688192404
1.685228324
1.655602184
1.650797316
1.6476032
1.686764555
1.685252373
1.642191989
1.639184734
1.637967593
1.646546349
1.651318629
1.654620135
1.660002902
1.636223735
1.66594175
1.635252468
1.635186498
1.635383094
1.637506699
1.67127976
1.674415415
1.638066232
1.639942477
1.678634294
1.644489804
1.641843666
1.690106109
1.642428595
1.644275791
1.643265622
1.68261187
1.659756342
1.659136222
1.658407164
1.663481876
1.661925402
1.660446961
1.663393152
1.661335752
1.658283424
1.656367842
1.679445046
1.677260034
1.689339809
1.688262599
1.682610329
1.671025786
1.66916971
1.662941112
1.65830154
1.686765421
1.684615712
1.682626447
1.637159371
1.640101627
1.635719813
1.635403685
1.644059633
1.6471159
1.652341138
1.658590441
1.63553668
1.664699806
1.636755102
1.639398788
1.639422574
1.641990453
1.646469123
1.668312342
1.673264624
1.647297671
1.650858941
1.654485176
1.653213062
1.651062454
1.689346923
1.6549031
1.657634174
1.679003702
1.680180722
1.675917935
1.674975708
1.679196835
1.677645187
1.680586794
1.678390822
1.675450786
1.672874899
1.673558347
1.674820273
1.671952429
1.688303354
1.679011891
1.685083876
1.686269956
1.682813948
1.675935946
1.670657592
1.68448193
1.686723749
1.681682015
1.679049121
1.69174754
1.635006248
1.635796654
1.638121161
1.635769885
1.636755349
1.640184419
1.644899363
1.650554527
1.657240233
1.639385134
1.661218924
1.643697444
1.648606224
1.649875028
1.655004805
1.660587587
1.666896774
1.661577413
1.666321645
1.667778065
1.672226752
1.663353244
1.68817088
1.671024334
1.674260204
1.694902008
1.69426273
1.691184408
1.69295058
1.695193754
1.693492815
1.69104426
1.688712314
1.689076798
1.685451933
1.669004932
1.665511034
1.686815559
1.674255088
1.696252048
1.697916934
1.701232388
1.693495224
1.687224198
1.682266455
1.681596089
1.684611995
1.677792725
1.674343366
1.702152273
1.669218088
1.634782712
1.636918801
1.634694143
1.635410017
1.640392449
1.643143747
1.638063855
1.642226482
1.650142303
1.644618097
1.653578692
1.648786535
1.659616013
1.655948545
1.662994321
1.664871723
1.671271158
1.677033713
1.677974634
1.682932882
1.685010297
1.68405227
1.675747314
1.686488922
1.668333221
1.703645236
1.703264088
1.702521002
1.702833807
1.701970533
1.700517486
1.698861887
1.698520975
1.696797428
1.694382201
1.662088722
1.658057535
1.668088281
1.701613022
1.703156491
1.703905714
1.704326712
1.699483745
1.695439277
1.692334606
1.678034344
1.682557337
1.672974168
1.703420903
1.667082905
1.663197187
1.662656445
1.694572196
1.63495715
1.638403173
1.64365969
1.633993188
1.634208475
1.650761768
1.654931847
1.636306197
1.638147952
1.642630832
1.645854742
1.651816647
1.663041006
1.671835726
1.679249372
1.681060421
1.686761121
1.69110422
1.691378757
1.69255626
1.696226576
1.69054413
1.686065466
1.68378554
1.661208872
1.703495764
1.703338919
1.701663592
1.701568152
1.700367945
1.699544244
1.697872869
1.698084013
1.698245022
1.69767506
1.653988183
1.650099228
1.659345388
1.701021733
1.70054839
1.698620683
1.698604243
1.694482595
1.699665201
1.69853924
1.673253593
1.678843621
1.694543783
1.659975318
1.667287821
1.655738241
1.65517759
1.697590924
1.639458324
1.636945997
1.645576011
1.648485106
1.656756221
1.634065833
1.633376355
1.665770856
1.670507594
1.633854398
1.636476823
1.638727821
1.643990271
1.679340298
1.68709834
1.692181124
1.693521458
1.696249534
1.697418192
1.695741063
1.696474652
1.696524536
1.694857199
1.6931092
1.6799259
1.652591752
1.694862527
1.691102203
1.69197746
1.692901651
1.6877604
1.689966371
1.686742031
1.688521368
1.690695746
1.68967492
1.692211356
1.645875701
1.642406689
1.651269263
1.692637242
1.687270275
1.693824466
1.684507188
1.67956478
1.694423807
1.674146447
1.679194782
1.652146851
1.660056887
1.668082727
1.647941782
1.647597144
1.692045732
1.649585298
1.645121213
1.638675526
1.658452766
1.663201043
1.672945234
1.634580069
1.633255913
1.681847246
1.685943702
1.6330627
1.633711284
1.63719545
1.692772767
1.695965728
1.697021678
1.696913011
1.69522562
1.69310385
1.695474583
1.691207029
1.685879203
1.695934902
1.696253154
1.67464047
1.64464978
1.674011774
1.674723686
1.675626322
1.670528103
1.670842022
1.667707141
1.670550917
1.673775661
1.671368066
1.677180331
1.675669748
1.638805873
1.6359795
1.643560438
1.68058494
1.673033315
1.668593021
1.68332849
1.665107161
1.661018839
1.654910709
1.65166954
1.642941318
1.660491383
1.667803219
1.641035805
1.682488516
1.664379319
1.658927454
1.648802463
1.64090739
1.674689882
1.679711328
1.688053755
1.636835682
1.632806255
1.694000607
1.695485962
1.632776162
1.697071843
1.696970408
1.69478402
1.69002402
1.688735888
1.681042132
1.686965101
1.692403013
1.672597194
1.694220133
1.695762929
1.667919661
1.637891843
1.654861598
1.655075823
1.650215623
1.650245465
1.646027494
1.649231464
1.652540099
1.650581406
1.656031469
1.661349811
1.633857265
1.63247988
1.637347788
1.658665372
1.667485591
1.652996613
1.648642695
1.644766753
1.638157226
1.637158434
1.644778797
1.655055839
1.637524526
1.636440108
1.670548794
1.680636523
1.676187069
1.664057504
1.652916842
1.646386652
1.689877004
1.693064411
1.697158797
1.637816922
1.633056688
1.697520544
1.69617764
1.691715323
1.689276918
1.681793823
1.672933403
1.664715599
1.672399274
1.680066
1.687581329
1.65620385
1.690524542
1.692427894
1.659688942
1.633609924
1.636489856
1.631246413
1.632954923
1.627934322
1.630174022
1.632848176
1.631072811
1.635019155
1.641353378
1.648215262
1.63261053
1.633578549
1.633750921
1.646908902
1.640550199
1.636160015
1.631900221
1.626707443
1.624978839
1.62376587
1.639416306
1.647662706
1.635422422
1.634267142
1.650922132
1.692640175
1.682483469
1.669453985
1.661055645
1.648532773
1.69828107
1.698640636
1.696096922
1.638671176
1.689409414
1.68534039
1.675889589
1.671462433
1.661178015
1.655813984
1.64779404
1.664058893
1.672663747
1.681548513
1.639011599
1.685280419
1.680494393
1.686625219
1.651032588
1.633268345
1.620300486
1.619307297
1.618433059
1.619387893
1.618135909
1.619935111
1.62377629
1.629006683
1.630524868
1.636527125
1.640165453
1.63436314
1.63303507
1.628340216
1.62598266
1.622248474
1.620408187
1.618908307
1.617502328
1.641623961
1.636819742
1.636694446
1.637645702
1.639223067
1.700088009
1.695799911
1.686684858
1.678313627
1.664102997
1.650164662
1.697665809
1.693170443
1.682648039
1.670831101
1.666575569
1.653826122
1.649490414
1.649207799
1.641642647
1.63496993
1.656743878
1.665539698
1.67492649
1.63059484
1.668612776
1.674085312
1.679937312
1.643294257
1.638927919
1.616279599
1.615369584
1.614781456
1.614219668
1.613749806
1.614408434
1.616381575
1.616942527
1.621800657
1.646917748
1.652398308
1.641184053
1.627284807
1.62474381
1.624703412
1.622263595
1.622606331
1.621476217
1.638146023
1.638122342
1.644261292
1.644421002
1.62955287
1.643195531
1.696847943
1.701301717
1.698669307
1.693634945
1.681217334
1.666215648
1.686208076
1.676116253
1.657403804
1.646437915
1.634335519
1.643942186
1.639369986
1.634472241
1.632266037
1.650946296
1.659243136
1.631169057
1.654203173
1.6626955
1.668257073
1.673242469
1.638310183
1.653854839
1.619860209
1.618605548
1.619202754
1.616967223
1.614750804
1.613339221
1.612967593
1.613245287
1.616553686
1.665705807
1.652884318
1.631181899
1.633364932
1.6313143
1.633693089
1.633235314
1.631201327
1.638093113
1.656185869
1.655031972
1.619524795
1.641738073
1.652250742
1.683485331
1.696327173
1.702111138
1.702340021
1.695638127
1.682059843
1.66732773
1.655197239
1.63587801
1.627367362
1.63742565
1.641270958
1.636943299
1.638245297
1.638051637
1.647052896
1.640555779
1.650757882
1.645194153
1.658719204
1.66356733
1.667544144
1.637465157
1.670809454
1.629754638
1.631613535
1.627914555
1.62341107
1.618840496
1.616806018
1.613534998
1.613715509
1.683061221
1.667870594
1.645191085
1.643968033
1.648240004
1.648896883
1.647804885
1.644399911
1.670494136
1.6678688
1.616404122
1.647417188
1.662649022
1.681836055
1.664173609
1.695219507
1.701081041
1.703286199
1.696264734
1.646415926
1.635325207
1.621065952
1.639217245
1.641144862
1.644151908
1.646552689
1.643889736
1.650999854
1.657343779
1.648046652
1.644963897
1.652000007
1.642876572
1.656271861
1.660509335
1.663600509
1.642323005
1.686581109
1.650322192
1.644270412
1.638351667
1.632386164
1.628780303
1.620013912
1.617307428
1.614793757
1.696505188
1.683099233
1.658142756
1.663736344
1.665496253
1.665270012
1.66258722
1.684642305
1.678859126
1.615068879
1.657054945
1.673863677
1.683288025
1.663754219
1.644117052
1.701773238
1.692336472
1.703344087
1.628665566
1.621246663
1.642751332
1.655404622
1.651329972
1.661058071
1.650023515
1.668348407
1.670610769
1.649305405
1.647467045
1.646605358
1.651610722
1.647700955
1.654988348
1.658769125
1.662279957
1.658832438
1.651426973
1.698151352
1.663233905
1.673682554
1.656544499
1.649921819
1.645721884
1.633343746
1.628555793
1.621878162
1.618267636
1.703161497
1.695603788
1.678086176
1.680631173
1.681560235
1.680323214
1.697801636
1.691361281
1.68869295
1.615828331
1.668119404
1.684056146
1.676173484
1.662939635
1.643994894
1.627885511
1.701863545
1.691836604
1.618114196
1.663354263
1.669707788
1.658640654
1.677349463
1.656842741
1.68139828
1.685187741
1.652513516
1.651790598
1.652164215
1.654032147
1.653266385
1.655769001
1.660372172
1.663169743
1.658103395
1.663318886
1.702849459
1.675242553
1.682396763
1.691777334
1.668740329
1.664412553
1.65095968
1.644921187
1.635492054
1.629995231
1.621568206
1.701541482
1.701925899
1.691911133
1.693201699
1.695035563
1.69510757
1.697809724
1.70054854
1.695286255
1.617660416
1.678754212
1.691527048
1.657439924
1.675597034
1.644128445
1.628925871
1.61948659
1.692146966
1.618427239
1.670703955
1.676905839
1.684302579
1.666691179
1.689241436
1.664875764
1.693523659
1.699149087
1.657192075
1.65754883
1.658840542
1.661357803
1.656539908
1.663179833
1.661519893
1.665826736
1.660825254
1.675754947
1.699120771
1.69218317
1.68641875
1.6977736
1.704536041
1.682567048
1.670005637
1.663857684
1.652629885
1.646223292
1.635121732
1.625726482
1.692320893
1.69811309
1.702621463
1.704795652
1.705886334
1.698773215
1.697130845
1.697357456
1.687221851
1.695542216
1.693080113
1.657763276
1.640808795
1.676907616
1.63010644
1.6211033
1.619302967
1.627600066
1.678300823
1.682982618
1.68952887
1.694242091
1.676368102
1.698569986
1.672939727
1.70358328
1.707303963
1.664074392
1.662408222
1.66626235
1.669176631
1.666536419
1.665378713
1.66544879
1.669308512
1.66779218
1.686542876
1.689001451
1.701011617
1.705309946
1.698764027
1.709092703
1.71267593
1.690826224
1.683215231
1.679981946
1.669516676
1.66386863
1.652019325
1.639608377
1.678452578
1.688872009
1.710428455
1.712441356
1.694934576
1.689254922
1.695228228
1.695634951
1.695490445
1.642283885
1.66019546
1.629181635
1.622913524
1.620992863
1.626606046
1.641680421
1.688707553
1.686674961
1.693819941
1.697670442
1.701405138
1.684299555
1.705666347
1.680678004
1.709210948
1.712524156
1.673546516
1.669374768
1.676890361
1.669032404
1.669726808
1.669732128
1.672554148
1.672596576
1.674691481
1.693351215
1.675678742
1.711352421
1.710008874
1.714080275
1.70500763
1.71607414
1.716701127
1.698776206
1.695215916
1.686474455
1.680785695
1.669382959
1.656169014
1.663216034
1.677086487
1.715133578
1.687553043
1.678764066
1.68937938
1.690366359
1.693431444
1.695798139
1.644938858
1.630995729
1.624278688
1.623134538
1.627915413
1.639424969
1.65782759
1.697813141
1.694385232
1.693308284
1.700414505
1.70320101
1.706322642
1.691129725
1.709475525
1.687915597
1.712462177
1.715112794
1.677133238
1.682340781
1.684368198
1.672031779
1.673133197
1.672271332
1.676084758
1.678899583
1.674222946
1.67527306
1.682156855
1.696427687
1.662416262
1.717278197
1.716608176
1.713834155
1.718465765
1.70961647
1.718527064
1.717210073
1.706827195
1.700041194
1.695291889
1.6851697
1.672769742
1.651588625
1.664956162
1.677521056
1.667783833
1.680296782
1.683910226
1.688600851
1.693375748
1.639187272
1.631977559
1.626396934
1.626459772
1.629589587
1.63987704
1.655495811
1.673377917
1.702996599
1.701498652
1.699122106
1.698589265
1.704684599
1.706784659
1.708830977
1.696872736
1.711379391
1.694003284
1.713689514
1.715720075
1.686973734
1.690812959
1.675431624
1.674220062
1.678213826
1.681362434
1.685079369
1.67581495
1.6760642
1.677329523
1.689870028
1.695561381
1.651107046
1.719187675
1.719285145
1.718153684
1.715973794
1.718805963
1.714065847
1.717429663
1.709359018
1.70573879
1.697733219
1.687076853
1.641902001
1.654300435
1.667662528
1.657988178
1.671759334
1.676551709
1.682315691
1.689003412
1.683997524
1.632667992
1.628672823
1.62859931
1.633560794
1.640093894
1.654393911
1.67117058
1.686410902
1.70619275
1.705441841
1.704690466
1.702913126
1.702570057
1.707488167
1.708556447
1.709813401
1.700923781
1.712178924
1.710824429
1.698037314
1.713642381
1.715126805
1.694176561
1.679236543
1.676842419
1.68229209
1.686091471
1.690358073
1.677552749
1.677981344
1.678239857
1.679641024
1.695246677
1.691640678
1.642590565
1.718765575
1.7189555
1.718415038
1.718326338
1.717182587
1.716710384
1.714529737
1.712110829
1.706441871
1.698083711
1.635785203
1.646142382
1.659122497
1.649937857
1.663824653
1.669267273
1.675512996
1.678951942
1.631024439
1.630560124
1.634900167
1.643331449
1.652015071
1.668261391
1.683755303
1.696249585
1.708184669
1.707456059
1.707198942
1.706369188
1.705672327
1.704755917
1.708758011
1.709447222
1.710063991
1.702788553
1.711805944
1.710847377
1.699530585
1.712859658
1.714178874
1.679826391
1.68230824
1.685711608
1.689261872
1.693750465
1.680773183
1.679491406
1.680878529
1.681260628
1.683471572
1.698650545
1.685297816
1.637580877
1.716602138
1.717486502
1.717889449
1.71607821
1.717292147
1.715677805
1.711677921
1.705462101
1.633645251
1.640004827
1.65216227
1.644182763
1.657029694
1.662533742
1.668331036
1.672448438
1.633431218
1.635769438
1.643300629
1.6536673
1.663234048
1.679498859
1.692616922
1.702566033
1.708473291
1.708871092
1.708085516
1.707610708
1.707097577
1.70625284
1.704783154
1.70929613
1.709643953
1.710089112
1.702366073
1.71122263
1.710604372
1.712094517
1.713563272
1.682283861
1.684837386
1.687647366
1.691236998
1.6949504
1.685106767
1.682609951
1.683281334
1.685549722
1.690615964
1.697302043
1.700396626
1.678191996
1.634826058
1.714021071
1.714919502
1.715910785
1.715822965
1.715434272
1.713534136
1.709393998
1.637631367
1.647178923
1.64127396
1.651734568
1.656758299
1.662297257
1.66631801
1.637370795
1.642742916
1.652390932
1.663491804
1.673192043
1.687605055
1.698232948
1.705876488
1.708342958
1.707771828
1.708849085
1.707519473
1.706315659
1.705922865
1.704719867
1.702876719
1.709093222
1.70953105
1.709925799
1.710286216
1.710716009
1.711385724
1.711981595
1.684313418
1.686378673
1.689033614
1.692051348
1.694092333
1.686274211
1.690615964
1.690615964
1.686425057
1.685205764
1.696900903
1.699501908
1.671268142
1.637435912
1.712381537
1.713542672
1.713774859
1.713910872
1.713100137
1.710674552
1.638468299
1.644345674
1.640789489
1.648138278
1.652380763
1.657477535
1.661444455
1.643274678
1.650667237
1.661649059
1.67193666
1.681527268
1.693164067
1.701505479
1.707207488
1.707529479
1.706638193
1.705678124
1.707782162
1.705383631
1.703453476
1.703077488
1.701575529
1.708620949
1.709183408
1.709672217
1.710010269
1.710360751
1.710731394
1.710959802
1.686362629
1.68774209
1.689697356
1.691200543
1.693323461
1.690615964
1.690615964
1.687526558
1.695512216
1.697559891
1.66557661
1.641721384
1.711804168
1.712025453
1.71228107
1.711932761
1.71045689
1.641202734
1.643563086
1.642223417
1.646001627
1.649800229
1.654415018
1.65839767
1.6499916
1.659346556
1.671703258
1.681020192
1.689386421
1.697318301
1.703402032
1.707597809
1.705296859
1.704925863
1.703361492
1.702128109
1.706618016
1.701837145
1.699529184
1.699155245
1.70769867
1.707865724
1.708772788
1.709345662
1.709762263
1.710072836
1.710230595
1.71076736
1.688441162
1.687943259
1.688662066
1.689490497
1.690680177
1.692111315
1.690615964
1.693625628
1.695056705
1.661834146
1.64711473
1.710922142
1.71110138
1.710960815
1.709891705
1.645389278
1.644565844
1.646547542
1.649539298
1.653293321
1.657037066
1.656857678
1.66654872
1.678740964
1.686393603
1.693823612
1.700002645
1.704729977
1.707968064
1.701677203
1.703416788
1.700961993
1.698511382
1.697978746
1.705010912
1.696855768
1.695167429
1.705471065
1.706833453
1.708024968
1.708853333
1.709391192
1.709600884
1.710152341
1.710293015
1.689120484
1.690615964
1.689502958
1.68956905
1.690097738
1.690674537
1.691714579
1.691724557
1.660836882
1.657800657
1.653207048
1.710441532
1.710353656
1.70978419
1.650154429
1.649084092
1.649674687
1.651459233
1.654241622
1.663840183
1.673306858
1.684556226
1.691086846
1.697310939
1.702183775
1.705661122
1.70893565
1.707736711
1.699343544
1.697401335
1.701286336
1.696702717
1.694084734
1.69374095
1.701907224
1.692704434
1.70374122
1.705528012
1.707009322
1.708021616
1.708405762
1.709376294
1.709608349
1.709936944
1.690615964
1.690615964
1.689853825
1.689720081
1.689902813
1.689798103
1.690100705
1.662266577
1.659520969
1.656618898
1.660002233
1.710011522
1.709728802
1.656839367
1.654925961
1.6544037
1.655005428
1.671096068
1.679975093
1.690220014
1.695557064
1.700609497
1.704393335
1.706967262
1.709226519
1.708514573
1.696958437
1.695002983
1.693252164
1.697736456
1.692715729
1.690693393
1.690593259
1.69969755
1.701866776
1.703857311
1.705520898
1.705975144
1.707411792
1.708208319
1.709048284
1.708263352
1.709476664
1.690615964
1.690615964
1.689793266
1.689570647
1.689275274
1.68908001
1.665259323
1.662818899
1.660799105
1.659925331
1.667616552
1.709578009
1.664090296
1.66172152
1.660257731
1.678815764
1.687126589
1.695621001
1.69979026
1.70372117
1.706465479
1.708099358
1.709085795
1.708803971
1.693468039
1.692856524
1.691226341
1.690077942
1.695546968
1.689820697
1.688953291
1.697401742
1.699498093
1.70180465
1.702448715
1.704235316
1.705634324
1.705967526
1.707131422
1.708191145
1.708862781
1.690615964
1.689448396
1.689097935
1.666552171
1.668943872
1.665217872
1.6656616
1.666824409
1.674501401
1.671642493
1.668903963
1.669266788
1.683540014
1.689090299
1.695272274
1.700829275
1.703487358
1.706210734
1.707761164
1.708304475
1.707991539
1.708155462
1.69165909
1.690251955
1.689843039
1.688896882
1.688590019
1.693321141
1.688687646
1.694394417
1.697237806
1.6982027
1.700201787
1.702017518
1.702495422
1.704125153
1.705738723
1.707097838
1.690615964
1.690615964
1.689114297
1.669893051
1.672304998
1.670551073
1.672743151
1.675640318
1.681798575
1.678956635
1.672523828
1.674375634
1.690372715
1.695322304
1.700464175
1.704235867
1.706028082
1.707464646
1.707680457
1.707258674
1.70563134
1.706080096
1.689235444
1.690224412
1.68873722
1.688610496
1.688807554
1.690820025
1.693210647
1.694018551
1.695879337
1.697785368
1.698302421
1.700166049
1.702182658
1.704085471
1.690615964
1.690615964
1.672596962
1.673519778
1.67500722
1.677320529
1.681017601
1.685099922
1.68845027
1.676915226
1.674895911
1.680132378
1.695715532
1.699849389
1.703629787
1.705862838
1.706866031
1.706550244
1.706003744
1.704548756
1.702695154
1.702063981
1.688831467
1.688773988
1.689008646
1.689120724
1.689160042
1.690254636
1.690750818
1.692062402
1.693644222
1.694203807
1.695853815
1.697893599
1.700055408
1.690615964
1.674814708
1.67614235
1.677204137
1.684646292
1.689340864
1.693275485
1.678367019
1.681431812
1.676472593
1.685674635
1.699015493
1.702322038
1.704610884
1.705420253
1.705631475
1.703680576
1.702758897
1.700721512
1.698540762
1.697738172
1.689083235
1.689291979
1.690615964
1.688926474
1.689059775
1.689570496
1.690509417
1.690819493
1.692211604
1.693605284
1.695406508
1.677531442
1.678147277
1.679612131
1.691630821
1.695883551
1.67909604
1.681737199
1.685413373
1.689646662
1.68355401
1.7002379
1.702582222
1.703468597
1.703105704
1.702733702
1.699742081
1.698657372
1.696458217
1.69437016
1.693426408
1.690615964
1.690615964
1.689287301
1.689242373
1.688945913
1.689026134
1.689095875
1.68961026
1.690532712
1.69119466
1.680081063
1.679671469
1.681243022
1.696942766
1.693499896
1.681785206
1.684848505
1.688881944
1.686211336
1.690615964
1.699290284
1.700804611
1.700583962
1.699473077
1.698741782
1.695619664
1.694564516
1.692671707
1.69106798
1.690492175
1.690615964
1.690615964
1.6893813
1.689275328
1.688957741
1.689036144
1.689210216
1.682426489
1.682564936
1.682429655
1.685423447
1.695740971
1.691770806
1.684267913
1.687409387
1.690615964
1.686082568
1.696674565
1.697622723
1.696580341
1.6953885
1.694624689
1.692158932
1.691352116
1.690073466
1.689272962
1.689178805
1.690615964
1.690615964
1.689380977
1.689179916
1.684426899
1.68482835
1.686156604
1.690615964
1.693161752
1.68967539
1.686501222
1.693557895
1.69402501
1.692549924
1.692057072
1.690950234
1.689966518
1.689654295
1.689287566
1.689329058
1.689505838
1.690615964
1.690615964
1.687437481
1.686629454
1.6866113
1.690615964
1.690618038
1.688094836
1.69084027
1.691249076
1.690291418
1.690111439
1.689682132
1.689718977
1.689686882
1.690615964
1.690615964
1.690615964
1.68818306
1.68769235
1.688956633
1.68932708
1.689825394
1.689751591
1.689897508
1.690615964
1.690615964
1.690615964
1.688892634
1.688690628
1.689412756
1.689657822
1.690615964
1.690615964
1.690615964
1.690615964
