1.68921852
1.68921852
1.68921852
1.687940734
1.68921852
1.688402674
1.68921852
1.686184338
1.685338381
1.682798842
1.684593335
1.68738699
1.68921852
1.687767919
1.681125113
1.681552269
1.681146131
1.68921852
1.68921852
1.68921852
1.682815429
1.680160004
1.684218835
1.686708552
1.68051797
1.680436383
1.6823648
1.682076356
1.684212066
1.687507796
1.688455902
1.68921852
1.680718275
1.679929055
1.681905777
1.683188702
1.683562772
1.682613555
1.682048427
1.685338366
1.685759186
1.684643262
1.68921852
1.687241599
1.68921852
1.68921852
1.680019769
1.681212871
1.680268628
1.680892477
1.685796504
1.686169478
1.685434008
1.684292542
1.686214465
1.686084935
1.682177891
1.686663939
1.682299658
1.687472238
1.687955605
1.68921852
1.68921852
1.68921852
1.68921852
1.681473937
1.6805658
1.680164025
1.686596551
1.688053194
1.687524661
1.687629543
1.685429835
1.684509247
1.684683861
1.68921852
1.680301916
1.683366364
1.680868605
1.684222833
1.686899013
1.687866253
1.687517865
1.683537851
1.68226331
1.681420621
1.685335829
1.683411296
1.686754102
1.688755279
1.687997861
1.688202181
1.688206957
1.686866566
1.682312469
1.682863824
1.682946173
1.68778743
1.68921852
1.680671683
1.680614541
1.68175873
1.683029965
1.683658558
1.684219588
1.685675762
1.68469538
1.68329828
1.682325385
1.684242603
1.685198791
1.686537033
1.685848592
1.686713626
1.688145548
1.687869261
1.681571784
1.682768492
1.683175212
1.683846631
1.68921852
1.686113538
1.688105127
1.68921852
1.68921852
1.681273204
1.68053869
1.68049546
1.680614984
1.680844836
1.682213877
1.687702827
1.686905082
1.684526015
1.687647863
1.681802661
1.682627589
1.683011626
1.683594418
1.684971739
1.687361814
1.688115671
1.682437141
1.681147887
1.684392104
1.684703412
1.685085189
1.68921852
1.686582146
1.68753445
1.687667265
1.68160908
1.682841904
1.681830761
1.68103181
1.680199218
1.679870548
1.688791016
1.68851331
1.686250976
1.688243055
1.680806372
1.680811088
1.681130501
1.682260514
1.685165796
1.68684664
1.682772998
1.681838285
1.685926509
1.685090383
1.686410408
1.685273078
1.685401091
1.684971351
1.683510445
1.684304589
1.680002301
1.680819526
1.685211874
1.684279909
1.682898434
1.681077382
1.687396916
1.687639519
1.687958588
1.688081208
1.681302377
1.680955792
1.680997103
1.682132653
1.683592067
1.684431025
1.684492462
1.68405465
1.685411229
1.686241088
1.687041805
1.686791263
1.684342457
1.684405859
1.684052795
1.681505608
1.681549496
1.681722476
1.681001341
1.681355075
1.687895251
1.687044656
1.685149636
1.684768013
1.685011958
1.686182595
1.688502364
1.683432152
1.682450007
1.681571132
1.683432304
1.681778185
1.682018827
1.682159995
1.687133554
1.686890125
1.684857267
1.686136712
1.687951629
1.683593197
1.683509363
1.68384821
1.683449932
1.683521439
1.682332538
1.683465664
1.682984495
1.689217776
1.688825202
1.687608857
1.686120148
1.683017634
1.685538934
1.687584509
1.686026317
1.686179577
1.68245637
1.684884971
1.681886025
1.681305972
1.681044913
1.68872532
1.688843176
1.684299128
1.686156212
1.687755456
1.684113242
1.685093382
1.684405214
1.683809032
1.683516839
1.685269494
1.685337229
1.688599561
1.688436411
1.68744145
1.686417181
1.682266399
1.680965677
1.684132475
1.685701599
1.688438757
1.687609191
1.684007681
1.686445968
1.683323841
1.682114215
1.682268089
1.688762583
1.689083008
1.684053555
1.684198967
1.685567458
1.686874808
1.687064601
1.686004071
1.688960285
1.686744968
1.688980518
1.686363519
1.685414658
1.686100176
1.686530625
1.686498687
1.686021315
1.681492719
1.681322353
1.682522497
1.683511403
1.6888555
1.688326129
1.686872885
1.685907046
1.68506964
1.683720656
1.688281269
1.687789915
1.686220383
1.685609109
1.684418961
1.685283446
1.686166978
1.691259107
1.68780709
1.690484934
1.690086238
1.689508405
1.689311374
1.684362313
1.684156768
1.684316412
1.681151248
1.682237517
1.681450108
1.682231185
1.688600094
1.688738152
1.688653491
1.688156514
1.686793677
1.684667475
1.687512959
1.686862379
1.688893258
1.68795638
1.685748644
1.6861513
1.686492504
1.692608956
1.692667092
1.689323501
1.691802575
1.692749343
1.6928339
1.692501916
1.682873697
1.682825674
1.682126948
1.681970247
1.682455759
1.684929379
1.688390254
1.687186465
1.689012207
1.68921523
1.688638437
1.68716351
1.686663887
1.686757043
1.691394892
1.688874831
1.688424854
1.688082251
1.693331277
1.693515551
1.693599449
1.6939963
1.691456599
1.693036007
1.694349799
1.694557183
1.694799363
1.694286716
1.683698287
1.68321461
1.683816234
1.683747767
1.684258783
1.686894468
1.685891435
1.687705458
1.68649566
1.688054832
1.688101527
1.687851081
1.687046417
1.687762972
1.686909045
1.692692027
1.691738588
1.691195117
1.690469156
1.694160119
1.693965277
1.69373371
1.693352135
1.694235399
1.694112391
1.695721652
1.694789014
1.695038801
1.694663831
1.694430211
1.685376011
1.685434161
1.685546584
1.686739323
1.686305687
1.686207931
1.685919934
1.68599981
1.686293346
1.686099849
1.68580291
1.689100457
1.68702178
1.694175383
1.693880963
1.693420652
1.692255572
1.695174891
1.694062393
1.693159392
1.693098649
1.693317737
1.696668635
1.696976468
1.696125246
1.693678441
1.6930444
1.694515087
1.69325491
1.685932522
1.686039705
1.68592794
1.685495395
1.684890099
1.684452874
1.684502745
1.685036905
1.684766564
1.689996591
1.686779782
1.694684652
1.694878695
1.694614776
1.693250657
1.695639641
1.693964539
1.69248411
1.692262421
1.697649453
1.697407677
1.697852171
1.6971209
1.692030713
1.691816314
1.693498279
1.692041888
1.68492035
1.684526741
1.684976519
1.684228667
1.684061226
1.684167719
1.690210175
1.693233864
1.687788798
1.693978856
1.694653993
1.694838412
1.695913917
1.693695175
1.692514958
1.69188571
1.697814028
1.698380646
1.6978067
1.698558809
1.697399389
1.691410927
1.691086184
1.691642396
1.683834826
1.683970892
1.686131374
1.685024161
1.684335244
1.694268828
1.691259066
1.693562676
1.689402893
1.692503821
1.693378232
1.693694131
1.69575516
1.697382167
1.694134925
1.692399074
1.693118785
1.697752347
1.698241176
1.698668604
1.69861001
1.697703438
1.697765287
1.691638676
1.690883417
1.690830615
1.684364194
1.684709833
1.687704469
1.686035792
1.686304576
1.693789923
1.692389408
1.693577765
1.690933349
1.691139761
1.691583552
1.6921747
1.697726319
1.695933819
1.696854562
1.694915699
1.69351282
1.69428551
1.697800696
1.698025388
1.698060103
1.697529932
1.698447065
1.698060644
1.697624323
1.692110581
1.694233973
1.691178549
1.690512418
1.686203325
1.687962407
1.68888306
1.692969933
1.693171704
1.6916714
1.690128468
1.690241419
1.691199032
1.696705424
1.696178686
1.696085212
1.695784937
1.695605025
1.695847603
1.697399251
1.697110791
1.696509856
1.695725412
1.699539226
1.698649996
1.69948205
1.697886102
1.69724793
1.693124174
1.695259446
1.691912205
1.690683535
1.687956241
1.689948373
1.69256794
1.692566088
1.691383279
1.689795181
1.689907843
1.691303429
1.695237459
1.695720285
1.696023825
1.696354971
1.696494918
1.696598719
1.695755912
1.694744551
1.694037751
1.700508184
1.70036243
1.698606693
1.699624484
1.697767916
1.69688758
1.694289077
1.695994814
1.693032379
1.6914757
1.689403001
1.692315859
1.69191672
1.690488098
1.690736374
1.691480669
1.692026226
1.694294536
1.694853397
1.695519395
1.696584006
1.696209948
1.695856537
1.694704303
1.693530524
1.693176119
1.700909075
1.700524287
1.699329965
1.70056075
1.698845501
1.699962129
1.698014035
1.696942307
1.695733554
1.694245524
1.692974248
1.690913645
1.692520578
1.692669673
1.692369309
1.69302126
1.693244466
1.696362261
1.693379032
1.693976715
1.694880893
1.695877811
1.695926447
1.694831095
1.69317385
1.694230368
1.692866206
1.697627232
1.69895903
1.699840068
1.700766359
1.700430463
1.700579079
1.699656342
1.698510362
1.698077196
1.695816985
1.69501937
1.694495622
1.692992342
1.694366992
1.694108594
1.694322566
1.695744101
1.695961222
1.693021774
1.693665192
1.694657929
1.695005809
1.697096701
1.696552508
1.693931631
1.695842997
1.693781126
1.697967449
1.696012568
1.699501193
1.700478259
1.700740517
1.699719601
1.700541686
1.698389307
1.698839324
1.699578911
1.695683651
1.69540413
1.695315707
1.694877786
1.695236742
1.695340473
1.695537157
1.695507319
1.695485819
1.693693312
1.695047555
1.695373701
1.695073686
1.694180348
1.696387045
1.698435542
1.698317842
1.697456485
1.695958344
1.696176401
1.69880153
1.697895092
1.696817558
1.694613866
1.699335938
1.700086744
1.700603245
1.700824281
1.7004815
1.698281677
1.696784023
1.699475782
1.699897066
1.700235223
1.69529918
1.695322358
1.695767361
1.695713403
1.695522392
1.695207422
1.695029889
1.69536517
1.69589006
1.695753569
1.696213921
1.695576839
1.698233133
1.699702444
1.699584942
1.698703781
1.699569705
1.697864731
1.698584848
1.699534915
1.695422772
1.693385097
1.699724948
1.700363912
1.700740268
1.7006993
1.700830353
1.700633678
1.697394698
1.698767352
1.696121329
1.699506843
1.700044059
1.700305385
1.700269356
1.700539232
1.694819552
1.695746242
1.695319536
1.694932277
1.695049763
1.695772624
1.697091378
1.69802256
1.697577278
1.699374179
1.700719014
1.700458761
1.700950661
1.700569294
1.700370742
1.700092433
1.699093087
1.699748832
1.700163021
1.69926554
1.699773924
1.700373671
1.700803258
1.701188294
1.694602926
1.696110548
1.693209054
1.69233406
1.700155407
1.70062911
1.700806287
1.70081295
1.700728882
1.699984913
1.698100049
1.699269284
1.697642433
1.700218864
1.700302893
1.700404927
1.700565907
1.694932286
1.695995996
1.695453295
1.695743145
1.69638295
1.69749014
1.698992906
1.701248524
1.699837865
1.701306293
1.701599782
1.701076752
1.701327961
1.701302594
1.700407117
1.700265999
1.699916409
1.700487351
1.70050939
1.700342989
1.700100976
1.700364186
1.70071584
1.701503951
1.701063503
1.701358278
1.697059243
1.694219646
1.695640027
1.691390127
1.69260063
1.692934546
1.700526882
1.700764427
1.700797302
1.700701998
1.700429796
1.699742566
1.698906852
1.698562344
1.698155604
1.700212505
1.700229632
1.700341196
1.700429123
1.70058143
1.701850996
1.696086356
1.697015107
1.697030316
1.697344249
1.698295709
1.699378097
1.701894951
1.700857229
1.700885057
1.702012881
1.701913198
1.70175038
1.70158861
1.700348638
1.700245457
1.700374774
1.700453778
1.700622109
1.700585002
1.70051493
1.700739451
1.700950005
1.701701765
1.701559487
1.701169768
1.701280213
1.701430708
1.69645014
1.695001655
1.693886304
1.690544171
1.691708749
1.689781126
1.6922388
1.697785236
1.700723236
1.700768472
1.700707532
1.700659127
1.700266802
1.699531613
1.699086671
1.700154272
1.700267067
1.700621058
1.700498531
1.700542024
1.700491754
1.700674037
1.702231118
1.702165877
1.69828002
1.698326438
1.699138946
1.700091939
1.702288771
1.701462444
1.701962471
1.702071618
1.701965438
1.701834187
1.700240081
1.700126658
1.700630661
1.700366181
1.700585107
1.70070651
1.70071143
1.700752619
1.700891525
1.700944633
1.701000391
1.701273203
1.701183858
1.701063154
1.701807263
1.701692844
1.701571188
1.701333044
1.701487322
1.701616525
1.694405981
1.695619834
1.696637089
1.693038482
1.690908243
1.689929863
1.689099746
1.691428351
1.698856408
1.698167823
1.697152587
1.700756925
1.700738228
1.700739512
1.700552223
1.700156995
1.699712321
1.699542287
1.700665358
1.700202251
1.700426485
1.70066602
1.700799574
1.700683974
1.700691494
1.700649168
1.700719366
1.700734255
1.702386026
1.702272485
1.702161161
1.699065952
1.699575231
1.701681873
1.700652705
1.702514236
1.702473615
1.702294775
1.70216818
1.70203267
1.701920287
1.700183782
1.700118148
1.700189858
1.70018743
1.700303156
1.700211942
1.701311887
1.700773843
1.700439743
1.700559967
1.700700651
1.700782905
1.700840227
1.700880241
1.700949448
1.701035993
1.701219658
1.701126498
1.701826542
1.701607697
1.701720496
1.701500956
1.701417886
1.701350703
1.701502504
1.692987743
1.693791651
1.694984048
1.695956009
1.691793255
1.69026416
1.689220116
1.688480685
1.690609933
1.699113951
1.698453257
1.697633571
1.700758593
1.700763522
1.700750949
1.69982265
1.700411827
1.700012285
1.700613119
1.700431613
1.700388839
1.700448873
1.700867604
1.700724199
1.700920824
1.701000568
1.700794999
1.700792972
1.700795757
1.702089086
1.70238471
1.702231277
1.69907957
1.699736346
1.701234966
1.701022566
1.702530427
1.702583543
1.702125862
1.70079575
1.701944427
1.701858306
1.702028999
1.700113043
1.700133381
1.700145529
1.700305898
1.70127704
1.700350078
1.700250219
1.701238747
1.700838121
1.700499482
1.700648331
1.700774902
1.700895182
1.700939381
1.701002498
1.70106674
1.701172724
1.701100855
1.70159272
1.701721138
1.701484479
1.701824995
1.701392009
1.701286295
1.701377327
1.701210369
1.696504145
1.692267469
1.693043846
1.69428163
1.69499068
1.691013881
1.687915833
1.689486335
1.688411787
1.689852121
1.699348452
1.69874847
1.698642281
1.698733623
1.700782087
1.700810426
1.700741907
1.699935454
1.700309301
1.700782129
1.700600204
1.700711906
1.700677826
1.700699546
1.700996473
1.700987219
1.701096023
1.700864488
1.701125421
1.700911165
1.700882642
1.702433249
1.702174465
1.702321686
1.698380347
1.699739358
1.699121695
1.702492276
1.702519636
1.702391127
1.701966969
1.701254179
1.699841502
1.701899055
1.702142178
1.701961402
1.700175603
1.700176541
1.700143017
1.700148007
1.70014551
1.700177279
1.700480769
1.700718776
1.701206022
1.700394794
1.700289227
1.700201442
1.70115993
1.701175024
1.70083518
1.700552226
1.700711949
1.700906797
1.700855603
1.700929953
1.700970399
1.701035525
1.701111009
1.701051074
1.701111228
1.701721838
1.701612523
1.701482084
1.701767175
1.701242441
1.701346356
1.70122231
1.701124164
1.701131961
1.697026866
1.691500838
1.692289721
1.693464509
1.69025427
1.687391418
1.688769642
1.687777896
1.689147817
1.700492122
1.701689186
1.700338666
1.702078236
1.701380271
1.700903778
1.704425991
1.700848688
1.700803996
1.700840507
1.700721291
1.700776305
1.701747401
1.701004701
1.703270154
1.701571292
1.700924197
1.700961996
1.701132867
1.70106218
1.700886019
1.700967154
1.701125032
1.7011619
1.700940107
1.701164427
1.70105674
1.701019215
1.70241971
1.702312422
1.702316284
1.702460989
1.697302019
1.698055708
1.702448179
1.70227266
1.701650437
1.700580275
1.69894095
1.702020662
1.701882806
1.702145639
1.702293335
1.702132826
1.700144119
1.700148924
1.700314308
1.700182772
1.700249486
1.70066955
1.700929748
1.700346685
1.701101557
1.700433704
1.700305696
1.700381154
1.700202514
1.701044267
1.701092531
1.700755805
1.700509087
1.700608781
1.70081049
1.700874462
1.700908483
1.700987946
1.700984485
1.700963027
1.701042181
1.701014869
1.701634841
1.701507005
1.701738973
1.701113823
1.701017659
1.701364376
1.701208942
1.701092803
1.701024602
1.700926339
1.701001447
1.695803398
1.699246188
1.690703758
1.693543186
1.691391773
1.689492856
1.686915911
1.688195804
1.687504203
1.688474713
1.705012905
1.703309788
1.704227823
1.703340961
1.704029045
1.707158816
1.708233412
1.700877692
1.700808499
1.700842359
1.701307352
1.705143927
1.707303317
1.705962769
1.70396289
1.70424084
1.701089857
1.701156253
1.700916603
1.701074648
1.701022408
1.701130259
1.701120287
1.700964029
1.701107526
1.701121236
1.70109753
1.701052969
1.702427493
1.702413511
1.702441231
1.695463466
1.696590149
1.702313726
1.702038088
1.701148859
1.697651289
1.700083188
1.69967438
1.701867256
1.702058866
1.701944817
1.702410525
1.702229663
1.702312966
1.700240415
1.700159191
1.70036625
1.700147579
1.710735774
1.700476822
1.700720873
1.700397939
1.700878888
1.700988618
1.700569008
1.700958543
1.702760557
1.700368787
1.710728046
1.72529549
1.704326554
1.704820113
1.700717453
1.700628831
1.700736002
1.700808331
1.700907289
1.713762256
1.71106676
1.707583906
1.70162206
1.701511293
1.701763054
1.700998072
1.700916756
1.700809001
1.701312277
1.701428517
1.701139403
1.700984767
1.700859011
1.700850032
1.687499544
1.69703259
1.69518236
1.701636743
1.689900012
1.694437164
1.692100323
1.693441958
1.688957662
1.687245629
1.687759377
1.688741534
1.688987844
1.708609379
1.707642709
1.707367585
1.711924728
1.712768875
1.700872257
1.702033079
1.702646583
1.705068676
1.710019257
1.710965065
1.713281343
1.709833977
1.709067808
1.701075714
1.700899153
1.701067545
1.701000904
1.70103271
1.700972188
1.700915492
1.700923823
1.700911173
1.7008894
1.701006462
1.700979467
1.702253235
1.702363302
1.702402871
1.693278856
1.695116634
1.702079668
1.701615348
1.700204674
1.696187063
1.698381742
1.702056781
1.701960818
1.702178412
1.702399895
1.70232577
1.700186429
1.700231306
1.700306157
1.700546324
1.700414541
1.719691505
1.732565726
1.700630503
1.700930428
1.70074006
1.700915387
1.700707623
1.700750653
1.705280598
1.709410804
1.722565407
1.742267594
1.737484967
1.732118546
1.713274746
1.728695878
1.710265264
1.717704703
1.719838436
1.722528531
1.718337507
1.701685863
1.701582826
1.702055713
1.701863818
1.701938284
1.700877266
1.700816742
1.700719231
1.702642797
1.700793814
1.701306325
1.701565804
1.70147494
1.70087679
1.701224214
1.70106115
1.700973274
1.705209526
1.689769374
1.699118728
1.697580437
1.707816934
1.703707819
1.690756603
1.696361039
1.692825491
1.695249219
1.691901301
1.690900163
1.689454167
1.690348771
1.692243847
1.71252781
1.711698956
1.714975926
1.717597611
1.717429108
1.702607986
1.706537223
1.706530424
1.711896707
1.718858207
1.719109838
1.719111683
1.720563595
1.702069819
1.700946351
1.700879404
1.700736916
1.700811036
1.700818592
1.700705442
1.700781359
1.700637775
1.700582015
1.700525293
1.700664442
1.700817785
1.701923053
1.701566282
1.702024822
1.691406861
1.693598355
1.701073502
1.701008507
1.699255727
1.697602312
1.694591644
1.696343183
1.702172071
1.702159628
1.702302563
1.702100271
1.702324022
1.7012949
1.722992479
1.704220139
1.70473182
1.700497879
1.736669147
1.742450782
1.700608181
1.700556424
1.700628781
1.700688976
1.700858607
1.700751736
1.700844694
1.700757304
1.710565202
1.715186682
1.737147705
1.747880364
1.747296896
1.743818957
1.741772573
1.720359268
1.738438866
1.731984319
1.731699373
1.729603968
1.725255952
1.701762742
1.701680598
1.701978043
1.706494245
1.707468303
1.700708214
1.704464443
1.702119464
1.701292676
1.701564842
1.701399176
1.701525248
1.701218178
1.701157696
1.701057445
1.700916724
1.710411563
1.693422465
1.695211667
1.701863464
1.700291706
1.707115485
1.695506148
1.693999528
1.698019557
1.69629693
1.695238883
1.694076923
1.693022312
1.695740489
1.716690054
1.713377421
1.722319978
1.722310697
1.721603236
1.720412402
1.707951809
1.712729598
1.725417808
1.726215295
1.72670889
1.725574754
1.7006249
1.700640783
1.700386426
1.700437185
1.700576601
1.700408043
1.700333135
1.702963598
1.710005405
1.70022218
1.700153981
1.700059829
1.700205843
1.70040091
1.700349634
1.700479202
1.700482729
1.689775091
1.692088013
1.699147578
1.696390557
1.694272256
1.698366581
1.699839464
1.702109409
1.702260006
1.702212523
1.702201625
1.701913479
1.700850577
1.729100843
1.712904287
1.751130102
1.744307624
1.700481133
1.715292538
1.701595082
1.700397389
1.70063796
1.70064187
1.700727901
1.700581449
1.700594025
1.714833666
1.719287165
1.742325279
1.74494255
1.749918078
1.746992209
1.752532399
1.724079427
1.740743056
1.737635427
1.734508501
1.729352748
1.701863781
1.701747835
1.701570369
1.701653651
1.701998804
1.705651726
1.710410604
1.70895394
1.705866693
1.701242977
1.701391903
1.701463565
1.706021417
1.7035972
1.701114841
1.714010269
1.697319431
1.698124954
1.704374617
1.702294013
1.709907771
1.699001788
1.698847843
1.699018783
1.700126055
1.700284637
1.697790046
1.697508146
1.698625784
1.699852152
1.719705762
1.716162692
1.727114631
1.72645623
1.725266604
1.720453482
1.730649369
1.731071455
1.729396699
1.725201063
1.700252182
1.704172197
1.699853973
1.699960818
1.69994891
1.700123036
1.700018772
1.699793087
1.69978194
1.712046822
1.717165028
1.699697629
1.699584717
1.699358328
1.699789802
1.700086337
1.699787904
1.698038206
1.697640796
1.688459738
1.69129737
1.695795531
1.693348295
1.699019991
1.696443729
1.697580843
1.702160649
1.702087381
1.702133557
1.702105891
1.70212602
1.701738369
1.701419045
1.700237226
1.698740492
1.72947633
1.73352946
1.754266238
1.74768052
1.705816904
1.719792263
1.70010525
1.709780749
1.700291963
1.700337081
1.700107446
1.755639657
1.718504093
1.722891575
1.743796118
1.749026719
1.746941872
1.751360966
1.740882961
1.727177693
1.737842703
1.732527631
1.701881373
1.701758577
1.704559653
1.701664108
1.701993587
1.70189796
1.708484811
1.712372802
1.709995145
1.715431194
1.703983004
1.702989854
1.70702589
1.709735695
1.707924685
1.706535746
1.718232696
1.700768792
1.707171019
1.704628544
1.713996452
1.701479672
1.702433892
1.702943369
1.700085568
1.701329119
1.702055226
1.701771992
1.722156457
1.720817754
1.730667129
1.729951795
1.727929103
1.718995918
1.733281639
1.723608823
1.732661963
1.729102202
1.699802366
1.70439305
1.699790319
1.699335732
1.699276389
1.704847826
1.709661289
1.698739671
1.699353149
1.698903712
1.699381199
1.699267701
1.699133782
1.713275013
1.699016194
1.69885278
1.698651003
1.699461319
1.699065313
1.698885973
1.695112903
1.694607599
1.687367626
1.688963347
1.690617623
1.693288276
1.691689805
1.697048348
1.697019381
1.695691034
1.69403287
1.701951669
1.702101979
1.702036868
1.701942711
1.701591198
1.70198109
1.701528915
1.700858187
1.699665351
1.695719711
1.697923662
1.740707227
1.758170888
1.75293366
1.724094439
1.715119672
1.699763194
1.699448002
1.69926707
1.754256456
1.759171641
1.761209107
1.722005369
1.726009746
1.746560664
1.743996001
1.74847216
1.73954934
1.730186191
1.734978322
1.708805871
1.701900089
1.705351187
1.702693533
1.711713212
1.713116217
1.716241023
1.711991364
1.709364968
1.712294462
1.713322785
1.711879779
1.719713727
1.722946157
1.7036898
1.710139028
1.706955745
1.718867812
1.704286802
1.704993943
1.706437999
1.705205686
1.702881622
1.703576189
1.726228082
1.727289493
1.73390451
1.733034943
1.731394627
1.717099036
1.735358626
1.723021522
1.727758015
1.73272778
1.703789337
1.698583396
1.704014641
1.70806434
1.69785956
1.697893804
1.697865908
1.698203813
1.697548649
1.698490598
1.698198534
1.698143524
1.708965567
1.697976739
1.697834514
1.698314822
1.698403075
1.697580238
1.697699068
1.697394732
1.692487272
1.692490089
1.686458015
1.687971895
1.689341845
1.691160891
1.690032968
1.694587547
1.692961904
1.691767621
1.703178983
1.701919301
1.701972626
1.701053203
1.701717272
1.701251741
1.701764074
1.700433936
1.700374786
1.699117935
1.693963587
1.69608506
1.697714327
1.742506756
1.757160267
1.725194581
1.732875599
1.719691401
1.712439148
1.699316827
1.751520306
1.758164897
1.764717466
1.763680077
1.726016076
1.729513577
1.745482018
1.742603904
1.737672988
1.733217966
1.712581556
1.709078809
1.705519486
1.705379277
1.714758017
1.715498788
1.717126847
1.716440947
1.715396803
1.718230188
1.717363125
1.720176502
1.723794662
1.726760819
1.706131763
1.71060435
1.7134264
1.724234282
1.708110678
1.711582916
1.708991854
1.706043672
1.705860074
1.732138528
1.734772017
1.735827961
1.73603367
1.735750356
1.714732922
1.735837971
1.721270149
1.727197849
1.731975233
1.702176542
1.703489271
1.704465999
1.697965682
1.69686299
1.696960358
1.702055374
1.696473133
1.696038993
1.696120063
1.695936453
1.696353873
1.696466138
1.696409207
1.707056448
1.696192214
1.699989289
1.695129647
1.690772496
1.690192973
1.685696121
1.687320217
1.688264389
1.689188536
1.691876394
1.690789935
1.689904758
1.692220925
1.690339589
1.70455196
1.702491393
1.701783941
1.701730069
1.700632007
1.701383147
1.700832705
1.701439131
1.699487935
1.699779735
1.698355871
1.692700711
1.696246225
1.693625077
1.694548256
1.696981519
1.743256487
1.755460939
1.736108122
1.727515068
1.718537723
1.748229727
1.765043675
1.75591819
1.763940455
1.768864304
1.730525936
1.733651251
1.741114697
1.73681866
1.745119942
1.712525917
1.708229642
1.71673339
1.706661794
1.720146307
1.718378305
1.721173914
1.722605638
1.722565848
1.727167954
1.708103337
1.708436766
1.71597873
1.71721176
1.729448297
1.713369365
1.717239566
1.712134265
1.710695462
1.740233797
1.740467713
1.741063613
1.737930813
1.736601867
1.713281265
1.734426795
1.71991281
1.729600152
1.725350313
1.715169816
1.736349083
1.696988861
1.695736658
1.695782672
1.727955646
1.698648531
1.701494107
1.694925173
1.710589945
1.700930142
1.707241671
1.694455358
1.694762049
1.694173546
1.694102294
1.705291291
1.693905398
1.721251457
1.707085462
1.689113372
1.688244373
1.686009546
1.685084645
1.686666948
1.687483234
1.689790913
1.688987516
1.688148693
1.68867374
1.690916501
1.689293828
1.702352259
1.703906162
1.701500082
1.700060356
1.700292448
1.700935294
1.701070915
1.698707047
1.69906588
1.697462903
1.6919597
1.695400383
1.69397955
1.696048323
1.748720766
1.759363523
1.744121663
1.735999377
1.752892359
1.769920322
1.762635939
1.771271591
1.734795838
1.739131979
1.74172604
1.749433337
1.720459647
1.710226241
1.714314152
1.70596585
1.723674927
1.722491688
1.726923614
1.725026533
1.727865961
1.724736636
1.731546621
1.70985458
1.712194593
1.721550086
1.736990486
1.722036349
1.718228348
1.717678365
1.749147087
1.752901438
1.74169018
1.736160888
1.732570724
1.709360235
1.727504657
1.717485332
1.722111048
1.694587136
1.694605415
1.741748095
1.73718462
1.695705028
1.698383768
1.693498392
1.720333236
1.718116905
1.718326041
1.692764106
1.710960015
1.694889604
1.703420829
1.697831896
1.700528896
1.692587148
1.733484822
1.684559932
1.720028329
1.687453423
1.686655577
1.685271495
1.685940292
1.688012498
1.687322742
1.68658864
1.687156016
1.703248824
1.687707076
1.689936451
1.688414627
1.690769399
1.701681523
1.69940078
1.700289727
1.697843052
1.698284388
1.696634732
1.692923736
1.69461368
1.696504332
1.771282584
1.764292733
1.754552677
1.761477793
1.74895438
1.759752908
1.775659147
1.776829186
1.769229956
1.740470729
1.747648333
1.757794987
1.717815489
1.721874213
1.708037532
1.711055559
1.704573285
1.727788387
1.727792775
1.729267897
1.726525977
1.732471964
1.728997968
1.73696798
1.712318147
1.717690867
1.7388755
1.725091528
1.727322995
1.724826026
1.724193724
1.74803379
1.758794453
1.736844166
1.725674022
1.733739449
1.700118429
1.708106988
1.719416338
1.71185692
1.69342043
1.720940224
1.75020528
1.7481221
1.696668199
1.694970945
1.69483559
1.69367577
1.731000298
1.729646581
1.697838454
1.713408906
1.706536638
1.703566041
1.697530805
1.698006457
1.744985127
1.684089287
1.730852558
1.685972867
1.685299167
1.684705799
1.685787551
1.686510872
1.685890183
1.685331416
1.686321597
1.702344842
1.68695371
1.689170254
1.687719514
1.692923813
1.700846349
1.699584502
1.69817506
1.698252354
1.696157227
1.774516144
1.767796536
1.758299442
1.769042548
1.780774135
1.77889405
1.748192722
1.768987303
1.758947012
1.703981278
1.715125502
1.718530056
1.708986639
1.706187304
1.721571238
1.731501035
1.733328895
1.727021304
1.742394517
1.743610529
1.73496004
1.702569444
1.716128111
1.74009836
1.730402766
1.731080357
1.730667649
1.747574316
1.759706452
1.729948404
1.720762443
1.698622883
1.700451382
1.709090879
1.722210105
1.76151425
1.759144947
1.697432215
1.697063332
1.742848608
1.740977449
1.703962067
1.724431144
1.715096647
1.70937589
1.699920774
1.701745881
1.75911875
1.683699716
1.703608633
1.741714082
1.733388519
1.684754868
1.684212383
1.684331876
1.685144887
1.684814622
1.685282463
1.684708265
1.685700822
1.701364503
1.686491049
1.691048743
1.688973515
1.695285421
1.700460026
1.699430865
1.698801482
1.777518708
1.785708636
1.772595435
1.793920634
1.777677911
1.784546455
1.761051978
1.777272232
1.704469428
1.714384533
1.71109788
1.706756928
1.719412002
1.731733695
1.737630681
1.724830014
1.757131229
1.748206241
1.739179557
1.742160194
1.702829058
1.701755385
1.724475743
1.735543193
1.734527863
1.732306325
1.739745148
1.747631466
1.747204135
1.714987107
1.721495327
1.706175644
1.699984019
1.700339775
1.772473956
1.701045024
1.754987924
1.752347796
1.726738079
1.709229778
1.716747548
1.70575836
1.707529444
1.772601753
1.786085714
1.683377043
1.709690558
1.715101914
1.753301077
1.739832859
1.683783165
1.683868445
1.684666135
1.684340966
1.684326784
1.683880442
1.685647031
1.685821439
1.701537382
1.688019995
1.692887469
1.691025352
1.697347709
1.701629379
1.70047774
1.803466635
1.794503084
1.807442505
1.798374524
1.785358254
1.785410607
1.77304536
1.704557381
1.712612745
1.707846727
1.718506879
1.728379399
1.712309032
1.758009293
1.729065144
1.748211825
1.741944302
1.703040876
1.702180823
1.70292166
1.73722045
1.750438573
1.72741385
1.733214352
1.744783271
1.727037556
1.73059086
1.70990191
1.70316726
1.705485898
1.699352136
1.725594725
1.765892469
1.716332019
1.714876692
1.788220367
1.806477519
1.683119466
1.723443788
1.733266088
1.776772312
1.765322848
1.751710623
1.683354991
1.683492333
1.683611067
1.684605457
1.683881028
1.687027113
1.687355192
1.687487485
1.702573945
1.689904378
1.701305392
1.693737875
1.698687805
1.827851544
1.82522099
1.809918282
1.795526335
1.781547309
1.70465578
1.707284298
1.703273871
1.707077767
1.718473797
1.721138138
1.71251357
1.770713515
1.72664982
1.747734413
1.737231935
1.702709158
1.703467795
1.704217777
1.775190601
1.756797427
1.725180632
1.754034312
1.718607095
1.72020816
1.70846009
1.702100978
1.701811526
1.710066923
1.812365691
1.683300576
1.732640739
1.745835971
1.787152027
1.770775838
1.833992461
1.683531157
1.685413281
1.685478546
1.688500946
1.686159806
1.688423203
1.688778574
1.702015376
1.691604132
1.697995112
1.694923304
1.689655426
1.853690788
1.842323827
1.831467221
1.81652233
1.794180753
1.704271991
1.703927739
1.704401666
1.703278947
1.706926741
1.78360929
1.720744378
1.716561572
1.711465217
1.723769729
1.751882096
1.733161775
1.705455385
1.703048633
1.707593635
1.799664379
1.77728403
1.771393182
1.814919055
1.725969696
1.713123204
1.724056869
1.706534358
1.709194173
1.720890032
1.834810512
1.843209653
1.808617968
1.684279457
1.75060811
1.764905638
1.787244755
1.840084398
1.686809639
1.687931781
1.688555152
1.690175396
1.689151645
1.690444709
1.695889511
1.692948969
1.691000525
1.691178981
1.871986239
1.865322763
1.847853393
1.8522962
1.819076184
1.70493865
1.705562937
1.704134434
1.70653549
1.771011466
1.71629643
1.709544045
1.725730316
1.704205265
1.700191061
1.696253577
1.7041749
1.710087741
1.819097092
1.76634863
1.853810679
1.7260691
1.720308858
1.738774758
1.721257947
1.74223865
1.845995991
1.83039782
1.862435033
1.826565131
1.833989146
1.808888364
1.772854642
1.687393027
1.77590058
1.797208759
1.834609183
1.689359507
1.69041463
1.691064537
1.691862438
1.694009801
1.692027187
1.693037409
1.69195341
1.87690097
1.876642173
1.87064597
1.857105115
1.802902542
1.706741743
1.708893099
1.708653875
1.708033436
1.710689488
1.723829202
1.713580844
1.697889374
1.695122313
1.699400663
1.704384945
1.711062516
1.708785005
1.787654245
1.740333704
1.823943932
1.773002439
1.792985519
1.760334105
1.76903631
1.803762415
1.813036851
1.820675194
1.817027117
1.798933676
1.823355554
1.883817875
1.870540641
1.823736743
1.856342017
1.68956511
1.819167356
1.877494635
1.69210109
1.693180114
1.69470676
1.693119842
1.694295563
1.913373353
1.871969787
1.801550758
1.733826425
1.712069161
1.710240614
1.713690786
1.716856981
1.694723227
1.695990365
1.697346762
1.7002308
1.704933559
1.711100876
1.778853077
1.830645721
1.783283748
1.831765342
1.780967348
1.844074348
1.82689019
1.840654111
1.798739953
1.82545592
1.827252282
1.843089985
1.862582186
1.91534788
1.961858237
1.930639116
1.901049848
1.93836433
1.853494503
1.809324518
1.691926919
1.891235212
1.910386937
1.693975671
1.696569112
1.69763566
1.696489425
1.888959991
1.803474571
1.762336982
1.735690272
1.710439394
1.709790608
1.714110116
1.69701
1.69837949
1.699805615
1.703097587
1.707159534
1.707326825
1.711216027
1.844309386
1.870874548
1.851633248
1.834336476
1.902324956
1.908435896
1.896027599
1.855615223
1.799977297
1.804190701
1.852799319
1.909398364
1.873750404
1.862399134
1.898567306
1.899208469
1.872797711
1.833490385
1.942683198
1.943348296
1.696578803
1.699433309
1.701495726
1.700938281
1.816755948
1.752450333
1.733125327
1.716565718
1.712418635
1.700701462
1.701730891
1.702911184
1.707616671
1.712516537
1.715738633
1.907971029
1.913375432
1.941024313
1.889631569
1.90305317
1.932023183
1.970635899
1.928620583
1.827639154
1.819023145
1.929830726
1.814195586
1.914794148
1.934802216
1.895599666
1.900281085
1.902362317
1.89867423
1.804835362
1.945177245
1.810561973
1.699962048
1.703038422
1.706502804
1.748846142
1.731999099
1.729512456
1.724688948
1.707370363
1.706217581
1.712510826
1.722055433
1.983243861
1.9556414
1.938807315
1.90562554
1.902496447
1.939978596
1.963485596
1.950947544
1.885008006
1.855695425
1.952201632
1.841690429
1.940662839
1.904032009
1.82822124
1.87598904
1.922260881
1.832506802
1.760723996
1.833351926
1.704101238
1.707380333
1.707622302
1.711563036
1.758650696
1.763408475
1.75195349
1.734806365
1.714318854
1.714206068
1.718474755
1.720480068
1.960345216
1.988123395
1.908373962
1.899948104
1.922948707
1.924302437
2.006239128
1.900693869
1.979698457
1.98679786
1.884717211
1.885075786
1.903115167
1.828603142
1.838551966
1.89895697
1.781629388
1.79565418
1.815135253
1.709661911
1.711713238
1.718157837
1.78288464
1.751973756
1.729725108
1.726249836
1.72398856
1.918063428
1.945695835
1.926655017
1.912294665
1.922690626
1.844675685
1.984542547
1.947640978
1.983616301
1.893443554
1.88196539
1.892008
1.885070036
1.858812431
1.894315508
1.78283903
1.788824906
1.777372554
1.71725132
1.720961643
1.731162775
1.745190514
1.744902808
1.747971244
1.735299551
1.935647205
1.954237253
1.956991502
1.923091321
1.858571736
1.789610476
1.959722166
1.983819926
1.934273651
1.946810869
1.920867545
1.878055627
1.891503493
1.912285551
1.914289031
1.927610894
1.761571308
1.76436775
1.724437791
1.730547022
1.742082974
1.746037655
1.76557754
1.778339838
1.766399556
1.946716407
1.942349817
1.960952531
1.932136599
1.824794597
1.793386745
1.965554712
1.957414659
1.922899377
1.925826442
1.922774218
1.933899957
1.945335738
1.926784204
1.932580117
1.939189205
1.753372755
1.738490511
1.761068901
1.770864052
1.772273567
1.785723756
1.792733166
1.767139657
1.972983942
1.964624463
1.972235712
1.886285369
1.81579806
1.954041982
1.933910348
1.929637985
1.940474459
1.940791438
1.922723404
1.960671337
1.963419943
1.792128052
1.77581652
1.743721585
1.769581164
1.792666486
1.779484847
1.777782034
1.956509185
1.9743492
1.840498989
1.900272884
1.956579154
1.954503798
1.966819788
1.967812212
1.977264634
1.970388495
1.940103822
1.788328844
1.79035379
1.744008573
1.761742319
1.769889511
1.816320107
1.96773746
1.96751489
1.814450282
1.901908142
1.976664168
1.965510527
1.952703763
1.965014062
1.964380992
1.947817567
1.932038618
1.773189788
1.75578637
1.760220962
1.846431862
1.768668393
1.981181815
1.938720991
1.863527705
1.970062046
1.939466501
1.933211697
1.939951329
1.932707868
1.926075187
1.756496451
1.789898821
1.848824497
1.758270992
1.77295429
1.959121698
1.932339441
1.939959303
1.910948967
1.93102422
1.918920563
1.920228136
1.775790839
1.886517312
1.781616493
1.75196929
1.949884768
1.926644961
1.90016829
1.910766728
1.909410652
1.907018876
1.745055424
1.813496971
1.758437446
1.973916465
1.906540187
1.893421064
1.8951953
1.875006909
1.762613726
1.754132876
1.811033178
1.865433186
1.929743959
1.897496415
1.89958244
1.813177063
1.794994602
1.838709923
1.849268403
1.885614123
1.891974197
1.88501119
1.849217606
1.845747892
1.84122435
1.850085818
1.948095106
1.908945669
1.858629682
1.843938524
1.906168623
