1.683497905
1.683497905
1.683497905
1.681546688
1.683497905
1.680181593
1.683497905
1.679992271
1.680809555
1.681659381
1.679666464
1.679449273
1.683497905
1.680429143
1.682613839
1.683648178
1.684611877
1.683497905
1.683497905
1.683497905
1.680372135
1.683868751
1.679960636
1.679799536
1.68639333
1.686999209
1.686702738
1.686751572
1.686526599
1.679924213
1.68023491
1.683497905
1.682787813
1.686437247
1.681709587
1.680556937
1.687501239
1.688191425
1.688591379
1.686047794
1.68531338
1.6795424
1.683497905
1.679552808
1.683497905
1.683497905
1.685704718
1.688180337
1.684522529
1.682692127
1.686953666
1.685510267
1.687937969
1.688647041
1.683423282
1.683303055
1.680912831
1.679507903
1.681519754
1.6800638
1.680430034
1.683497905
1.683497905
1.683497905
1.683497905
1.688330142
1.686907457
1.68558918
1.683129251
1.684920742
1.684018126
1.686250432
1.687920595
1.682574444
1.682404425
1.683497905
1.684928277
1.68070413
1.683848655
1.680132357
1.679351649
1.67961878
1.679997138
1.688236717
1.688125028
1.687988059
1.682004604
1.682511241
1.681652541
1.682486277
1.681594232
1.684803999
1.681515002
1.686300117
1.684404201
1.683951399
1.683557701
1.680439861
1.683497905
1.687171758
1.68397783
1.681814535
1.680508013
1.680286778
1.68009263
1.68732696
1.688202907
1.688723613
1.683104317
1.681416758
1.680502594
1.680014129
1.680287433
1.680768443
1.683001876
1.684366483
1.685065799
1.685665019
1.685411583
1.685847561
1.683497905
1.679608779
1.680549637
1.683497905
1.683497905
1.687731701
1.686064289
1.684739192
1.683896379
1.68293295
1.680919147
1.685618221
1.687101962
1.688342971
1.686063
1.6827716
1.681468923
1.68111005
1.680989752
1.680845302
1.681492739
1.682148747
1.686448513
1.685772402
1.68622393
1.685136919
1.684911517
1.683497905
1.679087646
1.68010812
1.681036174
1.681420392
1.6881386
1.687735722
1.687513027
1.686910601
1.684903036
1.683268
1.682959251
1.687086873
1.684111422
1.68479467
1.684159971
1.683489929
1.682313055
1.680716624
1.680684744
1.687142667
1.687222663
1.684477914
1.686376336
1.684523632
1.683658119
1.68350504
1.680723353
1.680314035
1.680723288
1.685470809
1.683409896
1.68770017
1.688461223
1.689019041
1.688309851
1.68085047
1.681277856
1.68498888
1.682269029
1.687098037
1.686646099
1.685333292
1.682893875
1.681451916
1.680885638
1.687272411
1.687822988
1.682821306
1.682816347
1.683121621
1.685241947
1.683141919
1.683055721
1.682872852
1.68382043
1.683195894
1.688042395
1.686514205
1.685574183
1.685974468
1.687496018
1.688593797
1.687739457
1.680685215
1.68070228
1.681861409
1.688117016
1.687670562
1.685843881
1.687408923
1.684173843
1.683231503
1.682661448
1.685796247
1.686656074
1.68216078
1.681712672
1.682457453
1.683826111
1.684097709
1.684667369
1.683993331
1.683150207
1.686739104
1.687425051
1.686837738
1.683286687
1.684916647
1.685783555
1.686142087
1.681741197
1.680563306
1.680461011
1.687368513
1.686709817
1.686532536
1.686960714
1.68598081
1.685801445
1.684856193
1.683274987
1.68422564
1.68209121
1.681165184
1.681051677
1.685099767
1.685187324
1.685209732
1.684956783
1.684117304
1.68578671
1.685930694
1.681202804
1.682458498
1.683637391
1.684308767
1.682411347
1.685587003
1.680760195
1.680182769
1.684755596
1.685345331
1.687127062
1.686205481
1.687600767
1.68782725
1.687654516
1.68144247
1.682132434
1.684890553
1.682423237
1.681424791
1.681054207
1.68489878
1.684795949
1.684157275
1.685519248
1.684825159
1.686020535
1.686302201
1.683314886
1.68064402
1.681745142
1.682727736
1.683444124
1.686436182
1.681945208
1.68142395
1.683006419
1.684172743
1.686326455
1.687416417
1.687880774
1.687835867
1.681598254
1.681175569
1.686653774
1.686249593
1.683772108
1.682980169
1.682547327
1.683915079
1.683822931
1.683607971
1.685203141
1.686142572
1.686816343
1.682759092
1.681813932
1.682527077
1.68506013
1.687139842
1.684214169
1.68364446
1.682200451
1.683446912
1.684579261
1.685555239
1.68656778
1.687336958
1.681979117
1.682320274
1.687234529
1.68709387
1.685711973
1.685275605
1.684674726
1.683288458
1.683653542
1.683643367
1.683627482
1.68435786
1.68518286
1.686085256
1.684380295
1.683954129
1.687054746
1.68609421
1.685481505
1.686911894
1.681721973
1.682127019
1.681872915
1.682424281
1.683623397
1.68536669
1.683961911
1.683991336
1.686827031
1.68714456
1.686690699
1.686349226
1.683570223
1.682903399
1.683402203
1.682727786
1.684320618
1.68421909
1.684682848
1.682975888
1.683674388
1.684739087
1.685569352
1.685541463
1.686947085
1.686335462
1.685735402
1.684871595
1.685792071
1.681140436
1.682626765
1.680723496
1.681159188
1.682641097
1.682742438
1.686027968
1.685264484
1.686024879
1.686430744
1.686645222
1.686904309
1.684542347
1.684491879
1.682525799
1.683730644
1.681967318
1.684739717
1.684891077
1.68190881
1.682453372
1.683683812
1.682093291
1.685063248
1.685646961
1.685006027
1.683852892
1.684156774
1.681564329
1.683886099
1.681112442
1.681266577
1.68254941
1.682051026
1.686926492
1.686242511
1.684386158
1.684925049
1.685676782
1.686582401
1.685266926
1.685270834
1.682870415
1.684554441
1.682270901
1.685215053
1.684486701
1.684390353
1.681878308
1.682249673
1.682425886
1.682006712
1.683537221
1.683732515
1.682926272
1.682989913
1.683940698
1.682853711
1.682606122
1.682688589
1.68257561
1.687220626
1.68671199
1.682726078
1.683318012
1.684407415
1.685927486
1.685854569
1.685899567
1.684524568
1.683641345
1.684018644
1.685352504
1.684563943
1.683832979
1.683445671
1.683240574
1.681801801
1.682637355
1.682950866
1.683063237
1.685645217
1.684682611
1.683882118
1.683390295
1.687217419
1.685628888
1.687126133
1.681708276
1.682117117
1.683182803
1.686105399
1.686107405
1.685599137
1.685301801
1.683659153
1.683767661
1.68503814
1.684220703
1.68377117
1.685053285
1.684388469
1.682611657
1.683963334
1.684062826
1.686395437
1.685454433
1.684642207
1.683445089
1.686530743
1.684524917
1.686499972
1.681881524
1.681643991
1.681877775
1.685988916
1.684709873
1.686208831
1.686316996
1.686267784
1.683677893
1.683371471
1.683289097
1.683501491
1.684215935
1.684131608
1.686114365
1.684988675
1.68380905
1.685060483
1.684997272
1.686005406
1.685457048
1.685175479
1.682422133
1.68502059
1.683290164
1.685094332
1.682828347
1.682148379
1.681873749
1.683413979
1.685347944
1.683878762
1.685744349
1.686511495
1.686111774
1.683615035
1.683161252
1.682856621
1.682735391
1.684729951
1.684559011
1.684170326
1.686485555
1.686319904
1.685876866
1.685021719
1.68497591
1.684695724
1.685106948
1.682136093
1.683222389
1.683933511
1.68407677
1.683183042
1.682524202
1.682780383
1.683083233
1.684234542
1.68453255
1.685154814
1.68493148
1.683687847
1.683245721
1.682934207
1.682726622
1.684818316
1.684819621
1.684796405
1.684695345
1.684409199
1.686545965
1.685623323
1.68638632
1.685954923
1.684079356
1.684066214
1.682455953
1.683003073
1.683535179
1.685275964
1.684280631
1.683234611
1.68259091
1.682813725
1.683131821
1.683315907
1.683780161
1.684087569
1.683812003
1.68358826
1.683217442
1.684478725
1.684476589
1.684935195
1.684783586
1.684946405
1.684882043
1.686057915
1.684669583
1.686301302
1.686359426
1.683659373
1.683219847
1.683553438
1.68602763
1.684709447
1.685655399
1.684173023
1.682623127
1.682334679
1.682183356
1.683085018
1.682350645
1.684792755
1.68474394
1.684608779
1.683656248
1.68411358
1.684089229
1.684441967
1.684313736
1.68501745
1.684621296
1.685181002
1.685301042
1.684733677
1.685515602
1.685947935
1.684211914
1.684182212
1.685872577
1.685161023
1.685534224
1.684823846
1.682987408
1.683037744
1.682488539
1.682131994
1.68219286
1.685452076
1.685593481
1.684926166
1.685720509
1.684531091
1.684802354
1.6844989
1.684197456
1.684029128
1.68401059
1.684172788
1.68472794
1.685067073
1.685102349
1.683825283
1.684410797
1.684782522
1.684813912
1.684985554
1.685168699
1.684863534
1.682423431
1.682725726
1.683967074
1.683258074
1.682690776
1.683103397
1.685362775
1.685585307
1.685713162
1.68584571
1.685676401
1.684741363
1.684935842
1.684332263
1.683896579
1.683860426
1.684437141
1.684035729
1.684661879
1.684407173
1.684127835
1.683059319
1.683395295
1.683819575
1.684510288
1.684388979
1.684454195
1.68354751
1.682777167
1.682700598
1.684912507
1.685837159
1.683804686
1.684363957
1.684370507
1.686021882
1.684621784
1.684818858
1.685366459
1.685922499
1.685915407
1.68528525
1.685578946
1.684892208
1.684935089
1.684418694
1.684112567
1.68381642
1.683695079
1.68375556
1.684722938
1.684908139
1.683709848
1.683386363
1.68345858
1.682765253
1.683020651
1.683860584
1.68381302
1.683603007
1.68329261
1.683250679
1.683384677
1.684435346
1.686001187
1.685257611
1.68544863
1.685687602
1.684800033
1.683613894
1.684684599
1.683792143
1.685343213
1.685135974
1.6847098
1.684939964
1.684875914
1.684356204
1.684026003
1.683547709
1.683776275
1.683621301
1.683357628
1.684874094
1.684659542
1.684955472
1.684520161
1.682957181
1.683031586
1.682794409
1.683160157
1.683241807
1.683834689
1.683901263
1.683767292
1.684205461
1.68448144
1.68526005
1.685571848
1.685870243
1.685234808
1.68439442
1.684089497
1.683533427
1.684144647
1.684499909
1.682906113
1.68451607
1.683785595
1.683049763
1.684542753
1.684308897
1.683947467
1.683443531
1.683141476
1.684928841
1.684972598
1.684858278
1.684797933
1.684232483
1.683909031
1.683475581
1.683637392
1.68337089
1.684406306
1.684852392
1.684647396
1.684935977
1.68260746
1.68294303
1.683006231
1.683281197
1.684302767
1.684475243
1.684460827
1.684924067
1.685070761
1.685287541
1.685353004
1.684091022
1.685103333
1.68369407
1.683512294
1.683621645
1.683184724
1.683533732
1.682547441
1.682551377
1.683807992
1.682416988
1.682671008
1.683077155
1.683805264
1.683724096
1.683334242
1.682864463
1.683067932
1.682833501
1.684989801
1.68492308
1.684985278
1.684721934
1.684817695
1.684842601
1.684078541
1.683797226
1.683587228
1.683520373
1.68425117
1.684588726
1.684783469
1.684896909
1.684969102
1.682586014
1.682948069
1.683437045
1.683324458
1.683571367
1.683360963
1.684869365
1.684832854
1.684926029
1.68512503
1.685242628
1.685181363
1.683574982
1.684548129
1.684543189
1.68301558
1.683003995
1.683044421
1.68301103
1.682428588
1.68244871
1.683296519
1.682347017
1.682439884
1.682822731
1.683340542
1.683164649
1.683034733
1.682680397
1.682645911
1.682820617
1.682782021
1.682608303
1.685014102
1.684977875
1.684911716
1.684650067
1.684747972
1.684584652
1.684792531
1.685023956
1.683962528
1.683751486
1.683706829
1.684166288
1.684442214
1.684732659
1.684893628
1.682942161
1.683523519
1.683860245
1.684070782
1.683754733
1.683807426
1.683858766
1.683142498
1.683002433
1.684614702
1.684614554
1.68477804
1.684799498
1.683310488
1.684130326
1.683756901
1.682841034
1.682756219
1.682728643
1.682510484
1.682946042
1.682968142
1.682411733
1.682322827
1.682425183
1.682625151
1.682945759
1.68294514
1.682796431
1.682834884
1.682605554
1.682718991
1.682830184
1.682610294
1.682562425
1.682528009
1.682594017
1.682501008
1.682541701
1.684953947
1.68501232
1.685036966
1.684857863
1.684681228
1.684597436
1.684527127
1.68472598
1.684968556
1.685042022
1.685062037
1.683973816
1.683921677
1.68417693
1.684374193
1.684592104
1.684757861
1.684878412
1.684395732
1.683594294
1.684111117
1.684524825
1.684673101
1.684111415
1.684347864
1.684133159
1.684127404
1.684084677
1.683171166
1.683037193
1.682920682
1.684097957
1.684104539
1.683803954
1.684219747
1.683288434
1.683379901
1.683552184
1.683664606
1.68279356
1.682677849
1.68272879
1.683068944
1.682763712
1.683725532
1.682559119
1.68279804
1.682514392
1.682676389
1.682392646
1.68231943
1.68232491
1.682445381
1.682669344
1.682758931
1.682701722
1.682760865
1.682635711
1.682728471
1.682733913
1.682643499
1.682633201
1.682499758
1.682482512
1.682501343
1.682589645
1.684854537
1.684916154
1.684992618
1.685035112
1.684756779
1.684625939
1.684537212
1.684476334
1.684655342
1.68498923
1.685062568
1.685087452
1.684126171
1.684168687
1.684363171
1.684891811
1.68459089
1.684754556
1.684591586
1.684479284
1.684277123
1.684300396
1.684696878
1.684754838
1.684982274
1.685023424
1.68445451
1.684358627
1.68433927
1.683028814
1.683245843
1.683175956
1.683932792
1.683937985
1.683956978
1.683806639
1.683527284
1.68355297
1.683955992
1.684384742
1.682868047
1.682987237
1.683206505
1.683317689
1.683119773
1.68313157
1.684246008
1.682527133
1.682540257
1.682782474
1.682560482
1.682477828
1.682375589
1.682304204
1.682341711
1.682565848
1.68262512
1.682705059
1.682739572
1.682676465
1.682745756
1.682780144
1.682867919
1.682773736
1.683219789
1.682533872
1.682584666
1.682712627
1.68264571
1.685068583
1.684796634
1.684859619
1.684950364
1.684991138
1.684689509
1.684431912
1.684559133
1.684470629
1.684589461
1.685004941
1.686711792
1.6858122
1.685079384
1.684364463
1.684431435
1.684586431
1.684927195
1.684778118
1.685463225
1.684743014
1.685075717
1.684905494
1.684833604
1.684930751
1.685214983
1.685293765
1.684591397
1.685271309
1.684690126
1.684611189
1.683572884
1.683413323
1.683502556
1.684323073
1.684195803
1.684633648
1.683921144
1.683905633
1.683952939
1.684312255
1.684562707
1.684831794
1.683559935
1.683679229
1.683376581
1.68309181
1.683783793
1.683507493
1.683475482
1.683537561
1.683777012
1.684742046
1.685172475
1.682592488
1.6825323
1.682768807
1.683081734
1.68262389
1.682650734
1.682408163
1.682373854
1.682325358
1.682556014
1.682489357
1.682648649
1.682671122
1.682744443
1.682765038
1.682830286
1.682758253
1.68318189
1.683036476
1.683028436
1.683480628
1.682704781
1.682986553
1.683007659
1.682789285
1.682766692
1.686254678
1.684730516
1.68479607
1.684888054
1.684622757
1.684391946
1.684499056
1.68442083
1.684529189
1.689021576
1.689323568
1.685863315
1.687760091
1.688256131
1.687101716
1.691115074
1.684612051
1.68460413
1.684723187
1.684786768
1.684726626
1.686807565
1.685396212
1.68795646
1.685811785
1.685366343
1.685297013
1.685250674
1.685044137
1.684734683
1.684849765
1.685494932
1.685500071
1.684864633
1.68546194
1.685027981
1.68559012
1.683933368
1.683835066
1.684090545
1.684207028
1.684841773
1.684958866
1.684309316
1.684341295
1.684696449
1.684922689
1.685044023
1.683855034
1.683824718
1.684218181
1.684266208
1.683953498
1.683477646
1.683471503
1.68434628
1.683951581
1.684184486
1.685209536
1.685576148
1.684599285
1.682741268
1.682542688
1.682817536
1.685272782
1.683182361
1.682749749
1.682729439
1.682400247
1.682525063
1.682388693
1.682535254
1.682623162
1.682769016
1.682899526
1.682771106
1.683481258
1.682928033
1.682918671
1.683394391
1.683366112
1.683771179
1.682929441
1.682979894
1.68331036
1.683264337
1.683230484
1.682954572
1.683103948
1.683083034
1.686524818
1.689037187
1.684659912
1.686087073
1.684717032
1.684556507
1.684357662
1.684452574
1.684400052
1.684473473
1.692459418
1.692349481
1.692462879
1.688723628
1.689981678
1.693385196
1.695250764
1.684845282
1.684836493
1.684936906
1.685484614
1.690247737
1.69225135
1.690640548
1.688426719
1.688630199
1.685572024
1.685366547
1.684943304
1.685160376
1.68509307
1.685649836
1.685627693
1.685085332
1.68558037
1.685423813
1.685707678
1.68574609
1.684319439
1.684554967
1.684444759
1.685068386
1.685069112
1.684713246
1.684738772
1.685009858
1.68510809
1.685157199
1.685106357
1.684156655
1.684214502
1.684156148
1.684777524
1.684539749
1.68455142
1.684243385
1.683889341
1.684738342
1.683882298
1.695291946
1.684833577
1.685383807
1.684711161
1.68562979
1.685775021
1.685211671
1.68302974
1.687468345
1.68275716
1.695894506
1.710003527
1.689096549
1.690210774
1.682531427
1.682484984
1.682715119
1.683002978
1.685617051
1.698564551
1.695793356
1.692299045
1.683751486
1.683663881
1.68409019
1.683212784
1.683217775
1.683295731
1.683490639
1.683705347
1.683522203
1.683528412
1.683294308
1.684183129
1.685335814
1.688558116
1.688271393
1.692118139
1.684588787
1.688663239
1.686356013
1.688481075
1.684715746
1.684597168
1.684654607
1.685275397
1.686764712
1.696595237
1.696844359
1.693083473
1.698575654
1.700404317
1.685034499
1.686271962
1.686961086
1.689489934
1.69551201
1.696008769
1.698745867
1.694619567
1.693740927
1.685537767
1.685130807
1.685365238
1.685266975
1.685728644
1.685696569
1.685255153
1.685655808
1.685604658
1.685555142
1.685776148
1.68581228
1.685084164
1.684879655
1.684726814
1.684960965
1.685009871
1.685020823
1.685056859
1.685213925
1.68505067
1.685153423
1.684503019
1.684473664
1.68461255
1.685000328
1.684848076
1.684245145
1.68432686
1.684654308
1.685268373
1.684998124
1.703837418
1.716776222
1.685584087
1.685845643
1.68550878
1.685799057
1.685679515
1.685657294
1.689733401
1.694114585
1.707751634
1.726467449
1.722063929
1.717006263
1.698104695
1.713836708
1.695535487
1.702786045
1.704789897
1.707452136
1.703223156
1.684096391
1.684028717
1.684752773
1.684454135
1.686333878
1.683548429
1.683478051
1.68359094
1.686965491
1.683858884
1.683698242
1.684211694
1.683966874
1.683876191
1.683803993
1.683760089
1.683991784
1.689560633
1.687957965
1.691510243
1.691323983
1.698275278
1.69505637
1.686345419
1.691236323
1.688525178
1.691006168
1.690054727
1.687539924
1.686951985
1.687548951
1.690198856
1.701161065
1.701529842
1.701337272
1.704965701
1.705740118
1.686999726
1.691058776
1.691105121
1.696719538
1.705095269
1.7048216
1.7044938
1.705964304
1.686554563
1.685441735
1.685396958
1.685522145
1.685819355
1.685752394
1.685710455
1.685416393
1.685669612
1.685630461
1.685589296
1.685818691
1.685791239
1.685263795
1.685261604
1.685147129
1.684788295
1.684886709
1.685256864
1.68522197
1.685223373
1.685133638
1.684930728
1.685051737
1.684816122
1.684995354
1.685021853
1.685245912
1.685156302
1.685334186
1.707370548
1.688602424
1.689362156
1.68529875
1.721128395
1.726839727
1.685735026
1.685544909
1.685863669
1.68579189
1.685870383
1.685846066
1.685854262
1.685873434
1.695071267
1.69985548
1.722027934
1.732427238
1.731629308
1.728163022
1.726378662
1.705142636
1.723290917
1.717043614
1.716684408
1.714522269
1.710103504
1.684428574
1.684430105
1.684797649
1.690833067
1.691594725
1.683986688
1.6884983
1.68577831
1.684035536
1.684402646
1.684033269
1.684530046
1.684716149
1.684001679
1.684129613
1.6843084
1.694778068
1.691893677
1.693616704
1.695062341
1.69480943
1.699089665
1.692836992
1.690679387
1.693627404
1.692728576
1.69352187
1.691615622
1.690784761
1.693884012
1.70603855
1.704197217
1.709448964
1.710316948
1.710584764
1.705869621
1.692718774
1.697628124
1.712233939
1.71272437
1.713045459
1.711787758
1.685779539
1.685476963
1.685548443
1.685762014
1.685747781
1.685708397
1.685671887
1.687957408
1.695120835
1.685635643
1.685600984
1.685565537
1.685728236
1.685782268
1.685729401
1.685323722
1.685312598
1.684632084
1.684748837
1.685231529
1.68503884
1.684888336
1.685162301
1.685284408
1.685065732
1.685176
1.685227826
1.685324629
1.685333339
1.685349674
1.713780586
1.697765398
1.735937977
1.729054905
1.685907955
1.700389024
1.686873861
1.685912918
1.685907155
1.685857009
1.685887626
1.68583568
1.685895182
1.699272736
1.703845965
1.726931917
1.729328767
1.734466545
1.731169419
1.737371849
1.708715816
1.725327498
1.722431832
1.719258895
1.714052668
1.684764941
1.684708751
1.684767234
1.684704028
1.68502841
1.689405378
1.694574588
1.692782497
1.689544302
1.684318693
1.684353733
1.684721062
1.689808807
1.687127609
1.684349491
1.698217777
1.695937524
1.69665396
1.698345153
1.697625021
1.702734304
1.696514113
1.69670774
1.696173213
1.696950634
1.696553067
1.69619657
1.695573872
1.696940758
1.698426822
1.709815901
1.707823181
1.714836707
1.715114857
1.71496824
1.706049092
1.718119135
1.718336586
1.716481621
1.711964666
1.685498989
1.689532716
1.685525243
1.68551531
1.685663213
1.685675266
1.685638071
1.68560639
1.685587506
1.698004662
1.702997074
1.68555821
1.685523511
1.685472953
1.685643165
1.685725446
1.68561975
1.685148266
1.685110656
1.68451467
1.684666811
1.684978951
1.684795683
1.685205129
1.68498914
1.685079062
1.685260563
1.685233706
1.685370881
1.68539836
1.68539255
1.685398838
1.685382341
1.685310499
1.685164341
1.714657198
1.718499045
1.739330382
1.732723359
1.691422376
1.705201058
1.685857624
1.695667211
1.685866905
1.685808063
1.685783788
1.740733289
1.702789789
1.707238793
1.728157736
1.733599038
1.73118657
1.736237052
1.725234434
1.711593023
1.722341527
1.716987262
1.685041008
1.684949384
1.688003167
1.684989337
1.685247594
1.685237276
1.692450804
1.696226906
1.694000459
1.699339965
1.687408459
1.686329259
1.690572372
1.693792076
1.691732253
1.690133622
1.702228253
1.699454355
1.701909848
1.700770659
1.707651444
1.69960143
1.70014534
1.700044726
1.698585374
1.699733096
1.700727112
1.700398615
1.713042833
1.713331844
1.719049211
1.719342222
1.718425941
1.705699145
1.721432624
1.711063353
1.720620027
1.71685672
1.685478637
1.690129533
1.68573709
1.6854512
1.685427857
1.691132318
1.696506631
1.685371944
1.685537688
1.685449927
1.685532817
1.685503334
1.685469973
1.700543595
1.685441271
1.685406647
1.685367172
1.685590393
1.685490198
1.685437013
1.684901316
1.684838905
1.684432358
1.684510283
1.68459769
1.684765019
1.684656014
1.685011231
1.68499156
1.68489751
1.684766157
1.685418057
1.68539324
1.685401599
1.68544884
1.685455378
1.685469217
1.685430881
1.68536829
1.685252209
1.684861793
1.685065137
1.726040157
1.743460038
1.738260011
1.70982678
1.701268381
1.685796285
1.685607886
1.685596473
1.739394369
1.744476814
1.746651596
1.706045453
1.710096852
1.731175261
1.728277432
1.733379269
1.723744415
1.714321795
1.719147118
1.692476667
1.685333861
1.688921518
1.686228588
1.695930779
1.697309505
1.700523463
1.69578587
1.693035044
1.696341742
1.697598337
1.695749675
1.704040767
1.707341402
1.702369482
1.705709508
1.703952363
1.713394704
1.702626308
1.70303667
1.704196265
1.703758009
1.701495788
1.702293261
1.717965558
1.720672564
1.723027779
1.723249212
1.722763874
1.704945865
1.724266479
1.71128567
1.716326509
1.72149866
1.69020377
1.685341718
1.690985804
1.695832187
1.685243976
1.68524996
1.685247749
1.685306554
1.685193406
1.685357048
1.685302929
1.685291648
1.697539532
1.685264457
1.685243358
1.685345427
1.685372467
1.685201046
1.685216651
1.685166021
1.684679525
1.684660889
1.684369423
1.684434054
1.684501745
1.684596838
1.684533436
1.684776876
1.684659328
1.684587946
1.686849433
1.685512947
1.685499128
1.685404693
1.685484907
1.68544511
1.685512018
1.685335303
1.685330175
1.685184526
1.684704517
1.68487711
1.685028636
1.728166194
1.742746528
1.711468779
1.719010949
1.706271873
1.699360992
1.686297184
1.736705373
1.743535887
1.750366293
1.749183519
1.710470306
1.713982963
1.730430989
1.727215432
1.722226016
1.717726425
1.696453302
1.692856353
1.689179315
1.689125678
1.699202809
1.699965417
1.701712071
1.700450014
1.699348556
1.702599714
1.701528721
1.704850836
1.70848412
1.711567011
1.704776303
1.708238992
1.709843696
1.719655894
1.706451595
1.709816648
1.707640018
1.704784444
1.704615247
1.72480173
1.729060731
1.728148071
1.725994394
1.726871838
1.70360824
1.725607426
1.710365994
1.716524456
1.721699343
1.689841602
1.691975828
1.692132455
1.686241839
1.685106769
1.685116874
1.691359688
1.685043715
1.6849536
1.684960599
1.684930251
1.68499834
1.685026053
1.685011442
1.696706666
1.684995805
1.68825032
1.684828412
1.684537226
1.684513617
1.684324003
1.684387435
1.684425009
1.684465601
1.684559227
1.684505393
1.684467255
1.684565668
1.684449362
1.688429111
1.686315583
1.685552904
1.685534252
1.685366612
1.68548147
1.685404804
1.685510081
1.685221541
1.685253989
1.68508665
1.684587452
1.684874177
1.684643958
1.684728936
1.684934344
1.729332988
1.741446852
1.722788158
1.714608801
1.706152123
1.733454029
1.751002833
1.741350755
1.749544231
1.754605817
1.715373074
1.718521578
1.726060516
1.721727455
1.730382913
1.696501752
1.692094091
1.700849363
1.690618638
1.704942288
1.703013709
1.705373119
1.707035075
1.707519462
1.712275595
1.706660328
1.707176122
1.714130335
1.714422988
1.725783985
1.712011994
1.715882624
1.710966764
1.709546343
1.733944301
1.735722395
1.734379639
1.730050028
1.727509758
1.703126225
1.725204381
1.709893277
1.720174364
1.715585502
1.703566125
1.72353874
1.68620109
1.684960369
1.684960064
1.716423525
1.688708581
1.691836397
1.684847008
1.700102635
1.691540228
1.697531533
1.68477476
1.685994856
1.684724383
1.684722853
1.695945023
1.684722567
1.710488876
1.698815533
1.684435287
1.684399267
1.684325692
1.684295364
1.684343869
1.684371787
1.684432457
1.68440328
1.684373244
1.684365586
1.684468597
1.684382185
1.686429042
1.688014623
1.68554213
1.685292005
1.685330979
1.685434785
1.685472275
1.685117392
1.685155876
1.684972493
1.684515245
1.684777456
1.684654316
1.684821018
1.735414052
1.745910896
1.731391907
1.723776787
1.738385264
1.756172736
1.748325306
1.757200637
1.71998007
1.724379371
1.726983279
1.734961132
1.70473088
1.69428483
1.698514327
1.69010946
1.708333928
1.707402896
1.711566144
1.70945647
1.713122105
1.709863023
1.716952202
1.708249917
1.71090228
1.720239726
1.733931367
1.719937703
1.717196628
1.716608081
1.743890122
1.748854421
1.73508159
1.728158994
1.724381099
1.700410174
1.719037399
1.708515975
1.713455455
1.684828583
1.684820628
1.730307334
1.726529131
1.686839343
1.689767099
1.684693715
1.71079421
1.710193723
1.709799512
1.684603281
1.703807337
1.686957596
1.696138972
1.690620768
1.692409421
1.684757608
1.723827182
1.684274486
1.712965131
1.6843508
1.684325528
1.684291098
1.684306239
1.68434679
1.684327527
1.684307666
1.68430477
1.687651873
1.684315055
1.684399542
1.684332463
1.684431192
1.686156897
1.685197588
1.685335334
1.68500343
1.68504997
1.685016652
1.684613445
1.684686268
1.686117385
1.758419245
1.751605083
1.741988023
1.74963482
1.737000812
1.745509233
1.762330675
1.763187715
1.755219156
1.725981378
1.733252415
1.743601193
1.702152212
1.706330571
1.692274571
1.695394438
1.689023538
1.712676439
1.712937659
1.714145253
1.711177324
1.718006719
1.714386576
1.722656926
1.710473358
1.716271986
1.736618253
1.724145673
1.725828879
1.723968694
1.723015766
1.742884298
1.755504703
1.731013614
1.718310293
1.726676112
1.693006904
1.700225547
1.711956146
1.704275135
1.684698263
1.714567491
1.739489178
1.738438622
1.689332879
1.68775884
1.687250023
1.685920219
1.722573767
1.722437131
1.691036848
1.70711668
1.700216015
1.697496129
1.691112703
1.691528313
1.736476797
1.684258717
1.724979765
1.68429323
1.684278906
1.684268778
1.68426511
1.684291046
1.684278707
1.684269256
1.68427165
1.687344716
1.684281795
1.684351408
1.684299319
1.686034522
1.686314758
1.686047329
1.686044355
1.687584059
1.687074193
1.762669882
1.756701697
1.747189566
1.755097882
1.768258563
1.765384285
1.734021814
1.755082828
1.744909089
1.688850175
1.69957973
1.703106569
1.693536591
1.690726242
1.706307194
1.71660902
1.718708665
1.711929204
1.728367342
1.729716683
1.720661215
1.688249997
1.713932923
1.738429326
1.729605635
1.730343429
1.729173079
1.74345599
1.757446181
1.725412539
1.714732346
1.693421805
1.694436703
1.702824898
1.716487199
1.751771424
1.750535071
1.691207845
1.690623165
1.735561247
1.734918369
1.698397267
1.71935201
1.709499184
1.7038976
1.694868359
1.69629688
1.751723001
1.684249488
1.699767613
1.737020994
1.728822759
1.684260702
1.684254375
1.684250242
1.684248509
1.684248263
1.684259211
1.684251939
1.68425247
1.687580301
1.68426312
1.685687982
1.685095924
1.687838761
1.687852723
1.687879727
1.689381013
1.767385338
1.775259154
1.763115578
1.78301141
1.764106366
1.771825847
1.747241991
1.763670037
1.689673972
1.699203087
1.695790304
1.691650542
1.704387312
1.716930886
1.723169208
1.709988743
1.743517902
1.734570281
1.724936486
1.728120432
1.689193649
1.688812838
1.721768377
1.733431761
1.733724873
1.731900796
1.738738431
1.744893765
1.746139775
1.710762761
1.718638086
1.701432325
1.696073796
1.695595399
1.764302444
1.695872286
1.748861952
1.74740027
1.722598441
1.70439811
1.711869541
1.701714042
1.703154855
1.766223269
1.778712371
1.684245281
1.706906188
1.712186092
1.749710297
1.736444461
1.684246107
1.684244908
1.684241528
1.684242529
1.684245287
1.684244192
1.684662291
1.685672861
1.68962272
1.685549112
1.687210972
1.686867708
1.68978151
1.691426223
1.69065561
1.794960603
1.786219725
1.798435279
1.786983985
1.772449983
1.772420229
1.759755718
1.690358111
1.697805621
1.693043123
1.703850253
1.713831698
1.698005585
1.74491833
1.71499448
1.734672082
1.728072226
1.690180326
1.690195626
1.692048412
1.733712323
1.748095912
1.727306644
1.732742359
1.743323973
1.726933321
1.729498382
1.70815599
1.70034349
1.70300971
1.696218573
1.722364631
1.76107073
1.71217521
1.711299202
1.782930696
1.80028308
1.68424672
1.721738138
1.731080172
1.773119618
1.762883369
1.749560867
1.684247197
1.684249801
1.684248503
1.684446341
1.684244247
1.686831506
1.686213244
1.687225235
1.692875306
1.687140367
1.693050249
1.688561369
1.691488604
1.821528529
1.818208592
1.799905728
1.783663877
1.769026102
1.691122678
1.693182889
1.691281338
1.693733125
1.704295647
1.707491571
1.698937758
1.758525971
1.713319586
1.734921784
1.723768218
1.69179013
1.694775208
1.694576143
1.771684388
1.752152943
1.725049171
1.752011412
1.718420317
1.719684258
1.708193745
1.7011771
1.700494109
1.708734275
1.808076312
1.684258703
1.731959134
1.744832489
1.784767472
1.769429791
1.830173685
1.684260535
1.684799688
1.684823407
1.688497939
1.685669679
1.688100103
1.687835479
1.694797199
1.688527608
1.692124081
1.69012582
1.689507743
1.849403981
1.837575291
1.823601708
1.806671997
1.782958157
1.692773439
1.691686102
1.694559921
1.693400879
1.694565369
1.772869701
1.707981859
1.70341263
1.699198513
1.711606883
1.740323429
1.720601115
1.697335583
1.696655876
1.700531195
1.795042394
1.771005143
1.768342361
1.806911774
1.725316542
1.712258772
1.723248879
1.705967963
1.708867992
1.720806778
1.826778074
1.837462413
1.80655795
1.684279457
1.750342676
1.764647639
1.786541494
1.838300601
1.686403658
1.687416234
1.688159178
1.689871969
1.688715071
1.689228339
1.691892402
1.690119638
1.690584685
1.691025616
1.870048917
1.862831705
1.842870246
1.845170185
1.810304919
1.694502023
1.697037844
1.695198808
1.695830911
1.76128685
1.704652226
1.699056725
1.714907927
1.698586211
1.695672846
1.693037053
1.699710976
1.704170284
1.813150562
1.762788296
1.84600443
1.72484723
1.718874792
1.738296625
1.719919264
1.740873542
1.837589255
1.822602964
1.859821767
1.820850683
1.833861155
1.808369758
1.77241623
1.687221141
1.774851518
1.796862296
1.834606001
1.689217684
1.690122058
1.690994853
1.691576208
1.692256022
1.690941969
1.692846297
1.691952955
1.876308047
1.874706173
1.866692536
1.85121147
1.795607808
1.698064308
1.702215901
1.701764453
1.699428656
1.702412207
1.715514498
1.704041677
1.695051612
1.693797467
1.696960666
1.700953245
1.705981892
1.704854523
1.781271695
1.735799246
1.815580811
1.770497862
1.792409636
1.75887324
1.767857542
1.794676195
1.804879366
1.817930612
1.816486909
1.793158849
1.822270924
1.883014204
1.869264846
1.823227336
1.853263082
1.689440794
1.818345471
1.877329278
1.691816814
1.693103447
1.694712494
1.692841697
1.694206495
1.912914567
1.870766622
1.7973393
1.728653533
1.705870758
1.705475267
1.707575319
1.7106227
1.694492727
1.695278502
1.696154907
1.69857841
1.702534265
1.707984916
1.771314416
1.82462444
1.773791269
1.827924567
1.780319895
1.843971013
1.817169702
1.832518491
1.795454069
1.824260384
1.821114218
1.841973185
1.861325647
1.914384073
1.960897067
1.929638739
1.899832159
1.9372625
1.853251713
1.807254907
1.691385261
1.891036458
1.909907482
1.693012038
1.696003004
1.697430262
1.696482415
1.888241103
1.802375244
1.760137344
1.732524466
1.706426908
1.70680748
1.710517555
1.696802302
1.697847057
1.698925851
1.701919878
1.706004966
1.705532529
1.709293656
1.835272365
1.863351583
1.841159903
1.829752035
1.894285699
1.905420543
1.89361301
1.846273549
1.79644219
1.802946377
1.846086754
1.908268183
1.872777789
1.861076832
1.897407253
1.898011706
1.871521392
1.833130831
1.940505429
1.94142105
1.695061057
1.698197379
1.700874701
1.700640998
1.815170163
1.75100204
1.731358318
1.714661846
1.710395411
1.700370326
1.701214574
1.702210238
1.706742186
1.711316926
1.714292259
1.897657044
1.902760784
1.930920789
1.883162031
1.893853509
1.926485898
1.965661289
1.919835987
1.823702208
1.817391289
1.923714607
1.813996677
1.913492299
1.933501181
1.894410821
1.898914015
1.900997321
1.897282789
1.80401367
1.940742787
1.806967609
1.69767288
1.701277011
1.70578834
1.746412936
1.72986178
1.727574071
1.723082399
1.706678645
1.705465512
1.71141784
1.720632652
1.972356116
1.945710988
1.928096163
1.897165697
1.892340551
1.931972876
1.956098173
1.943269412
1.881559371
1.854368631
1.947239834
1.84148141
1.939181231
1.902561566
1.826950002
1.874527597
1.920739668
1.831513387
1.756064945
1.826644553
1.700984037
1.704603195
1.70586639
1.710067149
1.754745972
1.76000407
1.749196125
1.732638621
1.712969378
1.712783276
1.715859628
1.718391536
1.949832893
1.979297905
1.897649192
1.889642457
1.913155642
1.914866484
2.000000024
1.899989197
1.977239271
1.983351359
1.884283267
1.883424206
1.901486015
1.827199728
1.836938863
1.897806799
1.774390936
1.789160186
1.805815395
1.705641277
1.708515076
1.71539018
1.776907371
1.74661567
1.725594235
1.723340434
1.719941653
1.908273837
1.938074337
1.916116144
1.90165806
1.912052141
1.833993954
1.979797469
1.946723687
1.981645366
1.892961223
1.880196846
1.890236226
1.883517741
1.857052374
1.893081676
1.773743948
1.780478936
1.766697609
1.712141403
1.716333372
1.726677351
1.736490762
1.737557589
1.741717874
1.729948982
1.926428498
1.947208995
1.947124605
1.912888054
1.848083386
1.778855636
1.955002612
1.98120078
1.934089145
1.946073436
1.919983701
1.876169943
1.889607812
1.910633774
1.912431121
1.92609496
1.751261542
1.753496489
1.718091958
1.724643605
1.735750701
1.735614754
1.756164901
1.770059995
1.759023232
1.941097146
1.934365076
1.952461604
1.923296862
1.815611213
1.783767574
1.962360339
1.956165118
1.922349835
1.925604946
1.921413861
1.931900337
1.943338801
1.924899534
1.930732257
1.937125721
1.743308805
1.731294266
1.753937834
1.76391041
1.762759104
1.777118365
1.784987779
1.758998236
1.969036058
1.958561759
1.966013432
1.879780351
1.809018408
1.95217635
1.933726781
1.928442572
1.939491841
1.939033818
1.920625624
1.95863422
1.961281213
1.786542245
1.767870045
1.737526871
1.764018483
1.785408516
1.773003133
1.772411092
1.953207602
1.970757475
1.837163744
1.896628132
1.955613528
1.954009684
1.96544118
1.966072431
1.975180653
1.968215202
1.937939454
1.785095337
1.785590392
1.740571517
1.758423793
1.765703385
1.814319808
1.966504166
1.96635953
1.813440343
1.900938431
1.97630003
1.964197064
1.950852341
1.963120377
1.962256928
1.945603687
1.929884351
1.771340796
1.755188151
1.759148486
1.846267358
1.76857206
1.980718243
1.938097964
1.862905003
1.96868639
1.937631024
1.93117113
1.93780611
1.930493766
1.923971728
1.756258665
1.788742668
1.84756354
1.757035348
1.771750424
1.957616348
1.930827666
1.938073961
1.908913461
1.92890254
1.916754664
1.918217172
1.774214266
1.88482048
1.779994292
1.750388815
1.948006751
1.924684134
1.898149892
1.90871055
1.907530776
1.905224226
1.743625879
1.811811299
1.756885449
1.972105808
1.904685664
1.891546134
1.893480802
1.873327092
1.761273753
1.752945793
1.809543506
1.863872806
1.928102313
1.895837743
1.898052772
1.812216407
1.793824746
1.837394276
1.847877798
1.884189221
1.890647421
1.884250874
1.848224005
1.844608384
1.840034104
1.848964792
1.947499025
1.908119717
1.857648656
1.843012054
1.905415253
