1.901306608
1.895607524
1.92555861
1.910980339
1.887791397
1.884968243
1.928165202
1.915442353
1.895576541
1.931629318
1.888634283
1.940987038
1.889610569
1.885646353
1.908610778
1.9296365
1.884675327
1.930918989
1.925601563
1.908551255
1.895230722
1.933706268
1.93273796
1.941658887
1.949409537
1.93477087
1.892307068
1.891129149
1.886503781
1.889183364
1.902567956
1.927186239
1.893695098
1.937626727
1.934699076
1.922916725
1.930821904
1.908986716
1.934225626
1.934154209
1.936808826
1.940299523
1.944799611
1.865757536
1.874036741
1.88980819
1.896932659
1.868364539
1.904275907
1.905608364
1.91894473
1.936433935
1.939735963
1.940897493
1.936254899
1.948942233
1.938627046
1.94231633
1.947529088
1.951210177
1.956263661
1.964901126
1.960195733
1.836658712
1.839771673
1.871963774
1.878976642
1.897125228
1.913056416
1.849233787
1.930104821
1.949818934
1.941226332
1.943568703
1.947701979
1.952589041
1.960436691
1.948633719
1.952635886
1.952823426
1.95382287
1.958929212
1.967718432
1.962305129
1.971768184
1.975830241
1.818370453
1.812724507
1.830561454
1.859892247
1.889692325
1.915904554
1.939277271
1.834073691
1.964431305
1.950756231
1.946686875
1.951844433
1.954104593
1.959665077
1.962846953
1.970747121
1.957666152
1.958349601
1.960900432
1.965716263
1.970101457
1.97561173
1.976522876
1.974954885
1.978865416
1.980638751
1.98572122
1.806857092
1.798260893
1.803129126
1.871737458
1.846468675
1.903882953
1.931204923
1.967299273
1.825353541
1.955405227
1.961330119
1.957288456
1.960696876
1.964679269
1.970729111
1.975882793
1.971201115
1.967017339
1.971222657
1.979098949
1.98213531
1.989361659
1.986161549
1.983843276
1.984294863
1.985111582
1.987387243
1.985909244
1.98188517
1.93182745
1.970464951
1.963552397
1.802013338
1.792293067
1.790896193
1.852998231
1.884489953
1.828536955
1.916685551
1.955553262
1.811720741
1.966109198
1.966829858
1.972885022
1.969409968
1.975476992
1.975130401
1.980423445
1.98269658
1.97429374
1.963051468
1.978876991
1.985825297
1.99435318
1.996022355
1.995480076
1.995520023
1.990475343
1.989475931
1.987079613
1.976339429
1.968256889
1.915203959
1.934732648
1.949609519
1.963744253
1.958348495
1.911351042
1.796428857
1.794139027
1.789640508
1.87423083
1.84206218
1.899202591
1.817848615
1.934301623
1.803672505
1.979413859
1.978332492
1.977202241
1.983103183
1.981643167
1.982852183
1.985315921
1.983527636
1.976533286
1.953999703
1.935639724
1.989428617
1.994017892
1.996086126
1.997031273
1.994426741
1.992111947
1.987868525
1.983471366
1.975205703
1.966178338
1.960117894
1.908685714
1.920382606
1.954557954
1.942363258
1.957411754
1.913413052
1.92188303
1.92821132
1.795861337
1.796056267
1.79939483
1.877476329
1.855968492
1.828401263
1.908020699
1.807541348
1.798375235
1.989473628
1.987206168
1.987462044
1.983119818
1.990580781
1.990552088
1.993127026
1.964163165
1.944695707
1.916989957
1.900919287
1.992152561
1.989711795
1.98963876
1.983007928
1.979872099
1.976704772
1.971418266
1.970403677
1.963119934
1.957376578
1.954800391
1.911521698
1.906460355
1.928823105
1.952454554
1.944594774
1.915007647
1.924917136
1.925849798
1.927598545
1.796505798
1.799956632
1.929419247
1.800180012
1.882545398
1.86339585
1.841464462
1.817714117
1.803077099
1.796679937
1.996685054
1.997134123
1.996006993
1.990294302
1.964063237
1.995684506
1.993019864
1.987723053
1.929576596
1.910110209
1.884973227
1.873562092
1.981778259
1.981542353
1.974977057
1.970394166
1.967216738
1.963020528
1.960213216
1.954228651
1.952222889
1.94943559
1.904501488
1.916944739
1.903768353
1.933774785
1.94177989
1.915968433
1.922208353
1.936943565
1.795996192
1.805593907
1.803618265
1.935967205
1.805748188
1.864432205
1.847956124
1.82951247
1.809843643
1.79890313
1.794988362
1.998739405
2.000094591
1.990729773
1.995979466
1.974078491
1.927745337
1.990860516
1.985026701
1.97637972
1.885537694
1.86018378
1.851447783
1.973284744
1.969121368
1.964948603
1.962156533
1.958151087
1.955923393
1.951353292
1.95083168
1.948833325
1.908483827
1.896886146
1.922976637
1.901420706
1.935132154
1.939054145
1.910908838
1.928787952
1.950708952
1.952014139
1.793814699
1.804189536
1.951230439
1.954403169
1.945362357
1.802476184
1.844326854
1.830066263
1.816645307
1.803644516
1.798811745
1.79393261
1.989556485
1.996632445
1.993683988
1.969401256
1.990288808
1.941148163
1.893855277
1.984574845
1.976516746
1.971030809
1.859376247
1.836250093
1.830516645
1.96906985
1.963393395
1.961162469
1.956428717
1.950557091
1.948249408
1.944836697
1.925828519
1.904035478
1.890862405
1.896062649
1.934508876
1.936257203
1.925802937
1.945130657
1.957185157
1.793444501
1.79871257
1.954207931
1.947456048
1.936544022
1.936309111
1.942803092
1.936489063
1.792403825
1.826291286
1.815823929
1.809174073
1.802347623
1.797778857
1.792738234
1.993297185
1.963409215
1.995862012
1.990147486
1.932340779
1.984102062
1.905625456
1.859033473
1.982527661
1.977789814
1.978970318
1.836040442
1.819435625
1.815405104
1.975034787
1.975888564
1.968780071
1.957683762
1.95362609
1.945541794
1.932828419
1.913563228
1.889850245
1.884774564
1.903575616
1.935528301
1.940998751
1.929125722
1.947022069
1.944631207
1.79011131
1.790584382
1.93858828
1.933229825
1.936978996
1.947041593
1.945560085
1.93257328
1.783093677
1.812356754
1.807931211
1.80083653
1.798139145
1.794778185
1.997201794
1.979955349
1.928623841
1.992909374
1.987141425
1.890104505
1.989080829
1.865355808
1.832852676
1.987526217
1.990832213
1.990997308
1.818342516
1.811134267
1.807177634
1.996855012
1.986946919
1.974691788
1.964816092
1.958835531
1.915792206
1.935269905
1.894245973
1.877508663
1.882827241
1.903559733
1.936924344
1.958162235
1.924560776
1.930508521
1.925565848
1.791443726
1.789730393
1.91875594
1.934760072
1.956824377
1.951727913
1.912033219
1.77694352
1.807135285
1.807015505
1.804530049
1.802461867
1.798806735
1.986346946
1.991473166
1.946111881
1.895128939
1.989444954
1.991990975
1.857456032
1.993834763
1.835924491
1.811690484
1.995739543
1.997413273
2.009137214
1.80216378
1.799770392
1.802335078
2.007004487
1.999421644
1.983275353
1.984507441
1.896197968
1.929604332
1.875517299
1.869661202
1.881019496
1.90738069
1.959535643
1.980416099
1.91858055
1.913801596
1.925213871
1.786196231
1.795856384
1.914742596
1.951938247
1.965270907
1.896763033
1.911256445
1.779033773
1.793329162
1.774119273
1.80425402
1.80578767
1.805995515
1.801557479
1.803343171
1.960172352
1.977878103
1.984801996
1.913894486
1.865763941
1.985242509
1.984869186
1.837244782
1.827405227
1.983863725
1.809877015
1.991609843
2.002687126
2.012547069
1.78852477
1.787183115
1.792803089
2.015673479
2.003600804
2.001735704
1.876123552
1.948376842
1.860464868
1.864704894
1.887939335
1.910699509
1.981355309
2.001302931
1.907575863
1.906853707
1.934034613
1.787856104
1.917590412
1.955019092
1.88843492
1.922828607
1.776006748
1.790818506
1.781767658
1.855597638
1.769775072
1.799277803
1.801677855
1.800950308
1.800205565
1.792004646
1.920408555
1.954528539
1.974852868
1.979081341
1.877200167
1.840937798
1.975650357
1.972196703
1.815120627
1.805159576
1.976653782
1.983300102
2.005878338
1.991305277
2.012261925
1.778899935
1.779536267
1.789854408
2.009217244
2.006990903
1.869677647
1.857243485
1.971767314
1.875501784
1.903231806
1.909564111
1.997080836
2.008095235
1.902321344
1.911429483
1.934018766
1.778411018
1.918901423
1.895754748
1.944067954
1.771128875
1.780990733
1.790639849
1.775252839
1.854191791
1.868616845
1.762835002
1.795895945
1.796591016
1.793205563
1.789118963
1.779835692
1.921460675
1.887178776
1.953477479
1.970959284
1.970291305
1.848757799
1.818164197
1.967689147
1.968176008
1.799969403
1.972657857
1.981311356
2.000667359
1.993324375
2.006178525
1.77255425
1.783872606
1.77287721
2.013297288
1.876361183
1.856922822
1.978914588
1.896052088
1.901188607
1.897609117
1.99723394
2.013273343
1.915346949
1.922325388
1.767176093
1.771659729
1.910036165
1.946914997
1.77747902
1.784527179
1.793284415
1.77225442
1.851566157
1.861972878
1.883165723
1.758348066
1.75321861
1.7934169
1.79116279
1.782631075
1.774964235
1.767977575
1.931260128
1.893843596
1.861061452
1.949347065
1.966632621
1.965784683
1.829642314
1.806394932
1.96208703
1.963872421
1.968400609
1.97722171
1.984974245
2.002387302
1.768949387
1.777616464
1.767275216
2.011859732
1.882948892
1.861242308
1.972602486
1.892771939
1.887956999
1.903502254
1.994262888
2.007949399
1.919321826
1.75956803
1.917657655
1.943582874
1.779841541
1.786153561
1.794712531
1.806045036
1.773247109
1.851492804
1.849501655
1.86529668
1.879712435
1.746877823
1.74260861
1.787269669
1.77670973
1.768430384
1.761076273
1.757784374
1.914699728
1.934287479
1.879034206
1.84593346
1.9391953
1.94687663
1.948145184
1.954687928
1.817655717
1.955203914
1.955221704
1.961893063
1.969261628
1.995162289
1.768413267
1.768138033
1.76496384
1.996586358
1.864156346
1.895542654
1.968502556
1.876661326
1.882551565
1.898768312
1.990454494
1.995328703
1.750697305
1.931552769
1.94879892
1.796276079
1.785864167
1.802679954
1.806835564
1.812338041
1.777302621
1.844659678
1.853283416
1.854254779
1.86626574
1.87095214
1.788745167
1.861026455
1.742007974
1.737574686
1.734475713
1.770225925
1.76236255
1.753272379
1.750961955
1.749757455
1.928076589
1.900319255
1.936485993
1.863748041
1.834743637
1.936629338
1.936774379
1.940075746
1.948054424
1.949513454
1.94995498
1.954241054
1.9747486
1.770396654
1.76129148
1.767044314
1.980434257
1.873201975
1.902828213
1.971716655
1.86541218
1.875317456
1.983908525
1.98667469
1.93322231
1.951659757
1.805517512
1.798708661
1.809280195
1.811276986
1.816837673
1.829728301
1.77866743
1.844562265
1.843569097
1.852789239
1.861290275
1.857793343
1.78652837
1.777885907
1.85056048
1.856563991
1.734708764
1.740151324
1.73093633
1.728691449
1.756702631
1.750229932
1.745045506
1.744540021
1.744324316
1.918965513
1.933078064
1.883349041
1.936883329
1.849025137
1.937984222
1.935698148
1.936982921
1.938637567
1.9452871
1.944893167
1.956918169
1.771306078
1.759584226
1.767984357
1.965010359
1.882658373
1.907932281
1.968040291
1.860261742
1.984295612
1.977581037
1.921909527
1.9453563
1.803508539
1.791044397
1.809676372
1.810453579
1.821841131
1.838897597
1.772587826
1.842114089
1.852009299
1.843009615
1.846365365
1.8681384
1.773566436
1.771125269
1.763491113
1.852286908
1.846127054
1.855699019
1.732981992
1.730076526
1.73624585
1.726478639
1.724833811
1.75091735
1.745386845
1.739628661
1.737513928
1.902621908
1.931333896
1.943740649
1.867681055
1.948292877
1.943482453
1.936981582
1.933488088
1.933856484
1.940871104
1.945093611
1.937717507
1.767308642
1.755875835
1.759802917
1.954004158
1.880468915
1.888693671
1.893579108
1.971893467
1.856774839
1.976758911
1.955405301
1.912295899
1.942596935
1.782756778
1.79156864
1.797415991
1.815158442
1.835375251
1.860553935
1.761156626
1.847428808
1.838142333
1.859643792
1.839169269
1.761696424
1.768939275
1.758605744
1.75235891
1.853874668
1.845411081
1.728669397
1.729265052
1.726803623
1.731230967
1.723297521
1.721779861
1.748572776
1.740604296
1.734137152
1.926932979
1.892593804
1.952030165
1.955921117
1.94793664
1.940794959
1.932411951
1.930849255
1.931161776
1.935052212
1.757475199
1.751700105
1.749411105
1.936408371
1.867101753
1.877937235
1.872799635
1.881293227
1.949108646
1.861858985
1.952093192
1.936209664
1.901495137
1.92071939
1.778209812
1.787433738
1.805445277
1.82648161
1.849193551
1.879708176
1.752936826
1.855484826
1.840563569
1.840249763
1.756765401
1.76411996
1.773693082
1.751939947
1.745204407
1.85978321
1.852652294
1.845793427
1.726182669
1.723426356
1.724242619
1.724383165
1.728952419
1.719025912
1.720566804
1.742204176
1.735060022
1.914732464
1.952688782
1.969364353
1.962700537
1.952245292
1.939887801
1.932459564
1.927851552
1.927249972
1.746554357
1.742226037
1.740344863
1.92344932
1.858009738
1.866084167
1.855764995
1.854327493
1.868240078
1.904381136
1.923380403
1.868790788
1.927883015
1.916942165
1.885330517
1.785683101
1.805836316
1.835529314
1.870152003
1.913814667
1.74308817
1.846557827
1.841462817
1.765156003
1.756123755
1.775891138
1.786955509
1.746878956
1.739912901
1.864568701
1.854095938
1.846530857
1.722829997
1.723902272
1.721245304
1.720146492
1.719837787
1.729562067
1.717764016
1.715072192
1.717096294
1.720478767
1.72475486
1.718360258
1.71695014
1.718088211
1.734090041
1.952802955
1.969955633
1.970463549
1.960943465
1.949450962
1.939672462
1.932180142
1.92282294
1.738895591
1.734986413
1.734367375
1.911369759
1.845015765
1.846616697
1.835013772
1.838955243
1.855771243
1.882754314
1.871741294
1.90002297
1.867764322
1.898948149
1.895197403
1.804215036
1.83144425
1.869155711
1.912650498
1.948092762
1.736797662
1.847512184
1.76315217
1.775596808
1.748316548
1.79000827
1.801386091
1.740366793
1.735697229
1.860696933
1.853094585
1.849308028
1.720340156
1.720955945
1.718473429
1.728100586
1.716956302
1.715950703
1.71409199
1.71462301
1.71344821
1.716017044
1.717935206
1.724553706
1.720843721
1.716469919
1.716536513
1.715108215
1.715038649
1.729382791
1.964222775
1.963901396
1.952286558
1.943934269
1.937555641
1.932523729
1.925143142
1.734167272
1.731547304
1.730379606
1.91623097
1.89645022
1.838879132
1.850591972
1.828259516
1.821300554
1.828781941
1.851620562
1.853616254
1.865013055
1.876949776
1.859231104
1.869957176
1.868517747
1.824479412
1.861225745
1.898564234
1.928298214
1.946803127
1.732879318
1.750699602
1.767526335
1.782537495
1.740870931
1.798066507
1.821938645
1.734558166
1.73209951
1.856192075
1.852530371
1.853716355
1.718499234
1.715530346
1.712418819
1.712880869
1.713566354
1.712127362
1.854040334
1.838162431
1.722474219
1.796986371
1.716347571
1.727219511
1.718016764
1.720122168
1.714110931
1.714951834
1.713177875
1.712920714
1.729632222
1.954915336
1.944933296
1.930193285
1.923041864
1.916728359
1.921621615
1.728349049
1.726508682
1.903063705
1.879006535
1.839481436
1.851263022
1.818888961
1.811264863
1.818353905
1.83462205
1.844227907
1.854502581
1.85421199
1.849082679
1.851138279
1.851790661
1.881439399
1.916507341
1.936003892
1.935109853
1.728316085
1.741248899
1.756876565
1.777202431
1.734562394
1.819087026
1.848551788
1.728770067
1.724516595
1.85458937
1.855572544
1.714450483
1.71090045
1.711200748
1.711228809
1.711681123
1.712698537
1.711160685
1.851791528
1.818664455
1.819263777
1.725161934
1.722871726
1.816912197
1.794700246
1.721977949
1.709707319
1.710527727
1.716029973
1.725060197
1.718306739
1.721171393
1.712012701
1.712908801
1.711104419
1.710436413
1.934218225
1.925557115
1.911565021
1.898837901
1.898853227
1.721619372
1.720822691
1.87619295
1.854270905
1.831000734
1.847132491
1.809340091
1.793404149
1.805119094
1.80482374
1.822666747
1.831833038
1.849723721
1.82515908
1.826715143
1.881481901
1.909558373
1.923998936
1.926853938
1.915526642
1.734975834
1.747955744
1.766026544
1.7291961
1.840765027
1.866052734
1.723687784
1.719869377
1.855260426
1.852314511
1.714050195
1.70960541
1.7094965
1.709707368
1.710057021
1.712205723
1.846238482
1.797237965
1.797606803
1.722009492
1.835592048
1.810950685
1.784576485
1.718058062
1.70823136
1.708922267
1.712115261
1.710229979
1.708624204
1.718691258
1.777821671
1.740291998
1.716300517
1.717965512
1.718695842
1.716614394
1.709952341
1.708636733
1.707631022
1.708060407
1.911077202
1.90473461
1.8866698
1.875573067
1.716761337
1.852552804
1.831674372
1.813152883
1.836276864
1.792790258
1.77994335
1.786775299
1.784196021
1.799789677
1.806080174
1.83951397
1.799627069
1.800982054
1.885485246
1.8998999
1.900735858
1.907770836
1.90369547
1.893617729
1.730643938
1.754924609
1.725371638
1.862394647
1.720894487
1.717241844
1.848342329
1.839411319
1.714217754
1.707788211
1.707402655
1.707650747
1.839073616
1.776236974
1.849410293
1.819783008
1.795927426
1.771842145
1.71572254
1.70730667
1.706901652
1.708432334
1.714325724
1.71236672
1.710260488
1.706786395
1.714892864
1.766875307
1.760560502
1.734727168
1.742791216
1.706863765
1.72341279
1.706891299
1.71660966
1.714066747
1.714364965
1.712654579
1.706765368
1.707626858
1.706767646
1.706828412
1.706832259
1.885807929
1.869203591
1.859941186
1.714020652
1.833619461
1.809995267
1.817546554
1.800315589
1.780462982
1.767217696
1.773622054
1.774941746
1.782293265
1.827004373
1.775286039
1.781957902
1.882976191
1.871231338
1.879852534
1.883912529
1.888934793
1.886613842
1.869111687
1.729442109
1.749826473
1.71846025
1.7152823
1.831958928
1.81930649
1.706902841
1.706893166
1.706872585
1.706828909
1.825916467
1.757151631
1.852360273
1.826643045
1.801202221
1.780663417
1.762649156
1.706922479
1.706934368
1.708252304
1.714399572
1.712397329
1.710184604
1.712037103
1.752849114
1.763053412
1.74712261
1.736865318
1.72106736
1.725104844
1.706875484
1.706912956
1.706815296
1.706928795
1.71199952
1.712156345
1.712386747
1.710583984
1.710314411
1.706825439
1.706898112
1.706886483
1.706908776
1.706913742
1.849082947
1.841807831
1.71376755
1.817499905
1.79778043
1.784755067
1.803968123
1.786224963
1.767354005
1.75639257
1.754283923
1.761769684
1.805928765
1.756170138
1.763175852
1.860412107
1.865149609
1.861757547
1.870054385
1.876764978
1.859058007
1.730115363
1.74577898
1.716852361
1.815768966
1.805328394
1.706950627
1.706956199
1.805899876
1.742918512
1.848793867
1.82714713
1.806476981
1.78858362
1.769911369
1.756886445
1.706939985
1.706962885
1.707877401
1.71091165
1.709393502
1.710904057
1.742986938
1.748370558
1.751876618
1.737744936
1.736665296
1.720563474
1.72505106
1.706859618
1.706902596
1.706772198
1.706711151
1.709246693
1.707806725
1.709428348
1.70857722
1.712518567
1.708630198
1.706975227
1.706984507
1.706996312
1.706975951
1.824781068
1.833200235
1.715271
1.802805706
1.786272019
1.769422063
1.788499988
1.770230547
1.757435317
1.751021229
1.74432804
1.739535434
1.781692419
1.742045542
1.736428532
1.749666098
1.84295196
1.842621379
1.84646348
1.85600922
1.852003346
1.729608039
1.735787328
1.744070528
1.752144967
1.719068529
1.795044471
1.787934456
1.706986868
1.707006649
1.783797264
1.733423454
1.826057178
1.808758557
1.794474436
1.775835424
1.761158328
1.706940518
1.706974814
1.706656539
1.706581396
1.708124682
1.707017443
1.711126466
1.744949204
1.739830407
1.747995413
1.733796744
1.724025625
1.706821703
1.706872314
1.70670408
1.706638194
1.707067538
1.706777652
1.706340684
1.707835662
1.70927894
1.710057656
1.705978332
1.707020258
1.712082964
1.752175026
1.706709082
1.714491764
1.707049834
1.707026588
1.707047416
1.707069903
1.811234748
1.828628426
1.718547149
1.789013652
1.775595454
1.757783289
1.771567285
1.761097608
1.753151101
1.752471848
1.730722848
1.763151373
1.76122612
1.733878306
1.729125096
1.739881879
1.821589115
1.824841863
1.821829608
1.828424629
1.837526598
1.728667578
1.735161892
1.743414332
1.748603083
1.753975407
1.722803039
1.771488874
1.771535523
1.707007024
1.707037533
1.728910833
1.810307011
1.804276804
1.795757815
1.779589473
1.762524564
1.706916297
1.706966378
1.706406474
1.706481964
1.706081269
1.706144449
1.756211076
1.741346825
1.733116626
1.706759403
1.706819425
1.70661888
1.706549841
1.7057701
1.705574118
1.706206828
1.706387401
1.707766071
1.713970074
1.710758309
1.705849935
1.707073458
1.717143764
1.752449364
1.766626288
1.707126381
1.749690709
1.809531886
1.706395479
1.727140746
1.763721436
1.705544484
1.817361966
1.715938799
1.747889962
1.705326563
1.720619676
1.707117046
1.7070657
1.707096074
1.79841575
1.817282188
1.725046317
1.77596284
1.764219645
1.762487227
1.756688657
1.753962041
1.761730478
1.725333757
1.758302614
1.749534346
1.728065066
1.725364222
1.732782759
1.808406846
1.803321666
1.798813065
1.728837043
1.734325846
1.740240846
1.745297259
1.750879997
1.76255916
1.707002784
1.707051472
1.728580639
1.795848974
1.789911249
1.780406737
1.765394695
1.70688123
1.706283898
1.70592737
1.705995054
1.738067384
1.706690859
1.706467389
1.705646353
1.70607131
1.705867002
1.708315065
1.719755096
1.712160501
1.705711802
1.722722228
1.752595756
1.741091838
1.769750913
1.707175688
1.742443315
1.706288963
1.722832637
1.723704723
1.722580086
1.761906287
1.705374618
1.705456056
1.801169844
1.804792063
1.717226753
1.72091907
1.740301789
1.752427557
1.738185774
1.707128801
1.706300545
1.787235006
1.797025867
1.7052365
1.705117868
1.726956268
1.707168329
1.707091943
1.707128502
1.789947663
1.73196647
1.760171699
1.77698638
1.767747286
1.757094258
1.754902687
1.756677509
1.726005775
1.722514905
1.753756453
1.748998239
1.741811251
1.722108153
1.733517397
1.72591014
1.789928821
1.789448591
1.786274352
1.788270084
1.735319551
1.740011055
1.736999641
1.744109728
1.754406843
1.706921181
1.706982287
1.707039294
1.733104907
1.784003724
1.777292392
1.766844415
1.706745624
1.706133949
1.705785721
1.705864987
1.706512511
1.70625601
1.7055215
1.705955667
1.708967458
1.724976791
1.712788532
1.705592888
1.752989923
1.742413205
1.757387276
1.764926578
1.707216211
1.719460012
1.719505846
1.718840448
1.718169322
1.758022083
1.705305052
1.705365863
1.789588657
1.789502099
1.720297442
1.715423588
1.717304927
1.722927729
1.742898529
1.749901488
1.73706256
1.735288758
1.706197972
1.776117498
1.778386486
1.783725912
1.75925388
1.770582058
1.718160149
1.772755971
1.705207208
1.705140775
1.705087975
1.728930669
1.70719882
1.707150645
1.707095864
1.77629399
1.73134682
1.748922605
1.765867596
1.751465403
1.752673307
1.732790629
1.725092103
1.720662246
1.747636877
1.742386758
1.728408716
1.738735252
1.720830987
1.780378995
1.7785238
1.772280958
1.777431546
1.732558318
1.738991853
1.734967406
1.746533916
1.755649636
1.706808272
1.706880867
1.706957469
1.763395566
1.706574175
1.706029016
1.705670863
1.705781282
1.706288857
1.705432562
1.709440702
1.725054196
1.713086523
1.705506664
1.745352641
1.750295398
1.738822247
1.753165446
1.759122554
1.707246726
1.718866409
1.715535708
1.715716313
1.715055311
1.716943813
1.752237313
1.705262477
1.705320882
1.776378554
1.77688452
1.72041191
1.715240738
1.71481222
1.737166562
1.733440734
1.733025427
1.706208631
1.766072277
1.765849935
1.775998463
1.754387137
1.763618428
1.716080692
1.770351434
1.761513461
1.719118614
1.758032422
1.707018121
1.759319284
1.713094547
1.706885462
1.705166559
1.705217068
1.705128436
1.705142146
1.705159512
1.727145292
1.707155507
1.707217195
1.707085324
1.763636778
1.728385242
1.746408433
1.739859819
1.743363745
1.747619727
1.733161067
1.729288298
1.723272388
1.733361442
1.721626714
1.726957338
1.716279373
1.770778062
1.770038662
1.763283294
1.764840354
1.730714134
1.734481348
1.740877161
1.747894982
1.75277028
1.70665922
1.706743805
1.706808686
1.706370127
1.706075506
1.705810412
1.705610386
1.70538343
1.709419679
1.724432435
1.721957992
1.712243251
1.705470632
1.742949095
1.745688242
1.747142867
1.738398525
1.751649016
1.747350511
1.75163277
1.707266494
1.719874165
1.712345269
1.712098948
1.714348018
1.716885882
1.74604577
1.705269052
1.705318987
1.763477557
1.716398432
1.712527916
1.737720735
1.732971715
1.730786356
1.730865333
1.705245634
1.706052485
1.757247563
1.75568887
1.768473348
1.749394342
1.756679378
1.712248877
1.714065148
1.762960984
1.754556023
1.720532398
1.718266206
1.751872946
1.752041017
1.753142922
1.711769881
1.710849429
1.706743039
1.70663544
1.706964978
1.706655593
1.746606143
1.734315146
1.748604264
1.705198231
1.70522859
1.705269887
1.705263331
1.705288576
1.725030925
1.722931747
1.70705618
1.70715528
1.707278038
1.750369786
1.727350454
1.742298232
1.737926659
1.731484406
1.743112256
1.738135999
1.740443635
1.734566862
1.729544288
1.724290297
1.718146608
1.713424823
1.724724299
1.763513588
1.763362385
1.756288541
1.751238665
1.730816619
1.736517562
1.741967428
1.745249105
1.748040692
1.706461942
1.706557595
1.706154155
1.705867065
1.705627446
1.705381973
1.708682107
1.705808555
1.70937773
1.70548034
1.738884522
1.742923054
1.744265207
1.743817158
1.747150367
1.743364029
1.744352259
1.718894775
1.707822461
1.7090301
1.708712141
1.714824306
1.741066039
1.705314196
1.705358228
1.712300856
1.715978469
1.714269663
1.709089081
1.7295597
1.731346536
1.728451554
1.728612526
1.705432232
1.705414511
1.74700725
1.762290761
1.742324924
1.750220865
1.710608691
1.708689673
1.756462253
1.750553283
1.720538062
1.718080677
1.743652799
1.745149341
1.74538123
1.708554386
1.710150108
1.711842544
1.706557721
1.70685261
1.706381024
1.706390728
1.706719896
1.706459802
1.738531386
1.739483163
1.734623943
1.731380499
1.740257466
1.706361349
1.739628432
1.739088259
1.743358571
1.73426279
1.740717768
1.74925636
1.706373979
1.711635229
1.726319897
1.738833109
1.731831538
1.705323551
1.705335084
1.705448622
1.705466901
1.722726429
1.725438843
1.706964554
1.707137367
1.70726402
1.738724645
1.738864088
1.728910778
1.731509984
1.728600872
1.719732759
1.738307503
1.735702286
1.734605271
1.729690333
1.724039071
1.708663496
1.714038994
1.706565887
1.756812244
1.759098326
1.753084918
1.733276653
1.73728283
1.740353849
1.743697958
1.746928679
1.706201665
1.705892792
1.705661136
1.705407505
1.705624647
1.705650727
1.705507067
1.737843586
1.742151011
1.742195077
1.740330075
1.739178142
1.739286747
1.737598877
1.718455273
1.706257982
1.706357837
1.706480869
1.706386316
1.713769017
1.736952389
1.705390557
1.705426942
1.708456942
1.713649541
1.715411137
1.70591442
1.727069866
1.728657521
1.726119422
1.705632786
1.705668784
1.736792024
1.75617746
1.728498862
1.741553395
1.706766514
1.705991852
1.751857758
1.721421937
1.718547728
1.730446447
1.706214808
1.708340225
1.709498285
1.706289317
1.706153686
1.706111095
1.706695723
1.706415135
1.706166367
1.729792356
1.725003994
1.727885675
1.731444464
1.728708768
1.732349364
1.732280823
1.738097872
1.720628888
1.739790859
1.746265603
1.70588117
1.7085624
1.710470793
1.724329466
1.72504247
1.730996539
1.729101953
1.732284142
1.705884244
1.742985818
1.72712896
1.705473572
1.705968773
1.706215189
1.706420288
1.705482632
1.705652224
1.72452864
1.727801675
1.707049753
1.706868588
1.707218516
1.724824911
1.73084127
1.714541715
1.706601893
1.733384557
1.733797503
1.728597567
1.724327059
1.706446831
1.706245094
1.752572333
1.753445386
1.749132857
1.733587749
1.736520614
1.73981843
1.743827819
1.748351617
1.705864655
1.705622208
1.705479144
1.705491816
1.705953947
1.73641011
1.740301512
1.739322288
1.736612696
1.733473639
1.734001373
1.734133071
1.732642032
1.720535415
1.716647712
1.706053595
1.706064204
1.706146227
1.706006768
1.710658443
1.712348365
1.733477768
1.705532913
1.705567676
1.706261817
1.71223288
1.716867785
1.713809301
1.706118368
1.706244554
1.726011105
1.723447798
1.705820774
1.705950335
1.722231544
1.75178964
1.706399278
1.715629514
1.737397259
1.706260149
1.720242853
1.723167899
1.706010641
1.706239635
1.705969857
1.705844774
1.706685839
1.706126549
1.705937344
1.713148078
1.713922367
1.705921933
1.717677764
1.707722921
1.723656871
1.726270965
1.722742817
1.728289652
1.725340232
1.723834108
1.707158609
1.737913904
1.743495402
1.706298316
1.708214599
1.723062599
1.7223801
1.72337893
1.719589088
1.729696239
1.72667942
1.706134827
1.740171072
1.712476559
1.705600143
1.705760548
1.706476178
1.706483708
1.706463767
1.706238013
1.711279555
1.706209475
1.705935696
1.724368208
1.738199685
1.731605933
1.713298908
1.712345399
1.711856472
1.710656437
1.705709476
1.705849904
1.725937847
1.729522506
1.706916312
1.707122051
1.706088989
1.7064288
1.706300233
1.706291942
1.728947394
1.733872064
1.728637583
1.725907794
1.72318576
1.706040928
1.705833055
1.749143493
1.748640184
1.744804427
1.732875926
1.736584806
1.742423626
1.745667579
1.705614874
1.705533004
1.705547348
1.705633066
1.706255519
1.735701208
1.737869367
1.735518675
1.7327144
1.729034647
1.729669966
1.729612248
1.72844199
1.719811077
1.716293166
1.705838395
1.705852534
1.705800966
1.705677769
1.705948359
1.729332635
1.705767365
1.705776285
1.706621672
1.709887577
1.718736217
1.715319184
1.706428404
1.70656814
1.722978856
1.720332806
1.721527392
1.706016636
1.706133113
1.707543451
1.705197031
1.748094009
1.705832881
1.705924422
1.737396756
1.731560807
1.722021512
1.705805345
1.705636112
1.705773646
1.705793297
1.705651321
1.706633554
1.70606596
1.705945461
1.705846413
1.705544999
1.705580276
1.705487405
1.715238854
1.709281136
1.717835536
1.721157772
1.739439985
1.706633794
1.706476105
1.706686745
1.720692792
1.720367488
1.720160836
1.707386053
1.727441703
1.723353864
1.725061952
1.706305036
1.70634764
1.739503227
1.704997776
1.705790742
1.706671333
1.706393417
1.706181727
1.708165126
1.721674181
1.736502021
1.731271407
1.706940054
1.704576767
1.707181155
1.713697108
1.7095568
1.709749665
1.714097447
1.705507548
1.704865575
1.725170481
1.705683636
1.736674791
1.706010879
1.72578986
1.729171718
1.706955727
1.706708834
1.705572335
1.705939817
1.725235775
1.725369119
1.733048959
1.728489949
1.725299828
1.722367258
1.705684809
1.705549761
1.746017713
1.744465703
1.744944518
1.741159177
1.733131787
1.74138413
1.743576635
1.705604003
1.705636877
1.705801506
1.706593677
1.733826507
1.735678344
1.733557077
1.731386001
1.728401394
1.725298651
1.724948406
1.725711391
1.725345474
1.718602757
1.715094303
1.705595345
1.705622294
1.705566137
1.705454626
1.705476156
1.724979299
1.706035457
1.706035859
1.70685148
1.706856175
1.706717835
1.717635863
1.706790826
1.71806421
1.718615067
1.71696563
1.706282097
1.705191815
1.704867286
1.705010958
1.744558169
1.705420044
1.705552269
1.705662518
1.732603164
1.726379422
1.721547093
1.705503646
1.705718695
1.705823125
1.705709629
1.706051922
1.70596052
1.705972076
1.705257862
1.705239725
1.70536193
1.704712689
1.704565801
1.704595838
1.707531266
1.716056997
1.735993519
1.706821636
1.706719788
1.71666621
1.71839788
1.719498671
1.72136645
1.722439631
1.706491628
1.70647653
1.739014476
1.704765715
1.706039449
1.706330311
1.706527601
1.706226817
1.707041976
1.734441847
1.730359209
1.704826442
1.704662111
1.707329497
1.70743877
1.708692569
1.713010242
1.709438429
1.705394379
1.705403012
1.721958861
1.722360712
1.705500031
1.736262936
1.737820717
1.705456953
1.705116601
1.706259576
1.72701792
1.706330977
1.725271636
1.728987648
1.70671822
1.705264322
1.705542535
1.721129487
1.731491152
1.726542894
1.721954222
1.718830149
1.705430594
1.705343046
1.742130424
1.743252327
1.740738589
1.741173747
1.732716548
1.74014903
1.705761028
1.705886653
1.706059965
1.706898117
1.706703561
1.732436455
1.731112834
1.729094988
1.723798808
1.721203471
1.721348379
1.721375911
1.721959811
1.714280761
1.705395939
1.705421882
1.705369744
1.705271845
1.705334728
1.70537223
1.72028273
1.706332454
1.706325647
1.707037911
1.707019877
1.707033809
1.707053576
1.717047887
1.713711711
1.714771564
1.715572049
1.715697526
1.713792957
1.706630321
1.704876542
1.704999575
1.704782044
1.704658481
1.740735277
1.705170549
1.705291617
1.70540993
1.723714883
1.728350568
1.720986757
1.705868869
1.706073894
1.7059461
1.706161902
1.70620133
1.705138368
1.705056285
1.705014935
1.704627534
1.704586909
1.704579651
1.705438693
1.711597098
1.732064884
1.707048358
1.713234985
1.716068042
1.718391215
1.706715357
1.737532612
1.706335711
1.706444115
1.70636297
1.70640799
1.707375332
1.728835277
1.704867377
1.707564401
1.707787387
1.707721689
1.707784616
1.711335805
1.708243283
1.705323546
1.705306057
1.71945671
1.718463573
1.705337424
1.734756118
1.734724333
1.705302669
1.705352237
1.706496218
1.70657243
1.721957541
1.724190291
1.718261595
1.70532199
1.72170286
1.706366398
1.725726933
1.706341682
1.706652514
1.72440753
1.728670025
1.706513463
1.705054642
1.705316389
1.716140742
1.727483411
1.720467342
1.714941622
1.705233413
1.70516704
1.738184208
1.7395745
1.736405652
1.73683988
1.731515001
1.73627416
1.706091133
1.706271283
1.706992378
1.707168737
1.728470303
1.724952493
1.718396468
1.717839044
1.7178014
1.717954009
1.716948724
1.708755871
1.705252144
1.705292848
1.705211163
1.70513253
1.705257766
1.705259427
1.715533882
1.706647153
1.706649763
1.707230942
1.70722038
1.707221502
1.707407896
1.714954081
1.711452086
1.710856727
1.712072823
1.712629666
1.711465426
1.706931399
1.706986399
1.704797667
1.70468559
1.704880893
1.704591747
1.704605153
1.736080776
1.70498741
1.705091793
1.705202601
1.715637153
1.723277059
1.717232189
1.706195062
1.706489361
1.70631735
1.706521614
1.704945154
1.704843003
1.704661309
1.705861852
1.705762497
1.727425281
1.711055592
1.714054893
1.711979614
1.733729355
1.70664856
1.706410748
1.706480721
1.706652337
1.707710515
1.724508896
1.705442886
1.704984693
1.707880538
1.708065803
1.708032505
1.708062668
1.708065189
1.705278131
1.715865746
1.715820473
1.705227248
1.730735394
1.729425374
1.70517777
1.70678697
1.706900011
1.706899115
1.716458061
1.718400218
1.720060795
1.714947972
1.705346023
1.717548916
1.715638394
1.706729217
1.70663582
1.706618993
1.708208745
1.713780569
1.706987828
1.720181835
1.726338124
1.706382786
1.704888996
1.705129616
1.713235125
1.712379691
1.720164635
1.720037537
1.722386658
1.712202144
1.712198982
1.705537009
1.706764738
1.705073013
1.705036455
1.733388304
1.734758484
1.731063478
1.731224399
1.731580004
1.706565419
1.707289651
1.707393697
1.71739215
1.712905975
1.71373931
1.714320226
1.714317982
1.712965959
1.705147873
1.705200726
1.705091121
1.705222331
1.711922386
1.706975199
1.706978555
1.707460333
1.707465378
1.707737229
1.708147271
1.709479003
1.709907313
1.709200916
1.709584707
1.70981792
1.709648576
1.707250347
1.704683168
1.704740327
1.704626275
1.704685338
1.704653439
1.72866424
1.704856376
1.704936781
1.705030089
1.708909754
1.706191043
1.717436581
1.712007292
1.708264851
1.706617352
1.706948112
1.707041059
1.70480025
1.704727965
1.704957034
1.706200677
1.706065299
1.717855216
1.710622067
1.727771706
1.706968655
1.706453413
1.706652887
1.706897249
1.708020331
1.705442517
1.705891318
1.708220871
1.708253703
1.708298594
1.705313135
1.712848476
1.723297328
1.707174813
1.707224545
1.70715558
1.712275154
1.713519019
1.714757389
1.711765996
1.705416074
1.713016968
1.711595779
1.707090457
1.70697196
1.706929173
1.70834338
1.711659733
1.710819079
1.706509481
1.707515541
1.708166955
1.707077946
1.707281472
1.708324512
1.715301177
1.719429046
1.706337332
1.704783007
1.704986329
1.710422497
1.713756376
1.713999783
1.707968374
1.706978862
1.705502948
1.705612392
1.70496801
1.70503456
1.704976423
1.72647794
1.727828033
1.722101295
1.706968558
1.707512634
1.707698868
1.711876647
1.710391606
1.709783686
1.711233144
1.709786997
1.705100447
1.705166654
1.705262232
1.707308231
1.707290933
1.707723048
1.707994785
1.708375336
1.708220055
1.708184028
1.707856055
1.707465689
1.708692948
1.708090358
1.707470729
1.704649924
1.704670966
1.704670027
1.705029744
1.704807176
1.717641485
1.713983993
1.704791621
1.704840814
1.704909273
1.7067138
1.706663244
1.708398005
1.708430639
1.707367473
1.707343197
1.707430899
1.707421371
1.704722158
1.704697688
1.70546572
1.706665125
1.706338718
1.707079029
1.709533117
1.71694896
1.707275076
1.706543476
1.706835808
1.708229352
1.706046661
1.708357156
1.70839695
1.705426903
1.707431501
1.70738245
1.707283893
1.710718556
1.709874796
1.711020001
1.709614896
1.708602649
1.707979215
1.707256962
1.707205624
1.709327125
1.710041074
1.708674133
1.707710153
1.707129506
1.707157753
1.707011198
1.706817562
1.706781107
1.706853987
1.705038993
1.707606821
1.708459417
1.708454009
1.708314419
1.70829446
1.70634461
1.704753353
1.704899756
1.707963164
1.709325759
1.709092009
1.705790209
1.705728012
1.705633929
1.705799621
1.704922763
1.705107685
1.704971459
1.711333863
1.707531765
1.707448181
1.707693144
1.707778399
1.707966215
1.707954319
1.708833112
1.708000252
1.708430962
1.708308247
1.708465484
1.707190639
1.705184856
1.705370011
1.707577826
1.707552537
1.708202756
1.708437525
1.706664566
1.706947619
1.70676055
1.706527753
1.704701228
1.704861022
1.70526727
1.708032954
1.707889555
1.704813113
1.704854817
1.707078379
1.708458005
1.707624913
1.707673827
1.707636444
1.707624705
1.707556618
1.704741663
1.705825253
1.707146593
1.706634498
1.707350172
1.707528396
1.708314114
1.707506737
1.706603609
1.708352218
1.706343429
1.70841427
1.708398584
1.705592641
1.707457979
1.70731341
1.70720146
1.708134704
1.708176022
1.705915816
1.705960706
1.707557017
1.707625843
1.707940582
1.706763979
1.70700526
1.706733352
1.706835707
1.706594026
1.707162504
1.70685063
1.70518777
1.705098395
1.708432798
1.707695212
1.707863678
1.707816545
1.708473606
1.708424255
1.708482834
1.708469978
1.708458371
1.708477136
1.706338747
1.70481085
1.704890901
1.706764606
1.706247488
1.706157446
1.706714256
1.705914073
1.7058223
1.706006426
1.705320113
1.705027894
1.708316963
1.707878868
1.707793805
1.707940029
1.708173059
1.708145345
1.706553058
1.706769
1.706125709
1.706764805
1.706279804
1.705959043
1.705906232
1.705689867
1.707784582
1.707743673
1.70833112
1.708436137
1.708410388
1.70659317
1.706691251
1.706921151
1.706377204
1.706465878
1.705040184
1.705823146
1.708163813
1.704882504
1.707548404
1.707702925
1.707792682
1.70753033
1.707416523
1.704940952
1.705137051
1.7075037
1.70701984
1.708478205
1.708423415
1.708387388
1.706716928
1.707210072
1.706972794
1.706869435
1.706182937
1.70606056
1.706061673
1.706130252
1.707841937
1.708113489
1.706788153
1.706625429
1.706466576
1.706493741
1.706456599
1.707577789
1.707535683
1.705399807
1.705322138
1.705243273
1.70849323
1.70788643
1.706375023
1.708335554
1.708005243
1.708055122
1.707961659
1.708446771
1.708426803
1.70848375
1.708410332
1.706220637
1.705006688
1.704986424
1.70604044
1.706184095
1.706166992
1.706133648
1.706052138
1.706249236
1.705682192
1.70519744
1.708457146
1.707875518
1.708129718
1.707818239
1.70788697
1.708098226
1.708294583
1.708265285
1.706218191
1.706107798
1.706047601
1.705972763
1.706177241
1.705929324
1.705941063
1.706018984
1.707928671
1.708353928
1.708385384
1.706671199
1.706544172
1.706886273
1.706319696
1.706386206
1.705745278
1.705089814
1.70741577
1.707657667
1.707141209
1.706995047
1.705402675
1.707423819
1.70849236
1.708348868
1.707087322
1.70667317
1.706383849
1.706339472
1.706200015
1.70626714
1.706260878
1.706317474
1.707936489
1.708213623
1.706763814
1.706044193
1.706029194
1.70624803
1.705914914
1.707875561
1.707933676
1.707826217
1.705691204
1.705540082
1.70549019
1.708483243
1.707987365
1.706718629
1.708275939
1.708407773
1.706261488
1.705815501
1.706081772
1.7081299
1.708072537
1.708171225
1.708035534
1.708382898
1.708443773
1.708361448
1.708343858
1.705939535
1.705395393
1.705267022
1.706011873
1.706154383
1.706325305
1.706382962
1.706333702
1.706505654
1.706182471
1.705591268
1.708474218
1.708158615
1.707647527
1.707503555
1.707853813
1.708319304
1.708283929
1.708250104
1.706272801
1.706190222
1.706002637
1.705963217
1.708293751
1.708314917
1.706627498
1.706488346
1.706843566
1.70634006
1.70627955
1.705532523
1.706872348
1.707218231
1.706527786
1.706325204
1.706060021
1.707854606
1.707454967
1.708486982
1.705861161
1.705682384
1.706410948
1.706520538
1.706400239
1.706506384
1.708197925
1.70670661
1.705406719
1.705463153
1.705828411
1.705279423
1.708146598
1.706009573
1.705961517
1.708451549
1.70798251
1.707169938
1.708374517
1.706143502
1.706227258
1.706235296
1.706100912
1.706226758
1.708139753
1.708085196
1.708283389
1.708302579
1.708385229
1.708242257
1.705476045
1.706039072
1.705830005
1.706017915
1.706373897
1.706521895
1.706682541
1.706600607
1.706534816
1.706224068
1.70846053
1.708482176
1.708340727
1.707053773
1.707393312
1.706908037
1.707678342
1.70823916
1.708204671
1.70815555
1.706072934
1.706028584
1.708225126
1.706559115
1.706413389
1.706791119
1.706239509
1.707096307
1.706201204
1.706176227
1.706569459
1.705817341
1.705618298
1.706759394
1.708158179
1.707821253
1.708452593
1.705146012
1.70498136
1.706662009
1.706771174
1.706714607
1.708094306
1.706644845
1.704754402
1.704850975
1.705283823
1.704651265
1.708320989
1.706524203
1.706466845
1.708393032
1.70780249
1.707972278
1.707617143
1.706095729
1.706677724
1.706394973
1.706252738
1.70429143
1.708001822
1.70813342
1.708184905
1.708306473
1.708198135
1.708109084
1.704882605
1.706860033
1.706621128
1.706046908
1.706566538
1.706744788
1.706839845
1.706931365
1.706870478
1.706895785
1.708455376
1.708464392
1.70842988
1.706277678
1.706686423
1.707104898
1.706209833
1.707410847
1.70806436
1.707977233
1.706181258
1.706124387
1.706522922
1.706325152
1.706725732
1.706193057
1.707875693
1.707517263
1.706960645
1.70547706
1.705827585
1.705150431
1.704965949
1.708376641
1.708136744
1.708369485
1.704561096
1.704414728
1.706896558
1.706935316
1.707895761
1.704225111
1.704706202
1.704133416
1.706820704
1.706961727
1.707769114
1.706107226
1.707011833
1.706581466
1.706396904
1.7038734
1.704217282
1.707628077
1.70803615
1.707881913
1.708053399
1.708203945
1.707876499
1.704268506
1.707588469
1.707481376
1.706105569
1.706775967
1.706956404
1.707092563
1.707093547
1.70707894
1.707413573
1.708431785
1.70835475
1.708367753
1.705523789
1.705940368
1.70559213
1.706305956
1.706698819
1.706910325
1.707417203
1.707775781
1.707635112
1.706352218
1.706230241
1.706647575
1.706463317
1.706310987
1.706192225
1.708081794
1.708264507
1.704919629
1.705215331
1.70465445
1.704486218
1.708405828
1.708202956
1.704199863
1.704057986
1.707138116
1.703899489
1.703806447
1.70730466
1.706144756
1.70723196
1.706786677
1.706572402
1.703653702
1.703842384
1.707316719
1.707469978
1.706826072
1.707868301
1.707540028
1.70761728
1.707945861
1.703789335
1.707969788
1.707870586
1.706205254
1.707000999
1.707150893
1.70731814
1.707280444
1.70737401
1.707667652
1.70831038
1.708162475
1.704976876
1.705051447
1.705540292
1.70524565
1.70586154
1.706122878
1.707403443
1.7069863
1.70637375
1.706562448
1.706552863
1.706376021
1.706262982
1.70620031
1.708265102
1.708203205
1.708341061
1.704600002
1.704792664
1.704410314
1.704254113
1.708288153
1.704082479
1.703937943
1.707306902
1.70379883
1.703694086
1.706229065
1.707019128
1.706796523
1.703628232
1.703609278
1.707566409
1.707891952
1.707062493
1.705877861
1.706154027
1.707189468
1.707058108
1.707559768
1.707186249
1.70355285
1.708081482
1.707783606
1.707905019
1.706376371
1.707246679
1.70749027
1.707467764
1.707659671
1.708034172
1.704753803
1.704725408
1.704820049
1.704957796
1.705157232
1.705314344
1.70652798
1.706571695
1.706791737
1.706450697
1.706322059
1.706266574
1.706291229
1.708192341
1.708041701
1.704647398
1.704558703
1.70449791
1.704357389
1.704255948
1.707933593
1.704159517
1.704008733
1.707382284
1.703878341
1.703762573
1.706381155
1.703749785
1.703584545
1.707575273
1.707599175
1.707029814
1.707271709
1.705239443
1.704973296
1.705321142
1.705760183
1.706645562
1.706637261
1.707075046
1.706547941
1.703597052
1.707793298
1.707554569
1.707450503
1.707560295
1.706590224
1.707369632
1.707492163
1.70740495
1.707414141
1.707450695
1.707495835
1.704736256
1.704693514
1.704742888
1.704677069
1.70471892
1.704746007
1.706117491
1.706803241
1.706358949
1.706327569
1.706424112
1.706386524
1.707719636
1.70752114
1.704739509
1.704720064
1.704660073
1.704532464
1.704435887
1.707307827
1.704324982
1.704164381
1.704034748
1.703908822
1.703925026
1.703730223
1.707022796
1.707176489
1.70722403
1.707285152
1.704730263
1.70467188
1.704567784
1.704983968
1.705392049
1.705928752
1.706700424
1.70629469
1.705819514
1.703858668
1.707058694
1.707151682
1.707061428
1.706970352
1.707058539
1.706940021
1.706625932
1.706822809
1.707281868
1.707177655
1.707204738
1.7070856
1.704813738
1.704901661
1.70469565
1.70492029
1.704604248
1.704556144
1.70634013
1.706407805
1.706532765
1.70688562
1.706753373
1.704932925
1.704895466
1.704807739
1.704682791
1.704554277
1.704410138
1.704277458
1.704077557
1.704163508
1.704035058
1.704044901
1.703945353
1.706977742
1.707127062
1.707083709
1.707058414
1.707056394
1.704096115
1.70456222
1.704493972
1.704503625
1.704558716
1.704758491
1.705077981
1.706040436
1.705797766
1.705460484
1.705158723
1.704175059
1.706196821
1.706366622
1.706288757
1.706334318
1.706378548
1.706483045
1.706638771
1.706774125
1.706946193
1.706613926
1.706773958
1.704909159
1.705016419
1.705079266
1.704753908
1.705070927
1.7046715
1.706391806
1.706587339
1.705998183
1.705021494
1.704903089
1.70474089
1.704631055
1.704446588
1.704259405
1.704171428
1.704040955
1.704015824
1.703976058
1.703986098
1.707006991
1.706875949
1.706832038
1.706906184
1.706697875
1.706648319
1.704126998
1.704510363
1.704505722
1.704593574
1.704646898
1.704788654
1.704596074
1.704671747
1.705279151
1.705306815
1.705050393
1.70486514
1.704297552
1.705638712
1.705470939
1.705601867
1.705716082
1.705678542
1.705847388
1.706023549
1.706041723
1.706707897
1.706451125
1.706224958
1.70508333
1.705105159
1.704987421
1.705112245
1.705041816
1.704931867
1.704987726
1.706482324
1.704817254
1.704578387
1.704335028
1.704248098
1.704002621
1.703767647
1.703764116
1.703652635
1.703713127
1.703687151
1.703724471
1.706843362
1.706825012
1.706419385
1.706584124
1.706592671
1.706217427
1.706134123
1.703921556
1.703269455
1.704597532
1.704725277
1.704536784
1.704864993
1.70493082
1.705050668
1.704543108
1.704580176
1.704850262
1.704828145
1.704966065
1.70466947
1.70471035
1.70408464
1.705084531
1.705085436
1.705178698
1.705156575
1.705291684
1.705446417
1.705462585
1.705689753
1.706666941
1.706531736
1.705879369
1.705122129
1.705072163
1.705037402
1.705114693
1.70486272
1.704617643
1.704518787
1.704190352
1.70390764
1.703523336
1.703499119
1.70322101
1.70298936
1.703095005
1.703046847
1.703196166
1.703214505
1.706642765
1.706599875
1.705930773
1.706146268
1.70620144
1.706357119
1.705698249
1.705626235
1.703483391
1.702718577
1.702655323
1.705391628
1.704731408
1.704866483
1.704986818
1.704695981
1.705086778
1.705111939
1.705094086
1.704636533
1.704617663
1.704759156
1.704714073
1.704681169
1.704813952
1.704648499
1.703522718
1.704828396
1.704887748
1.704863713
1.704928127
1.705019412
1.705025799
1.705172661
1.705361186
1.706471867
1.704965917
1.704899532
1.704645137
1.704532605
1.704163879
1.703746127
1.703660616
1.703223272
1.703185295
1.702801592
1.702415917
1.702472206
1.702221056
1.702069644
1.702342997
1.702311168
1.702581451
1.706316067
1.706420483
1.705440435
1.705666368
1.705743707
1.705979351
1.705223176
1.705147616
1.702899708
1.702171974
1.702127829
1.702014495
1.704993277
1.70495373
1.704920788
1.705064149
1.705022355
1.705073888
1.704850508
1.704983472
1.704946895
1.704692026
1.704794333
1.704809744
1.704833744
1.70483445
1.70484724
1.70480072
1.704863572
1.702749432
1.704843524
1.704829034
1.704824377
1.704815672
1.70486306
1.704959497
1.706257294
1.704299259
1.704202978
1.703689303
1.703552942
1.703023981
1.70247949
1.702346991
1.701920408
1.701914167
1.701539066
1.701247956
1.701377955
1.701285906
1.701500243
1.701700093
1.70595006
1.705212815
1.705022305
1.705305313
1.705555161
1.704864346
1.704833973
1.702283939
1.701684678
1.701693953
1.70159587
1.701307687
1.7047701
1.704961556
1.704970451
1.704977851
1.70490805
1.704908582
1.704713386
1.704974212
1.704386123
1.704260859
1.703703902
1.704999089
1.704995894
1.705047684
1.705085455
1.705065061
1.705073715
1.705032184
1.701957925
1.704951108
1.704876862
1.704840071
1.704783479
1.704773222
1.705860134
1.703146205
1.702434911
1.702196221
1.701589818
1.700999869
1.700946257
1.700583153
1.700609326
1.70039008
1.700298812
1.700530639
1.700754586
1.701022437
1.705446355
1.704846588
1.704906891
1.70473159
1.705105452
1.704677689
1.704706507
1.70173759
1.701346731
1.701299648
1.701317626
1.701109561
1.700834742
1.704744176
1.704772342
1.704570142
1.704550214
1.704905998
1.704232739
1.704300984
1.703814333
1.704960172
1.703262295
1.703049738
1.702409176
1.705103533
1.705278942
1.705338078
1.705310401
1.705223563
1.705216205
1.701277093
1.705098286
1.705043495
1.704906642
1.704799198
1.705354267
1.701627342
1.700911708
1.70069608
1.700131576
1.699658622
1.699753526
1.699479104
1.69962995
1.699649514
1.699810716
1.700133337
1.700480723
1.704946535
1.704608198
1.704607139
1.70471791
1.704603071
1.704694408
1.701015614
1.701075812
1.700876077
1.700986389
1.700831683
1.700539444
1.704847458
1.704624937
1.704064485
1.704394674
1.703629166
1.703633634
1.704494332
1.703045236
1.703121667
1.702446625
1.704811108
1.701751607
1.701552898
1.700834633
1.705094973
1.705411837
1.705297978
1.705492898
1.705466157
1.705369424
1.70071408
1.705307121
1.705143361
1.704970683
1.704816661
1.700085207
1.699509017
1.699367555
1.699004547
1.698908504
1.698971457
1.699207524
1.699479038
1.699838485
1.700145784
1.704535741
1.704428601
1.704431119
1.704505859
1.704803973
1.700551104
1.70072611
1.700742822
1.700333244
1.700794535
1.700687147
1.700434618
1.705017455
1.704687003
1.704502803
1.703359415
1.702799299
1.703522674
1.702334662
1.70402659
1.701694743
1.701497875
1.700796232
1.704534644
1.700129645
1.69997173
1.699365658
1.70492701
1.705108575
1.705378291
1.705511495
1.705513228
1.705470833
1.700141085
1.705362967
1.705182072
1.704342031
1.698830807
1.69853965
1.698542656
1.698556265
1.698737054
1.699089633
1.699404536
1.699858754
1.700235176
1.704235307
1.704252609
1.704351469
1.704905377
1.70013439
1.699882517
1.70020449
1.700484815
1.699640923
1.700660448
1.700637071
1.705116169
1.704513764
1.704713691
1.704327758
1.701922041
1.702133105
1.701391238
1.702758605
1.700723263
1.703461598
1.700086352
1.69985827
1.699170767
1.704053926
1.698686199
1.69870695
1.698291052
1.704301302
1.704814961
1.705193322
1.705381224
1.705342841
1.699411998
1.705286417
1.704003786
1.698137892
1.698202195
1.698385941
1.698695953
1.699168717
1.699683094
1.700032284
1.700473891
1.704050457
1.704162789
1.704886244
1.699240318
1.699275722
1.698946236
1.699732402
1.700185513
1.698804619
1.700494201
1.700589709
1.705013421
1.704293636
1.704482601
1.704585554
1.704123819
1.698604223
1.70039983
1.700571121
1.701214096
1.699843299
1.70193892
1.699218439
1.702745659
1.69869463
1.698464552
1.697958865
1.702927745
1.697882441
1.697876805
1.703737894
1.704386504
1.704805689
1.704923038
1.705119286
1.698479802
1.703829325
1.698095167
1.698497268
1.698808757
1.699331818
1.699897143
1.700329596
1.700532457
1.703961974
1.704652299
1.698077389
1.697961029
1.698563695
1.697820068
1.699154519
1.699707238
1.69771196
1.700004525
1.700509447
1.704619543
1.704271098
1.704127689
1.704058454
1.704282436
1.703940159
1.699020192
1.699148406
1.699701237
1.700392594
1.698571605
1.701186238
1.698120764
1.697816312
1.697718915
1.697626988
1.702307954
1.70140069
1.697757651
1.698081033
1.703123666
1.703775605
1.704061538
1.704599453
1.696921524
1.697354278
1.703790446
1.69859723
1.699234806
1.699530099
1.700057819
1.700423243
1.700543923
1.704163439
1.696600543
1.696721614
1.696964821
1.697626217
1.696667009
1.698282968
1.698675396
1.699677074
1.699956896
1.703899406
1.703932711
1.703942713
1.703945465
1.703903249
1.703774469
1.695714772
1.698135189
1.698121535
1.698532071
1.699014392
1.699576717
1.697816646
1.699870656
1.697633592
1.69757196
1.697610955
1.697908019
1.700613522
1.701549653
1.698186591
1.698682439
1.702374345
1.702837618
1.703694001
1.695976727
1.696277838
1.703823785
1.699242498
1.700042672
1.699718653
1.700312359
1.700281069
1.703422998
1.695417065
1.695276578
1.695536315
1.695862077
1.696443644
1.696781242
1.698021959
1.698428749
1.699215328
1.702873253
1.703760365
1.703595956
1.703458273
1.703845837
1.703090824
1.69470611
1.69501037
1.702860076
1.697876602
1.697770563
1.697969371
1.698168119
1.698463178
1.698655742
1.69772029
1.699180694
1.69774542
1.697881122
1.698024699
1.698505338
1.699967399
1.70082297
1.698819973
1.699265499
1.701393308
1.702474362
1.695296457
1.695469628
1.703836537
1.699624691
1.69980052
1.699939197
1.699747788
1.702547861
1.694295698
1.694181021
1.694319856
1.694592182
1.694652402
1.695497726
1.696241909
1.697362653
1.696270371
1.698234515
1.701858282
1.701553165
1.703711211
1.703475177
1.703149632
1.702305744
1.69392709
1.694332849
1.694707071
1.70263707
1.702206941
1.698043113
1.698097099
1.698037864
1.697987115
1.698018895
1.698082735
1.698304628
1.698103803
1.698781281
1.698246051
1.69847275
1.69862892
1.698982457
1.699454905
1.699934106
1.699185844
1.699337845
1.700835495
1.694984259
1.695077467
1.703756807
1.699254637
1.698974766
1.698860171
1.701582569
1.693167253
1.693253738
1.693513964
1.692975178
1.693339351
1.693891926
1.693971482
1.694857252
1.695976653
1.696910848
1.700816771
1.700363442
1.703481104
1.703108273
1.701525381
1.693563173
1.694069169
1.694417293
1.694758339
1.702654768
1.702085632
1.701601135
1.698585088
1.698411518
1.698677686
1.698612013
1.69825163
1.69821094
1.698155495
1.698257763
1.698673537
1.698616033
1.698765838
1.698894397
1.69886282
1.698955828
1.698862608
1.698979714
1.69963727
1.698858527
1.698550877
1.694963025
1.695049045
1.695058626
1.703548868
1.697939627
1.697228982
1.70074225
1.692084892
1.692484474
1.692958683
1.691966317
1.692108027
1.692013692
1.692571257
1.693474536
1.69446409
1.694936905
1.700018121
1.699560514
1.703154385
1.700896987
1.694102705
1.693526752
1.694582976
1.694814886
1.695066693
1.702177635
1.702710929
1.701636926
1.701156093
1.693161259
1.699242941
1.699126047
1.698941841
1.699229526
1.69910418
1.698881793
1.698600202
1.698455992
1.698462785
1.699033001
1.698673379
1.698914931
1.698716258
1.698657744
1.698346818
1.697851134
1.699026457
1.697646953
1.696874828
1.695217312
1.695306165
1.695243065
1.703212103
1.69585831
1.700198379
1.692087647
1.69157186
1.692544515
1.69124948
1.690960155
1.691007374
1.691439864
1.692143813
1.692520288
1.693613557
1.699651398
1.699278907
1.702808203
1.700545278
1.694835306
1.6943386
1.694009193
1.695165796
1.695258685
1.695351751
1.701830787
1.702334703
1.70134949
1.700929506
1.693323501
1.700929089
1.699699236
1.699577078
1.699671484
1.699680591
1.699325008
1.699111748
1.699443576
1.699132333
1.69890959
1.699154166
1.698986487
1.69877215
1.699034344
1.698303118
1.697756135
1.697581095
1.696889306
1.696072248
1.695713472
1.694595678
1.695382137
1.695231098
1.695317021
1.702775535
1.700043307
1.692872649
1.692115067
1.691429141
1.691008883
1.690535558
1.690369222
1.690575576
1.690738669
1.69141009
1.692329057
1.699708754
1.699492943
1.700478936
1.695398735
1.695141164
1.694943538
1.694414641
1.695490252
1.695473381
1.695397564
1.701601064
1.702092257
1.701218642
1.694105204
1.701118144
1.700703743
1.700920289
1.692560642
1.699965873
1.699668086
1.699211055
1.700092113
1.700094765
1.698631919
1.698328277
1.699939508
1.699905764
1.699684747
1.699653316
1.699503691
1.697678513
1.696876687
1.696057641
1.695804545
1.69487638
1.693915591
1.693601943
1.695051031
1.695073886
1.694860181
1.695002766
1.702284713
1.700138604
1.693317521
1.692473683
1.692047074
1.691168664
1.690511373
1.690144007
1.69007577
1.690226513
1.690667225
1.690905768
1.700061922
1.699973484
1.70048632
1.695523037
1.695473975
1.695493676
1.695273978
1.695200533
1.695302509
1.695235397
1.701406439
1.701769992
1.694665104
1.700861213
1.701163198
1.700700386
1.70068675
1.691589602
1.699505981
1.69972049
1.698847835
1.698684623
1.697901433
1.700089672
1.700266527
1.697056499
1.696723452
1.700295499
1.70025017
1.700233021
1.700089683
1.69584766
1.69488545
1.6940245
1.693696734
1.692781112
1.691917521
1.694360621
1.694294573
1.694483802
1.694146238
1.694278959
1.701799576
1.700393044
1.693928691
1.693603499
1.692693193
1.691785792
1.691555521
1.690810465
1.690601658
1.690234849
1.690130566
1.690206874
1.690457668
1.700364098
1.700328124
1.700559372
1.695227974
1.695358959
1.694889579
1.695577905
1.695555542
1.694491937
1.70146969
1.695215794
1.700264283
1.700721101
1.701113772
1.700371706
1.700073065
1.690625663
1.697999328
1.69835626
1.699138035
1.69710783
1.696808256
1.695822162
1.69972112
1.6998461
1.694892665
1.694598161
1.700169775
1.700212461
1.700324145
1.693657009
1.692936302
1.692054705
1.691822524
1.691150103
1.69319692
1.693435697
1.693405539
1.693228655
1.693262969
1.693307142
1.701321614
1.700402699
1.695041701
1.6943737
1.693554538
1.693235358
1.692406352
1.6920619
1.691315303
1.690757044
1.690676036
1.690408663
1.690430356
1.70020247
1.700129022
1.700212398
1.694219911
1.694436255
1.695040068
1.693692831
1.695526693
1.695755189
1.695815483
1.699900856
1.699190361
1.700509488
1.700943067
1.699507377
1.690452531
1.6957455
1.696084895
1.69723328
1.698190698
1.694727409
1.694406549
1.693476601
1.698538743
1.699322359
1.69266878
1.692558472
1.699764156
1.691815867
1.691844155
1.691238043
1.690801893
1.69069287
1.69212991
1.692173188
1.692517511
1.692220703
1.692465407
1.692420173
1.700773244
1.699835535
1.695618257
1.695162673
1.6949315
1.694220812
1.69393477
1.693037757
1.692217762
1.691910273
1.691235035
1.690868992
1.699332878
1.699129303
1.69927887
1.692940902
1.692730344
1.693722537
1.694602553
1.695302739
1.695580275
1.695948832
1.698882178
1.6998606
1.697807717
1.698289768
1.690599379
1.693330088
1.693479128
1.694728231
1.695905451
1.696388292
1.692295726
1.692130762
1.691461649
1.697495176
1.698469036
1.690974304
1.690926445
1.690691367
1.690684359
1.690557202
1.690585299
1.691137597
1.691198819
1.691473783
1.69186916
1.691253751
1.691989288
1.691949082
1.699982316
1.698608349
1.696010246
1.695987469
1.695589568
1.695485688
1.694773828
1.693962617
1.693582099
1.692758151
1.692000759
1.691479523
1.697778519
1.697466664
1.697815213
1.69133746
1.692009707
1.692988787
1.693961365
1.694349266
1.695183814
1.695787303
1.697590703
1.698802377
1.696344394
1.696713195
1.691345627
1.691387162
1.692250828
1.693423064
1.693986591
1.695206484
1.690716145
1.690592094
1.690348608
1.696457537
1.69032946
1.690414438
1.69057503
1.690654233
1.690934421
1.690490682
1.690309944
1.690860107
1.69130649
1.691657391
1.690168901
1.69191969
1.692215085
1.692113893
1.698892689
1.696865909
1.695993657
1.696124277
1.695868328
1.695349296
1.69500082
1.694300653
1.69352527
1.692864659
1.692720973
1.695843761
1.695428009
1.696067448
1.690490578
1.691168273
1.692175443
1.692408342
1.693399777
1.694487593
1.694928569
1.697561333
1.69628871
1.695200845
1.695102898
1.692128416
1.690297382
1.690776219
1.691481106
1.692010767
1.693057257
1.694292794
1.690177912
1.690227344
1.690516888
1.690944659
1.691007308
1.691515486
1.69159919
1.690649719
1.690150283
1.689857553
1.691240832
1.691738126
1.691952811
1.689687052
1.692645755
1.692863742
1.692753938
1.697586943
1.694918932
1.695580759
1.69589768
1.695845255
1.695639828
1.695289511
1.694785558
1.694266958
1.694155727
1.693655909
1.693960941
1.693620805
1.694415752
1.689902749
1.69051487
1.691082956
1.692440149
1.693096696
1.694072576
1.696365069
1.695264384
1.694130529
1.694341212
1.693085265
1.694673266
1.690510432
1.69040355
1.690640034
1.691008005
1.691677152
1.692566512
1.690892243
1.691166085
1.69207777
1.692391769
1.692964004
1.691607253
1.690889914
1.690703333
1.689935851
1.692235594
1.692635839
1.689527132
1.693685472
1.693495562
1.693563224
1.693531074
1.696303154
1.693288928
1.694874515
1.69528819
1.69525976
1.695349527
1.695284061
1.695089153
1.695103778
1.694911163
1.694529866
1.692574286
1.693468965
1.689508539
1.689698368
1.690606245
1.691147998
1.692109348
1.693136716
1.695522217
1.693705062
1.694143325
1.69448106
1.69494456
1.694522694
1.691834355
1.69124266
1.691001679
1.691185502
1.691376418
1.691858481
1.692503666
1.692833336
1.693878523
1.694113188
1.692194202
1.693023483
1.691251406
1.692760452
1.690292407
1.693517096
1.689672155
1.694491952
1.694626175
1.69410704
1.693993833
1.693981905
1.695316752
1.692789793
1.693853926
1.693959472
1.694475756
1.694844627
1.695097906
1.695216022
1.695327379
1.695430045
1.692362233
1.693280575
1.689437172
1.689502093
1.689756071
1.690391143
1.691228175
1.692158676
1.693922762
1.69442621
1.695394434
1.694765047
1.69474086
1.692983564
1.693698104
1.692286233
1.692428062
1.692109773
1.692100254
1.69438442
1.694631035
1.695377076
1.693979546
1.694499922
1.693307169
1.692012489
1.694856723
1.690973766
1.690389012
1.6947793
1.695168152
1.694486625
1.695474896
1.694202793
1.693941558
1.693764474
1.694867287
1.693193998
1.692051118
1.692959397
1.693637645
1.694174408
1.694481511
1.695154231
1.695458044
1.695800019
1.693035405
1.693785057
1.689546766
1.689417381
1.689515481
1.689964428
1.690681234
1.69458901
1.694941773
1.696018753
1.694869329
1.695111872
1.694069665
1.694743231
1.69538808
1.693497563
1.694086937
1.69315392
1.695857843
1.695916313
1.695464318
1.694192377
1.695304572
1.693036916
1.696200884
1.692289773
1.690820509
1.694166364
1.694827107
1.695555311
1.693951874
1.6961006
1.693615145
1.693383344
1.692780361
1.692500544
1.694866301
1.694134371
1.691377692
1.690423766
1.692113894
1.692746264
1.693118052
1.694140557
1.694564251
1.695196088
1.695604584
1.694198041
1.694658235
1.690330048
1.689793504
1.689661418
1.689870719
1.69534083
1.69525082
1.695414338
1.696153767
1.695128455
1.695394476
1.695443824
1.695603339
1.696012196
1.696302386
1.694534898
1.695025574
1.69634256
1.696053338
1.695187151
1.696579
1.694628903
1.696414125
1.693336884
1.692335232
1.692866059
1.693575868
1.694565405
1.69559115
1.692813567
1.692532169
1.691344966
1.691465871
1.691317161
1.695113288
1.695173368
1.690864678
1.69036743
1.690093136
1.691358222
1.69167158
1.692640779
1.693067569
1.693807215
1.694202414
1.695072829
1.695326562
1.695604592
1.692111067
1.6911186
1.690503965
1.690186997
1.695649735
1.695756906
1.695555142
1.695668446
1.695308098
1.695375189
1.696115488
1.695933994
1.696219705
1.696268584
1.696068113
1.695641954
1.695250561
1.696921966
1.696660309
1.696356883
1.696560818
1.695549254
1.695330827
1.6945843
1.694188702
1.691276531
1.691814997
1.692773265
1.694013377
1.691424366
1.690446013
1.690330004
1.690416615
1.690226602
1.695290267
1.69584293
1.690406047
1.690560508
1.690407185
1.690955575
1.690692013
1.691237865
1.691494183
1.692146528
1.69243082
1.693256203
1.694124452
1.695916459
1.695816295
1.693207799
1.692246053
1.691542988
1.695536869
1.695523641
1.695222202
1.695224572
1.694961231
1.694840129
1.695904332
1.695750914
1.695976997
1.695742785
1.695410298
1.694701046
1.693271519
1.696325319
1.696917081
1.696933217
1.696722614
1.694901993
1.696206057
1.693244419
1.695899062
1.695153442
1.690097085
1.689956655
1.690714595
1.691815761
1.690207071
1.689976184
1.689663546
1.690228397
1.689322424
1.695121829
1.695711863
1.690714927
1.690995353
1.690627261
1.691523248
1.69266259
1.69047677
1.690545469
1.690535956
1.690839341
1.690911948
1.691452346
1.692228143
1.69566338
1.695237555
1.694294688
1.693491541
1.694860124
1.694672365
1.69444411
1.694146369
1.694289985
1.694898244
1.695359158
1.694480734
1.694318453
1.693692221
1.692782112
1.691368905
1.695785417
1.69415335
1.696139403
1.69657124
1.696677468
1.6923107
1.696553767
1.69078975
1.696310576
1.695861946
1.689046669
1.689111981
1.689679118
1.690456245
1.690766743
1.690002263
1.689712405
1.691150335
1.689082432
1.694510774
1.694791891
1.691847396
1.69161203
1.692521821
1.691015098
1.693487035
1.694662541
1.690599818
1.690434989
1.690236713
1.690154982
1.69026777
1.690656476
1.694594079
1.694063113
1.695308904
1.693804257
1.693418459
1.693454622
1.693216258
1.693305594
1.693554842
1.693926457
1.693359388
1.692629875
1.692423933
1.691746063
1.690946376
1.690114718
1.694157402
1.693514414
1.691364618
1.695108395
1.695807042
1.695925969
1.689793145
1.696231616
1.688779303
1.696380164
1.696329559
1.688610936
1.68832393
1.688328951
1.691670661
1.691220843
1.691897341
1.691071369
1.690194309
1.693237541
1.692845596
1.689301814
1.6936816
1.693356062
1.693617101
1.693292297
1.692467751
1.694563475
1.691677378
1.695586249
1.696112885
1.691357282
1.690737039
1.690489634
1.690099391
1.689951243
1.693105187
1.692636355
1.692594526
1.692162221
1.692410361
1.692438683
1.692630732
1.692916188
1.692319846
1.692204839
1.691484116
1.690891074
1.690729141
1.690244254
1.689869165
1.689953348
1.692707432
1.691540726
1.690860387
1.689034511
1.693821599
1.69408973
1.695012257
1.688100167
1.695575995
1.687823284
1.696139901
1.696476546
1.688845074
1.68812592
1.692966447
1.693274557
1.692999239
1.692135752
1.691070537
1.694630542
1.694482513
1.694384638
1.690554077
1.692940425
1.691856882
1.695098321
1.69541498
1.694302511
1.693412374
1.696270009
1.693011845
1.696578614
1.69213749
1.691816037
1.691021769
1.69037161
1.691511012
1.691428996
1.691724238
1.691334826
1.69185821
1.692124489
1.692414419
1.692620581
1.692708269
1.690881648
1.690667555
1.690204285
1.689918463
1.689842246
1.689808113
1.690233214
1.690955566
1.691332105
1.690105045
1.689219565
1.688711053
1.687812856
1.691680828
1.692733166
1.693724583
1.687756876
1.694798484
1.69378229
1.688318012
1.695581034
1.696222035
1.689364114
1.694827767
1.69461378
1.694280468
1.693380723
1.692903139
1.695103259
1.695475231
1.694716405
1.694696687
1.691607643
1.692609178
1.690810005
1.696366574
1.695860853
1.696548862
1.695157233
1.694832579
1.696630331
1.693911108
1.69370194
1.692744148
1.691775136
1.690520744
1.690876317
1.691501874
1.691241277
1.691938562
1.692372569
1.692704644
1.693035615
1.690167981
1.690004328
1.689939379
1.690059286
1.690128201
1.690880484
1.691846868
1.692752825
1.68956417
1.689171765
1.688296532
1.68800837
1.687805007
1.688112444
1.690409634
1.691314923
1.691517808
1.6889024
1.693626733
1.692489006
1.690143081
1.69466606
1.69564499
1.695823502
1.695859006
1.695429862
1.69521205
1.694026184
1.693857825
1.695006679
1.695402094
1.69346315
1.692909134
1.692742193
1.692870319
1.690648171
1.696537494
1.696545167
1.696271617
1.696466683
1.696001781
1.695358791
1.694661919
1.693694688
1.690452539
1.691228023
1.692001578
1.691957944
1.692624016
1.693090341
1.69340805
1.693673781
1.69055446
1.690470541
1.690818549
1.691331707
1.691589932
1.692916805
1.693898792
1.694692417
1.688445267
1.688815916
1.688277658
1.688334389
1.688376128
1.688842731
1.689835443
1.689354494
1.689482595
1.690193
1.691121597
1.692354174
1.69118901
1.693650686
1.695122909
1.696086743
1.696416578
1.696486215
1.696060465
1.695207726
1.691236306
1.693397756
1.694242503
1.691118636
1.688459211
1.694863664
1.693553161
1.693526866
1.691334439
1.695396167
1.695910616
1.696266112
1.696238112
1.696170414
1.695859327
1.695386026
1.69229239
1.693076381
1.693223373
1.693686023
1.694035015
1.694189358
1.6943073
1.691819104
1.691937428
1.692621832
1.69339093
1.693688099
1.694980723
1.695669263
1.696049616
1.688485321
1.688722319
1.688456204
1.688806514
1.689845109
1.690097117
1.691028619
1.692268617
1.68845213
1.688636365
1.689141604
1.689990064
1.691098015
1.692468334
1.693314746
1.695726413
1.696158946
1.696581887
1.696505242
1.696296657
1.690860739
1.688459211
1.688459211
1.691291261
1.693725014
1.695647967
1.694641739
1.69422706
1.692943626
1.693771143
1.694937739
1.695248359
1.695764176
1.696101544
1.696189301
1.693900198
1.694358615
1.694647964
1.694753753
1.694836829
1.69473789
1.694599101
1.693701505
1.693976234
1.694868655
1.695488574
1.695671316
1.696413216
1.69653978
1.696316691
1.688967473
1.689588754
1.690336059
1.688790415
1.690632538
1.692161403
1.692513773
1.693529523
1.688363141
1.688178788
1.688413068
1.689006972
1.689946077
1.690847337
1.691280767
1.694161537
1.695400428
1.696115468
1.69617885
1.696309394
1.688459211
1.688459211
1.69113667
1.696066701
1.695479362
1.694511943
1.694755421
1.692833351
1.693307713
1.694235809
1.69513232
1.695833425
1.695392943
1.695395199
1.695669084
1.695396329
1.695126205
1.694771925
1.694341447
1.695537142
1.695911921
1.696647479
1.696768071
1.696876996
1.696688792
1.696149176
1.695324413
1.690462139
1.690774118
1.691904741
1.692769761
1.689505571
1.693088538
1.694460762
1.694758722
1.688749669
1.688612078
1.688119303
1.688032645
1.688327161
1.688874245
1.689179094
1.690535154
1.690999961
1.692911438
1.694070031
1.694405891
1.69523311
1.695854203
1.688459211
1.69610541
1.695995784
1.694066397
1.696126377
1.691013379
1.692034639
1.693255732
1.694325677
1.696184457
1.695813242
1.695271862
1.694693637
1.694183016
1.693566026
1.696643842
1.696876193
1.69691874
1.696814499
1.696394122
1.695594285
1.694566633
1.693292737
1.69284512
1.691713904
1.693317243
1.694657473
1.694964614
1.690605792
1.695471628
1.695938263
1.690253846
1.689277217
1.688472445
1.68806046
1.688018355
1.688118302
1.688753631
1.689097433
1.691044495
1.688459211
1.691212442
1.692539055
1.693866244
1.694854352
1.695656212
1.69579821
1.692872037
1.692479633
1.696507306
1.689884697
1.690955081
1.692239767
1.695907522
1.695089792
1.694249593
1.693562152
1.693035273
1.696580058
1.696596315
1.695769341
1.69550206
1.694645487
1.69352139
1.692368518
1.690927924
1.691119727
1.694139039
1.695076705
1.693043728
1.695384968
1.696143689
1.696158666
1.692653131
1.696126535
1.691478032
1.690256508
1.689223191
1.688581053
1.688420195
1.688129085
1.688204723
1.688522549
1.688459211
1.688459211
1.691010288
1.691539121
1.693656215
1.69405543
1.695053099
1.691429419
1.691103576
1.691663796
1.69570285
1.689091171
1.689941976
1.694600061
1.693495317
1.69262085
1.692039294
1.695259778
1.695034896
1.69359408
1.693224616
1.692186774
1.691033518
1.689937671
1.689009487
1.689169951
1.695234781
1.695933989
1.696320362
1.694890501
1.696355768
1.69602777
1.695755851
1.693940929
1.692736322
1.691502131
1.690394897
1.690130315
1.689168477
1.688716715
1.688378257
1.688762408
1.688311924
1.688459211
1.688459211
1.691158685
1.69108446
1.69267426
1.693783726
1.690368966
1.690296267
1.690329488
1.690533772
1.693871014
1.688537906
1.692567143
1.691501914
1.690871123
1.692952352
1.692613334
1.691018833
1.690659179
1.689758593
1.688921181
1.68839145
1.688252049
1.688207863
1.696229542
1.696342625
1.696363902
1.69601921
1.695716241
1.69576586
1.694300535
1.695047674
1.69413177
1.692893574
1.692553584
1.691455852
1.690549457
1.690363427
1.689573256
1.688843669
1.688399671
1.688459211
1.690859023
1.691267938
1.690185969
1.69025536
1.689808557
1.689535644
1.689469849
1.691581058
1.690381197
1.689695416
1.690171437
1.690486044
1.690430521
1.689645118
1.688727145
1.688607847
1.68814269
1.687972746
1.688156445
1.6888617
1.688595598
1.69626826
1.695978903
1.695846029
1.694993597
1.694002113
1.696202319
1.693711123
1.696034244
1.695185689
1.694833323
1.693925224
1.692956694
1.692705184
1.691694496
1.690593197
1.689589493
1.688459211
1.688459211
1.690903651
1.690905566
1.691253221
1.689554168
1.689022364
1.688689091
1.689335912
1.688743203
1.691304267
1.690542516
1.688572441
1.68839551
1.68794199
1.687714424
1.68775537
1.687978366
1.688535458
1.689252288
1.690658546
1.690290094
1.695070504
1.695795411
1.694115985
1.693676358
1.691770866
1.696002783
1.696217342
1.696145942
1.695757305
1.695122425
1.694938542
1.694075081
1.692960516
1.69175373
1.688459211
1.688459211
1.692198889
1.692566624
1.692926063
1.689703975
1.68886746
1.688244177
1.688086878
1.692227995
1.692952629
1.691303653
1.687778806
1.687689465
1.687786956
1.688192352
1.68849223
1.689685966
1.690318713
1.691461285
1.69267995
1.693057741
1.693813444
1.692319936
1.694291261
1.691099582
1.690985501
1.695705872
1.695945063
1.696270813
1.696274395
1.696229973
1.69587031
1.695161772
1.694170622
1.688459211
1.693871853
1.694527139
1.694405822
1.690199757
1.689076219
1.688178838
1.694062098
1.693347139
1.694420644
1.692219902
1.688418522
1.68844326
1.689077778
1.689952633
1.690400919
1.692186972
1.692757678
1.69388582
1.694901194
1.695232513
1.691346159
1.690867898
1.688459211
1.693697367
1.69414466
1.695115503
1.69587179
1.696040678
1.696363685
1.6963325
1.696017484
1.695225724
1.694710604
1.6946096
1.691035745
1.689598927
1.695390386
1.69514846
1.694473151
1.693323166
1.692774803
1.69022627
1.690411485
1.691369918
1.692415016
1.692869425
1.69453704
1.694942477
1.695682153
1.696155504
1.696299723
1.688459211
1.688459211
1.69103892
1.691145667
1.692390539
1.693889116
1.69420007
1.695220549
1.695930646
1.696168908
1.695524726
1.694737684
1.693395351
1.69171962
1.693374585
1.695967804
1.695948466
1.695335583
1.690810695
1.688459211
1.69276809
1.692955009
1.693915692
1.694744538
1.695066308
1.69592902
1.696074577
1.696160061
1.695906391
1.695745096
1.688459211
1.688459211
1.690945337
1.691160757
1.69241949
1.693928332
1.694414276
1.69536143
1.693899239
1.693113365
1.69105586
1.694292058
1.695518522
1.696149622
1.696381513
1.688459211
1.690878441
1.695091306
1.695215942
1.695847158
1.696064876
1.696098728
1.69584199
1.69567261
1.694998481
1.694011987
1.693810763
1.688459211
1.688459211
1.690948854
1.691398257
1.69351945
1.694984375
1.691096884
1.688459211
1.696055321
1.696478103
1.696008778
1.696332961
1.696299262
1.696041061
1.695735403
1.695157423
1.694046155
1.693744082
1.692314184
1.691183728
1.690949001
1.688459211
1.688459211
1.690756929
1.692171375
1.694073784
1.688459211
1.696435192
1.695913963
1.696041066
1.695747664
1.694339092
1.69379724
1.692339327
1.691067874
1.690885016
1.688459211
1.688459211
1.688459211
1.691012467
1.693853828
1.695227799
1.694097021
1.693803906
1.691354054
1.690890747
1.688459211
1.688459211
1.688459211
1.690938688
1.69279188
1.690946075
1.691157419
1.688459211
1.688459211
1.688459211
1.688459211
