1.68655003
1.68655003
1.68655003
1.683858688
1.68655003
1.682838187
1.68655003
1.681312829
1.681527503
1.681036242
1.680128393
1.681544268
1.68655003
1.682747817
1.68113294
1.682159662
1.683138943
1.68655003
1.68655003
1.68655003
1.679846951
1.681916711
1.68026785
1.681556098
1.684783296
1.685428616
1.685951274
1.686072189
1.687340728
1.682150165
1.682991863
1.68655003
1.681151007
1.684532672
1.680770074
1.68036504
1.688021413
1.688132811
1.688193583
1.687438098
1.687284077
1.680174171
1.68655003
1.681624811
1.68655003
1.68655003
1.683854092
1.687245362
1.682807814
1.681284128
1.689022369
1.687837978
1.689774007
1.689778442
1.685645523
1.685643961
1.680156346
1.681230695
1.680816536
1.682218893
1.682838494
1.68655003
1.68655003
1.68655003
1.68655003
1.68763618
1.685591897
1.6839269
1.685826302
1.688441297
1.687239586
1.689524409
1.689844759
1.68395386
1.68398358
1.68655003
1.683258222
1.680549852
1.682401525
1.680425898
1.681145708
1.681949063
1.682100932
1.688974155
1.6880195
1.687272139
1.683961307
1.683312531
1.68441269
1.686432704
1.68506171
1.688479547
1.685120215
1.689191238
1.684600368
1.68442437
1.684110716
1.682693564
1.68655003
1.685848004
1.682346984
1.680720182
1.680068799
1.680160237
1.680262605
1.689473247
1.6896925
1.689247818
1.68318999
1.682620007
1.68218526
1.682482758
1.682315555
1.683399531
1.686649048
1.68787822
1.684767452
1.686248599
1.686157307
1.687258803
1.68655003
1.680890524
1.682996195
1.68655003
1.68655003
1.686804385
1.684514155
1.683017016
1.682122099
1.681200098
1.679935192
1.689022441
1.689975784
1.689631531
1.689361733
1.682388011
1.681461849
1.681289486
1.681534594
1.68229653
1.684574203
1.685716907
1.686863969
1.685130263
1.688121633
1.686969252
1.687277666
1.68655003
1.680664737
1.68224412
1.683225261
1.680113112
1.688256159
1.687099513
1.686252888
1.685013458
1.682677782
1.687274402
1.686743416
1.689455192
1.687728159
1.683740066
1.682978529
1.682435123
1.681947275
1.682253173
1.683314342
1.687774349
1.687039335
1.687641224
1.688764986
1.688020674
1.686058512
1.68630616
1.681277773
1.680110288
1.680958156
1.68337606
1.681710339
1.689343047
1.689431868
1.689026666
1.687061917
1.68383337
1.684426191
1.688400859
1.68571684
1.68638446
1.685554088
1.684150204
1.68239046
1.681884963
1.681867703
1.689069238
1.689124225
1.685952884
1.68648168
1.687149128
1.688813965
1.685198507
1.685453948
1.685349976
1.682380354
1.681870756
1.687216523
1.685116598
1.684280853
1.689308405
1.690240511
1.690079045
1.688954718
1.682061596
1.682857636
1.685544996
1.688799537
1.687520604
1.684983059
1.687844869
1.683403831
1.68261568
1.682153131
1.689383101
1.689822889
1.685182249
1.68538478
1.686933866
1.685856003
1.685862931
1.686806832
1.68605152
1.685321933
1.686000535
1.687736076
1.686720352
1.687417874
1.688790166
1.688874155
1.688257874
1.681804903
1.682269766
1.683489645
1.689721601
1.689056907
1.686246823
1.688357728
1.685302914
1.68475344
1.683643277
1.687909002
1.688649611
1.684649186
1.684648941
1.68520725
1.687343051
1.687810325
1.687469505
1.686891401
1.685849565
1.687103334
1.68746246
1.684903181
1.686094046
1.686665791
1.686654696
1.681978303
1.684337818
1.681528289
1.681989433
1.688719291
1.688641575
1.687911892
1.688673494
1.687936636
1.687369528
1.687324441
1.685915924
1.686573071
1.686375256
1.684510928
1.684074003
1.684209175
1.68819034
1.687968928
1.687831935
1.688520774
1.68845855
1.68870952
1.688391621
1.68540428
1.683054383
1.684219709
1.684929561
1.682515711
1.685462359
1.681699745
1.681892301
1.687160626
1.68793174
1.689097596
1.689544502
1.689472176
1.688544836
1.685269214
1.684666731
1.688719841
1.687843754
1.685274042
1.684758109
1.684664359
1.687884393
1.687421489
1.687277794
1.689057353
1.68971085
1.690117345
1.683966276
1.682816619
1.683726406
1.683974766
1.686851559
1.683374435
1.683414273
1.686075413
1.687499524
1.688621759
1.689307972
1.68944523
1.68879146
1.684867793
1.684751792
1.690120441
1.689413074
1.687188603
1.686831885
1.686364747
1.687012649
1.68787524
1.686992981
1.687000276
1.688840074
1.689754514
1.690450438
1.68475413
1.684230597
1.686742522
1.685714972
1.685485034
1.688636721
1.685424619
1.684690142
1.686170261
1.686995907
1.687904011
1.688678118
1.685763166
1.685774529
1.690603295
1.689724597
1.689012745
1.688444439
1.686782334
1.686631494
1.686398285
1.687008173
1.687552567
1.687412453
1.688077708
1.687759678
1.688725028
1.689667235
1.686444091
1.68608817
1.687887599
1.687221323
1.686954478
1.688147375
1.688296232
1.684382405
1.684612219
1.684517082
1.685233602
1.68665433
1.68638827
1.687912376
1.686825682
1.690304664
1.6902568
1.69015832
1.689966095
1.687541897
1.687207888
1.685847914
1.686247887
1.685818493
1.688359439
1.688566859
1.686291976
1.687268744
1.688655882
1.686490422
1.686976497
1.687755331
1.687123632
1.68718679
1.687048274
1.683833318
1.685336642
1.683705061
1.684423817
1.685724617
1.685045618
1.689277668
1.687777445
1.689244809
1.689675972
1.690164852
1.690444696
1.68842069
1.68783216
1.685499439
1.686785939
1.685222651
1.6890939
1.688694015
1.68852935
1.685355729
1.685495409
1.68710506
1.685605498
1.685885754
1.68633355
1.685841565
1.685466617
1.685127374
1.684481075
1.68467465
1.685241397
1.685001032
1.690029131
1.688318738
1.687624052
1.688382492
1.689393419
1.690326455
1.689166259
1.688476938
1.686585625
1.68589989
1.68845716
1.689613678
1.689035082
1.688142319
1.685826898
1.685720016
1.685696615
1.685439826
1.684886135
1.685167669
1.686944185
1.686177469
1.685696762
1.685426503
1.690333044
1.690178417
1.689460365
1.68596545
1.686877192
1.688261632
1.689761236
1.6888322
1.687947593
1.687540463
1.688069576
1.688460596
1.689766537
1.689087047
1.687914105
1.687204308
1.686503483
1.685240045
1.685486562
1.6858928
1.688434506
1.687415946
1.686578354
1.688398967
1.69038295
1.689352303
1.689817641
1.685151739
1.685604809
1.686271863
1.689973063
1.68966743
1.689634253
1.689137631
1.689361145
1.687889478
1.687893041
1.688143755
1.688647422
1.688203847
1.688164215
1.688560474
1.687064446
1.685973052
1.687041843
1.687139355
1.68891841
1.687961964
1.687936516
1.687118655
1.689486241
1.688049954
1.689114395
1.68534526
1.685174962
1.685487369
1.68858865
1.68996451
1.689075993
1.69008352
1.690187188
1.690229469
1.687787387
1.687573923
1.687546679
1.687591527
1.688828742
1.688627019
1.688171913
1.689302908
1.690473006
1.688212551
1.687135348
1.687934891
1.688040434
1.688578686
1.686299534
1.687736718
1.688026833
1.686214246
1.685614912
1.685534979
1.687777907
1.6882337
1.689392472
1.689696411
1.690225877
1.690108465
1.687720072
1.687369741
1.687159457
1.68708284
1.689276708
1.689082889
1.68936933
1.688776246
1.688341107
1.69004296
1.690400189
1.689310833
1.688417042
1.687566376
1.687780579
1.686177207
1.686850136
1.687242153
1.68745918
1.686528134
1.686020994
1.687208788
1.687992993
1.688536497
1.688849685
1.68928951
1.687926444
1.68759992
1.687351459
1.687087029
1.689267966
1.68932921
1.689305108
1.689527701
1.689104122
1.688847717
1.690337773
1.689866578
1.690075391
1.689506676
1.687036532
1.686402387
1.686899133
1.688664278
1.687135793
1.688532672
1.686915715
1.686951899
1.687046465
1.687202525
1.688515556
1.687637873
1.68859902
1.688413867
1.688123014
1.687265169
1.689012007
1.688942021
1.689317302
1.689299646
1.689629298
1.689595068
1.689644566
1.689599246
1.689859575
1.69008549
1.689991461
1.687334299
1.687212602
1.689595803
1.688044408
1.689004731
1.687897891
1.688217162
1.686816333
1.686504975
1.686499687
1.687016736
1.689653923
1.689627458
1.688428222
1.689664916
1.687873064
1.689932408
1.689405274
1.68905109
1.689020843
1.688902817
1.689317991
1.689806417
1.689951495
1.690164874
1.689006083
1.689391097
1.689467714
1.688149903
1.689244438
1.688772711
1.688385708
1.686944706
1.687583552
1.687251454
1.686693701
1.686513396
1.686785128
1.690344362
1.690521107
1.689471447
1.690499106
1.689124814
1.689788707
1.690381329
1.689149364
1.688780176
1.688937421
1.689770637
1.689322494
1.689622741
1.690001153
1.689661412
1.688025329
1.6883248
1.688535908
1.688335678
1.688670728
1.688436415
1.687969346
1.686863133
1.687033913
1.688109516
1.689581529
1.687272076
1.687701043
1.687550026
1.690417777
1.690262452
1.690463319
1.690633173
1.690518718
1.690442932
1.690620942
1.690644744
1.690167072
1.690648797
1.689222858
1.688886083
1.688689365
1.688833801
1.689159147
1.689687279
1.690186291
1.689535408
1.689092096
1.688953988
1.687207847
1.687515613
1.687828982
1.687960427
1.687622057
1.687413664
1.686980368
1.687024044
1.687851933
1.689822629
1.688783664
1.688964036
1.690647439
1.690384985
1.689541248
1.69039288
1.689753476
1.690649038
1.690583745
1.690381652
1.690498339
1.690801749
1.68908036
1.688757176
1.688760222
1.688593415
1.688623724
1.688621246
1.690020017
1.689527
1.690377099
1.689240885
1.688671258
1.6884291
1.688134462
1.688316961
1.687100105
1.687555897
1.687677062
1.687530701
1.687678376
1.687864381
1.688961982
1.68983516
1.690226812
1.690429092
1.69000557
1.689948202
1.689463041
1.689957634
1.690183188
1.688738977
1.690290004
1.689756428
1.688987226
1.690308507
1.690142858
1.689856212
1.689395752
1.689053136
1.69064613
1.6904041
1.690812978
1.690879008
1.688896128
1.688610474
1.688498877
1.688480469
1.688317573
1.689045901
1.689850058
1.689401234
1.690043329
1.687956416
1.687813761
1.687996541
1.688103938
1.687909757
1.688148779
1.688195281
1.68867458
1.688737887
1.689117004
1.689836482
1.689650929
1.69021223
1.689503767
1.689250739
1.689506906
1.689059666
1.689395269
1.688256573
1.688134853
1.689777848
1.687968254
1.688484352
1.689057685
1.689763219
1.689675647
1.689279744
1.68865824
1.68897505
1.688654341
1.690236894
1.690718969
1.690522573
1.690931442
1.690870233
1.690849523
1.688701493
1.688481442
1.688373836
1.688237071
1.688823878
1.689244098
1.689609385
1.689806496
1.68998249
1.687694213
1.687696657
1.687936822
1.687967803
1.688152552
1.688958145
1.688804659
1.688876473
1.689196267
1.689354407
1.689505695
1.689723078
1.689064423
1.689620122
1.689782308
1.688496299
1.688616562
1.688791717
1.688817351
1.687746881
1.687591476
1.689287212
1.687650681
1.688105341
1.688744523
1.689312333
1.68909145
1.6889061
1.688292566
1.688307505
1.688607854
1.688583255
1.688271889
1.690403242
1.690650718
1.690775014
1.690964098
1.690926959
1.69098692
1.690908626
1.690135225
1.688549613
1.688379126
1.688296264
1.688688286
1.689004165
1.689423406
1.689693911
1.687603152
1.687928568
1.688304263
1.6883579
1.688202663
1.688200514
1.688334433
1.688459526
1.688373085
1.689162127
1.68931534
1.689541981
1.689653986
1.688625838
1.689332234
1.689110121
1.688162906
1.688195688
1.688295441
1.687456796
1.687540642
1.688904772
1.687437227
1.68772929
1.688081663
1.688447636
1.688835045
1.688772122
1.688504401
1.688541428
1.688170689
1.68836135
1.68854834
1.687929745
1.687982988
1.688009456
1.688244133
1.687969627
1.687786901
1.690743622
1.690583058
1.690404256
1.6908662
1.690965999
1.690993312
1.69100348
1.690955525
1.689837431
1.690083157
1.690335219
1.688500654
1.688422402
1.688648859
1.688874193
1.689159312
1.689414039
1.68958509
1.688853805
1.687924365
1.688357189
1.688758617
1.688926595
1.688477357
1.688632754
1.688472063
1.688511119
1.688502492
1.688279819
1.688115759
1.688009138
1.68890953
1.68908311
1.688978924
1.689309358
1.688307961
1.688541875
1.688762276
1.688686607
1.687911734
1.68790424
1.68743405
1.687558713
1.68740983
1.687983744
1.687385843
1.687397297
1.68794287
1.688489061
1.687429267
1.687556595
1.687794162
1.688107329
1.688420303
1.688506573
1.688288361
1.688320208
1.68810312
1.688218582
1.68773589
1.687665636
1.687730179
1.687761423
1.687897602
1.687728075
1.687634949
1.690875973
1.690818997
1.690698237
1.690558996
1.690944634
1.690992563
1.691013026
1.691019252
1.690988759
1.689812672
1.690055136
1.690274142
1.688578997
1.688587969
1.68879057
1.689546079
1.689100727
1.689351299
1.689051031
1.688650159
1.688466775
1.688505624
1.688978209
1.68897285
1.689254372
1.689327267
1.688758781
1.688705367
1.688710844
1.687883725
1.688127402
1.687997764
1.688723607
1.688829463
1.688849969
1.688851504
1.688317639
1.68846206
1.688777328
1.689200311
1.687774129
1.687752478
1.687891392
1.687665551
1.687540908
1.68752677
1.688406432
1.687711463
1.687353953
1.687376633
1.687839933
1.688095831
1.687403919
1.687553193
1.687792641
1.688137439
1.688104009
1.688136208
1.688140029
1.687984081
1.688001699
1.687639604
1.68767268
1.687607575
1.687820334
1.687610171
1.687576917
1.687566229
1.687547438
1.690499786
1.690927666
1.690885734
1.690787866
1.690706039
1.690980823
1.691036326
1.691014511
1.691032404
1.691011559
1.689787335
1.692029763
1.690949189
1.690023128
1.688770468
1.688812453
1.689008046
1.68956796
1.689316535
1.690042336
1.689213917
1.689293178
1.689107383
1.689041453
1.689238538
1.689526303
1.689662254
1.688949574
1.689655864
1.689006831
1.68894764
1.688263684
1.68804053
1.688156513
1.689088793
1.689010574
1.689513378
1.688532939
1.688589337
1.688707772
1.689057017
1.689353305
1.689765649
1.688023866
1.688174974
1.687931946
1.687499505
1.687997265
1.687783256
1.687743332
1.687791873
1.687988246
1.688908041
1.689395834
1.687631938
1.687333295
1.687361196
1.687488956
1.68763634
1.687798268
1.687796511
1.687387835
1.687550458
1.687909893
1.68773338
1.687807281
1.687953636
1.687968964
1.687838598
1.687808443
1.687710215
1.687776168
1.687690338
1.68766423
1.68794195
1.687528418
1.687625242
1.687613284
1.68750041
1.687506976
1.691835806
1.690967164
1.690934136
1.690861184
1.691005634
1.691055447
1.691032009
1.691052263
1.69102857
1.694473812
1.694585119
1.690624833
1.69256725
1.693341726
1.692023795
1.69617538
1.688989756
1.689002894
1.689120145
1.689232475
1.689148111
1.691470387
1.689913358
1.692541122
1.690294562
1.689699442
1.689618614
1.689652418
1.689393562
1.689114959
1.689212933
1.689943343
1.689987024
1.689249423
1.6899597
1.689392106
1.690041137
1.688484108
1.688351028
1.688548088
1.688752633
1.689800388
1.690056323
1.688904689
1.689014218
1.689461739
1.689842064
1.690176049
1.68826547
1.688202691
1.68859733
1.688683838
1.688366311
1.68773643
1.687726898
1.688492595
1.688110365
1.688329388
1.689434925
1.689997517
1.688729807
1.687511279
1.687318794
1.687368844
1.68798572
1.687539769
1.687490282
1.687587462
1.68753783
1.687327858
1.687390387
1.687572813
1.687652731
1.687638765
1.687685929
1.687783601
1.687542605
1.687637954
1.687528211
1.687859595
1.687826913
1.688127905
1.687565538
1.687546508
1.687779857
1.687738857
1.687705188
1.687473911
1.687535967
1.687451619
1.692381105
1.694737858
1.690995924
1.692235451
1.690974152
1.691023438
1.691079285
1.691047601
1.691065566
1.691043262
1.697697126
1.697919754
1.697870117
1.693466826
1.694863789
1.69835065
1.700409204
1.689251979
1.689264688
1.689377813
1.689949832
1.694933987
1.696910556
1.695232101
1.692963184
1.693152191
1.690044006
1.68983718
1.689361282
1.689585099
1.689519984
1.690234373
1.690240243
1.689533899
1.690189916
1.6899572
1.690312834
1.690355819
1.688807992
1.689032757
1.688987428
1.690466572
1.690480215
1.689340253
1.689446465
1.689909281
1.690500127
1.690282994
1.690227575
1.688470861
1.688568147
1.688487125
1.689269734
1.688922095
1.688961202
1.688378356
1.688051437
1.688876835
1.688044067
1.698626809
1.689001332
1.689678791
1.688849512
1.690075601
1.690386588
1.689450649
1.687437683
1.689275161
1.687344118
1.698028177
1.713061205
1.690816977
1.691685577
1.687428041
1.687366648
1.687408497
1.687453185
1.687517738
1.700379381
1.697638208
1.694102712
1.688090385
1.6880171
1.688389591
1.687687529
1.687667149
1.687648172
1.687883109
1.688037878
1.687887415
1.687880185
1.687501518
1.687461742
1.692117863
1.69455158
1.69449522
1.697948019
1.691014681
1.695030845
1.692731245
1.694941716
1.691260664
1.691318267
1.691324131
1.691905147
1.693547565
1.701969471
1.702462236
1.697927147
1.703666771
1.705722864
1.689495764
1.690754682
1.691471506
1.694026374
1.700315691
1.700709018
1.703559253
1.699253871
1.698351314
1.690149605
1.689618925
1.689897538
1.689781256
1.69044317
1.690437047
1.689793372
1.690400662
1.690330115
1.690264326
1.690518387
1.690563051
1.689774251
1.689467142
1.68928636
1.690739969
1.690681726
1.689771085
1.689915507
1.690382643
1.690681704
1.690541495
1.688841774
1.688788354
1.688976409
1.689555981
1.68931086
1.688366636
1.688449481
1.688784605
1.689518339
1.689177355
1.707903568
1.720761165
1.689975642
1.690612616
1.689845781
1.690404713
1.690136264
1.690100113
1.691967953
1.696104274
1.709768761
1.730499856
1.725368806
1.719681419
1.699957086
1.715849957
1.697035525
1.704447465
1.706533535
1.709339982
1.705085651
1.688380966
1.688301844
1.689107141
1.688748089
1.688865512
1.687886784
1.687827138
1.687880254
1.689811206
1.688115996
1.688021916
1.688464589
1.68824343
1.68813073
1.688093726
1.688050747
1.688231021
1.692109257
1.694806685
1.697635754
1.697629077
1.704107869
1.70103035
1.692870795
1.697674216
1.695059137
1.69754029
1.696904626
1.694179081
1.693697445
1.694255697
1.697012224
1.706683136
1.707269434
1.706374723
1.710243817
1.711212961
1.691543692
1.695634785
1.695709173
1.701387057
1.710120329
1.709724006
1.70932108
1.710814306
1.691141867
1.690065738
1.690021478
1.690269193
1.690692931
1.690600059
1.690579548
1.690073473
1.690538753
1.690496495
1.690451047
1.69076509
1.690659049
1.690157741
1.690252192
1.68995339
1.690798316
1.690767343
1.690352465
1.690287396
1.690606669
1.690703502
1.690771968
1.690722475
1.689204024
1.689431283
1.689524257
1.690053842
1.689788836
1.690467907
1.711490615
1.69272644
1.693533066
1.689556143
1.725251322
1.730957469
1.690249337
1.689912158
1.690528587
1.690367086
1.690651604
1.69073892
1.69051164
1.690564125
1.697560588
1.702207543
1.724673334
1.736557262
1.735748658
1.731932289
1.729619647
1.707406447
1.72593222
1.719105291
1.718786255
1.716705376
1.712360403
1.688702027
1.688689065
1.689137522
1.693727211
1.695014397
1.688123693
1.691994122
1.689777695
1.688285409
1.688641776
1.688290507
1.688767496
1.688856172
1.688246959
1.688352511
1.688509994
1.697713805
1.698817546
1.700526977
1.701292437
1.701199415
1.705152845
1.699546395
1.697315745
1.700138471
1.699330812
1.700397691
1.69835728
1.697563996
1.700723669
1.711702738
1.710093205
1.714689083
1.715740561
1.716190126
1.710750128
1.6974023
1.702335938
1.717415841
1.717844765
1.718135299
1.716858935
1.690725218
1.690228107
1.690430645
1.690778483
1.690697175
1.69069565
1.690654801
1.692747517
1.699929843
1.690628507
1.690591636
1.690562315
1.690805777
1.690819373
1.69075865
1.690653452
1.690595551
1.690800216
1.69079448
1.690678506
1.690785185
1.690801803
1.690790558
1.690764041
1.689506666
1.68975024
1.689806399
1.690096804
1.6902578
1.690642211
1.717946845
1.702018882
1.740114864
1.733225282
1.690687741
1.704794731
1.691472885
1.690824729
1.690697312
1.690782395
1.690742577
1.69081152
1.690812367
1.702198307
1.706667321
1.73014504
1.733016996
1.738595959
1.735291085
1.74155007
1.711501422
1.728546385
1.725123073
1.721982244
1.716803452
1.689078874
1.688994088
1.6890321
1.688973387
1.68942729
1.693594697
1.698028328
1.696831924
1.693734513
1.688535558
1.688580186
1.688964678
1.694001717
1.691327183
1.688557637
1.701714103
1.702916113
1.703603849
1.704662567
1.704095611
1.708902893
1.703233406
1.703479643
1.70284748
1.703582525
1.703124987
1.703096467
1.702387843
1.703805893
1.705384669
1.715606215
1.71383342
1.720211405
1.720665893
1.720693561
1.710986129
1.723447712
1.723626862
1.721739132
1.71716378
1.690387837
1.694432854
1.690555562
1.690507331
1.690782002
1.690741447
1.690704355
1.690719834
1.690686221
1.70305665
1.708006712
1.690657246
1.690627538
1.690601748
1.690792906
1.690835244
1.690753508
1.69076949
1.690810184
1.690794681
1.690801121
1.690819516
1.690816095
1.690829979
1.690833821
1.690827748
1.689827412
1.689746216
1.690118726
1.690143637
1.690210839
1.690424932
1.690526543
1.690756724
1.690840931
1.719100265
1.722777991
1.743604382
1.737013958
1.696303503
1.709858829
1.690883106
1.700692485
1.690880797
1.690864627
1.690875527
1.744999526
1.706243726
1.710681874
1.731889247
1.737733886
1.735310376
1.74042064
1.728961951
1.714988956
1.725701598
1.720369366
1.689417238
1.689280502
1.692312011
1.689312007
1.689738175
1.689702315
1.696640179
1.70036483
1.69818544
1.703497046
1.691626351
1.690557286
1.694861841
1.698000042
1.69594216
1.694350618
1.706327779
1.706475971
1.708302901
1.70731478
1.713907783
1.706406947
1.706877547
1.706696074
1.705500035
1.706602782
1.707727057
1.707358685
1.718942261
1.719440414
1.724550387
1.725013342
1.724262329
1.71089386
1.726889225
1.716389597
1.726038093
1.722236325
1.690488344
1.69513858
1.690862886
1.690571667
1.690546916
1.696266213
1.701739635
1.690577897
1.69072774
1.690670087
1.690708457
1.690682924
1.69065428
1.70585
1.690629662
1.690606225
1.690584162
1.690777448
1.690705384
1.690656576
1.690833752
1.690834143
1.690801458
1.690798327
1.690802234
1.690821036
1.690808534
1.690833676
1.690832629
1.690826865
1.69082302
1.690031293
1.690068006
1.690033731
1.690381624
1.690570218
1.690346163
1.690567792
1.690697477
1.690817348
1.690811048
1.690842369
1.730577122
1.747875173
1.742747069
1.714726699
1.706377745
1.690913997
1.690792313
1.690783967
1.743662324
1.748860997
1.75117902
1.710185373
1.714213271
1.73531861
1.732405045
1.737568028
1.727878709
1.718412968
1.72322552
1.696858873
1.689758066
1.693333234
1.690795886
1.700135295
1.701496327
1.704703724
1.700148957
1.697301663
1.700587902
1.701844961
1.700006529
1.708207877
1.711503262
1.709437627
1.712177443
1.710576556
1.719731791
1.709464456
1.709811904
1.710916421
1.710648506
1.708428239
1.709296639
1.723965442
1.726866022
1.728647579
1.729032541
1.728701503
1.710333342
1.729840679
1.71673372
1.721823362
1.72703776
1.695381853
1.690565375
1.696240494
1.701195219
1.690544701
1.69053959
1.690530604
1.690548361
1.690426869
1.690593747
1.690551072
1.690545349
1.702993079
1.690529338
1.690522953
1.690572774
1.690596567
1.690429651
1.690462648
1.690416894
1.690812548
1.690806935
1.690817626
1.690806328
1.690802511
1.690804062
1.690802634
1.690804252
1.690794609
1.69078947
1.691578005
1.690277322
1.690328257
1.690700251
1.69054478
1.690692887
1.690535279
1.690782633
1.690794805
1.69083616
1.69077773
1.690806483
1.69083215
1.732954317
1.747438587
1.716585471
1.724057914
1.711449927
1.704567807
1.69151478
1.740979031
1.747926151
1.755063474
1.753714434
1.714626595
1.718134566
1.734630523
1.731360724
1.726373479
1.72187606
1.700928979
1.697368628
1.693721735
1.693814135
1.703428919
1.704232715
1.705942115
1.704916238
1.703691897
1.706929384
1.705851369
1.709073162
1.712689505
1.715780986
1.711893191
1.714924103
1.716384858
1.726067006
1.713267622
1.716592751
1.714538374
1.71173958
1.711647832
1.730893594
1.735330474
1.734177736
1.731724696
1.732756956
1.709107333
1.731290821
1.715908089
1.722112471
1.72735332
1.695183799
1.697399368
1.697344088
1.69162745
1.69046593
1.690448387
1.696836064
1.690372073
1.690174852
1.690173735
1.690123497
1.69025497
1.690319314
1.690285476
1.702235769
1.690313337
1.693455601
1.690042832
1.690791826
1.690795249
1.690845975
1.690821457
1.690811221
1.690802132
1.690762838
1.690770326
1.690781756
1.69074618
1.690739768
1.693304345
1.691235633
1.69049549
1.690553582
1.690782189
1.690684446
1.690776619
1.690683134
1.690829869
1.690825371
1.690830699
1.690736354
1.690795366
1.690734521
1.690765482
1.690801628
1.734327088
1.746370638
1.727954473
1.719809092
1.711357728
1.737733674
1.755883416
1.745746391
1.754104919
1.759333714
1.719578445
1.722719954
1.730259241
1.725925455
1.734673938
1.701123557
1.696767754
1.705462561
1.695468002
1.70923993
1.707333867
1.709828226
1.711460754
1.711810967
1.716572627
1.713831432
1.714255067
1.720869
1.721033419
1.73226723
1.718875948
1.722719929
1.717900796
1.716549268
1.740126251
1.7420666
1.740488903
1.73602667
1.733341803
1.708702552
1.730989798
1.715515279
1.72590602
1.721258369
1.708753279
1.72873224
1.691636434
1.690361676
1.690326723
1.721598816
1.694191935
1.697363722
1.690197639
1.70526279
1.696702388
1.702682109
1.690070507
1.691187533
1.689954243
1.689985319
1.701525403
1.690048174
1.71564299
1.703966265
1.690794815
1.690809879
1.690859527
1.690891969
1.690845782
1.690826538
1.690757845
1.690779425
1.690803926
1.690761827
1.690720077
1.690732646
1.691529617
1.693081284
1.690671456
1.690818685
1.690814849
1.690776592
1.69076992
1.690825042
1.690819687
1.690797733
1.690697769
1.690755609
1.690718909
1.690749141
1.740544878
1.750983556
1.736580233
1.728968559
1.742791012
1.761157727
1.752901683
1.762019703
1.724268576
1.72867133
1.731271038
1.739368055
1.709348769
1.699080576
1.703302541
1.695123362
1.712771127
1.711805755
1.716122586
1.714025734
1.717518329
1.714267247
1.721352984
1.715483719
1.718023708
1.727056934
1.740445062
1.726611334
1.7241212
1.723649012
1.750143985
1.755216747
1.741156666
1.734086514
1.730252922
1.706050511
1.724847264
1.714211201
1.71921014
1.690270421
1.6902139
1.735469654
1.731664879
1.692312008
1.695294899
1.690060804
1.71591732
1.715314242
1.714915883
1.689891624
1.708972265
1.692187137
1.701338786
1.69587779
1.697993193
1.69008913
1.728934042
1.69094938
1.718098963
1.69082763
1.690857673
1.690910076
1.690885803
1.690791304
1.690824571
1.690863707
1.690818473
1.692881781
1.690780875
1.690700748
1.690738976
1.690672038
1.691464848
1.690811515
1.690817909
1.690789663
1.69078761
1.690906478
1.690729943
1.690702816
1.692091884
1.763529038
1.75675851
1.747166347
1.754788314
1.742175169
1.750087612
1.76740115
1.768169491
1.76001185
1.73038974
1.737689057
1.748176951
1.706938105
1.71106736
1.697273259
1.700364935
1.69423551
1.717220204
1.717471018
1.71883035
1.71589633
1.72253501
1.718914901
1.72719028
1.717779114
1.723458389
1.743199937
1.731023367
1.732567603
1.730946707
1.73015156
1.749092746
1.7619086
1.737089677
1.724196682
1.732642107
1.69863052
1.705917205
1.717786316
1.710031584
1.690112997
1.71972674
1.744616927
1.743529314
1.694834829
1.693129074
1.692693941
1.691310323
1.727664397
1.727538038
1.69634098
1.712312234
1.705451714
1.702785004
1.696654406
1.6968807
1.74154694
1.691015651
1.730129877
1.690899014
1.690940479
1.690975865
1.690921902
1.690863592
1.69091062
1.690957949
1.690869215
1.692776256
1.690812826
1.690692833
1.690757717
1.69222857
1.691866554
1.691745305
1.691882627
1.693528131
1.693128637
1.767810525
1.761831588
1.752328442
1.759886292
1.773386521
1.770382305
1.73859252
1.759851699
1.749560558
1.694203035
1.704516135
1.708019068
1.698658426
1.695925769
1.711216192
1.721278162
1.723376469
1.716773985
1.7330625
1.734513448
1.725331783
1.693789646
1.721320733
1.745066629
1.736433563
1.737371284
1.736418202
1.749710794
1.763927613
1.731537427
1.720682244
1.699018505
1.700128987
1.70864297
1.721679339
1.756849299
1.755587393
1.696674671
1.69603485
1.740636205
1.740031459
1.703732919
1.724580903
1.714731898
1.70917942
1.700390353
1.7016873
1.756772576
1.691097451
1.705354402
1.742219017
1.734061954
1.691007649
1.691056536
1.691087575
1.691006673
1.691054291
1.690974226
1.691041479
1.69093103
1.693218404
1.690841211
1.691980888
1.691505872
1.693983796
1.693629849
1.693749924
1.695397118
1.772465467
1.780341727
1.768170062
1.788093226
1.769060292
1.77693341
1.752016445
1.76857229
1.695086516
1.704304196
1.70091629
1.696940594
1.709434567
1.721754957
1.727981315
1.714979655
1.748398939
1.739482886
1.729868643
1.732955762
1.694803538
1.694515697
1.729253556
1.740810819
1.740478617
1.738857286
1.745918886
1.751234862
1.752744308
1.716799136
1.724853801
1.707330329
1.701750803
1.70136033
1.769330706
1.701325473
1.753945548
1.752554352
1.727906715
1.70974569
1.717153044
1.707220561
1.708581665
1.771270022
1.783719989
1.691201678
1.712558657
1.717731857
1.754977423
1.74179119
1.691165046
1.691215156
1.691105388
1.691166931
1.691139927
1.691256682
1.691334983
1.692532284
1.695427997
1.692060763
1.69346925
1.693245479
1.695898324
1.697353931
1.696627804
1.799953205
1.791216728
1.803420014
1.792068944
1.777535136
1.777472239
1.764735546
1.695851768
1.70303682
1.698374061
1.70900176
1.718845452
1.703325114
1.749959613
1.720106172
1.739683013
1.733081164
1.695838042
1.695943025
1.697889044
1.741309079
1.755533014
1.734186511
1.739859967
1.750654888
1.733741795
1.735980863
1.714407146
1.706373593
1.708775997
1.702063736
1.727790314
1.766206434
1.717535806
1.716748287
1.788000111
1.805290406
1.691359772
1.727401806
1.736588236
1.778328064
1.768235972
1.754998381
1.691361963
1.691427125
1.691417301
1.691406938
1.691312804
1.69385939
1.692860811
1.694079245
1.698806845
1.693615043
1.69907827
1.694838832
1.697604169
1.826494125
1.823139065
1.804911384
1.788763998
1.774117577
1.696673958
1.698619167
1.696969329
1.699224461
1.709529789
1.712749638
1.704327954
1.763641735
1.718534583
1.740047289
1.728894923
1.697568094
1.700732991
1.700451102
1.779291886
1.759885698
1.732204096
1.759482834
1.725120623
1.726728255
1.714649654
1.70738884
1.706519656
1.71461067
1.813190088
1.691595105
1.737789782
1.750497628
1.790071363
1.77497094
1.835304223
1.691617206
1.692051652
1.692160296
1.695482403
1.692826226
1.695245825
1.694509517
1.70085727
1.694965752
1.698305785
1.696420436
1.696431426
1.854464296
1.842574901
1.828516008
1.811669991
1.78804256
1.698418242
1.697324134
1.700282587
1.699193816
1.700090275
1.777949613
1.713287574
1.708763396
1.704638844
1.716875272
1.745475269
1.72580527
1.703265422
1.702741856
1.706483718
1.802778933
1.778876499
1.775979993
1.814885675
1.732720553
1.71905424
1.730488379
1.712469987
1.715152011
1.726922481
1.83476691
1.845462585
1.811882601
1.691776702
1.756432302
1.770508222
1.79223397
1.843656673
1.693896863
1.694778474
1.695649249
1.697085101
1.696033458
1.695857552
1.698219975
1.696557112
1.697447759
1.698179689
1.875370347
1.868105851
1.847844659
1.85007458
1.815275718
1.700139941
1.702776628
1.700994089
1.701376477
1.766371214
1.710003617
1.704501558
1.7201301
1.704694912
1.701928118
1.699384011
1.705902145
1.710164914
1.821002335
1.77054482
1.853956895
1.732533231
1.725941719
1.74591535
1.726666119
1.747518954
1.845552244
1.830561127
1.867886917
1.828824136
1.841994141
1.814114819
1.77864258
1.694832977
1.781512543
1.803096566
1.840627789
1.696828247
1.697619588
1.698602342
1.69900879
1.698804263
1.697589985
1.700204369
1.699011462
1.882201078
1.880142205
1.871786686
1.856183472
1.800638311
1.703715938
1.708008833
1.707620327
1.704990593
1.707867863
1.720704138
1.709370977
1.701415376
1.700432507
1.703368264
1.707188624
1.711997803
1.711007445
1.789187607
1.743753255
1.823525789
1.778529118
1.800395153
1.766281176
1.775227282
1.802566226
1.812732391
1.825972228
1.824602893
1.801053931
1.830410177
1.891334543
1.877335521
1.831378832
1.858582576
1.697144185
1.825292121
1.883977754
1.699526178
1.700748471
1.702269003
1.699782369
1.701538274
1.919193993
1.876634087
1.802605421
1.733977995
1.711617768
1.711435926
1.713214036
1.716062185
1.701531793
1.702145811
1.702836124
1.705144401
1.708916548
1.714177923
1.779312138
1.832773285
1.781674644
1.836239
1.788480524
1.851861703
1.82490676
1.840250868
1.803431508
1.832352108
1.828872182
1.850116058
1.869435538
1.922568816
1.96905474
1.937782246
1.907837596
1.945294253
1.861443649
1.813005135
1.699162854
1.898613684
1.917185175
1.700856952
1.703749664
1.705020344
1.703870145
1.895199499
1.808952049
1.766025501
1.738306581
1.712336992
1.712960576
1.71636525
1.704005817
1.704869398
1.705782285
1.708678401
1.712857821
1.71207543
1.715781923
1.843274223
1.87160338
1.848872642
1.838247588
1.902602531
1.913921803
1.901991196
1.853815798
1.8043516
1.811067824
1.853690017
1.916309277
1.880998701
1.869157389
1.905418536
1.906012304
1.879533099
1.841435168
1.948701972
1.949388123
1.702968862
1.706048422
1.708592393
1.708163313
1.822788805
1.757987142
1.738003116
1.721143584
1.716782888
1.707741778
1.708463729
1.709265237
1.713862458
1.71826112
1.721158955
1.905533653
1.910242451
1.938845653
1.891713274
1.902038286
1.935119679
1.974282583
1.92721875
1.831541519
1.82552961
1.93126643
1.822355129
1.921394477
1.941396882
1.902666337
1.907041362
1.908907543
1.905273935
1.812431198
1.949299384
1.81536005
1.705642639
1.70918509
1.713485938
1.75435886
1.737466029
1.734926435
1.730227865
1.714253851
1.712882872
1.718828378
1.727971466
1.979874078
1.952975673
1.935737066
1.905527571
1.900215148
1.940433419
1.964646933
1.95058719
1.889460013
1.862638666
1.954891916
1.84999023
1.94696647
1.910317381
1.835270929
1.88264168
1.928639296
1.84002713
1.764542494
1.835255707
1.709002593
1.71258785
1.71374936
1.717910151
1.763009053
1.768062934
1.75705302
1.740349707
1.720744193
1.720502449
1.723795815
1.726214062
1.957081911
1.986447068
1.905017375
1.897450973
1.921175054
1.923040361
2.007411266
1.908445192
1.985358965
1.991296982
1.892917246
1.891136276
1.909127547
1.835513881
1.844926087
1.906355648
1.782890555
1.797630003
1.814033578
1.713685926
1.716522593
1.723368664
1.785279063
1.754883979
1.733727352
1.731334558
1.728030178
1.915346533
1.945243776
1.923323574
1.909040326
1.919577691
1.841635274
1.987465523
1.955236392
1.989978308
1.901668305
1.887798564
1.897782807
1.891754056
1.86488698
1.901625372
1.781998799
1.788787798
1.774470217
1.720197623
1.724380963
1.734734494
1.744725007
1.745788342
1.749890816
1.738052992
1.933438618
1.954435417
1.954147174
1.919970632
1.85524312
1.78613686
1.962701029
1.989417328
1.94280085
1.954744813
1.928690235
1.883717419
1.897077179
1.918796243
1.920208067
1.934469154
1.759223323
1.760995737
1.726107695
1.732679646
1.743788155
1.743445054
1.764163945
1.778110633
1.767057809
1.948590268
1.941446462
1.959500295
1.930334865
1.822690495
1.790977766
1.970451293
1.964760128
1.931145557
1.934441219
1.929957888
1.939305792
1.950838782
1.932767916
1.938761759
1.944515983
1.750786307
1.73919295
1.761872531
1.771765943
1.770461996
1.784952811
1.792867439
1.766354155
1.976925321
1.965957542
1.973367241
1.887082249
1.816317662
1.960612789
1.942534754
1.937130143
1.948296533
1.94726796
1.928088637
1.966375542
1.968588503
1.794052621
1.775412598
1.745317518
1.771837267
1.793104405
1.780788436
1.780015568
1.961223822
1.978623636
1.844944583
1.904400543
1.964233171
1.962866024
1.974137619
1.974440009
1.982936904
1.975592568
1.945219665
1.792887792
1.793314943
1.748448066
1.766315277
1.773521616
1.822251895
1.974959945
1.974695279
1.821559066
1.909173833
1.98509579
1.972969192
1.959248707
1.971346056
1.969998904
1.952962294
1.937159825
1.779298409
1.763285407
1.767189751
1.85450213
1.776729203
1.98942147
1.946684918
1.871337721
1.977442286
1.946131039
1.939258069
1.945544519
1.937837081
1.93126919
1.764413152
1.797010921
1.855972581
1.765278775
1.780041295
1.966294741
1.939392179
1.946545208
1.916978171
1.936549022
1.924104132
1.925564854
1.782455526
1.893226951
1.788293968
1.758613716
1.956416725
1.932730212
1.905801355
1.91609336
1.914959174
1.913469613
1.751696581
1.820011297
1.765005387
1.980095805
1.912381056
1.89900202
1.901033192
1.881401921
1.769263999
1.760895479
1.817553119
1.871783666
1.935852987
1.903429614
1.905708343
1.820224152
1.801781261
1.845315411
1.855706372
1.891923434
1.898453399
1.892460369
1.856250128
1.852553279
1.847925744
1.856931091
1.955903754
1.91629569
1.865703669
1.851137402
1.913682917
