1.68921852
1.68921852
1.68921852
1.687959048
1.68921852
1.688370893
1.68921852
1.686198726
1.685410138
1.682872599
1.684557242
1.687305957
1.68921852
1.687685875
1.681165112
1.681727447
1.681342572
1.68921852
1.68921852
1.68921852
1.682728137
1.68014916
1.684089692
1.686587946
1.680721794
1.680558715
1.682725791
1.682455449
1.684789348
1.687397812
1.688363814
1.68921852
1.6806135
1.679926743
1.681757126
1.683023826
1.684068367
1.682939966
1.68222439
1.685944093
1.686540191
1.6844747
1.68921852
1.687107414
1.68921852
1.68921852
1.679940839
1.681267406
1.680140018
1.680721146
1.686351904
1.68694047
1.685804113
1.684505769
1.687081823
1.687100271
1.681976189
1.686507115
1.682095436
1.687341088
1.687849194
1.68921852
1.68921852
1.68921852
1.68921852
1.681498691
1.680498151
1.680025078
1.68758866
1.688615046
1.688292779
1.688024769
1.685652699
1.685620852
1.685905428
1.68921852
1.680125387
1.683164246
1.68067055
1.684036918
1.686761666
1.687765993
1.687448027
1.683641098
1.682267326
1.68134302
1.686485983
1.684712724
1.687699423
1.689314454
1.688726597
1.68860574
1.688750629
1.687155889
1.683772372
1.684176376
1.684315902
1.687762981
1.68921852
1.680526221
1.68041625
1.68156793
1.682862044
1.683531037
1.684158477
1.685851529
1.684760186
1.683256882
1.683596433
1.685341967
1.686074943
1.687226204
1.686474039
1.687270982
1.688595791
1.688210987
1.682945689
1.684359722
1.684680087
1.6855478
1.68921852
1.686127194
1.68813686
1.68921852
1.68921852
1.681139126
1.68037521
1.680331688
1.680477536
1.680771689
1.682243575
1.687921736
1.686991043
1.684480242
1.687694724
1.682861905
1.683447987
1.683704549
1.684208241
1.685512523
1.687830872
1.688472089
1.683924466
1.682324931
1.685989952
1.686446744
1.686920929
1.68921852
1.686684457
1.687660368
1.687789316
1.681752555
1.682736629
1.681704831
1.680917069
1.680137319
1.679907266
1.689002767
1.688633884
1.686210833
1.688269067
1.68172213
1.681545528
1.681747676
1.682792927
1.68562155
1.687173767
1.684062926
1.682840727
1.687603708
1.686449636
1.687768997
1.687265884
1.687358687
1.685159393
1.683726638
1.684547355
1.680164395
1.681083738
1.685132344
1.684197737
1.682856409
1.681122101
1.68760691
1.687742168
1.687927035
1.688104794
1.682070421
1.681545698
1.681468964
1.682550041
1.683932803
1.68468009
1.685548896
1.684828677
1.687243197
1.687717324
1.688102526
1.687816113
1.686551326
1.686516676
1.685916645
1.681838522
1.681873928
1.681884348
1.681280683
1.681711856
1.687846173
1.687015507
1.685196909
1.684930068
1.685169109
1.686249413
1.688492438
1.683961723
1.682814535
1.681885604
1.683591177
1.682049665
1.682246478
1.68233955
1.687819213
1.687268247
1.686298967
1.687046808
1.688487357
1.685746385
1.685923318
1.685800475
1.685056467
1.68466449
1.682751906
1.683746491
1.68336524
1.689195924
1.688846681
1.687722931
1.686368695
1.683129782
1.685568997
1.687576276
1.686179732
1.686085269
1.682591982
1.684803312
1.682025562
1.681456758
1.681184498
1.688810911
1.688632069
1.684867407
1.686257433
1.687331862
1.686606621
1.686656072
1.68537308
1.684182081
1.683328376
1.685731117
1.685721239
1.688611941
1.688534346
1.687673771
1.686787305
1.682337942
1.681076834
1.68414484
1.685715586
1.688022865
1.687149783
1.683967855
1.686118903
1.683355096
1.682228562
1.68238781
1.687912803
1.688015816
1.68250183
1.683620105
1.684390053
1.685189665
1.687940075
1.688179877
1.688825487
1.686755309
1.688192414
1.685567766
1.683926445
1.686604774
1.686626406
1.686743567
1.686430145
1.681544208
1.681430548
1.682560372
1.683625155
1.687793742
1.687516107
1.686572135
1.685826082
1.685125773
1.683865296
1.686324893
1.685831374
1.683498046
1.682405289
1.682268161
1.682601534
1.683162185
1.689069622
1.689094372
1.689161219
1.687992114
1.686805453
1.685853486
1.684942711
1.684434798
1.684778479
1.681252522
1.682409471
1.6816214
1.682560468
1.686984236
1.68782304
1.688183295
1.688009014
1.686897911
1.684929398
1.684785196
1.683794215
1.684767347
1.683546371
1.682007263
1.682049802
1.682294689
1.689210614
1.689168387
1.689085969
1.689151553
1.688884974
1.688450924
1.687632279
1.683588357
1.683382489
1.682406769
1.682380734
1.68304298
1.685405999
1.686573603
1.684226232
1.687900417
1.688680186
1.688585938
1.687472494
1.68260208
1.682681881
1.68623104
1.683833718
1.683295532
1.682924797
1.688973742
1.689051184
1.688550044
1.689294593
1.689376523
1.68932792
1.689971618
1.689537084
1.68945512
1.688713404
1.684624044
1.684008651
1.684420194
1.684518562
1.685211133
1.687541338
1.686748153
1.685640576
1.683237627
1.68685706
1.687696566
1.688106996
1.68777076
1.682677419
1.682331281
1.68704631
1.686012293
1.685379196
1.684648365
1.689178629
1.688606709
1.688549404
1.687964568
1.688911525
1.690433425
1.690586448
1.689299408
1.689405672
1.688868824
1.688821195
1.686575269
1.686456766
1.686745743
1.687837385
1.687609378
1.683981889
1.682399128
1.684853655
1.686279623
1.687328821
1.686475222
1.683606733
1.682497035
1.68823613
1.68780579
1.687269579
1.686273511
1.689641197
1.688543193
1.687802444
1.68775566
1.687984505
1.690868188
1.691431282
1.691438041
1.688313432
1.687824833
1.688730729
1.687897649
1.687473531
1.687527001
1.687493569
1.687248267
1.682244443
1.683421898
1.684639833
1.686620451
1.685813913
1.684686217
1.682946575
1.688722094
1.688773964
1.6885579
1.68759889
1.68992109
1.688639186
1.68742894
1.687350781
1.691647778
1.691358571
1.691682739
1.691601861
1.687234739
1.687030831
1.687992909
1.687082264
1.686843736
1.686481695
1.682817565
1.683609028
1.684685845
1.685690539
1.685575863
1.688234565
1.684604818
1.688326521
1.688914667
1.689313708
1.690406761
1.688828754
1.688020295
1.687607631
1.691434409
1.691823438
1.691920515
1.692095366
1.691083393
1.687184971
1.686731518
1.686799855
1.686075052
1.685930347
1.684539917
1.684912716
1.685459685
1.689396135
1.687290068
1.689222384
1.686750797
1.687477085
1.688379322
1.689049541
1.690802096
1.692116686
1.68985759
1.688647814
1.689224521
1.690925204
1.691352692
1.691842348
1.692282493
1.690604141
1.6905207
1.687825584
1.686790242
1.686607737
1.686668313
1.686361955
1.686529598
1.68635602
1.6872708
1.689536116
1.688851197
1.689614306
1.688448238
1.686979602
1.687666175
1.68847828
1.692200901
1.691595456
1.692248351
1.691152306
1.690037432
1.690787148
1.69067389
1.690993533
1.691370077
1.691546953
1.690660391
1.690552648
1.690377492
1.688480707
1.690775848
1.687534526
1.687065564
1.688133903
1.688330174
1.687998201
1.689198959
1.689511938
1.689057091
1.687013626
1.687353259
1.688043624
1.691699211
1.691965774
1.692203488
1.692254967
1.692187352
1.692319415
1.690356539
1.690423204
1.690483028
1.690585659
1.691258354
1.690913321
1.691515672
1.690573245
1.690267574
1.689703988
1.691759035
1.688795389
1.688083358
1.688970672
1.688874111
1.688831355
1.689013252
1.688965381
1.687625863
1.687557824
1.687996208
1.690952151
1.691960197
1.692428912
1.692692212
1.692737757
1.690041231
1.689858986
1.689701242
1.6897642
1.69187191
1.692080623
1.691162484
1.691916102
1.690772078
1.690400378
1.691066972
1.692393378
1.690399673
1.689539377
1.688916263
1.688461524
1.688731411
1.688794264
1.688075373
1.689264487
1.688346942
1.690459179
1.691111156
1.691649076
1.692573643
1.692160062
1.690058943
1.689743429
1.689385158
1.68938137
1.692113443
1.692021051
1.691926696
1.692427913
1.691684257
1.692423718
1.691402808
1.691068387
1.692413507
1.691793323
1.691200575
1.688851648
1.688714987
1.69084839
1.689155084
1.690458429
1.689311814
1.692352188
1.689608584
1.689970349
1.690559593
1.691421546
1.690860485
1.690528059
1.689418743
1.690373495
1.689086442
1.692128546
1.692070417
1.692219925
1.692491246
1.692336747
1.692835355
1.692627428
1.692212366
1.692511549
1.692569727
1.692543316
1.692350408
1.68971604
1.691865003
1.690739191
1.690415379
1.6910751
1.691864197
1.688916572
1.689112052
1.689780542
1.689734554
1.69233638
1.692261063
1.690042854
1.691750743
1.689475616
1.692157327
1.69243759
1.692163005
1.692512311
1.692814746
1.69311292
1.6931449
1.692164214
1.693508681
1.693462243
1.692292912
1.692506865
1.692465218
1.691065521
1.691997906
1.691527439
1.692093073
1.690548071
1.691115627
1.688937682
1.69007447
1.68962303
1.68934202
1.688911226
1.691303362
1.693581656
1.693591586
1.692897639
1.691659135
1.691531575
1.693040601
1.692534268
1.692349325
1.692699414
1.692165678
1.692303571
1.692586802
1.693015906
1.693373825
1.692187697
1.692382481
1.693975748
1.693820153
1.693517714
1.691472192
1.691821706
1.691666082
1.691877253
1.691512494
1.69133694
1.690181922
1.689977913
1.689715114
1.690291943
1.689928208
1.689768577
1.692387888
1.693509401
1.694158543
1.693717923
1.694208877
1.692971794
1.693231158
1.693646006
1.692596386
1.692892728
1.692169448
1.692347109
1.69315167
1.692560565
1.692851788
1.693229482
1.692315104
1.69217261
1.692508739
1.692133605
1.693868012
1.693402776
1.693315776
1.69307308
1.690521699
1.691283165
1.690913982
1.690548699
1.689779493
1.689681982
1.690369416
1.691363048
1.691408248
1.692905781
1.693702094
1.694007141
1.694157109
1.693944544
1.693737983
1.69406028
1.693842616
1.694228608
1.694223211
1.693824908
1.693952286
1.694097267
1.694210701
1.694151273
1.692735214
1.6925314
1.692920435
1.693015987
1.69221276
1.692389304
1.692905009
1.692640673
1.692793746
1.692144968
1.692238909
1.692138095
1.692324193
1.693321457
1.692602835
1.692806411
1.692587161
1.690083039
1.690877034
1.690544715
1.690253385
1.690164275
1.690588576
1.69183879
1.69371743
1.692889382
1.694034311
1.693978232
1.69409881
1.694097864
1.694092635
1.693883165
1.693684103
1.694226603
1.693634548
1.69404603
1.694294376
1.694209109
1.694202333
1.694246224
1.693981747
1.69418196
1.694024901
1.692430603
1.692804038
1.692620183
1.693099741
1.692990522
1.692956561
1.692257381
1.692409592
1.692570502
1.692456824
1.692164304
1.692114006
1.692168748
1.692222801
1.692296834
1.692941204
1.692395447
1.692037898
1.692286445
1.69222825
1.693803836
1.69067359
1.691066852
1.69112845
1.691065607
1.691247865
1.691897836
1.693645884
1.692834201
1.693198602
1.693612761
1.693796512
1.693966262
1.694019322
1.693262942
1.692985949
1.694302821
1.693236985
1.693819214
1.694219681
1.694287363
1.694257691
1.694193613
1.693718664
1.693777582
1.694071332
1.694024306
1.693796586
1.692539055
1.692726381
1.692857851
1.693149792
1.693069127
1.693175393
1.693025999
1.692371561
1.692261967
1.692337215
1.692269363
1.692150452
1.692109312
1.692118844
1.692180345
1.692233152
1.691860537
1.692021601
1.69171932
1.692008774
1.691905143
1.692087704
1.693350387
1.693448976
1.691582093
1.69180271
1.691997475
1.692305788
1.693314015
1.692950001
1.693348206
1.693353821
1.693513173
1.693677984
1.692661757
1.692107867
1.69425487
1.692783898
1.69340378
1.693815394
1.694080602
1.694225015
1.694181951
1.694076045
1.69407726
1.693791703
1.693947158
1.694070006
1.693279911
1.693413317
1.69349484
1.69383034
1.693488448
1.693126956
1.692812269
1.692671664
1.692547754
1.692957279
1.693119148
1.693156739
1.693179905
1.693084781
1.692233078
1.692344538
1.692499424
1.692184374
1.692141889
1.692094484
1.692088512
1.692089416
1.692112289
1.692146046
1.692049703
1.69170951
1.691619525
1.691633693
1.691692914
1.69190625
1.691753367
1.691848498
1.691946124
1.69200864
1.692965865
1.692947054
1.692974569
1.691845455
1.692275661
1.692813222
1.692595844
1.692764033
1.692968945
1.69298635
1.692580654
1.693014236
1.693162073
1.692266353
1.691926101
1.692163352
1.691566331
1.692456005
1.692078998
1.693556022
1.694098365
1.692800493
1.693129507
1.693520054
1.693851718
1.694056581
1.694094575
1.693960305
1.693961019
1.69375611
1.693873583
1.692790728
1.692780201
1.692916528
1.693145433
1.693439903
1.693187511
1.692799802
1.692964182
1.692891575
1.692771742
1.692666053
1.693058224
1.693140163
1.693162255
1.693170577
1.693121623
1.692221083
1.692330742
1.69245954
1.692070214
1.692016735
1.69202205
1.692130125
1.692062907
1.692094358
1.692030146
1.69144164
1.691487147
1.691536256
1.691759198
1.691594105
1.691714964
1.691788853
1.691810919
1.691893152
1.691939169
1.692578534
1.692576474
1.692505808
1.691723976
1.692071581
1.692241422
1.692483881
1.69235238
1.692488404
1.692229684
1.692063231
1.692657893
1.692417756
1.692287381
1.691684387
1.691790947
1.691738265
1.691398417
1.693222568
1.69243117
1.69206511
1.693468362
1.693841125
1.692788293
1.69316742
1.693537613
1.693871925
1.693832507
1.693844972
1.693829593
1.693662949
1.693702541
1.692525292
1.692462951
1.692469044
1.692142068
1.692865195
1.692838238
1.692486258
1.69281773
1.692620619
1.693025744
1.692967737
1.692862129
1.692796068
1.693099677
1.693148488
1.693150356
1.693150643
1.69313684
1.692210435
1.694174283
1.693146846
1.692316524
1.691993994
1.691955262
1.691998321
1.692132441
1.692071831
1.692662945
1.69203381
1.691548578
1.691530422
1.691557346
1.691810683
1.691770559
1.691891822
1.691916402
1.691932283
1.691839452
1.691879074
1.692213152
1.692168021
1.692183991
1.691604247
1.691939102
1.691976238
1.692025709
1.692108272
1.692175564
1.692085234
1.692075476
1.692160829
1.691905042
1.691934356
1.692065344
1.691751915
1.691460101
1.691549354
1.691519994
1.691502636
1.691441086
1.691416756
1.691549272
1.69311445
1.692409882
1.692059559
1.691746338
1.693168237
1.693441467
1.693550192
1.692779239
1.693185847
1.693661192
1.69346402
1.693541174
1.69369303
1.693692157
1.693523702
1.693512316
1.693340486
1.692122936
1.692206465
1.692159102
1.69190355
1.692440418
1.692143795
1.692079096
1.692448087
1.692750454
1.693936428
1.693072922
1.693026079
1.692944046
1.693121014
1.693119223
1.693141998
1.693120178
1.693133141
1.696595065
1.696743444
1.693044545
1.694937563
1.695554736
1.69431928
1.698395041
1.691945186
1.691972558
1.691967424
1.692015991
1.691993957
1.693972547
1.692600113
1.695102118
1.692975459
1.691779289
1.691773429
1.691969887
1.691887888
1.691946509
1.691920069
1.692024608
1.692106217
1.691952102
1.692132613
1.691917037
1.691999641
1.691953209
1.69193108
1.691815879
1.691898721
1.691841301
1.692238276
1.691936124
1.692014435
1.692074984
1.692214301
1.692400345
1.691792029
1.691749662
1.691705747
1.691743201
1.691780164
1.691499739
1.6914875
1.69135436
1.691340623
1.691332122
1.691534199
1.691926904
1.691305104
1.692837155
1.692378624
1.691994445
1.691694453
1.691660002
1.692837984
1.693113404
1.693170858
1.692474781
1.692808974
1.693218029
1.693351904
1.693309771
1.693354662
1.693503285
1.693110957
1.693262773
1.693012258
1.691905482
1.691885311
1.691721465
1.692125827
1.6921113
1.691882894
1.69187322
1.69185798
1.692380165
1.692066218
1.692477381
1.694472177
1.696837859
1.693103052
1.694330021
1.693073609
1.693123404
1.693080052
1.69311871
1.693093512
1.693114067
1.699863298
1.700035341
1.70000299
1.695875971
1.697170139
1.700609454
1.702596564
1.691979537
1.692001749
1.692019901
1.692603614
1.697372685
1.699352211
1.697737083
1.69554015
1.695707417
1.692055065
1.692088919
1.691996223
1.692014775
1.69201573
1.692277053
1.692334007
1.692042645
1.692329002
1.692192743
1.69230699
1.692305307
1.691817695
1.691785671
1.69186646
1.692433861
1.692628119
1.691942613
1.692025312
1.692230756
1.692705822
1.692491228
1.692452337
1.691627836
1.691674144
1.691650788
1.691793219
1.691678896
1.691707366
1.691301032
1.691335443
1.691314408
1.691327358
1.701920494
1.691400454
1.691658311
1.691329582
1.691960155
1.692296688
1.691520961
1.69249731
1.694342587
1.692079172
1.702169849
1.716516982
1.696059325
1.696575367
1.69292637
1.692731942
1.692855252
1.692965989
1.693078579
1.705601709
1.702919051
1.699419325
1.691691368
1.691708958
1.69161257
1.691848891
1.691848149
1.691822467
1.691756007
1.691668759
1.69169645
1.691657781
1.692072025
1.692179186
1.694038138
1.696648917
1.69659345
1.700055739
1.69311219
1.697123608
1.694828288
1.697015112
1.693329894
1.693293658
1.693332146
1.693928837
1.695441862
1.704114712
1.704586133
1.700241452
1.705875361
1.707886837
1.692050261
1.693323311
1.693962245
1.696522923
1.702644273
1.703094977
1.705875327
1.701672915
1.70077541
1.692330233
1.692091817
1.692184798
1.692147159
1.692520115
1.692566658
1.692171
1.69256738
1.692520384
1.692477825
1.69256996
1.692580958
1.692033361
1.691903578
1.691868074
1.69291462
1.6929295
1.69208951
1.69220549
1.692564015
1.692959622
1.692762784
1.691632769
1.69160532
1.691653717
1.691871588
1.691764886
1.691260621
1.691271701
1.69128857
1.691531035
1.691384856
1.71077999
1.723674823
1.69180624
1.692606201
1.691729126
1.692272531
1.691947907
1.691929671
1.69661002
1.700802233
1.714026185
1.73338438
1.728677046
1.723408607
1.704746812
1.720143826
1.70206035
1.709441096
1.711541481
1.714037784
1.709825264
1.691589814
1.691575432
1.691644743
1.691580718
1.693015892
1.691626052
1.691660592
1.691596248
1.69359467
1.691498781
1.691646073
1.69153622
1.691577115
1.691501777
1.691585605
1.691573682
1.691488179
1.696362193
1.69662778
1.699740957
1.69972692
1.706236112
1.703147616
1.694937469
1.699750619
1.697112114
1.699582205
1.698697042
1.696178898
1.695619831
1.69620315
1.698835982
1.708827628
1.709409612
1.708602116
1.712426682
1.713378549
1.693962449
1.698060403
1.698089569
1.70375033
1.712356473
1.711992192
1.711611913
1.713098986
1.693501877
1.692325613
1.692310212
1.692515606
1.692825947
1.692771256
1.692800957
1.69237451
1.692784116
1.692756568
1.692722461
1.692975494
1.692814059
1.69229504
1.692403784
1.692167384
1.693144267
1.693129485
1.692516721
1.692466084
1.692816694
1.692977747
1.693147692
1.693031592
1.691680802
1.691746521
1.691817352
1.692194835
1.691977473
1.692600013
1.7140301
1.695227607
1.695731373
1.69153369
1.727726102
1.733534072
1.692050969
1.691748233
1.692367049
1.692185333
1.69262834
1.692863907
1.692365575
1.692428935
1.701741517
1.706404661
1.728430118
1.738981872
1.73841402
1.734967485
1.732967257
1.711618233
1.729707986
1.723404092
1.723091442
1.720934484
1.716539076
1.691555372
1.691535629
1.691629166
1.697505894
1.698380438
1.691473813
1.695305541
1.692814463
1.691524487
1.691509004
1.691541769
1.691503619
1.691827596
1.691510397
1.691469308
1.691430843
1.701462998
1.700519312
1.702223543
1.703400521
1.703284458
1.707282514
1.701451097
1.699297883
1.702184118
1.701326667
1.702125541
1.700239147
1.699414846
1.702483643
1.713861561
1.712245864
1.716892184
1.717929834
1.718371999
1.713034049
1.699715388
1.70465756
1.719640466
1.720090173
1.720400142
1.719144365
1.692971257
1.692494181
1.692720313
1.693119161
1.692970325
1.693032776
1.693004915
1.695026924
1.702214336
1.692998642
1.692962156
1.692936713
1.693255314
1.693171243
1.693135899
1.692823497
1.692751752
1.693237356
1.693237318
1.692902001
1.693144305
1.69322343
1.693108177
1.693005286
1.691759774
1.69191749
1.691933966
1.69216914
1.692352524
1.692805694
1.720138977
1.703985173
1.742270509
1.735395831
1.69261237
1.706600034
1.693279022
1.692902908
1.692635283
1.692931945
1.692779065
1.693039433
1.692910961
1.705917621
1.710412806
1.733518899
1.73610211
1.741053657
1.738126203
1.74372029
1.715233826
1.731925007
1.728875602
1.725719568
1.720536341
1.691599687
1.691565023
1.691541601
1.691545304
1.691710667
1.696357112
1.701371908
1.699819629
1.696646532
1.691468866
1.691487594
1.691511984
1.696661218
1.694059859
1.691450852
1.705020347
1.704513469
1.705229287
1.706764287
1.706151226
1.71103532
1.705106924
1.705294248
1.704766235
1.7055351
1.705126031
1.704771006
1.704162181
1.705510746
1.70697681
1.717782685
1.715997133
1.72242682
1.72287488
1.722896784
1.713265987
1.725690097
1.725898688
1.724042173
1.719492576
1.692686139
1.696737093
1.692955411
1.692866555
1.693336348
1.693199463
1.693174682
1.693281523
1.693214641
1.705396202
1.710313966
1.693178793
1.693142073
1.693124355
1.693424767
1.693341046
1.693353029
1.693076719
1.693160423
1.693251411
1.693274896
1.693231533
1.693289387
1.693163798
1.693272402
1.693225342
1.691930101
1.691866248
1.692161602
1.692169794
1.692244143
1.692502714
1.692639105
1.692994635
1.69322258
1.72089251
1.724686124
1.745522126
1.738904976
1.698326643
1.711691736
1.693172049
1.702997777
1.693132825
1.693221473
1.693313693
1.746945752
1.709557016
1.713975181
1.734951896
1.740192512
1.738086987
1.742596148
1.732033651
1.718289141
1.728994908
1.723661504
1.691688387
1.691631086
1.694610786
1.691625375
1.691847415
1.691821318
1.699254129
1.703301184
1.70084599
1.706416312
1.694241078
1.693138553
1.69717033
1.700458056
1.69845922
1.696894501
1.709262666
1.707986194
1.710385431
1.709321799
1.716033245
1.708165201
1.708717447
1.708618717
1.707134066
1.708281748
1.709240766
1.708919898
1.721135989
1.72160778
1.726790359
1.727247949
1.726486604
1.71326233
1.729163118
1.718780581
1.728350544
1.72459324
1.692848692
1.697482567
1.693414756
1.693047786
1.69298856
1.698680198
1.704185756
1.693162833
1.693500691
1.693598257
1.693426862
1.693400026
1.693364906
1.708309674
1.693320226
1.693280091
1.693239218
1.693543935
1.693605497
1.693547256
1.693301794
1.693340435
1.693215075
1.693254737
1.69328653
1.693320085
1.693305284
1.693288748
1.693315801
1.693326549
1.693365141
1.692035888
1.692089308
1.692047083
1.692409513
1.692647719
1.692354621
1.692659765
1.692878038
1.693136603
1.693352412
1.693308923
1.732333638
1.74965977
1.744504712
1.716776652
1.708896765
1.693441784
1.693552892
1.693585651
1.74562263
1.750677648
1.752960939
1.713076348
1.717108779
1.73775463
1.735151202
1.739749447
1.730699555
1.721307662
1.726114986
1.69898823
1.691889164
1.695449895
1.692803822
1.702564514
1.704045704
1.707248262
1.702277431
1.699630238
1.702903311
1.704117003
1.702317772
1.710782648
1.714060068
1.710866927
1.714222249
1.712507897
1.721834903
1.711165763
1.711587026
1.712748407
1.712277697
1.710016056
1.710779256
1.726169961
1.729024847
1.730918232
1.73129222
1.730940177
1.712806846
1.732151783
1.719179264
1.724233952
1.729400328
1.698168096
1.693111464
1.698750461
1.703749357
1.693190475
1.693240328
1.693293727
1.693639244
1.69366017
1.693545445
1.693518011
1.693467217
1.705599095
1.693417091
1.693363095
1.693680365
1.693692729
1.693681044
1.693617089
1.693588556
1.693335739
1.693339517
1.693168703
1.693217311
1.693256131
1.693305817
1.693272743
1.693358844
1.693351495
1.693319428
1.693541659
1.692251989
1.692315971
1.692869161
1.692594167
1.692833291
1.692566993
1.693032565
1.693068508
1.693230426
1.693349757
1.693361174
1.693335363
1.734881741
1.749264022
1.719143319
1.726434232
1.714266387
1.707597544
1.694601162
1.742945538
1.749747634
1.756899472
1.755491054
1.717165967
1.720682827
1.736799347
1.733810206
1.728873783
1.724405869
1.70294509
1.699372317
1.695725608
1.69577135
1.705724547
1.706426367
1.708201806
1.706919109
1.705819438
1.709025395
1.707976177
1.711340143
1.71499653
1.71803008
1.713242457
1.716774837
1.718369523
1.728128929
1.714976808
1.718332352
1.716137866
1.713261801
1.713069215
1.73309619
1.737463893
1.736417479
1.734024755
1.735033903
1.711665774
1.733636469
1.718406191
1.72455427
1.72975044
1.69779324
1.700065431
1.700630992
1.694354063
1.693269051
1.693322726
1.699568081
1.693360807
1.69354966
1.693580137
1.693585411
1.693537858
1.693457748
1.693499099
1.704908622
1.693400422
1.69686252
1.693454036
1.69328695
1.693273076
1.693111724
1.693173365
1.693203827
1.693236461
1.693305817
1.693267833
1.693236389
1.693298263
1.693201532
1.695283741
1.693229971
1.692497458
1.692582838
1.693033302
1.692800813
1.693006855
1.692786478
1.69320883
1.693196072
1.693314259
1.693302483
1.693369106
1.693324439
1.693356374
1.693369174
1.73659419
1.748512163
1.730749792
1.722870498
1.714628802
1.739705046
1.757958858
1.747575561
1.755888509
1.761194953
1.721819839
1.724958587
1.732443513
1.728140903
1.736643911
1.70307364
1.698717727
1.707406095
1.697439957
1.711334953
1.709406298
1.711815912
1.713452521
1.713889856
1.718616787
1.715099622
1.715601238
1.72263051
1.722938478
1.734265754
1.720498374
1.724355753
1.719416422
1.717971102
1.742305973
1.744149966
1.742712685
1.738306983
1.73566318
1.711305356
1.733361483
1.71804703
1.728330194
1.72373232
1.712191031
1.731800362
1.69444867
1.693255019
1.693295705
1.725052287
1.697009211
1.700128082
1.69327543
1.708787103
1.700180722
1.706198164
1.69328047
1.694582734
1.693302079
1.69327136
1.704226756
1.693202151
1.719182216
1.707385758
1.693207681
1.693173379
1.693095001
1.693049533
1.693113832
1.693144801
1.69319208
1.693162438
1.693128383
1.693087859
1.69320925
1.693100909
1.693605095
1.695145919
1.692754288
1.693174527
1.69315456
1.692997296
1.692966945
1.693307467
1.693294079
1.69336466
1.69323996
1.693367141
1.693329164
1.693372453
1.743262331
1.753538204
1.739656095
1.732256808
1.744626426
1.763450103
1.754699452
1.763986106
1.7262965
1.730667353
1.733255284
1.741216431
1.711285583
1.701037177
1.705260884
1.697167558
1.71473924
1.713772779
1.718052964
1.715959303
1.719463054
1.716219294
1.723272213
1.716667477
1.719296694
1.728694928
1.74238901
1.728420527
1.725612454
1.724986403
1.752282869
1.757261358
1.743410097
1.736411591
1.732625016
1.708690209
1.727273574
1.716756693
1.721697093
1.693180816
1.693216253
1.738925348
1.735226357
1.695206649
1.698110991
1.693133534
1.719466473
1.718733936
1.718397618
1.693072433
1.712255269
1.695443353
1.704590965
1.699039425
1.700738779
1.69318641
1.732513069
1.692987508
1.721405064
1.693102006
1.693067451
1.693021142
1.693040855
1.693067595
1.693042221
1.693011561
1.692965364
1.695061106
1.692972836
1.693111252
1.692992953
1.69313631
1.693685617
1.693274404
1.693180287
1.693361467
1.69335179
1.693537437
1.693317042
1.693339
1.694741777
1.766367387
1.759755149
1.750269796
1.75808123
1.745505324
1.751899036
1.76998379
1.770483967
1.76197079
1.732280021
1.739535572
1.750000919
1.708900629
1.713015755
1.699318656
1.70240607
1.696418875
1.719141573
1.719384274
1.720772264
1.717841745
1.72442869
1.720816705
1.72906657
1.718874142
1.724639588
1.745043762
1.732539396
1.734267972
1.73232504
1.731356858
1.751253367
1.763887562
1.739345514
1.726598673
1.734977767
1.701322648
1.708525724
1.720248809
1.712573951
1.693102312
1.72291573
1.748181583
1.747132427
1.697671056
1.696133186
1.695619273
1.694316236
1.731168304
1.730895776
1.699401266
1.715453602
1.708551134
1.705790826
1.699404551
1.699851753
1.745082499
1.692925893
1.73325478
1.692989399
1.692963275
1.692945896
1.692842823
1.69294448
1.69292368
1.692905455
1.692848162
1.695141703
1.692862719
1.693010696
1.692891522
1.694731052
1.694325664
1.694315879
1.694515884
1.696190725
1.695761356
1.771083111
1.765318237
1.755837576
1.761851769
1.776404679
1.772757771
1.740452203
1.76181365
1.751430198
1.696524912
1.706550353
1.710051633
1.700813683
1.698121865
1.71326153
1.723215431
1.725313967
1.718791211
1.735006632
1.736558018
1.727266864
1.696303789
1.722325119
1.746812833
1.737968539
1.738652402
1.737500525
1.751802531
1.765783485
1.73372026
1.723039596
1.701626573
1.702708783
1.711114047
1.724744545
1.760474796
1.75915512
1.699492964
1.698934017
1.744026724
1.743213469
1.706629647
1.727514909
1.717740958
1.71212238
1.703049741
1.704514939
1.760200477
1.692866038
1.707818107
1.745105835
1.73690029
1.692887288
1.692872449
1.692814813
1.692737583
1.692751508
1.692836114
1.692813661
1.692741893
1.695801841
1.692771618
1.694337691
1.693678777
1.69652724
1.696304758
1.696423432
1.698053494
1.776066076
1.783904828
1.771813324
1.791578214
1.771327644
1.779833176
1.75401288
1.770731685
1.697502048
1.706494301
1.703098489
1.699258672
1.711610718
1.723779773
1.730017773
1.717136125
1.750556059
1.741700166
1.73204908
1.735038839
1.697441801
1.697205996
1.730165026
1.741775749
1.74204695
1.74017087
1.747020856
1.753179319
1.754397791
1.719015003
1.726857766
1.709670199
1.70416603
1.703790351
1.772882864
1.704060885
1.757159519
1.755513643
1.730621941
1.712538609
1.720009913
1.709770734
1.711242103
1.774556876
1.787199674
1.692806823
1.714817003
1.720077774
1.75759097
1.744333138
1.692793355
1.692733875
1.692651059
1.692667671
1.692731065
1.692690706
1.693006142
1.693943408
1.698149867
1.694005384
1.695846276
1.695425746
1.698453328
1.700059866
1.699309854
1.803557476
1.794825463
1.807045504
1.795459117
1.780285522
1.780094105
1.767104077
1.698406042
1.705396796
1.700787149
1.711338079
1.721069436
1.705858127
1.752501235
1.7225363
1.742077364
1.735413836
1.698577095
1.698708834
1.700639528
1.742137442
1.75643309
1.735521196
1.740977114
1.751607823
1.735075161
1.73766279
1.716255378
1.708457962
1.710923402
1.704279648
1.730260371
1.769150777
1.720217188
1.71927075
1.791085043
1.808593034
1.692743876
1.729427852
1.738779258
1.780972094
1.770512988
1.757190271
1.692712161
1.692671693
1.692643399
1.692729094
1.692632493
1.695075126
1.694522855
1.695466065
1.701507992
1.695574086
1.701682757
1.697143371
1.700129693
1.829863699
1.826611584
1.808519119
1.791974604
1.776971686
1.699355199
1.701223595
1.699776386
1.70197027
1.712050917
1.715427664
1.707056258
1.766644829
1.721276198
1.742837195
1.731493594
1.700365582
1.703377782
1.703180186
1.780081277
1.760635249
1.733241928
1.76032512
1.726463864
1.727775289
1.716168707
1.709104565
1.708363486
1.716488032
1.816044398
1.692701296
1.739490749
1.752304153
1.792334931
1.776864092
1.838037501
1.692668343
1.693115713
1.693161908
1.696707232
1.693949247
1.69633838
1.696076562
1.703386307
1.696946876
1.700674215
1.698646863
1.697691827
1.857347926
1.845566183
1.832075637
1.815252772
1.791387912
1.701279631
1.700158444
1.703078644
1.70197028
1.702959087
1.781338795
1.71620176
1.711592033
1.707574173
1.719918497
1.74867758
1.728764385
1.705883616
1.705169617
1.708993592
1.803514722
1.779596303
1.776736018
1.815673816
1.733552756
1.720172074
1.731303709
1.713742335
1.716513273
1.728347175
1.835633838
1.846309068
1.814032814
1.692702407
1.757711866
1.771964798
1.793831719
1.845689567
1.694785713
1.695726332
1.696513369
1.698094365
1.696990768
1.697441309
1.700296885
1.698453266
1.698741851
1.699211636
1.877423439
1.870289527
1.850857399
1.853522572
1.818821901
1.703018543
1.705494838
1.70373602
1.704314004
1.769775903
1.713065169
1.707516673
1.723363108
1.707000032
1.704036863
1.70129779
1.707984946
1.712506415
1.821722441
1.771259935
1.854730055
1.733187118
1.726697643
1.746427478
1.727560561
1.748324816
1.846380453
1.831399774
1.868672456
1.829620841
1.842804279
1.815583507
1.77969653
1.695658127
1.782180355
1.804056842
1.841722149
1.697623897
1.698453319
1.699377179
1.699855923
1.700411126
1.699084052
1.70107625
1.700091487
1.883432949
1.881996056
1.87443481
1.859310652
1.803872385
1.706492059
1.710486643
1.710113322
1.707812073
1.710727064
1.723840431
1.712464579
1.703199957
1.701867844
1.705009621
1.709038822
1.714167875
1.71293682
1.789939977
1.744452142
1.824371341
1.77905867
1.800698923
1.766650373
1.775453621
1.803467826
1.813598112
1.826724596
1.825387668
1.801828475
1.831372603
1.892128634
1.878473888
1.832258999
1.860754595
1.697906773
1.825641325
1.88450513
1.700258257
1.70148394
1.703026369
1.700928735
1.702399377
1.920024138
1.877881921
1.805011015
1.736466745
1.714032161
1.713528282
1.715653523
1.718646848
1.702561237
1.703308072
1.704142418
1.706508305
1.710441266
1.715862329
1.780171754
1.83353434
1.782681415
1.836715459
1.788546114
1.851815659
1.825930508
1.841144729
1.804135144
1.833056765
1.829637912
1.851149928
1.87058635
1.923407276
1.969961444
1.938677141
1.909046084
1.946392521
1.862245055
1.814477581
1.699884223
1.898615986
1.917319196
1.701546186
1.704429793
1.705739739
1.704663174
1.895519063
1.809550632
1.767319496
1.73993115
1.714241065
1.714551238
1.718135736
1.704876728
1.705837948
1.706864305
1.709772049
1.71380557
1.713313248
1.716974108
1.844326682
1.872500851
1.850077768
1.838682062
1.903574651
1.914031316
1.901948855
1.854865698
1.804987057
1.81167249
1.854487745
1.917207603
1.881968026
1.870376513
1.906410867
1.907112518
1.88074748
1.842165926
1.948620937
1.949327178
1.703637142
1.706697011
1.709243364
1.708865309
1.822818271
1.758334761
1.738643941
1.722040481
1.717921285
1.708475385
1.709230196
1.710138774
1.714626715
1.719063897
1.721931289
1.906833957
1.911564861
1.940206925
1.892371234
1.903265414
1.935544415
1.974554714
1.928291941
1.832118676
1.826024525
1.932006647
1.8229334
1.922465974
1.942372689
1.903727578
1.90827992
1.910111261
1.906548038
1.813270407
1.949456542
1.815405908
1.706308252
1.709816744
1.714105861
1.754376549
1.737602567
1.735225222
1.73072147
1.714867094
1.713503513
1.719380182
1.728481152
1.981370604
1.954322362
1.937315675
1.906605903
1.901726899
1.941390372
1.965431491
1.951571649
1.889937227
1.863049314
1.955480787
1.850583172
1.948187876
1.911380961
1.836385804
1.883947845
1.92998471
1.840922009
1.764777074
1.835867551
1.709685188
1.713242603
1.714362314
1.718488865
1.763182548
1.768259073
1.757312353
1.740700777
1.721281774
1.720999287
1.724296823
1.72662078
1.958651294
1.987696106
1.906721759
1.899056438
1.922629598
1.92436674
2.008180699
1.90884299
1.985710077
1.991663532
1.893521027
1.892503396
1.910279082
1.836722486
1.846339037
1.907318794
1.78363877
1.79821525
1.815294192
1.714411434
1.71718522
1.723978684
1.785790833
1.755362919
1.734176169
1.731899701
1.728607291
1.91686317
1.946281865
1.925046798
1.91077976
1.921276437
1.843278806
1.987947372
1.955530201
1.990197079
1.90226223
1.889200893
1.898997584
1.893057617
1.866363744
1.90263755
1.783142109
1.789722492
1.776007614
1.720996857
1.725138585
1.735459735
1.745701017
1.746606797
1.75067016
1.738820528
1.934844162
1.955325318
1.955703469
1.921573437
1.856852823
1.787714494
1.963144835
1.989617894
1.943168381
1.954986117
1.929458776
1.885178575
1.89833919
1.920160103
1.921721064
1.935685883
1.760561079
1.762483108
1.727034189
1.733561157
1.744714336
1.744760929
1.765316293
1.779169842
1.768081401
1.949153957
1.942526358
1.960663424
1.931535359
1.823916246
1.792239904
1.970658648
1.96492128
1.931732079
1.934880152
1.931028638
1.940612526
1.952356827
1.934294202
1.940241134
1.945834556
1.75208449
1.740276894
1.762941111
1.772862508
1.771683676
1.786109646
1.793989785
1.767360237
1.977199487
1.966572957
1.973991666
1.887762829
1.817067902
1.960729422
1.94282795
1.938057723
1.94904963
1.948646166
1.929689255
1.967975056
1.969934456
1.794693267
1.776443529
1.746397778
1.772828465
1.794128792
1.781807202
1.780719305
1.961391911
1.978849523
1.845282645
1.904682958
1.964373879
1.963336629
1.975108859
1.97576103
1.984561637
1.977173862
1.946541899
1.793332268
1.7940566
1.749285748
1.767094626
1.774306888
1.822713488
1.975070452
1.974831382
1.821866781
1.909375312
1.985453245
1.97379019
1.960562572
1.972768316
1.971630392
1.954556882
1.938439804
1.779873788
1.763892743
1.767795125
1.854947019
1.777251649
1.989757153
1.947052271
1.871750328
1.978198827
1.947341951
1.940765887
1.947176476
1.93940968
1.932489372
1.764992228
1.797618635
1.856640847
1.765976743
1.780724757
1.967066152
1.940151214
1.947766461
1.918501155
1.938153105
1.925619828
1.926714704
1.783336706
1.894239296
1.789264005
1.759571444
1.957654329
1.934249288
1.907359232
1.91752485
1.916039
1.91478386
1.752889315
1.821256689
1.766219775
1.981599399
1.913869861
1.900321468
1.902042217
1.882810103
1.770570284
1.762166212
1.818928912
1.873205875
1.937243257
1.904650614
1.906638548
1.821326986
1.803024261
1.846617422
1.856963322
1.893031706
1.899311007
1.89331832
1.857300681
1.853656563
1.848923308
1.857733015
1.956646119
1.917139729
1.866603674
1.851908317
1.914443256
