1.884686515
1.878906682
1.90893324
1.894322116
1.87110292
1.868345161
1.911496092
1.89878987
1.878936089
1.914943257
1.872003698
1.924356378
1.872850432
1.868882333
1.891904093
1.912983436
1.867947869
1.914126245
1.908813574
1.891815751
1.878489667
1.916904188
1.9160308
1.925017584
1.932772413
1.918038256
1.875543215
1.874321082
1.869702981
1.872376762
1.885845806
1.910511507
1.876891008
1.920755322
1.917840478
1.906104961
1.913969418
1.892169165
1.917364308
1.917501404
1.919951812
1.923538745
1.928006623
1.848956702
1.857266974
1.873000568
1.880114683
1.85155829
1.887448802
1.888902713
1.902111634
1.919539925
1.922867931
1.924042861
1.91941111
1.932109855
1.921713969
1.925397416
1.93059662
1.934383023
1.939405834
1.947989216
1.943309342
1.819855526
1.822964872
1.855191928
1.862218419
1.880352855
1.896267568
1.83246778
1.913318805
1.933011597
1.92440001
1.926702576
1.930923801
1.935818204
1.943698145
1.93171987
1.935700468
1.935863587
1.936846624
1.94193841
1.950712991
1.945308028
1.954834052
1.958884836
1.801617275
1.795921137
1.813744046
1.843231386
1.873016577
1.899208671
1.922597294
1.817397715
1.947726154
1.934089762
1.929957445
1.935123596
1.937308672
1.94305575
1.946231547
1.954165858
1.940856543
1.941476567
1.943966288
1.948758455
1.953113827
1.958591102
1.959496554
1.957955534
1.961845385
1.963679018
1.968768493
1.790220134
1.781525909
1.786315152
1.855198592
1.829944603
1.887325652
1.914671073
1.950749744
1.808812676
1.938898797
1.944890356
1.940787252
1.944125994
1.948093381
1.954340942
1.959471952
1.954819495
1.95034317
1.954464663
1.962327116
1.965280951
1.972501878
1.969228843
1.966854355
1.967294327
1.968081852
1.970362689
1.968897387
1.964927675
1.914930962
1.953523352
1.946622887
1.785521456
1.775677544
1.77415211
1.836619973
1.868097975
1.812169852
1.900329042
1.939169319
1.79532758
1.949868358
1.950599964
1.956698374
1.953113155
1.959183496
1.958732806
1.9642767
1.966508184
1.958142299
1.946840061
1.962381089
1.969308533
1.977723697
1.979307782
1.978660075
1.978679969
1.973552716
1.972506824
1.970106257
1.959335693
1.951255337
1.898312479
1.917788444
1.932686007
1.946757887
1.941381955
1.894485097
1.780078151
1.777666614
1.773027196
1.858006721
1.82584213
1.883023245
1.801627162
1.918109361
1.787417422
1.963468472
1.962353907
1.961181324
1.967159691
1.965655166
1.96676761
1.96912936
1.967606883
1.960573012
1.938032137
1.919618081
1.97322563
1.977700411
1.979640924
1.980480788
1.977848485
1.975418239
1.971083725
1.96666947
1.95833234
1.949289677
1.943179771
1.891772708
1.903458217
1.937604134
1.925471297
1.940458863
1.896520617
1.905032057
1.911385748
1.77963524
1.779724366
1.782948326
1.861443297
1.839887286
1.812305583
1.89199603
1.791415521
1.78224048
1.97374493
1.971444471
1.971700927
1.967371485
1.974783672
1.974671072
1.977234428
1.948413259
1.928895375
1.901160172
1.885036871
1.976160255
1.973593709
1.973402091
1.966752018
1.963486189
1.960198682
1.954897582
1.953762369
1.946473451
1.940622557
1.937973569
1.894661757
1.889598114
1.912007235
1.935609656
1.927863986
1.898128381
1.908050868
1.908999124
1.910794493
1.780375736
1.783742921
1.912592089
1.783899733
1.866636037
1.847456539
1.825475582
1.801686266
1.787023113
1.78060818
1.981095085
1.981542552
1.98039493
1.974669212
1.948424481
1.980043535
1.977376994
1.972014492
1.913907915
1.894385744
1.869214002
1.857747653
1.965968924
1.965630404
1.959051204
1.954345607
1.951039447
1.946805568
1.943858501
1.937760451
1.935627618
1.932801666
1.887766343
1.900231621
1.886966961
1.917156751
1.925292318
1.899133561
1.905382529
1.920157387
1.779912833
1.789468807
1.787433439
1.919146065
1.789600318
1.848571063
1.832047714
1.813557235
1.793845113
1.782868674
1.778927347
1.983209658
1.984581872
1.975166828
1.980468737
1.958479089
1.912087811
1.975360478
1.969503856
1.960810595
1.869830952
1.844410227
1.835625124
1.957631135
1.953481192
1.949222149
1.946303774
1.942255318
1.939896316
1.935178802
1.934532825
1.932476807
1.891957314
1.880247647
1.906477172
1.884702069
1.918778065
1.922848131
1.894166598
1.912008106
1.933910343
1.935251451
1.77773566
1.788100352
1.934437343
1.937659997
1.928636331
1.786394753
1.828446701
1.81413091
1.800674203
1.787626573
1.782755789
1.777848252
1.973968268
1.981094885
1.978182152
1.953759055
1.974800682
1.925473609
1.878090749
1.969107166
1.961051236
1.955546524
1.843573208
1.820387692
1.814621665
1.953564777
1.947798594
1.945523644
1.940686972
1.934682957
1.932248293
1.928777895
1.909557132
1.887627191
1.874323655
1.879469927
1.918410783
1.920323647
1.909125441
1.928394797
1.940399272
1.777341156
1.7826274
1.937444849
1.930692363
1.91980247
1.919595289
1.926098075
1.919788481
1.776327173
1.810339901
1.799819366
1.793149705
1.786282028
1.781681317
1.776617302
1.977611843
1.94765947
1.980246939
1.974531521
1.916530901
1.968551424
1.889796018
1.843104152
1.96702737
1.962319478
1.963505572
1.820092644
1.80344673
1.79940223
1.959559339
1.960392316
1.953229101
1.942042134
1.937883831
1.929751613
1.916813109
1.897386242
1.8735319
1.868373383
1.887049878
1.919673098
1.92528445
1.912496034
1.93032746
1.927869809
1.773974794
1.774471524
1.921871223
1.916476809
1.920245369
1.930322872
1.928848981
1.915876127
1.766978357
1.796308918
1.791851244
1.784724996
1.78200686
1.778633194
1.981369715
1.964046188
1.912647129
1.977057333
1.971392724
1.874075636
1.973414389
1.849325612
1.81674818
1.971926929
1.975259333
1.975499965
1.802244289
1.79502486
1.791075215
1.981362071
1.971455183
1.959171686
1.949232151
1.943239922
1.89983551
1.919459813
1.8781446
1.861312829
1.866479486
1.887076551
1.92123776
1.942563772
1.907970411
1.913875335
1.908825493
1.775290566
1.773582893
1.902056969
1.918016356
1.940093175
1.93501622
1.896241254
1.760783006
1.791022336
1.790891115
1.788399063
1.786328606
1.782675503
1.970230942
1.975353073
1.929942256
1.878912243
1.97340199
1.976058685
1.841208644
1.977994644
1.819709565
1.795451914
1.979941239
1.98175625
1.993510395
1.785958731
1.783591836
1.786183928
1.991434949
1.983886501
1.967740016
1.968941798
1.880280671
1.913916754
1.85950972
1.853491634
1.864685382
1.890902509
1.943913224
1.964808357
1.902034742
1.897167884
1.908480276
1.770036689
1.779730028
1.898042642
1.935194518
1.948533536
1.880965079
1.895542972
1.762874754
1.777048695
1.757950356
1.788121438
1.78967428
1.789900459
1.785479091
1.787281484
1.943793362
1.961485116
1.968466015
1.897493095
1.849353939
1.969001838
1.968726721
1.820831816
1.811045146
1.967768012
1.793546135
1.975689462
1.986810949
1.996781741
1.77229928
1.771022742
1.776678324
2
1.987993186
1.98604977
1.860262513
1.932708934
1.84445037
1.848525723
1.87160708
1.894269544
1.965685023
1.985572331
1.891032415
1.890214726
1.917295439
1.771767453
1.900880522
1.93826149
1.872668594
1.907098961
1.759897763
1.774518919
1.765569643
1.839542575
1.753667781
1.783201439
1.785649065
1.7849595
1.784244015
1.776046818
1.903845357
1.937936746
1.958281256
1.962568484
1.860654342
1.824430749
1.959212375
1.955784169
1.79868046
1.788778025
1.960369286
1.967119488
1.989848208
1.975132692
1.996355202
1.762767087
1.76351598
1.773843718
1.993425112
1.99109316
1.853855269
1.841327494
1.956021329
1.859298235
1.886918645
1.893123754
1.981266037
1.992155386
1.885763161
1.894781923
1.917263373
1.762458569
1.902193586
1.87995593
1.928243087
1.75511436
1.764863317
1.774384978
1.759259742
1.838212938
1.852513576
1.74686756
1.779964963
1.780721187
1.777382203
1.773320721
1.764052551
1.904804086
1.870563108
1.936790934
1.954275434
1.953638445
1.832212571
1.801723708
1.951045884
1.951604185
1.78365007
1.95617714
1.964858956
1.984478772
1.976990882
1.990131881
1.756628645
1.768049228
1.757149535
1.997144542
1.860497172
1.841036581
1.963013813
1.879840675
1.884848821
1.881132601
1.981208523
1.997076531
1.898737582
1.905605475
1.75130197
1.755896734
1.894136436
1.93093763
1.761640708
1.768533058
1.777229765
1.756565095
1.835611984
1.84593224
1.867033844
1.742644974
1.737461708
1.777696151
1.775508886
1.76701943
1.759374059
1.752398792
1.914618516
1.877290092
1.844561058
1.932648347
1.949904961
1.949051389
1.813266847
1.790179439
1.945366691
1.947194573
1.951744673
1.960648878
1.968520497
1.986072797
1.753330945
1.762061238
1.751882063
1.995466805
1.866990076
1.845328631
1.956507678
1.876521393
1.871576838
1.886986812
1.978007382
1.991526091
1.90267641
1.743999462
1.901619278
1.927436618
1.764365979
1.770518477
1.779019152
1.790183168
1.757917656
1.835473252
1.833525578
1.849214686
1.863540586
1.731400613
1.727082921
1.77180485
1.761299182
1.753049211
1.745700407
1.742398298
1.898287306
1.917752863
1.862758216
1.829713434
1.922658076
1.93024104
1.931496076
1.937986586
1.801603094
1.938479275
1.938505164
1.945199102
1.952632071
1.978635275
1.75313053
1.752870038
1.749874601
1.98003792
1.848168753
1.879467043
1.952225258
1.860373678
1.866133769
1.882224549
1.974027132
1.978803356
1.735318234
1.915378046
1.932514821
1.781034144
1.770765365
1.787403917
1.791369636
1.796717323
1.762309284
1.828626622
1.837215792
1.838225244
1.850146725
1.854759502
1.773964707
1.844801814
1.726763944
1.722263077
1.719120853
1.755018986
1.747181316
1.738098971
1.735748667
1.73454537
1.911883032
1.884286635
1.920268029
1.847881271
1.818928796
1.920282871
1.920394592
1.923576279
1.931460834
1.932905116
1.933301827
1.937575302
1.95811921
1.755422912
1.746277624
1.752186987
1.963857151
1.857117662
1.886652582
1.955322672
1.849080055
1.858887236
1.96743935
1.970192307
1.916956268
1.935309038
1.790620258
1.783824743
1.794249778
1.796088734
1.801652135
1.814358968
1.76392921
1.828498188
1.827495109
1.836690099
1.845201722
1.841646912
1.771895732
1.763286764
1.834391295
1.840309116
1.719551323
1.72503945
1.715721567
1.713422825
1.741708959
1.735227993
1.730041076
1.729476622
1.729241261
1.903231016
1.917311955
1.867786592
1.920962509
1.833633695
1.922039802
1.919575071
1.920697849
1.922321141
1.928829312
1.928363073
1.940335427
1.756550751
1.744746735
1.753253288
1.94855681
1.866503323
1.891710919
1.951635183
1.843939194
1.967927156
1.961289011
1.905626223
1.929039717
1.788814448
1.776415294
1.79488659
1.795660301
1.806937652
1.823969631
1.757953174
1.826030956
1.835919791
1.826918792
1.830247418
1.852023838
1.759055888
1.756581364
1.748882597
1.836094981
1.82999612
1.839449049
1.717901206
1.714951882
1.721205821
1.711306631
1.709611524
1.736057324
1.730488936
1.724682479
1.7225179
1.887382322
1.916086244
1.928300701
1.852603424
1.932875818
1.92788058
1.92114873
1.917606946
1.917781062
1.924632432
1.928713749
1.921481211
1.752640725
1.741105884
1.745070664
1.937823444
1.864353234
1.872535911
1.877384586
1.95561852
1.840543071
1.960633998
1.939426489
1.896087642
1.926428827
1.768252085
1.777041556
1.782898401
1.800590597
1.820811171
1.845890159
1.74649491
1.831353776
1.822064335
1.843555072
1.823074262
1.747138943
1.754451406
1.743997
1.737602193
1.837724162
1.829314215
1.713573621
1.714197813
1.711680744
1.716205382
1.708139504
1.706581371
1.733738057
1.725695465
1.719152555
1.912120864
1.877802065
1.937084927
1.940904412
1.93263698
1.925411368
1.916818567
1.915056372
1.915327231
1.919037982
1.742732842
1.736881182
1.73456199
1.920620404
1.851052131
1.861876637
1.856712768
1.865209368
1.933142128
1.845690898
1.936302019
1.920625803
1.885453188
1.904777746
1.763766953
1.77301768
1.791033161
1.812097938
1.83478958
1.865235537
1.7381234
1.839450933
1.82451814
1.824185087
1.74201651
1.749481604
1.75915252
1.737134347
1.730218313
1.843660044
1.83656273
1.829744667
1.711075449
1.708285472
1.709112324
1.709260117
1.713859159
1.703836874
1.705404714
1.727283899
1.720052702
1.900246868
1.938127638
1.954755036
1.947860199
1.937335925
1.924785621
1.917153255
1.912488803
1.91167978
1.731634585
1.727261956
1.725307682
1.908110747
1.842058841
1.850117856
1.83982539
1.838379098
1.852342223
1.888709708
1.907777982
1.852672411
1.91247611
1.90177481
1.869536956
1.771181057
1.791411859
1.821138746
1.855799756
1.89946969
1.728053495
1.830576295
1.825449038
1.750230466
1.741093223
1.761102727
1.772208375
1.73180663
1.724688162
1.848492714
1.83806295
1.830546212
1.70765183
1.708687538
1.706075784
1.704967497
1.704665117
1.714425614
1.702534379
1.699778153
1.701869884
1.705281995
1.709504719
1.703183475
1.70175505
1.702902047
1.718989253
1.938445192
1.955585059
1.95596637
1.946401634
1.934768873
1.924820663
1.917259441
1.907712003
1.723758972
1.719827588
1.719131816
1.896477644
1.82913766
1.830777431
1.819228364
1.82319695
1.840112126
1.867397759
1.85622754
1.884772427
1.851695204
1.883906353
1.880386768
1.789571148
1.81685667
1.854710675
1.898240198
1.933733303
1.721541413
1.831577909
1.74788314
1.760477796
1.733022417
1.774931816
1.786412034
1.725018094
1.720296884
1.844677782
1.837132616
1.833411248
1.705083881
1.705651161
1.703239563
1.712858178
1.701655147
1.700650805
1.698800877
1.699259072
1.698081808
1.700784705
1.702622118
1.709199462
1.705463575
1.701272989
1.701344571
1.699901594
1.699808335
1.714070815
1.949886182
1.94957248
1.93794437
1.929528117
1.923044972
1.917965654
1.910404429
1.718838789
1.716231033
1.714999203
1.901624739
1.881891963
1.823121483
1.834766237
1.812578332
1.80570148
1.813240967
1.836216022
1.838376136
1.849940488
1.86200326
1.843229616
1.855201806
1.853947678
1.809560323
1.84651619
1.883905529
1.913741098
1.932298549
1.717479061
1.735215138
1.752124536
1.76714463
1.725402391
1.782742072
1.806651479
1.7190974
1.716677187
1.8402466
1.836660443
1.837930936
1.703129372
1.700148677
1.697054478
1.697585988
1.698145441
1.696700381
1.838183447
1.823143717
1.707060384
1.78138844
1.700931366
1.711817406
1.702587503
1.704693886
1.698884535
1.699743658
1.697951109
1.697663829
1.714234492
1.940541379
1.930585943
1.915870768
1.908699705
1.902362282
1.907166582
1.712939366
1.711118166
1.888644653
1.864564021
1.823869879
1.83556327
1.803373807
1.795850966
1.803022848
1.819453764
1.8293762
1.83976409
1.838310111
1.834487525
1.83663879
1.836706489
1.866404567
1.901606273
1.921155815
1.920438225
1.712930746
1.725719312
1.741306535
1.761598282
1.719089675
1.803490983
1.833102609
1.713389197
1.709254703
1.838833
1.839913536
1.699005133
1.695471538
1.695829663
1.695896626
1.696389966
1.697239574
1.695692382
1.83604163
1.803804044
1.804267708
1.709759561
1.707478312
1.801159224
1.778992611
1.706763626
1.694230395
1.695051869
1.700588039
1.709677696
1.702895311
1.705820619
1.696757506
1.697676311
1.695848268
1.695143775
1.919673592
1.911105661
1.897187215
1.884462151
1.88448447
1.706333612
1.705548988
1.861763297
1.839740541
1.815532736
1.831568632
1.793974009
1.778144493
1.78995006
1.789798688
1.80791653
1.817170697
1.833954475
1.810564338
1.81209454
1.866026036
1.894253128
1.908740216
1.911765095
1.90061905
1.719604221
1.732400513
1.750393226
1.713924576
1.825018109
1.850365053
1.708590595
1.704897814
1.839630351
1.836784917
1.698603773
1.69416874
1.694094802
1.694339253
1.694732033
1.696746017
1.830620147
1.78240902
1.782697484
1.706681773
1.819810616
1.795271718
1.768977937
1.703055378
1.692744312
1.693430066
1.696695481
1.694785712
1.693264932
1.703468596
1.76289631
1.724971246
1.700913161
1.702785058
1.703414676
1.701476176
1.694668659
1.693336099
1.692288826
1.692713272
1.896342663
1.890124718
1.872091015
1.861091334
1.701734689
1.8379271
1.816878951
1.79780513
1.820839528
1.777535957
1.764782579
1.771697405
1.769212813
1.785012789
1.791355384
1.823896392
1.784863763
1.78604714
1.869681692
1.884238631
1.885103758
1.892267759
1.888368555
1.878492728
1.715634616
1.739507398
1.710494378
1.846562768
1.706175996
1.702598271
1.832844856
1.82400001
1.698819992
1.692333234
1.69197628
1.692251353
1.82359223
1.761334178
1.833682332
1.804218724
1.780552639
1.756581137
1.700986164
1.691798663
1.691397998
1.692962674
1.699016215
1.697032368
1.694893253
1.691398102
1.699906204
1.751850468
1.745540037
1.719918276
1.727767059
1.69139806
1.708939831
1.691397733
1.701370103
1.699252732
1.699334622
1.697823764
1.691398114
1.6923011
1.691398118
1.691398097
1.691398101
1.870842543
1.854264932
1.845177732
1.699449453
1.818661646
1.794853633
1.802211147
1.785052866
1.765267305
1.752089448
1.758560201
1.760030277
1.767390881
1.811533135
1.760222768
1.76672006
1.867102995
1.855383096
1.863981708
1.868102145
1.873240478
1.87108375
1.853777313
1.714961524
1.734978656
1.7041336
1.700940547
1.816587162
1.803984892
1.691398028
1.691398055
1.691398072
1.69139809
1.810536824
1.742103686
1.836738907
1.811259591
1.786073091
1.765785088
1.747917231
1.691397904
1.691397961
1.692852102
1.699225044
1.697185549
1.694940107
1.697429903
1.737728888
1.747949768
1.731968707
1.72243324
1.706991225
1.71093213
1.691397632
1.691397771
1.69139739
1.691398024
1.696995394
1.697225849
1.698025106
1.695905159
1.695879349
1.691398109
1.691398092
1.691398104
1.691398068
1.691398078
1.83372811
1.826652194
1.699633831
1.802186583
1.782366624
1.769353069
1.788696534
1.770994624
1.752159704
1.741229937
1.739168935
1.746637783
1.790569952
1.740821126
1.747708559
1.844537595
1.849311401
1.845841719
1.85415594
1.860949068
1.843399263
1.716125028
1.731578022
1.702863603
1.80046356
1.790047312
1.691397983
1.691398026
1.790583843
1.727706171
1.833235642
1.811977299
1.791628679
1.774041864
1.755650583
1.742723561
1.691397847
1.691397895
1.692606119
1.695879206
1.694305042
1.696726884
1.727752763
1.733166937
1.736680099
1.722469037
1.722692011
1.706739577
1.711211977
1.691397526
1.691397647
1.691397175
1.691396947
1.694482586
1.692782922
1.695364446
1.694047277
1.69859134
1.69433732
1.691398079
1.691398057
1.691398086
1.691398038
1.809281953
1.817520294
1.701484522
1.787215835
1.770690416
1.753852997
1.773241279
1.754982371
1.742193876
1.735760566
1.729007894
1.724235705
1.76638911
1.726550013
1.720996253
1.734099018
1.827195045
1.827039326
1.830592577
1.840101342
1.836152687
1.715980845
1.722158603
1.730378579
1.738442312
1.705378351
1.779755371
1.772651644
1.691397939
1.691397976
1.768498383
1.718087683
1.811006564
1.7941887
1.780265328
1.761932047
1.747462385
1.691397739
1.691397808
1.691540647
1.691396333
1.693301019
1.692153321
1.697302255
1.729661439
1.724527021
1.732717442
1.718471571
1.710395943
1.691397329
1.691397469
1.691396847
1.691396589
1.692458205
1.692359415
1.69139487
1.693852077
1.695468195
1.696417873
1.691391198
1.691398052
1.698458838
1.736878414
1.692573244
1.700869609
1.691398056
1.691398002
1.691398016
1.691398068
1.795498971
1.812783141
1.704993334
1.773288894
1.759910429
1.742139989
1.756279549
1.745798925
1.737842457
1.737152844
1.715322102
1.747834451
1.74591131
1.718350836
1.713670291
1.724284885
1.806274507
1.809230036
1.806761346
1.812647838
1.821637174
1.715208748
1.72174995
1.730018082
1.735195346
1.7406316
1.709286577
1.756171549
1.756223472
1.691397871
1.691397916
1.713558713
1.795785711
1.79004779
1.781902916
1.766002972
1.749122195
1.691397576
1.691397698
1.691395321
1.69139577
1.691392503
1.691393208
1.740900592
1.726064487
1.717842587
1.691397038
1.691397222
1.691396402
1.691396109
1.691388016
1.691383531
1.691393796
1.692497655
1.694049964
1.700460701
1.697212408
1.691389395
1.691398025
1.703658175
1.737234476
1.751353888
1.691398046
1.734344311
1.794068194
1.691395176
1.71161356
1.748538563
1.691382538
1.801571966
1.702467425
1.732233379
1.691374155
1.707168063
1.691398022
1.691397951
1.691397978
1.782592818
1.80141037
1.71163979
1.760180386
1.748500173
1.747152794
1.741341976
1.738617325
1.746411845
1.709967498
1.742945582
1.734178583
1.712549834
1.709923397
1.717190517
1.793813838
1.788282198
1.783402676
1.71545815
1.720996137
1.726963848
1.732065811
1.73769992
1.74720615
1.691397754
1.691397842
1.713335668
1.781929874
1.776362785
1.767097868
1.752193221
1.691397401
1.69139443
1.691390595
1.691391497
1.722875588
1.69139671
1.691395589
1.691385242
1.69139236
1.692143963
1.694727621
1.70631572
1.69865529
1.691386689
1.709310652
1.737510561
1.725993237
1.75449906
1.691398021
1.72706465
1.691394386
1.707408789
1.708210337
1.707133501
1.746809043
1.691375496
1.691378931
1.785541321
1.788978511
1.703733705
1.707455604
1.724658329
1.736724844
1.722775565
1.691397977
1.692683298
1.772136334
1.782617238
1.691364934
1.691354056
1.713584791
1.691397965
1.691397889
1.691397916
1.774108664
1.7186431
1.744416974
1.761176411
1.751963262
1.741722565
1.73953429
1.741340023
1.710827791
1.70721676
1.738371309
1.733607775
1.726414751
1.706723088
1.717901989
1.710372207
1.776108245
1.775022521
1.771585403
1.772876275
1.72204529
1.726821179
1.723767959
1.730972016
1.741320546
1.691397476
1.691397611
1.691397713
1.717991256
1.770643936
1.764173019
1.753773975
1.691396888
1.691392972
1.691388113
1.691389411
1.6913958
1.69139406
1.69138103
1.691390624
1.695424483
1.711558872
1.699262355
1.691383064
1.738034359
1.727445459
1.742091701
1.749757278
1.691397988
1.704163661
1.704079143
1.703458703
1.702861726
1.743028772
1.691369626
1.691372621
1.773935934
1.773706784
1.70675407
1.701878406
1.703725355
1.709423527
1.727225501
1.734186006
1.721638159
1.719849529
1.692618651
1.761078807
1.76369343
1.76996013
1.743496708
1.756110751
1.704506735
1.75971816
1.691357016
1.691349979
1.691327219
1.715558951
1.691397902
1.691397853
1.691397785
1.760512808
1.71802785
1.733203165
1.750099579
1.736075007
1.737316521
1.717790199
1.710039398
1.705466081
1.73223419
1.726971428
1.712830974
1.723073365
1.705361017
1.767131825
1.764626903
1.758230902
1.762088935
1.719282893
1.725807983
1.721735229
1.733400911
1.742576296
1.691397073
1.691397263
1.691397431
1.750382559
1.691396084
1.691391651
1.691385007
1.691387428
1.691394251
1.691375517
1.695874663
1.711581206
1.699483483
1.691378438
1.730521449
1.735467504
1.723976798
1.737903273
1.744048587
1.691397945
1.703754465
1.700183905
1.70040087
1.699860912
1.701823542
1.737362266
1.691360831
1.691364535
1.760853118
1.761197665
1.706787254
1.701536608
1.701163984
1.721735906
1.717993323
1.717559709
1.692601212
1.751376165
1.750792951
1.762715162
1.738657449
1.749515627
1.702318067
1.757350693
1.748507527
1.70542378
1.742323239
1.691397536
1.744977444
1.697920356
1.691397087
1.691339695
1.691345473
1.691331087
1.691296065
1.691306568
1.713727472
1.691397751
1.691397821
1.69139765
1.747960492
1.715011885
1.730708782
1.724189925
1.727954728
1.732252522
1.718301092
1.71444252
1.708344286
1.717738171
1.706136512
1.711394905
1.700887763
1.757777465
1.756680803
1.749771979
1.74952937
1.717379014
1.721180016
1.727619234
1.734682045
1.739633385
1.691396442
1.691396752
1.691396913
1.691394796
1.691392074
1.691387694
1.69138222
1.691368358
1.695762116
1.710926999
1.708370046
1.698520943
1.691373985
1.728233838
1.730993923
1.732429003
1.723681572
1.736512853
1.732063521
1.73671088
1.691397885
1.704959518
1.69710669
1.69681006
1.69939264
1.701931431
1.731312819
1.691349466
1.691353522
1.747957312
1.702602241
1.698718601
1.722297351
1.717526951
1.715322271
1.715376208
1.691261158
1.692352133
1.742503272
1.740633757
1.755469122
1.733710395
1.742959263
1.698360827
1.700204468
1.749967485
1.74140749
1.7068708
1.70450071
1.736235766
1.738059487
1.738758559
1.696800365
1.695725431
1.691396476
1.691396133
1.691397263
1.691395884
1.731603481
1.718890054
1.733848124
1.691313587
1.691323533
1.691330931
1.691271336
1.69128107
1.711523895
1.709367025
1.69139744
1.69139762
1.69139781
1.734864711
1.713866649
1.726641808
1.722280096
1.715879403
1.72775275
1.722731974
1.725060715
1.719876768
1.714843974
1.709560716
1.702710711
1.698077553
1.709193648
1.750533318
1.750335863
1.743168139
1.735951856
1.717355092
1.723076707
1.728556065
1.731874791
1.734690865
1.691395321
1.69139583
1.691392826
1.69138858
1.691381838
1.691360858
1.694892674
1.691998173
1.695522517
1.691371245
1.724294742
1.728333948
1.729686888
1.729227228
1.732111724
1.728127852
1.729569128
1.704140021
1.692740581
1.693856366
1.693482757
1.70006434
1.726454721
1.691333343
1.691340282
1.698343721
1.702102281
1.70035627
1.695142672
1.714101837
1.715906093
1.712971647
1.713102001
1.691224871
1.691213281
1.732584631
1.749318474
1.726714899
1.736756141
1.696616737
1.694665684
1.743324808
1.737223735
1.706791505
1.704223443
1.728096884
1.731471656
1.731291923
1.693567911
1.695263124
1.697090504
1.691395502
1.691396779
1.691394485
1.691394431
1.691396051
1.691394487
1.723500586
1.724738364
1.719224855
1.715959774
1.725796436
1.691392317
1.724152609
1.725626061
1.728419729
1.718706782
1.726218759
1.736191675
1.692383454
1.697606979
1.710829625
1.724997193
1.716443772
1.691290591
1.691305856
1.69123878
1.691250384
1.709026006
1.711747407
1.691397003
1.691397445
1.691397676
1.723338176
1.723602253
1.71522774
1.715944733
1.713043577
1.704281707
1.722991951
1.720338711
1.720050356
1.715140337
1.709467897
1.693403777
1.698677963
1.691393011
1.74367824
1.746140121
1.740119571
1.71960996
1.723625382
1.726710264
1.730119134
1.7333822
1.691393165
1.691388635
1.691382001
1.691350352
1.691135393
1.691147117
1.691368797
1.72338915
1.727685445
1.727728467
1.725848115
1.724020474
1.724506395
1.722966997
1.703866591
1.691391182
1.691391927
1.691392776
1.691391704
1.699180283
1.722449184
1.691307051
1.691316689
1.694343872
1.699652143
1.701392777
1.691027134
1.71160635
1.713214757
1.710589561
1.691188562
1.691163403
1.722661186
1.743059677
1.713065826
1.72844372
1.692623523
1.690982303
1.738517449
1.70747239
1.704562239
1.715070167
1.691391243
1.693559619
1.694879046
1.691393146
1.691392097
1.691390972
1.69139563
1.691393619
1.691390491
1.714894086
1.709998042
1.713186851
1.717023349
1.713293245
1.719225903
1.718756777
1.723125501
1.70524214
1.725399093
1.733293322
1.691059946
1.694409735
1.69634501
1.708829736
1.709574859
1.717197735
1.713727324
1.716938053
1.691096624
1.729237146
1.71318612
1.691319359
1.69138854
1.690879497
1.691392995
1.691262851
1.691204804
1.710571881
1.713828457
1.691397037
1.691396307
1.69139745
1.7096301
1.716911708
1.699193728
1.691392777
1.718109685
1.71937086
1.714167292
1.70992783
1.691391742
1.691390052
1.739236698
1.74034422
1.73604061
1.719638091
1.722590549
1.725941283
1.730001911
1.734775611
1.691387089
1.691378176
1.691357212
1.691330217
1.691058219
1.722054035
1.725939027
1.7249449
1.722225813
1.718365093
1.719136263
1.719450942
1.718094923
1.706119937
1.702210126
1.691388862
1.691389412
1.691389598
1.691387553
1.69617
1.697963268
1.719061401
1.691269133
1.691278271
1.690841101
1.698106653
1.702637978
1.699561159
1.690982386
1.690915146
1.710569439
1.707900066
1.691147419
1.691099231
1.708165259
1.738457925
1.691390249
1.700459004
1.72441226
1.690888026
1.705998125
1.7089251
1.691389245
1.691809812
1.691386907
1.691383687
1.691395081
1.691387972
1.69138214
1.698495394
1.698982075
1.691383262
1.703280693
1.693304432
1.709374029
1.710864607
1.709698214
1.715290021
1.712091617
1.71032176
1.691991036
1.723596188
1.730401147
1.690812318
1.693953497
1.707588079
1.706879925
1.707927613
1.705953162
1.714376615
1.711321728
1.691028571
1.726144075
1.698720004
1.691288086
1.691380575
1.690802862
1.690775415
1.691392659
1.691388352
1.696902183
1.691387891
1.691383804
1.708974931
1.723889332
1.717263948
1.700270315
1.697670871
1.697335805
1.696426112
1.691208709
1.691158641
1.711654401
1.715285893
1.691396229
1.691396974
1.691386339
1.691391096
1.69138963
1.691389956
1.713730853
1.71957611
1.714347756
1.711685803
1.708917843
1.691387467
1.691384802
1.73557387
1.735274894
1.731478152
1.718641036
1.722405957
1.728399604
1.731852649
1.691373043
1.691357335
1.691333025
1.69129797
1.690956957
1.721444298
1.723587013
1.721228685
1.718398095
1.714028723
1.714937009
1.715165772
1.713878827
1.705546855
1.702026377
1.691385716
1.691386408
1.691384775
1.691382261
1.691694865
1.714985162
1.691210015
1.691227065
1.690708558
1.695581895
1.704216439
1.700796866
1.690871962
1.690794511
1.707552848
1.704766162
1.705998419
1.691102637
1.691053934
1.693480171
1.691365645
1.73450431
1.691383373
1.691385121
1.724261358
1.718426387
1.707467927
1.691385892
1.691382191
1.691376017
1.691371643
1.691366958
1.691394028
1.691380046
1.691375527
1.691362905
1.691376749
1.691378081
1.691374693
1.701970313
1.69617577
1.704797176
1.707965251
1.726084593
1.690684527
1.690738077
1.692304527
1.705225959
1.704871079
1.704721373
1.693909005
1.712144337
1.707998046
1.709745617
1.690986423
1.690942485
1.725299056
1.69135647
1.691243259
1.690724775
1.691389821
1.691381457
1.693627013
1.706278986
1.722250256
1.717037043
1.693832912
1.691255522
1.692447101
1.698834265
1.694723943
1.695654049
1.699900922
1.691377706
1.691348092
1.710141958
1.691382937
1.722314776
1.691125185
1.711210298
1.71462836
1.691396076
1.691394254
1.69137847
1.69138587
1.709984895
1.710213616
1.718847151
1.714314144
1.711174129
1.708222928
1.691381929
1.691379258
1.732180544
1.730896833
1.731240421
1.727586842
1.71864113
1.727201243
1.729538198
1.691345927
1.691316285
1.691261063
1.69082166
1.719641371
1.721457349
1.719342005
1.717145403
1.714129458
1.7104493
1.710298674
1.711329692
1.710858757
1.704470257
1.700990526
1.691380786
1.691381726
1.691379865
1.691376761
1.691376848
1.710673147
1.691138229
1.691160374
1.690631984
1.690594736
1.690623406
1.702785791
1.690702397
1.70265568
1.703088794
1.70138425
1.691020502
1.691366439
1.691349801
1.69135806
1.730686105
1.691375287
1.691378529
1.69138096
1.719184217
1.713014309
1.706666568
1.691377994
1.691355048
1.691341665
1.691333565
1.691364251
1.691352612
1.691327119
1.691369748
1.69136855
1.691373042
1.691335617
1.691293517
1.691315947
1.694226029
1.702583539
1.722392403
1.690592851
1.690630176
1.701214434
1.702918638
1.704137936
1.706051641
1.707170416
1.690899933
1.690933153
1.724662137
1.691340942
1.691181025
1.691383063
1.691390635
1.691368054
1.690469122
1.72024309
1.716211168
1.691164685
1.691225429
1.69031902
1.690317906
1.693575565
1.697819011
1.695435087
1.691370596
1.691372516
1.706861134
1.707407228
1.691378027
1.72175374
1.724031673
1.691376659
1.691089998
1.691339672
1.712796072
1.691022457
1.710411766
1.714208394
1.691394048
1.69137047
1.69137884
1.705929039
1.717357036
1.71245718
1.707907901
1.704791304
1.691376047
1.69137316
1.727947254
1.729200162
1.726890313
1.727165787
1.718036721
1.725806701
1.691303449
1.691258826
1.691197889
1.690671818
1.690792223
1.718282987
1.716947912
1.714907007
1.709542227
1.706424393
1.706783796
1.707034169
1.707537194
1.700284905
1.691374397
1.691375028
1.691373794
1.691369944
1.691368713
1.691372079
1.70598977
1.691046908
1.691074299
1.690512878
1.690564992
1.690490132
1.690459306
1.701862715
1.69829025
1.699404995
1.700027917
1.700197857
1.69820183
1.690884886
1.691351012
1.69135844
1.691342514
1.691328068
1.726566491
1.691367022
1.691371551
1.691375235
1.710101045
1.71461877
1.705841906
1.691312872
1.691286238
1.691277817
1.6913233
1.691288906
1.691365524
1.691361483
1.691359669
1.691321629
1.691262672
1.691290799
1.690999886
1.697847679
1.718188547
1.69046828
1.697759263
1.700756463
1.703129063
1.690814176
1.72302127
1.691093782
1.69138584
1.691371282
1.691345392
1.690267846
1.714739868
1.691167873
1.690155499
1.69020495
1.690085333
1.690807743
1.69584036
1.694309683
1.691361027
1.691363192
1.704463081
1.703334945
1.691371275
1.720096408
1.720694501
1.691370477
1.691036691
1.691280594
1.691298285
1.707719104
1.709989892
1.703390965
1.691352555
1.707655517
1.691235242
1.711662086
1.691114848
1.690898542
1.709355429
1.713756407
1.691389538
1.691361593
1.691372393
1.7009454
1.713382572
1.706457469
1.700978904
1.691368942
1.691365
1.723722388
1.725247201
1.722253045
1.722544537
1.716706924
1.721677339
1.691226206
1.691162777
1.690640897
1.690488769
1.714336716
1.710789979
1.704114769
1.703158602
1.703312939
1.703570871
1.702615511
1.694835766
1.691366776
1.691367578
1.691366
1.691361164
1.691356752
1.691362648
1.701213781
1.690930161
1.69095607
1.690374063
1.690407759
1.69036455
1.690234187
1.699509767
1.696070285
1.695412682
1.696754664
1.697093811
1.695874756
1.690736576
1.690676406
1.691344035
1.691330927
1.691350967
1.691293839
1.691304268
1.72163158
1.691357008
1.691363012
1.69136808
1.701715172
1.709255595
1.701964825
1.691238381
1.691182633
1.691185455
1.691237933
1.691355192
1.691347286
1.691243371
1.690881807
1.69092442
1.713260812
1.695557624
1.698814861
1.696719251
1.718995755
1.690983565
1.691375927
1.691351327
1.691308309
1.690011169
1.710432705
1.691027264
1.691148789
1.689901032
1.689967372
1.689819468
1.690164329
1.691234209
1.691349184
1.700834919
1.700689397
1.691363004
1.715883937
1.715122118
1.691361872
1.691198936
1.691203399
1.691232213
1.702153337
1.704131882
1.705830888
1.700093626
1.691339565
1.703445834
1.701566818
1.691147872
1.691016163
1.691049126
1.689824193
1.699406329
1.690730567
1.705076261
1.711342177
1.691381074
1.69134973
1.691364108
1.69813723
1.697234367
1.706043328
1.705880514
1.708228965
1.698137608
1.698189796
1.691589757
1.692761656
1.691359312
1.69135301
1.718689728
1.720171543
1.716633797
1.716675514
1.716787061
1.69110018
1.690425549
1.690288843
1.703143529
1.698537602
1.69939099
1.699701731
1.699875069
1.698609798
1.691355575
1.691356527
1.691354339
1.691346849
1.697550322
1.690771679
1.690801344
1.69020456
1.6901886
1.689949362
1.692854541
1.694084286
1.694584942
1.693735034
1.694350978
1.694287553
1.694065634
1.690511912
1.691326334
1.691335787
1.691307396
1.691246981
1.691272367
1.713954658
1.691343826
1.691351624
1.691358441
1.694698555
1.690777041
1.703146917
1.696980785
1.689502696
1.691118867
1.691030697
1.691092776
1.691340844
1.691330033
1.691167187
1.690788339
1.69084641
1.703393137
1.695459623
1.712852039
1.690839086
1.691358679
1.69131718
1.691247847
1.689678491
1.691040665
1.690909222
1.68944319
1.689516892
1.689457601
1.691332716
1.697876501
1.708757527
1.691075204
1.6910748
1.691127341
1.697878172
1.699148635
1.70042896
1.696979844
1.691322071
1.698826095
1.697443072
1.691014478
1.690871137
1.690933154
1.689143569
1.697244699
1.696430133
1.690674199
1.690193313
1.692754042
1.691145313
1.690537045
1.689226827
1.700339176
1.704458857
1.691365357
1.691334
1.691353113
1.695432715
1.699526882
1.699722544
1.693800255
1.692889566
1.691311689
1.691301422
1.691347059
1.691341761
1.691338184
1.711599544
1.713017451
1.707404773
1.690969229
1.690240325
1.68997951
1.697497266
1.695972465
1.695322905
1.696677129
1.695384771
1.69134322
1.691344043
1.691329018
1.690552236
1.690604831
1.689948449
1.689635982
1.689055444
1.69288281
1.692919912
1.692369174
1.692293347
1.693597361
1.692521139
1.690332978
1.691304449
1.691312349
1.69127515
1.691160376
1.691224508
1.702770895
1.699132178
1.691325925
1.69133601
1.691345589
1.690572906
1.690604779
1.6889624
1.688678785
1.690823501
1.690788413
1.690832681
1.690884514
1.691321227
1.691308255
1.691046471
1.690623593
1.69076074
1.690400634
1.694830789
1.702017194
1.690658457
1.691328801
1.691252862
1.689266729
1.690875182
1.688937357
1.688779134
1.691310258
1.69087456
1.690875381
1.690956097
1.696271156
1.695395537
1.696584216
1.694868283
1.694290257
1.6937176
1.690723634
1.690803972
1.694903062
1.695566048
1.694255898
1.689983749
1.691746957
1.690955004
1.691071339
1.691175241
1.690582882
1.691397392
1.691324147
1.690223099
1.688558217
1.688553491
1.68920002
1.689225738
1.691336615
1.691310209
1.691337731
1.693056176
1.694967535
1.694663998
1.691287836
1.691290396
1.69128807
1.691271318
1.691330465
1.691326832
1.691319474
1.696420822
1.690116023
1.690662611
1.690057478
1.689911552
1.689634915
1.689631899
1.694338899
1.693537817
1.693941111
1.69378256
1.693932569
1.692747846
1.691328139
1.691305557
1.690305392
1.690381563
1.689211564
1.688345
1.691396912
1.691397555
1.691726076
1.691396277
1.691275657
1.691222697
1.6911136
1.689635594
1.689797584
1.691312675
1.69132753
1.690419132
1.688291561
1.690538942
1.690453304
1.690468132
1.690460936
1.690574541
1.691280327
1.690958465
1.690398774
1.690658139
1.690253474
1.69012738
1.689167926
1.690484267
1.691283266
1.68872913
1.690785693
1.688394681
1.688355576
1.691282499
1.690566603
1.690561649
1.690666583
1.693589309
1.69346195
1.691273242
1.69127512
1.690508459
1.693181989
1.689648383
1.691397134
1.69072491
1.69102668
1.690833289
1.691214313
1.690405547
1.691397305
1.691304073
1.691301948
1.688710302
1.690259552
1.689817919
1.689939901
1.687901188
1.688744426
1.688216583
1.688129831
1.687912934
1.68845069
1.691288711
1.691285259
1.691313711
1.692087886
1.69139425
1.691661734
1.692172925
1.691262004
1.691256205
1.691235602
1.691299448
1.691296245
1.689155906
1.689831594
1.690169704
1.689658924
1.689199518
1.689204842
1.691953542
1.692225202
1.691627514
1.692175854
1.691756109
1.691490807
1.691368086
1.691259698
1.690039022
1.690147058
1.688630237
1.687911126
1.687965924
1.69139643
1.691396852
1.691397414
1.691395217
1.691395634
1.69118945
1.690981726
1.689445701
1.691287646
1.690132531
1.690001288
1.690004316
1.689949559
1.690110485
1.691237261
1.691180864
1.690176315
1.690494807
1.688461735
1.688774327
1.688074875
1.690650561
1.690089656
1.690072725
1.690256929
1.691553559
1.691252725
1.691243273
1.691249477
1.689970081
1.689243933
1.691397074
1.690334218
1.690809949
1.691121464
1.690496322
1.69013038
1.690180974
1.691277558
1.691274551
1.691269931
1.688147003
1.689828356
1.690803851
1.689090869
1.689487661
1.689369458
1.689604549
1.687545669
1.687497405
1.687880039
1.687527376
1.691196539
1.691238198
1.691283407
1.691389996
1.691392803
1.691259283
1.691220505
1.691214005
1.691186768
1.691246532
1.691258755
1.688633322
1.689851458
1.689515182
1.68943122
1.689355788
1.68924353
1.688637045
1.688607313
1.691271022
1.691316183
1.691333433
1.691354621
1.691296714
1.691381135
1.691369761
1.691203897
1.689709608
1.687999284
1.687586357
1.691396619
1.691395932
1.691397222
1.691394173
1.691394621
1.69102593
1.691240429
1.689236896
1.689343575
1.689205307
1.689421324
1.691135866
1.690279346
1.688205096
1.68756501
1.690478225
1.689347494
1.689330408
1.689670284
1.69122547
1.691202816
1.691234579
1.691211879
1.68934178
1.688687764
1.691396853
1.689706094
1.690469794
1.690945506
1.689993544
1.689860176
1.689804641
1.689932859
1.691230044
1.691234011
1.691222151
1.687808519
1.689237452
1.690687839
1.689225026
1.688832977
1.691392462
1.691178331
1.691335318
1.688894315
1.689076837
1.688769617
1.6891296
1.687110574
1.68744666
1.687108496
1.687127146
1.691036464
1.691158933
1.691225018
1.691387032
1.691391258
1.69124939
1.691167671
1.691153847
1.691125409
1.691162665
1.691182784
1.688467155
1.689487605
1.688318301
1.688439523
1.688481097
1.687919863
1.687876964
1.68802217
1.691280462
1.691307549
1.691357953
1.691374503
1.687267208
1.687155182
1.691396215
1.691395228
1.691396974
1.691393553
1.690877694
1.691150448
1.688159996
1.688293471
1.68813536
1.688404766
1.690975149
1.689916786
1.690274153
1.687920155
1.688199922
1.688614935
1.691181635
1.691143978
1.691216195
1.691177942
1.688089683
1.691396445
1.688832526
1.689957085
1.690662467
1.689252911
1.689518437
1.691169536
1.691129361
1.687481185
1.688481716
1.690492603
1.688963206
1.691389355
1.691104715
1.691307712
1.691339934
1.691318598
1.688207128
1.688466079
1.686679662
1.686677022
1.687064507
1.68663848
1.690760626
1.691007749
1.691108114
1.691383669
1.691267727
1.691210737
1.691083197
1.691085666
1.691078778
1.691040023
1.688484427
1.688127822
1.689064751
1.68675421
1.687082368
1.686995435
1.687410794
1.6870711
1.687209665
1.687289469
1.691352612
1.691367835
1.686740367
1.691395527
1.691394024
1.691396633
1.691390989
1.690569584
1.690987778
1.686650974
1.686845923
1.686641824
1.6870416
1.690738309
1.689501975
1.68996802
1.687537267
1.686768432
1.687270749
1.691120671
1.691069605
1.691129071
1.687415056
1.691395886
1.687617859
1.689207229
1.690228284
1.688202142
1.689102703
1.691056922
1.691012854
1.687102894
1.687412859
1.687855876
1.690179306
1.691385604
1.69097852
1.69128248
1.691321098
1.688116762
1.687401358
1.686126649
1.686201464
1.686666033
1.686218579
1.686220973
1.690306605
1.690727082
1.690890967
1.691376701
1.691229387
1.691154695
1.691008602
1.690997644
1.690969188
1.690820075
1.687889158
1.687752355
1.688563768
1.684600973
1.685105152
1.68569564
1.685153153
1.686022981
1.686351538
1.686404584
1.691341602
1.691357358
1.691394787
1.69139202
1.691396145
1.691388024
1.689956006
1.690320401
1.690711286
1.684592646
1.684733182
1.684606993
1.685166486
1.688851589
1.689547755
1.686997598
1.684737694
1.68543964
1.691040227
1.691055065
1.686493336
1.685923356
1.689594984
1.686721364
1.690952601
1.690834463
1.6867958
1.691381407
1.690842002
1.6912479
1.691297708
1.686621483
1.68868939
1.685790913
1.685674941
1.685210718
1.685670627
1.686238852
1.685386967
1.689602233
1.690294358
1.690443307
1.691369579
1.69117927
1.691088269
1.690900633
1.690943843
1.690850037
1.69053351
1.687974494
1.687181603
1.687090209
1.682394881
1.682536163
1.681667917
1.683208701
1.683888909
1.684027258
1.685467928
1.685308153
1.685249473
1.691319186
1.691345559
1.691395335
1.691393509
1.691390064
1.691385502
1.689646659
1.689203588
1.681880439
1.682065801
1.681888077
1.682595937
1.688278914
1.68629011
1.682101184
1.683000518
1.690963378
1.68364139
1.684714227
1.690642495
1.691375012
1.690718091
1.691200776
1.691268158
1.684670898
1.68764051
1.684508346
1.690494381
1.683235599
1.685045948
1.684186888
1.684212492
1.685299128
1.688445915
1.689785433
1.689904602
1.691358395
1.691108452
1.691003916
1.690793969
1.69076351
1.690641773
1.690210481
1.687153943
1.686228856
1.678896516
1.678379058
1.680023456
1.678994291
1.680852878
1.68129482
1.684115697
1.683071217
1.691327066
1.69128536
1.691394008
1.691390258
1.691383365
1.691379956
1.68875173
1.688912507
1.688623947
1.678411829
1.678642752
1.67831022
1.679366652
1.687463641
1.678718311
1.679836228
1.690855729
1.680653647
1.68204312
1.691364063
1.691123181
1.691217224
1.681982941
1.68590169
1.690333691
1.685258331
1.691121805
1.679811091
1.68035355
1.682894561
1.682768428
1.68406031
1.682809122
1.686757154
1.688961269
1.689572967
1.688983915
1.691336635
1.690974362
1.690516239
1.690558319
1.689789578
1.686036472
1.674092641
1.674656201
1.674829834
1.676007446
1.677083472
1.677524456
1.68115079
1.69129644
1.691235882
1.691391348
1.691384842
1.691367459
1.691372474
1.68759989
1.68770752
1.674379752
1.674066615
1.673198779
1.674806791
1.674752378
1.68612674
1.674385326
1.675882943
1.690762062
1.676833618
1.678552605
1.691343242
1.67855333
1.683498075
1.690138269
1.684373899
1.691149488
1.690954132
1.676185188
1.674759675
1.676114242
1.678054082
1.680977353
1.681120495
1.682650507
1.680664429
1.684307025
1.687630158
1.688634566
1.688957567
1.687869556
1.691302777
1.690745073
1.690027482
1.690072104
1.690439244
1.689477907
1.68437473
1.669020012
1.66986359
1.669659611
1.671236665
1.672516538
1.672732393
1.679225612
1.691243169
1.691384964
1.691373882
1.691342168
1.691354325
1.685958081
1.686003855
1.669218482
1.668463669
1.668100382
1.669468368
1.669331048
1.684207168
1.669230423
1.671102852
1.672078445
1.674404469
1.674264326
1.680314248
1.691146154
1.691020613
1.690803663
1.690652387
1.67131924
1.67100388
1.669183406
1.673322702
1.67568383
1.678183596
1.681892204
1.679938188
1.67764361
1.680834707
1.685340005
1.686282117
1.687428367
1.687801699
1.688531789
1.686472166
1.69129695
1.691237141
1.690352142
1.689216256
1.68991596
1.689387439
1.664257228
1.663509191
1.665743888
1.66397601
1.667211985
1.667337452
1.691371899
1.691350798
1.691319874
1.683380518
1.68367336
1.66333422
1.662609023
1.662146659
1.66361347
1.663403893
1.66331677
1.665384507
1.668084648
1.66527916
1.66875982
1.668919029
1.67630875
1.691132511
1.690982304
1.690739842
1.69045049
1.690217893
1.671567387
1.667972284
1.66570136
1.665356461
1.663348683
1.670601591
1.673362265
1.680155663
1.678305925
1.676002075
1.673712936
1.676095742
1.682559948
1.683991522
1.68455123
1.686231934
1.685690963
1.687224159
1.688083962
1.691236388
1.689767154
1.688459724
1.689151019
1.659738697
1.658876096
1.657456445
1.661410293
1.657925857
1.661475944
1.691348097
1.691290997
1.680841001
1.657216647
1.656426697
1.655927082
1.657427429
1.657047626
1.656816019
1.658528466
1.659232776
1.661646216
1.662314605
1.662962
1.690957914
1.691122927
1.690336668
1.690643981
1.68993445
1.689610435
1.666684448
1.662076547
1.664826621
1.659718121
1.659400807
1.657329308
1.667458692
1.668526276
1.676151486
1.677233285
1.673601965
1.671224012
1.669875627
1.681127859
1.679254117
1.68190815
1.683417684
1.684101177
1.685454866
1.686606671
1.687177178
1.691203934
1.688958149
1.688112457
1.653729336
1.654336502
1.655608101
1.652774641
1.651524516
1.655465447
1.651986668
1.691304262
1.651207112
1.650418947
1.650108557
1.651183445
1.650687754
1.650276229
1.652089838
1.652735989
1.655145782
1.655843958
1.656956298
1.690784544
1.690995669
1.689779557
1.690223433
1.690443162
1.689213991
1.688760854
1.660380528
1.651165484
1.658752577
1.656052466
1.661473978
1.653931259
1.653462602
1.651536616
1.662602676
1.665422823
1.672784065
1.671746905
1.675249934
1.668244577
1.668969488
1.662684755
1.677525984
1.678530663
1.680495839
1.681348315
1.683133184
1.684655836
1.685355617
1.686723774
1.691096032
1.691222334
1.687813011
1.649721523
1.648516783
1.64871447
1.649825602
1.647466813
1.646476289
1.64679427
1.645921477
1.645718877
1.644774253
1.645554163
1.645022688
1.644674239
1.646275299
1.647001631
1.649042623
1.649973513
1.690737712
1.690913879
1.689009548
1.689627842
1.689945499
1.690384174
1.688231764
1.687706169
1.65408692
1.646768336
1.645592048
1.686632076
1.655488147
1.652744859
1.650791787
1.656568123
1.648553849
1.648230698
1.646662861
1.6593667
1.662305336
1.670504123
1.667605748
1.666263663
1.673210617
1.663414596
1.655264263
1.674335749
1.67690916
1.677795238
1.680133858
1.682128137
1.682994622
1.684650559
1.686057638
1.691087055
1.645328563
1.645342308
1.64450785
1.644475922
1.643686408
1.642999427
1.643090892
1.642494043
1.642336104
1.641728407
1.64108272
1.641424581
1.641057137
1.640989093
1.642442536
1.642679615
1.644484451
1.690583578
1.69087261
1.687955984
1.688809256
1.689269226
1.689927629
1.686903781
1.686179288
1.648863126
1.644889333
1.643874484
1.642737885
1.684787377
1.650257067
1.650953333
1.647768927
1.648056304
1.64607423
1.653475382
1.644696947
1.644496111
1.643589885
1.656239833
1.657468396
1.668225766
1.665104779
1.661764804
1.660451417
1.66995104
1.648931041
1.673284573
1.67615017
1.678892329
1.680065085
1.682140674
1.683916411
1.690872504
1.643024214
1.643107422
1.64270946
1.642509969
1.642242648
1.642031382
1.641678441
1.641272389
1.64075936
1.640412207
1.640286898
1.640049772
1.640300612
1.640738848
1.641812475
1.690250362
1.687693241
1.686529044
1.688397633
1.689357339
1.685086519
1.684171391
1.645850196
1.646528519
1.645830547
1.64485815
1.645213176
1.682369387
1.646456121
1.645842443
1.648396563
1.644321334
1.6446373
1.643589918
1.650719734
1.643305914
1.643200124
1.643410763
1.651695511
1.654749633
1.662704588
1.664655763
1.659280384
1.655725919
1.668308986
1.645363513
1.671889331
1.674931337
1.676467989
1.679015268
1.681222443
1.690492707
1.643571106
1.644112211
1.643648481
1.644058421
1.644654126
1.643707223
1.643719892
1.642611827
1.642906502
1.643553629
1.642702233
1.643076652
1.644134211
1.689618949
1.686186708
1.687146611
1.68460881
1.688429056
1.682686338
1.681638134
1.645953009
1.651906023
1.650384762
1.651392606
1.653210064
1.652350855
1.679339934
1.644930649
1.644013079
1.643811859
1.646412581
1.643617959
1.643692351
1.644127293
1.647391506
1.645164455
1.645248822
1.646288295
1.650094487
1.656911256
1.659064856
1.662962589
1.653202925
1.66698031
1.645823653
1.670495971
1.672213134
1.675258375
1.677966279
1.689915531
1.647814789
1.649232632
1.648544293
1.649907439
1.651494537
1.649586712
1.651050326
1.649011783
1.650103084
1.651662545
1.649815346
1.650869022
1.688671477
1.685490779
1.684188178
1.687165581
1.681948473
1.679261024
1.659488969
1.661436914
1.656118888
1.664829036
1.664730963
1.66307765
1.676097811
1.678880638
1.644039167
1.644190249
1.644720081
1.644853586
1.644590654
1.646418037
1.646299754
1.648349717
1.646015525
1.650830512
1.65086111
1.653173555
1.648475975
1.653541168
1.651393099
1.657402434
1.661624132
1.665509243
1.651800569
1.667376391
1.670839474
1.674076701
1.689042193
1.655916798
1.658188495
1.657462903
1.659803187
1.660310495
1.662013987
1.66007272
1.662098924
1.6643212
1.661859194
1.68742328
1.683361255
1.685527454
1.681614728
1.675523267
1.669557265
1.672684438
1.677763764
1.665890768
1.678739867
1.678528013
1.675842901
1.671903571
1.675286796
1.678579884
1.645026951
1.646869996
1.644566589
1.649035978
1.644240402
1.652219167
1.653093887
1.656599278
1.645158056
1.660182021
1.6602463
1.663459796
1.647064231
1.648670787
1.652104874
1.656081722
1.660221139
1.661849572
1.661667371
1.665478358
1.669460138
1.687778474
1.667182513
1.669939592
1.669317674
1.670934134
1.673578488
1.675864464
1.674445882
1.677828442
1.680026105
1.685798181
1.68344661
1.680714992
1.671302078
1.683855202
1.679994411
1.6892275
1.69093821
1.676242823
1.691497198
1.69140178
1.667140057
1.675030226
1.671107561
1.677528363
1.649630651
1.648051687
1.652944559
1.645577971
1.65736456
1.644286221
1.661860331
1.663369001
1.66842404
1.644509525
1.672496979
1.671527722
1.676107059
1.645203821
1.647601849
1.651230445
1.655457767
1.658786762
1.673286462
1.663972085
1.686019542
1.679426083
1.682227641
1.681618906
1.683947648
1.686953334
1.68931047
1.688956218
1.692770178
1.683727164
1.680885159
1.666611534
1.696714692
1.691477938
1.689486218
1.698310989
1.699352709
1.685831777
1.699803168
1.700232409
1.662068074
1.673577016
1.670913737
1.666500811
1.677805745
1.684268756
1.657645961
1.65526123
1.650546215
1.662606571
1.646830833
1.668379816
1.644690306
1.673524541
1.675827043
1.68197757
1.644061697
1.683510357
1.686699503
1.644618016
1.646901153
1.650257903
1.653237931
1.658701005
1.684201245
1.683666609
1.68958012
1.6919344
1.69193164
1.694000553
1.696471061
1.698144275
1.698346806
1.681222669
1.66167906
1.696765538
1.697517571
1.699200819
1.69398141
1.700066866
1.700323259
1.691150568
1.699530423
1.700216641
1.656906873
1.667305059
1.670405774
1.674568955
1.662014309
1.678401209
1.668363115
1.665565599
1.659027611
1.652656161
1.674049185
1.647598854
1.679870036
1.684286354
1.686109843
1.69036884
1.644145265
1.646052289
1.691430584
1.693024751
1.644297904
1.646211813
1.648532077
1.653534819
1.692287402
1.690425983
1.680652723
1.694361007
1.695575765
1.696152039
1.697394235
1.698334319
1.699077204
1.656714867
1.692445908
1.693831236
1.692313538
1.693155325
1.693032506
1.692955376
1.690811138
1.693378843
1.691279345
1.651966465
1.665995839
1.662294996
1.67075681
1.675498364
1.657084247
1.688481084
1.677686974
1.679300672
1.670105248
1.662249334
1.6552244
1.684742523
1.651500481
1.688548111
1.690902041
1.691741394
1.692169225
1.646880903
1.644221095
1.692370189
1.692009595
1.643977139
1.64511711
1.648875816
1.69022094
1.691653451
1.676884063
1.691205713
1.692208673
1.68915405
1.691685616
1.691362071
1.651967034
1.680851693
1.682466148
1.686422649
1.680411305
1.679682528
1.676526337
1.680076546
1.676500684
1.677491941
1.647647936
1.666373394
1.661376528
1.657522394
1.671538407
1.652579304
1.676401975
1.680540133
1.65305157
1.686439457
1.688019696
1.680847312
1.673664508
1.665808441
1.660748038
1.690680999
1.653614485
1.691491794
1.690718888
1.690104864
1.686000787
1.647675135
1.644511279
1.685231125
1.682786972
1.643839943
1.645303098
1.684401639
1.687785251
1.67248412
1.679351831
1.677366001
1.679566323
1.678635883
1.648347174
1.665575286
1.667110413
1.670208826
1.664029201
1.659854431
1.661567914
1.662203791
1.660445818
1.657301425
1.661832036
1.645567448
1.64447404
1.66710082
1.661827256
1.656804015
1.648745733
1.658787917
1.665445201
1.671070133
1.652487244
1.649221719
1.689678808
1.691557184
1.691540437
1.684656037
1.677739487
1.672522032
1.663959126
1.69024936
1.655217592
1.687082606
1.682551079
1.680643259
1.673011491
1.648796037
1.646089685
1.671505811
1.667557815
1.644096976
1.676362344
1.680120728
1.6675415
1.66340567
1.660950621
1.662933342
1.645683735
1.649559951
1.651619509
1.654082794
1.645441352
1.645601912
1.645963977
1.642904567
1.643780495
1.645666708
1.646875923
1.644646395
1.644898351
1.66240194
1.657321476
1.646164776
1.645752668
1.649022811
1.655388836
1.661311087
1.65278348
1.648862284
1.646770241
1.692587064
1.692114049
1.690145643
1.687689918
1.688346511
1.68439213
1.676416858
1.666388056
1.682641958
1.65717538
1.676298366
1.66824402
1.668761507
1.66290771
1.656069223
1.652509555
1.647334569
1.655147311
1.651142419
1.666276959
1.668334947
1.670381976
1.662254638
1.647320862
1.645212838
1.64522737
1.636057328
1.639174558
1.641231838
1.635508007
1.635376208
1.633491131
1.633708899
1.634417726
1.635216536
1.6345485
1.646955462
1.64910505
1.657527607
1.645903955
1.6395164
1.637464831
1.642254287
1.647542502
1.652834134
1.649156391
1.652928999
1.647115853
1.646715317
1.635013668
1.688281155
1.693092357
1.694287385
1.6816737
1.677158196
1.693409569
1.68808308
1.67979115
1.669041703
1.66925116
1.66295927
1.660442108
1.653112938
1.651458957
1.645987891
1.641369848
1.654868345
1.640855892
1.637889061
1.656340156
1.654039136
1.660795832
1.656906579
1.635484837
1.648157016
1.632552188
1.631945919
1.633875679
1.63150684
1.631089331
1.630735775
1.630515287
1.630516698
1.630473386
1.630762315
1.653351945
1.657550719
1.65311133
1.649107727
1.637179627
1.63569011
1.635100903
1.639197733
1.642682613
1.646536957
1.647676382
1.649559096
1.648151831
1.650100949
1.634551223
1.656633846
1.686602368
1.677242448
1.693186396
1.69578761
1.6679793
1.662177364
1.696065618
1.692294412
1.681226534
1.689534522
1.675981841
1.653303154
1.666295612
1.645161646
1.639352415
1.6381483
1.63466326
1.632458618
1.632293016
1.631032077
1.645992087
1.64721667
1.652325016
1.651773266
1.65525764
1.63499606
1.634502547
1.633969198
1.63496591
1.63465075
1.633875472
1.633230729
1.633942041
1.632717172
1.631503019
1.663851073
1.669837096
1.65675757
1.638688381
1.638173764
1.639450475
1.639853366
1.639482566
1.640614183
1.642503564
1.648698531
1.648074907
1.65261765
1.642281213
1.660623585
1.665065459
1.666902462
1.632289131
1.684631997
1.673333569
1.662279593
1.690327844
1.696161594
1.651736657
1.646747415
1.698126655
1.697803731
1.693323133
1.689180655
1.679927809
1.639539558
1.634251126
1.631538862
1.631220056
1.630564328
1.630933065
1.631004601
1.643231077
1.642110939
1.644333024
1.646734608
1.648217236
1.666396347
1.641942481
1.641489723
1.643790919
1.642577271
1.643093063
1.642038322
1.643580266
1.641512883
1.63903862
1.639640506
1.677947425
1.683861059
1.670543554
1.643827161
1.643145554
1.647256776
1.647661161
1.652117256
1.6427416
1.641875706
1.652999159
1.648508541
1.652369514
1.67173638
1.660766517
1.677672066
1.679168441
1.637245112
1.671727815
1.678172396
1.660345177
1.65548043
1.645722332
1.688351339
1.695875946
1.638170978
1.635166189
1.699073397
1.700216708
1.699158156
1.692997574
1.631478737
1.630317016
1.631103629
1.6317431
1.633942955
1.636783876
1.643125938
1.644023987
1.645288433
1.643382696
1.64398463
1.647455372
1.681363287
1.652169701
1.655483623
1.654539486
1.653233209
1.657190508
1.654662803
1.657080942
1.654623422
1.65166781
1.652229477
1.648836703
1.691705323
1.696150424
1.684470624
1.651338806
1.65614229
1.649537798
1.65902453
1.663096783
1.648179005
1.652192916
1.663914725
1.683637636
1.671577802
1.659598914
1.690094044
1.690324363
1.648721447
1.655181589
1.662018004
1.674331561
1.645016501
1.640606286
1.634272962
1.685836202
1.691937112
1.630909302
1.630269599
1.699085352
1.701675389
1.70143481
1.630970893
1.633557758
1.637959194
1.63923236
1.643805842
1.648121317
1.645211372
1.650026952
1.654710229
1.644721623
1.644218127
1.650879576
1.694221169
1.66770211
1.66754745
1.667024946
1.670500217
1.670042906
1.67204623
1.669570483
1.66663614
1.668055553
1.663064408
1.664056476
1.701019786
1.702833332
1.696012266
1.65950686
1.665022882
1.66854019
1.657034009
1.67144359
1.674616308
1.67873499
1.68358902
1.695231656
1.670409382
1.659633777
1.6983353
1.65807071
1.640629624
1.645668402
1.657417249
1.67031429
1.633917607
1.631700474
1.630065686
1.679579807
1.693116667
1.631226167
1.63258135
1.701305637
1.63817054
1.636910137
1.643926855
1.650331093
1.651856505
1.658180761
1.653679963
1.649067281
1.664190455
1.64797343
1.647108272
1.658660268
1.701905752
1.679421172
1.679827239
1.683137895
1.683382836
1.686107746
1.683976519
1.681512998
1.682495408
1.678363764
1.674222187
1.702956269
1.700748499
1.701743235
1.673557302
1.667718568
1.677340166
1.680413278
1.683283047
1.687652342
1.688980274
1.691557321
1.677751315
1.697901292
1.700394446
1.667331345
1.632005568
1.634041937
1.642040967
1.653177001
1.662283958
1.630139172
1.630512015
1.633472211
1.677851333
1.692015047
1.638642425
1.641732478
1.648329245
1.65101425
1.658193019
1.665441215
1.669895606
1.664954238
1.659762836
1.654101448
1.675282907
1.652536663
1.652031467
1.670134626
1.701936332
1.690150489
1.69398156
1.693637488
1.697165832
1.696035325
1.694310561
1.695390461
1.692381474
1.687744253
1.682848834
1.696397449
1.690448327
1.700145101
1.681285034
1.685102731
1.687789237
1.690621589
1.694369732
1.695955371
1.697483333
1.69478655
1.686654762
1.694230251
1.696201382
1.680943514
1.630221747
1.632114381
1.639073214
1.64626963
1.660427838
1.633362579
1.636644616
1.643533064
1.676834329
1.651798269
1.655447811
1.663325428
1.666530761
1.673905571
1.677214798
1.682141138
1.672099564
1.666452039
1.660021243
1.688214661
1.658033573
1.663040166
1.658521043
1.681333685
1.693963749
1.700863177
1.702568165
1.704225247
1.703802067
1.704991061
1.703284613
1.699953119
1.695866176
1.694714859
1.683114506
1.675048927
1.691179495
1.691733128
1.694495069
1.695741226
1.69930267
1.700641582
1.701963045
1.704625899
1.691546271
1.692782379
1.686135438
1.685615369
1.688746781
1.635418721
1.631102956
1.631724373
1.635404711
1.645151111
1.659644015
1.643181719
1.648765836
1.658987121
1.668054689
1.670684599
1.679352223
1.681973805
1.683979046
1.688970293
1.694541706
1.679122421
1.673169524
1.666392268
1.69738865
1.672438765
1.669157466
1.665322844
1.689116775
1.679067639
1.706587286
1.708129048
1.709372123
1.710768604
1.710443548
1.708646285
1.706037685
1.705366914
1.70113756
1.666109468
1.658616337
1.676257986
1.69952007
1.701300262
1.703303827
1.704210146
1.706136729
1.7080081
1.691657145
1.686402213
1.673162121
1.674547773
1.69551549
1.677780895
1.646349188
1.637212221
1.632315249
1.631746405
1.635524112
1.645200469
1.657121241
1.664939025
1.678032382
1.684838162
1.692521455
1.690724344
1.694017524
1.700392958
1.702243171
1.685458615
1.679375491
1.703573658
1.684562382
1.677996073
1.674533879
1.671627483
1.69133565
1.65920849
1.709879
1.711506552
1.713050042
1.713833877
1.713715116
1.712217692
1.712420741
1.710040618
1.705905319
1.647327176
1.661658207
1.704425044
1.705248246
1.705407258
1.706457188
1.707793693
1.709493626
1.688066911
1.660305919
1.663284223
1.703415052
1.681045184
1.667744929
1.660328506
1.648460756
1.639277506
1.635126345
1.632648182
1.636708441
1.672051288
1.679858058
1.69219977
1.69768404
1.700167882
1.695981384
1.706297587
1.70580015
1.707012209
1.690504269
1.707123979
1.688380328
1.693848818
1.681874355
1.678821287
1.676774294
1.688108774
1.645798359
1.711318407
1.712689043
1.714216573
1.715173379
1.715328518
1.714863071
1.712505311
1.710535584
1.638014529
1.649513346
1.707092246
1.706332378
1.706440602
1.706964404
1.708148372
1.70973171
1.649782219
1.653524402
1.706569647
1.674003108
1.659204848
1.662122517
1.674409685
1.650507026
1.644447056
1.636159327
1.633756681
1.685636122
1.69259069
1.702445447
1.703504851
1.699155072
1.709143401
1.709601753
1.707845539
1.709347571
1.708743977
1.69244844
1.696049695
1.688025513
1.70063404
1.684643689
1.681914788
1.680537751
1.680150206
1.638468869
1.710568463
1.712617541
1.714231618
1.715216944
1.71542812
1.714952824
1.71388473
1.711576067
1.6351112
1.641529546
1.70733318
1.706623796
1.706269693
1.706756337
1.708079949
1.642712765
1.647527682
1.708763528
1.664965047
1.651893667
1.661281591
1.674480831
1.686649389
1.643711925
1.653775134
1.636702007
1.696457155
1.701990193
1.704838382
1.710914234
1.709963432
1.710768523
1.707634967
1.709995164
1.70844052
1.692938007
1.69649215
1.700406464
1.689632643
1.704313062
1.686777751
1.684217743
1.682994954
1.685591633
1.670400796
1.636525281
1.71021269
1.707964231
1.712012467
1.713355682
1.713875512
1.714687893
1.714258557
1.713240795
1.711567772
1.637536933
1.638093977
1.707130723
1.706051895
1.705770106
1.706374963
1.639225578
1.641425236
1.643512624
1.707758954
1.656656349
1.646548336
1.665612043
1.674327073
1.685888415
1.69606955
1.643774514
1.654072603
1.703872808
1.710583231
1.710958781
1.708915122
1.710380892
1.70565802
1.709435236
1.708260223
1.692716278
1.695450294
1.698746674
1.702255698
1.690261873
1.687958196
1.686944796
1.684880225
1.688764874
1.660608741
1.63927675
1.709541293
1.707898666
1.706138724
1.710865705
1.71146931
1.712783145
1.712732137
1.712556329
1.711723202
1.710542874
1.643840795
1.640307313
1.707067706
1.706083895
1.705355816
1.705344915
1.640790775
1.641508358
1.641977416
1.708227543
1.650051003
1.643602282
1.676482922
1.665159307
1.684672474
1.694256365
1.701871697
1.65327781
1.706814445
1.708515226
1.70963045
1.70932259
1.706002337
1.708976856
1.702401885
1.708171537
1.707016735
1.69224774
1.694095154
1.696467411
1.699297904
1.690503335
1.688371971
1.689750486
1.686779018
1.690927509
1.652257284
1.645983539
1.707475367
1.708566787
1.706264166
1.705144956
1.709085715
1.710355682
1.710379861
1.71065939
1.710206794
1.709991918
1.709089147
1.652395092
1.646183042
1.705967617
1.705165247
1.704835202
1.643005287
1.646182024
1.642979104
1.645740042
1.64301436
1.643622581
1.675211945
1.685357557
1.663400751
1.692370259
1.699639027
1.704780185
1.707543621
1.70481471
1.706832109
1.706866478
1.707168067
1.701626048
1.706971819
1.69867491
1.705981442
1.705326576
1.69308043
1.692039514
1.694402732
1.696278125
1.690088196
1.691105189
1.691851737
1.689068883
1.692574466
1.646300263
1.654000935
1.706871423
1.70608182
1.707163895
1.705243621
1.704511154
1.707858025
1.708342807
1.708099525
1.708567072
1.708300074
1.708484332
1.708399544
1.661487709
1.653318632
1.704686399
1.704358853
1.647217459
1.652315027
1.64603968
1.644856143
1.64348062
1.683612163
1.6728473
1.692281668
1.697742911
1.702843834
1.706012014
1.70719995
1.702966437
1.700075606
1.70333552
1.704181113
1.704617891
1.697399597
1.703850989
1.695398862
1.703695465
1.703470816
1.693181218
1.692798676
1.693993387
1.692802612
1.691975277
1.693302315
1.693859524
1.691647997
1.693576839
1.643840591
1.662375236
1.705749229
1.705947663
1.705121573
1.706342449
1.704393865
1.703635766
1.706663012
1.706568082
1.706799239
1.706746417
1.707053002
1.707309665
1.670306534
1.660888249
1.703384261
1.652948254
1.659374066
1.651216023
1.650266409
1.647632451
1.645133172
1.681473033
1.690913945
1.697586879
1.701336447
1.704673899
1.706386358
1.706750074
1.699356271
1.698742853
1.696040922
1.700500424
1.701349487
1.700962477
1.694330914
1.701099895
1.693344354
1.701290897
1.701571814
1.693223474
1.693135192
1.692999737
1.694542293
1.694985237
1.693722962
1.695488045
1.695074299
1.694918531
1.693728581
1.694413113
1.644154357
1.670309918
1.704789645
1.704996089
1.705359155
1.704030867
1.705624978
1.702962449
1.70206618
1.705580155
1.705776274
1.705830424
1.70616456
1.706518689
1.677178199
1.668582105
1.660111735
1.666823471
1.658266987
1.655911101
1.652638832
1.64875686
1.685480511
1.690708804
1.696949611
1.701451954
1.703884847
1.705922469
1.706703615
1.706706932
1.696806474
1.69576642
1.695260122
1.693537181
1.697806602
1.697578891
1.698299371
1.692824445
1.698334693
1.692779137
1.698927014
1.699638177
1.694076742
1.693284024
1.696379327
1.695831889
1.696872858
1.696646183
1.696035703
1.696132355
1.695265929
1.694595764
1.695670793
1.647255776
1.677785803
1.703770616
1.703453072
1.704337
1.704754488
1.702076216
1.704831075
1.700665335
1.705156605
1.705362913
1.705804724
1.706267791
1.684143232
1.676159163
1.667474414
1.674264649
1.665155114
1.662313774
1.658631691
1.65362685
1.658634499
1.6919382
1.696442345
1.701279001
1.704566896
1.706025059
1.707205062
1.707530377
1.707058476
1.694763179
1.693967725
1.69346228
1.693209711
1.692722087
1.694610987
1.695144845
1.695676587
1.692932054
1.695851123
1.695018024
1.693629548
1.696577762
1.697661044
1.694659731
1.697384833
1.696903067
1.697603023
1.697388043
1.697145548
1.695058923
1.696148981
1.694103805
1.693552786
1.696353045
1.652461979
1.685064073
1.701824204
1.702763978
1.701281909
1.70353425
1.703743487
1.699219425
1.704448472
1.704816662
1.705570362
1.706302631
1.690812529
1.683479878
1.674676324
1.681654935
1.672107216
1.668891304
1.665028329
1.663584445
1.697631083
1.701264622
1.704988189
1.707314223
1.708040886
1.708774401
1.708381121
1.707323964
1.69283709
1.692999924
1.692839575
1.692870638
1.692946193
1.69348072
1.692899603
1.693019496
1.692492702
1.694268634
1.69335537
1.692696047
1.695296512
1.69432876
1.695888755
1.696573246
1.697337531
1.697748391
1.697772102
1.697508717
1.692168001
1.69408707
1.694317253
1.691696178
1.690627796
1.696932672
1.659115905
1.691915917
1.698949718
1.700315015
1.701550336
1.698281489
1.70211826
1.703438607
1.704771931
1.706095401
1.696781458
1.691172657
1.68155463
1.688541506
1.678682323
1.675216478
1.671608723
1.66954132
1.70235082
1.705304243
1.708117683
1.709640235
1.709871169
1.709829663
1.708639594
1.706966904
1.692528113
1.692056768
1.692858276
1.693574724
1.693781903
1.694324943
1.695153484
1.691653985
1.691022353
1.690678602
1.696018082
1.691283715
1.690712058
1.692544119
1.694798331
1.695487354
1.696663963
1.696945743
1.697503353
1.697641662
1.688925829
1.691185305
1.692006084
1.688934338
1.686642854
1.697532108
1.697265227
1.665947382
1.699840712
1.695452733
1.696888696
1.698670031
1.699520501
1.701305753
1.70320223
1.70510271
1.697263536
1.687568288
1.693963804
1.684398504
1.680858621
1.677131795
1.674973125
1.705800052
1.708517828
1.710455995
1.711182833
1.710903305
1.709821557
1.70790437
1.705601046
1.692664337
1.693577731
1.691760609
1.694016315
1.69527044
1.695500969
1.696132732
1.696780417
1.691044559
1.690074957
1.689374962
1.689212218
1.689721894
1.690969285
1.692045263
1.694088889
1.694678901
1.69590113
1.696775473
1.696944503
1.688455736
1.686642854
1.686642854
1.688650748
1.691121548
1.697413226
1.697578359
1.672165463
1.704115715
1.692843861
1.695104145
1.696296209
1.698401934
1.700778475
1.703171316
1.701182206
1.692181596
1.697615053
1.688903946
1.68539123
1.68160665
1.679314762
1.70854614
1.710543404
1.711520738
1.711362933
1.710616983
1.708522321
1.705959423
1.703166351
1.693151905
1.694367793
1.695423384
1.692421327
1.695867531
1.696974488
1.697107599
1.697435199
1.690978482
1.689622289
1.688637594
1.688316595
1.688660395
1.689372115
1.68991295
1.691428415
1.693118831
1.694482603
1.694868589
1.695983812
1.686642854
1.686642854
1.688438907
1.696929745
1.697529261
1.677156162
1.706524153
1.691933901
1.693065725
1.695165737
1.697698167
1.700371698
1.703391802
1.695283029
1.699757376
1.69251716
1.688619789
1.684792609
1.682397809
1.709599085
1.710912566
1.710505881
1.709792982
1.708303517
1.705729686
1.702922147
1.699937551
1.694525837
1.695220066
1.696470385
1.697202155
1.69302318
1.697467798
1.697849736
1.697770853
1.691512014
1.690831725
1.689454721
1.68849253
1.688030961
1.688095815
1.688370006
1.689586353
1.688279811
1.690023734
1.691308528
1.691821283
1.693223052
1.694745613
1.686642854
1.69605406
1.696990173
1.680766337
1.707007375
1.690508069
1.69223969
1.694552196
1.697117874
1.703350058
1.698565565
1.694357607
1.69031887
1.686831142
1.684635088
1.708775888
1.709411634
1.707737221
1.706835272
1.704785162
1.702148134
1.699379822
1.696465707
1.69646958
1.695246196
1.697093575
1.697842183
1.697957855
1.693812075
1.697861814
1.697262073
1.69302915
1.691503508
1.690045676
1.688971151
1.688392069
1.688386355
1.688564127
1.689185933
1.688323102
1.686642854
1.688500105
1.689771163
1.691467766
1.692988592
1.694714362
1.695150934
1.683175648
1.685850601
1.705686258
1.69031173
1.691931274
1.694093382
1.701894939
1.69791694
1.694168218
1.690810819
1.687952471
1.706334281
1.706430549
1.703905248
1.70297977
1.700856319
1.698483942
1.696266107
1.693342118
1.694256346
1.696793166
1.697421884
1.695804582
1.697709095
1.697383561
1.697149523
1.695138342
1.696349129
1.69384596
1.692400836
1.691030834
1.690029271
1.689783293
1.689042472
1.689362615
1.68979649
1.686642854
1.686642854
1.688474323
1.688966674
1.691439561
1.692027163
1.693564034
1.685067261
1.687873792
1.688949635
1.703061394
1.690601584
1.691800275
1.699620849
1.696251972
1.693361996
1.690900404
1.702803144
1.702505909
1.699842574
1.698993842
1.697169149
1.695339374
1.693744229
1.691884202
1.692563477
1.69674245
1.697018798
1.69687666
1.696312589
1.696812298
1.695326574
1.694855825
1.69556614
1.694583926
1.693468032
1.692357699
1.692129941
1.691128569
1.690671751
1.690695551
1.691064892
1.690771227
1.686642854
1.686642854
1.688762174
1.688658424
1.690328189
1.691613693
1.687076549
1.689194592
1.690296092
1.691315594
1.699774959
1.691149222
1.696947274
1.694530921
1.692706664
1.698906222
1.698525768
1.696320357
1.69568339
1.694443082
1.693387799
1.692700231
1.691946762
1.692331753
1.696019669
1.696146292
1.695613676
1.694786699
1.696049282
1.694460131
1.692219441
1.695735594
1.695294569
1.694514364
1.694325967
1.693593406
1.692969677
1.69310806
1.692669878
1.692170814
1.691908191
1.686642854
1.688474744
1.688771236
1.690957864
1.689459343
1.691477968
1.69199352
1.692547087
1.696640376
1.694696513
1.693377569
1.693091404
1.695692259
1.695742822
1.694868952
1.693916408
1.693687168
1.693195986
1.693029519
1.693146193
1.693238759
1.693346148
1.694941782
1.694166221
1.694031973
1.692741215
1.691551943
1.695404499
1.69134657
1.695501009
1.695590887
1.695562289
1.695336661
1.694992573
1.695130508
1.69476662
1.694235655
1.693648567
1.686642854
1.686642854
1.688350296
1.692850405
1.692001057
1.693221604
1.693205341
1.693217947
1.694276833
1.693501627
1.694817186
1.694841191
1.693823214
1.693740283
1.693402264
1.693308124
1.693306308
1.693596127
1.694076637
1.694514819
1.695136085
1.695160011
1.692431852
1.69352394
1.691321333
1.690937952
1.689078837
1.693883366
1.695092631
1.695358941
1.695785869
1.696000122
1.696249155
1.696296027
1.69608138
1.695639793
1.686642854
1.686642854
1.694790097
1.694328796
1.694080289
1.694571514
1.69408227
1.69360428
1.693426436
1.696387096
1.696231347
1.696163125
1.693423979
1.693423369
1.693657718
1.694122829
1.694369385
1.69536224
1.695708302
1.696341442
1.696859421
1.696812592
1.690742767
1.689302394
1.69121284
1.688346918
1.688349357
1.693206162
1.693684201
1.69469583
1.695545817
1.695949144
1.696574236
1.696961178
1.69702317
1.686642854
1.695903691
1.69550226
1.694722828
1.695592023
1.694765118
1.693939235
1.69728437
1.697406032
1.696714793
1.697043935
1.694330251
1.694404537
1.695003205
1.695701875
1.696004854
1.697045221
1.697242573
1.697560155
1.697612771
1.697458306
1.688342172
1.688090781
1.686642854
1.690499774
1.69100994
1.692291736
1.693641909
1.694120913
1.695360636
1.696286091
1.697036024
1.696029627
1.694313832
1.693503222
1.696416932
1.695363764
1.697011545
1.697684103
1.697911849
1.697625925
1.690531569
1.695876686
1.696024804
1.696649943
1.697204841
1.697402828
1.697800893
1.697775632
1.697516431
1.696926931
1.696489858
1.686642854
1.686642854
1.688136946
1.688206179
1.689237055
1.69083236
1.691284124
1.692759812
1.694189478
1.694992931
1.695274458
1.693847647
1.691718831
1.696848939
1.697671225
1.696624408
1.69752684
1.697988065
1.688645065
1.686642854
1.697360828
1.69743454
1.697739189
1.697815707
1.697781512
1.697166338
1.696874242
1.695988056
1.694798074
1.694232268
1.686642854
1.686642854
1.688146091
1.688338477
1.689456766
1.691180453
1.691916162
1.694221778
1.692006707
1.691199384
1.688884412
1.697897472
1.697959204
1.695783388
1.697015624
1.686642854
1.688676847
1.697904875
1.697840289
1.697500291
1.696957965
1.696646304
1.695100045
1.694580156
1.693157427
1.69160614
1.691303011
1.686642854
1.686642854
1.68828191
1.688662008
1.691236919
1.693092841
1.688707329
1.686642854
1.697633682
1.696841447
1.694808092
1.697031682
1.69668312
1.695271629
1.69466643
1.693501861
1.691847519
1.691433315
1.689725977
1.688569007
1.688444025
1.686642854
1.686642854
1.688338296
1.68953304
1.691619286
1.686642854
1.695952744
1.694432396
1.694785975
1.694308838
1.692084789
1.691447304
1.689766746
1.688573629
1.688442818
1.686642854
1.686642854
1.686642854
1.688418841
1.691269604
1.693155925
1.691550939
1.691322093
1.688722128
1.688417127
1.686642854
1.686642854
1.686642854
1.688335894
1.690075945
1.68833605
1.688534333
1.686642854
1.686642854
1.686642854
1.686642854
