1.683497905
1.683497905
1.683497905
1.681672532
1.683497905
1.680350696
1.683497905
1.680264274
1.681048345
1.68214171
1.680032539
1.679670776
1.683497905
1.680608164
1.683191214
1.684176747
1.685334353
1.683497905
1.683497905
1.683497905
1.680787702
1.684457428
1.680301507
1.680040036
1.687232444
1.687766245
1.687633838
1.687779913
1.687888451
1.680117316
1.680368719
1.683497905
1.68327126
1.687058388
1.682114195
1.68089478
1.688745718
1.689202987
1.689397243
1.687486768
1.687018807
1.679805485
1.683497905
1.679705496
1.683497905
1.683497905
1.686219999
1.688817028
1.684955968
1.683042144
1.68824063
1.687128599
1.688939267
1.689391588
1.685461305
1.685441793
1.681170964
1.679634405
1.681712729
1.680129387
1.680454395
1.683497905
1.683497905
1.683497905
1.683497905
1.68886468
1.687322344
1.685913694
1.68508975
1.686118965
1.685570614
1.687128727
1.688537223
1.685275347
1.685000031
1.683497905
1.685174259
1.680823768
1.684015413
1.680184951
1.67934812
1.679591802
1.679977784
1.688695792
1.68847404
1.688251049
1.684264492
1.685170019
1.683460858
1.68349978
1.682985289
1.685500116
1.682297611
1.686793983
1.687684156
1.687367432
1.686722958
1.680453057
1.683497905
1.687353335
1.684074683
1.681838248
1.680491035
1.680271105
1.680124358
1.687685805
1.68846942
1.688917266
1.685673359
1.683526641
1.68213664
1.681178904
1.681155197
1.681373367
1.683536456
1.684736828
1.687977179
1.689471597
1.689585676
1.690013138
1.683497905
1.679698243
1.680629189
1.683497905
1.683497905
1.68785352
1.68612833
1.684774136
1.683942623
1.683041407
1.681126316
1.685885444
1.687309338
1.688499385
1.686268838
1.684843063
1.682966297
1.682203706
1.68175316
1.681371533
1.681898891
1.682437298
1.689764787
1.688218932
1.690049661
1.690061492
1.689638007
1.683497905
1.679312852
1.680399157
1.681367605
1.681876504
1.68826373
1.687861976
1.687681282
1.687170006
1.685287249
1.683502028
1.683232242
1.687301213
1.684432705
1.686619386
1.685512714
1.684463941
1.68296986
1.681103414
1.680988044
1.690025606
1.689433657
1.688900766
1.689778746
1.68844178
1.689272466
1.688806762
1.681350658
1.680894648
1.681428533
1.686206432
1.684311411
1.687962368
1.688812222
1.68950482
1.688949957
1.681177258
1.681703192
1.685421474
1.682808853
1.688801604
1.687936058
1.686256202
1.683478528
1.681901746
1.681343374
1.689982195
1.690013968
1.688022692
1.687418843
1.687135211
1.688556278
1.689324723
1.688951472
1.68861015
1.685073425
1.684299494
1.689096922
1.687772242
1.687021754
1.686562618
1.688260651
1.689584203
1.689153087
1.681248208
1.681437173
1.682682979
1.689870731
1.689012078
1.686749691
1.688767884
1.684886496
1.683914969
1.68343614
1.688648323
1.689051372
1.687361085
1.686313562
1.686204001
1.69009989
1.690667951
1.691130768
1.690094431
1.688852897
1.688609553
1.689084599
1.68871211
1.684342852
1.686224801
1.687407433
1.688107486
1.682692074
1.681683274
1.68183665
1.689329124
1.688607139
1.687636599
1.688575588
1.687003511
1.686882296
1.686075992
1.686496552
1.687026535
1.687302649
1.68568708
1.685060215
1.69189493
1.691828979
1.691587804
1.691058963
1.689857596
1.688246223
1.688224538
1.682881139
1.684451947
1.685943359
1.686877368
1.683799203
1.687237049
1.682448098
1.682207648
1.687280012
1.68761144
1.688616771
1.68819962
1.689101342
1.689417899
1.689619065
1.685052495
1.685401835
1.690574703
1.687591834
1.686138351
1.68539534
1.691666371
1.691702041
1.691003546
1.692090112
1.691535918
1.692422776
1.692467206
1.686314696
1.683009068
1.684434573
1.685691708
1.685405696
1.688645403
1.684267339
1.684114308
1.685959026
1.686782947
1.688427129
1.689465314
1.690083977
1.690292292
1.685275614
1.685179581
1.692684768
1.692018355
1.689080327
1.687965758
1.687233933
1.690695875
1.690797357
1.690512643
1.691822801
1.692609205
1.69313118
1.686243639
1.684861537
1.685870964
1.687637776
1.689837821
1.687177461
1.686972988
1.68551415
1.686281193
1.687235407
1.688238612
1.689390696
1.690365626
1.686014447
1.686706706
1.693363304
1.692991457
1.691230295
1.690574079
1.689706391
1.690130821
1.690368392
1.690680887
1.690586513
1.690961935
1.691667423
1.692425394
1.688337916
1.687668454
1.690215495
1.689626357
1.689348852
1.69045804
1.685259851
1.686329105
1.685187471
1.685688703
1.686946469
1.688805734
1.688717234
1.688765647
1.692976954
1.692967051
1.692274046
1.691731821
1.690452629
1.689667496
1.69018998
1.689392121
1.691406155
1.691215066
1.69169389
1.689542629
1.690131477
1.691058611
1.69004019
1.689779118
1.690785647
1.690525254
1.690278842
1.688846629
1.690020654
1.685111826
1.687209888
1.684613177
1.685074268
1.686596378
1.687190894
1.691288005
1.690412978
1.692139708
1.692371737
1.692450857
1.692602675
1.691445953
1.691280473
1.689211126
1.690418782
1.688564145
1.691845216
1.691861049
1.688417233
1.688863651
1.689957921
1.688447781
1.690099676
1.690217003
1.689965337
1.688522457
1.689144987
1.686079978
1.688882596
1.685653994
1.685845088
1.68767241
1.686998908
1.692526296
1.691714784
1.690544163
1.690996927
1.691684046
1.692531279
1.692090287
1.691965187
1.689468619
1.691162262
1.688793272
1.692041294
1.691455408
1.691483779
1.688322283
1.688628389
1.688705551
1.688342089
1.689188586
1.689141557
1.688369133
1.688809819
1.68910914
1.688007212
1.687904534
1.688415214
1.688094389
1.693085113
1.692403648
1.688957864
1.689522141
1.690591831
1.692072344
1.692541791
1.692480365
1.691047732
1.690098113
1.690974626
1.692032229
1.691386066
1.690907428
1.689841396
1.689593079
1.688114991
1.688974051
1.68919731
1.689247717
1.691303036
1.690429122
1.689786533
1.689489612
1.693254724
1.691883212
1.693154125
1.688021742
1.688433773
1.689507129
1.69266722
1.692599738
1.692036665
1.691682862
1.690647943
1.690620122
1.691602159
1.690920546
1.690851542
1.691393931
1.690719685
1.68895943
1.690684987
1.690606634
1.692501226
1.691695303
1.691052653
1.689823458
1.692799556
1.690931917
1.692845964
1.688250664
1.688039762
1.68830642
1.692461992
1.691194365
1.692623202
1.692630667
1.692625086
1.6907277
1.690302041
1.690070008
1.690119174
1.691351211
1.691296875
1.69241852
1.691321824
1.690178064
1.692068649
1.691781136
1.692486834
1.692082725
1.692052688
1.688895536
1.691505892
1.689813575
1.691701912
1.68923712
1.688599197
1.68837259
1.689952595
1.691757058
1.690323998
1.692087059
1.692780467
1.692398825
1.690689496
1.690104717
1.689648589
1.689408541
1.691988417
1.691871849
1.691422748
1.692783363
1.69258212
1.692216118
1.691406728
1.692106558
1.691680726
1.691880417
1.688698634
1.689862781
1.690714322
1.690510717
1.689671708
1.689083731
1.689339703
1.689531674
1.690596181
1.690821917
1.691400613
1.691181093
1.690835869
1.690261725
1.689817864
1.689472341
1.692282857
1.692295624
1.69247132
1.692158583
1.691800447
1.692844363
1.691891416
1.692725965
1.692340347
1.691231289
1.69103315
1.689116158
1.689795873
1.690480694
1.691717786
1.690801412
1.689875231
1.689170998
1.689191685
1.689424189
1.689584798
1.690051268
1.691375184
1.690977486
1.69061448
1.690047173
1.69219164
1.692328201
1.692612383
1.692640325
1.692596754
1.692474959
1.692351713
1.690945662
1.692622023
1.692726345
1.690810638
1.690010979
1.690523544
1.692474369
1.691302339
1.692195146
1.69093087
1.68919039
1.688764986
1.688554036
1.689389101
1.688690952
1.692294716
1.69213299
1.691817653
1.690515907
1.692055556
1.692128913
1.692439379
1.692266587
1.6928935
1.692590701
1.693055945
1.69313844
1.691007676
1.691809039
1.692293425
1.691359407
1.691140933
1.692312397
1.691865954
1.69213017
1.691730962
1.689295018
1.689721121
1.689073354
1.688643633
1.688610867
1.693248173
1.693278593
1.692143015
1.69331961
1.691586857
1.692689022
1.692315736
1.691975486
1.691998688
1.691899965
1.692148609
1.69276418
1.693097918
1.693208395
1.690101858
1.690707707
1.691165995
1.691962781
1.691534022
1.691943786
1.691857256
1.688861669
1.689065286
1.690902997
1.690070251
1.689348723
1.689791563
1.693434031
1.693609847
1.693220317
1.693755305
1.693119219
1.69246199
1.69272022
1.691979896
1.691591318
1.691724642
1.692528204
1.692010605
1.692276809
1.692614132
1.692266513
1.689377681
1.689774024
1.690344006
1.691666005
1.691122801
1.691411265
1.690269762
1.689286953
1.68912905
1.692145055
1.693486721
1.690622036
1.691395769
1.691448413
1.693962986
1.692843577
1.693038217
1.693479594
1.693829189
1.693833201
1.6935474
1.693735204
1.692549794
1.692656779
1.691952593
1.691656584
1.691414717
1.691483674
1.691723964
1.692249461
1.692490946
1.691932071
1.691515132
1.69145682
1.68921534
1.689574072
1.691016367
1.690758092
1.690525082
1.690039601
1.689873668
1.690042636
1.691427922
1.693735475
1.692596
1.692898684
1.693859216
1.693142488
1.691871469
1.692921294
1.692073223
1.693494274
1.693369997
1.693042735
1.692571787
1.692564717
1.691794822
1.6914784
1.691337318
1.691280572
1.691266626
1.69116692
1.692376632
1.69210011
1.692509949
1.6918838
1.691072228
1.690945672
1.690690105
1.690901187
1.689910893
1.690970381
1.690854793
1.690606339
1.691088777
1.691448184
1.692637025
1.693340735
1.693780206
1.693453096
1.692726117
1.692483882
1.691929145
1.692540398
1.692871781
1.691087757
1.692780942
1.692075763
1.691291249
1.692828275
1.692641107
1.692323643
1.691810141
1.691509852
1.692542657
1.692494894
1.692504841
1.692474678
1.691588518
1.691303302
1.691106672
1.691138441
1.69094806
1.691698871
1.69226957
1.691976484
1.692343654
1.690536307
1.690582616
1.690677269
1.690807532
1.691225552
1.691571696
1.691449028
1.692052756
1.692293025
1.692704817
1.693176763
1.692379617
1.693241487
1.692074421
1.691856665
1.692022047
1.691558934
1.69192684
1.690686053
1.690618278
1.692112767
1.690497203
1.690864933
1.691346495
1.692127041
1.692067628
1.691654373
1.691195277
1.691395523
1.691155591
1.69241459
1.69252481
1.69251049
1.692403808
1.692470967
1.692483046
1.691389939
1.691164677
1.691038386
1.690940553
1.691495977
1.691843182
1.692101167
1.692208086
1.692294365
1.690413606
1.690553524
1.690844209
1.690781084
1.690933779
1.691644841
1.69195626
1.691913935
1.692171475
1.692538347
1.692830602
1.692989554
1.691829238
1.692611936
1.692695557
1.69123644
1.691277087
1.691372817
1.691359166
1.690397763
1.690326796
1.691591315
1.690329708
1.690577354
1.691069463
1.691643928
1.691445958
1.691301711
1.690935657
1.690914324
1.691063542
1.691071146
1.69085563
1.692467406
1.692526731
1.692516024
1.692349057
1.692424624
1.692311957
1.692459331
1.692364723
1.691242221
1.691081809
1.691030604
1.691373242
1.691641859
1.691963073
1.692130598
1.690544276
1.69091395
1.691115725
1.691292858
1.691045729
1.69108685
1.691111913
1.69131886
1.691185929
1.691774201
1.692058614
1.692478516
1.692696172
1.69150644
1.692241916
1.691970211
1.690982882
1.69094204
1.690967401
1.690323027
1.690551063
1.691230338
1.690283563
1.690359627
1.690563757
1.690831249
1.691185364
1.691155716
1.690925081
1.690970647
1.690736383
1.690859111
1.690988546
1.690731554
1.690729944
1.690717532
1.69080345
1.690671811
1.690626999
1.692533021
1.692516846
1.69246121
1.692499547
1.692389536
1.692343913
1.69229014
1.69243161
1.69220962
1.692339429
1.692442399
1.69121192
1.691160847
1.691350054
1.691531541
1.691757818
1.691945885
1.692055074
1.691521509
1.690986039
1.691351006
1.691661852
1.691762158
1.691290017
1.691486549
1.691314031
1.691297219
1.691264771
1.691259181
1.691087684
1.690958281
1.691462703
1.69182139
1.691892846
1.692162575
1.691345697
1.69152361
1.691716077
1.691734004
1.690830151
1.69075801
1.690435767
1.69064034
1.690458529
1.691110272
1.690349823
1.690488538
1.690603331
1.690875401
1.690281673
1.690294239
1.69039221
1.690584013
1.690830567
1.690910461
1.69074946
1.690793158
1.690675714
1.69073532
1.690697565
1.690617731
1.69064504
1.690589492
1.690611624
1.690531069
1.690579457
1.692504956
1.692532431
1.692540713
1.692509493
1.692460042
1.692377837
1.692331256
1.692283919
1.692410982
1.692193977
1.69232603
1.692423954
1.691302077
1.691326425
1.691479808
1.692027718
1.691710656
1.69189572
1.691678504
1.691709167
1.691523369
1.691520056
1.691764602
1.691868788
1.692038378
1.692053769
1.691551773
1.691468089
1.691450601
1.690930909
1.691198405
1.691072009
1.69156764
1.691789865
1.691934839
1.691800374
1.691426178
1.691555949
1.691874572
1.692242737
1.690787297
1.69081823
1.690996484
1.690825496
1.690700174
1.690720446
1.691538653
1.690497253
1.690340492
1.690486892
1.69052681
1.690584612
1.690272604
1.690288359
1.690393585
1.690622807
1.690611622
1.69064775
1.690665991
1.690587205
1.690581116
1.690666059
1.690722037
1.690648899
1.690941324
1.69053135
1.690502916
1.690605587
1.690478877
1.692501916
1.69249212
1.692526753
1.692550994
1.692541752
1.692445394
1.692292903
1.692366099
1.692327144
1.692401737
1.692178173
1.694090493
1.693117828
1.692309695
1.691473819
1.691521451
1.691655576
1.692041296
1.69187003
1.692544227
1.691802267
1.692195948
1.692036732
1.691956616
1.691955617
1.692258099
1.692304658
1.691647252
1.692268132
1.691738274
1.691665451
1.691381487
1.69116714
1.691281305
1.692193924
1.692126499
1.692507202
1.691629435
1.691687932
1.691794446
1.692059813
1.692279083
1.692531291
1.691168751
1.691311217
1.691070377
1.690704684
1.691191544
1.690993125
1.690991824
1.691031507
1.69120827
1.691954071
1.692291746
1.69045408
1.69033922
1.690485904
1.690708802
1.690433921
1.690489171
1.690401391
1.690269819
1.690288032
1.690480794
1.690377353
1.6904304
1.690520627
1.690544624
1.690490133
1.690458028
1.690435066
1.690898982
1.690797871
1.690783008
1.69109128
1.690583352
1.690752102
1.690759608
1.690552268
1.690460137
1.69374912
1.692480687
1.692520228
1.692553591
1.692438141
1.692313246
1.692368169
1.692350991
1.692406101
1.696455531
1.696670392
1.693013412
1.694917126
1.695528959
1.694310189
1.698365668
1.691665296
1.691662314
1.691757946
1.691824431
1.691767493
1.693910945
1.692452076
1.695019369
1.692844065
1.692429307
1.692349282
1.692238214
1.692045292
1.691765752
1.691863506
1.692499912
1.692486726
1.691874654
1.692438245
1.692022665
1.692626145
1.691580822
1.69146783
1.691623302
1.691786359
1.692780971
1.692718089
1.691906702
1.691998856
1.692273167
1.692469794
1.692608557
1.691386039
1.69133605
1.691649449
1.69172201
1.691477974
1.691000813
1.691008843
1.691647965
1.691364154
1.691537046
1.692347614
1.69263695
1.69189303
1.690431457
1.690346628
1.690525065
1.691279762
1.690794127
1.690406914
1.690400966
1.690289094
1.690330421
1.690270137
1.690313022
1.690346243
1.690354475
1.690392603
1.690429122
1.690345734
1.690387471
1.690375217
1.691016279
1.690989743
1.691276359
1.690706503
1.690694514
1.690950279
1.690920122
1.690899844
1.690548331
1.690699704
1.690495823
1.694144764
1.696588452
1.69247373
1.693847431
1.692512566
1.692440814
1.692349261
1.69239024
1.692387627
1.692422922
1.699787742
1.699838236
1.699871758
1.695847316
1.697158453
1.700585056
1.702534463
1.691860143
1.691857896
1.691943119
1.692501776
1.69733792
1.699318772
1.697686139
1.695461435
1.695648933
1.692587427
1.69233816
1.691944103
1.692139637
1.692076187
1.692637349
1.692602966
1.692070006
1.692548903
1.69238687
1.692706647
1.69275933
1.691818123
1.691954532
1.691938704
1.692901377
1.692685249
1.692146715
1.692222746
1.692430606
1.692562342
1.692504402
1.692539114
1.691554672
1.691627004
1.691566578
1.692089411
1.691876632
1.69190681
1.691607401
1.691330988
1.692021153
1.691339825
1.701936495
1.692058099
1.692508309
1.691974227
1.69270287
1.692805309
1.692402526
1.690474082
1.692311922
1.69048213
1.701290387
1.716386064
1.693793442
1.694788737
1.690276983
1.690282989
1.690290221
1.690298782
1.690333863
1.703368659
1.700602091
1.697051463
1.691249667
1.691185257
1.691495486
1.690890287
1.69087575
1.690871135
1.691067149
1.691211277
1.691090498
1.691101698
1.690669178
1.690599623
1.693410717
1.696255587
1.696091008
1.699742209
1.692475328
1.696570901
1.694240413
1.696452953
1.692680082
1.692640101
1.692685688
1.693304671
1.69489778
1.703983669
1.704359163
1.700227791
1.705818321
1.707758965
1.692028741
1.693275983
1.693956037
1.696498119
1.702627383
1.7030738
1.705851979
1.701656826
1.700763576
1.69250327
1.692115424
1.692330373
1.692238462
1.6927099
1.692670824
1.692231566
1.692626973
1.692574032
1.692525222
1.692767271
1.692816092
1.692308316
1.692183372
1.692105324
1.692651442
1.692523483
1.692325935
1.692394597
1.692493074
1.692443689
1.692488013
1.691817112
1.691782816
1.691911751
1.692230799
1.692101363
1.691636913
1.691690188
1.691966816
1.692467617
1.692254829
1.711188841
1.724061852
1.692737082
1.692862457
1.692628021
1.692847589
1.692797528
1.692764054
1.695131295
1.699260431
1.713020173
1.73380717
1.728696749
1.722996384
1.703093717
1.719100785
1.700103297
1.707528212
1.709612823
1.712503225
1.708238383
1.691492016
1.691437114
1.691985346
1.691757449
1.692102806
1.691121366
1.691066085
1.691133547
1.693074582
1.691345954
1.691206377
1.69156573
1.691392053
1.691350989
1.691280897
1.691257107
1.691426973
1.695344596
1.696132546
1.699297509
1.69921814
1.705916013
1.702771277
1.694329182
1.699221834
1.696550865
1.699068821
1.698297675
1.695629173
1.695084361
1.695681264
1.698444898
1.708625472
1.70911996
1.708545271
1.712292437
1.713176234
1.693987444
1.698061985
1.698103476
1.703745109
1.71228536
1.711945612
1.711575432
1.713040097
1.693539135
1.692410492
1.692371019
1.692503862
1.692822122
1.692736187
1.692693301
1.692401718
1.692653526
1.692618171
1.692583463
1.692827961
1.692783989
1.692416109
1.692425549
1.692378655
1.69238763
1.692339259
1.692450219
1.69245927
1.692441856
1.692395295
1.692295598
1.692372335
1.692044867
1.692163599
1.692209866
1.692391924
1.692321154
1.692438259
1.71471854
1.695931803
1.696636688
1.692513268
1.728475734
1.734211369
1.692868158
1.692722784
1.692957464
1.692893126
1.692900633
1.69286222
1.692911424
1.692939782
1.700814731
1.705466513
1.72799218
1.739778965
1.739024775
1.735252875
1.732954976
1.710667801
1.729252598
1.722359191
1.722039622
1.719972692
1.71563126
1.691730244
1.691726
1.692007164
1.697004024
1.698282756
1.691365846
1.695248218
1.692979349
1.691442231
1.691701975
1.691438306
1.691794611
1.692033779
1.691422813
1.691521073
1.691662667
1.701003958
1.700186513
1.701956513
1.702938902
1.702794023
1.706880303
1.701078764
1.698824787
1.701703913
1.700876273
1.701866226
1.699860432
1.69903431
1.702231376
1.713588966
1.711895707
1.716747474
1.717722146
1.718103028
1.712945686
1.699721267
1.704650335
1.719491258
1.719938968
1.72023277
1.718953079
1.692780787
1.692468643
1.692557853
1.692770918
1.692743227
1.692707241
1.692672695
1.69496779
1.702149832
1.692643946
1.692617574
1.692594704
1.692747129
1.692799757
1.69273638
1.692432978
1.692452195
1.692187961
1.692180331
1.692412466
1.692285342
1.69221628
1.69229955
1.692374538
1.692205338
1.692307471
1.692332476
1.692422745
1.692434554
1.69242342
1.721070093
1.704997092
1.743242484
1.736353123
1.692994195
1.707568623
1.693999631
1.692975416
1.692971439
1.692884014
1.692923714
1.692855934
1.6929359
1.705499403
1.709975153
1.733482065
1.736344224
1.741831717
1.738596768
1.74468529
1.714816662
1.731884211
1.728446822
1.725306839
1.72012437
1.691974862
1.691928392
1.691968281
1.691922203
1.692169921
1.696745011
1.70130881
1.700059365
1.696933838
1.691648305
1.691668218
1.691936236
1.69711118
1.694427933
1.691678037
1.705009303
1.704323747
1.705075725
1.706309635
1.705707564
1.710619631
1.704821365
1.705062256
1.704436257
1.705184566
1.704723756
1.704616261
1.70394208
1.705365554
1.706904216
1.717456067
1.715617627
1.722208424
1.722600689
1.722573745
1.713133695
1.725456771
1.725643101
1.723758566
1.719193887
1.692525738
1.696579599
1.692576794
1.692563614
1.692687773
1.692689146
1.692656232
1.692636084
1.692620575
1.705120887
1.71010464
1.692601176
1.692581951
1.692560042
1.69267604
1.692752893
1.692649223
1.692321852
1.692273781
1.692067356
1.692091468
1.692215023
1.692124185
1.692296728
1.692176377
1.692224129
1.692346164
1.692320057
1.692430933
1.692443241
1.692454585
1.69245423
1.692444982
1.692371844
1.692257143
1.721834782
1.725731062
1.746583985
1.739961375
1.698499784
1.712325064
1.692913201
1.702730574
1.692913343
1.692836058
1.692821491
1.747998297
1.709551975
1.713999082
1.735217855
1.740969044
1.738609192
1.743555068
1.732289606
1.71831462
1.729039136
1.723701614
1.692172409
1.692102547
1.695143124
1.692131099
1.692324301
1.692313899
1.699760508
1.703597456
1.701337905
1.706741888
1.694656731
1.693560079
1.697720539
1.701047356
1.698981303
1.697371289
1.709594925
1.707916547
1.70996625
1.70896145
1.715632039
1.708024194
1.708512734
1.708337305
1.707068973
1.708209296
1.709250371
1.708930914
1.720774881
1.721224861
1.726502448
1.726917382
1.726126617
1.712913433
1.728853967
1.718375629
1.728010999
1.724214152
1.692548281
1.697214271
1.692784448
1.692554319
1.692547898
1.698279283
1.703726869
1.692525647
1.692585691
1.692516946
1.692581876
1.692562508
1.692543991
1.707819862
1.692532349
1.692521346
1.692512654
1.692636812
1.692549508
1.692508026
1.692141534
1.692091389
1.692013289
1.692019112
1.692033242
1.692078362
1.69204047
1.692169626
1.692150125
1.692109433
1.692043997
1.692443701
1.692433906
1.6924348
1.692478608
1.692470728
1.69248594
1.692459706
1.69241033
1.692313833
1.69207987
1.692184616
1.733197921
1.750666479
1.745439153
1.716909633
1.708326744
1.692849469
1.692656811
1.69265259
1.746664704
1.751699362
1.753830246
1.7134615
1.71750109
1.738543741
1.735699184
1.740699876
1.731179726
1.721710262
1.726530259
1.699562291
1.692414616
1.695998233
1.693256981
1.703198793
1.704627905
1.707850323
1.702878056
1.700199045
1.703536081
1.704800507
1.702924012
1.711386586
1.714694713
1.710908405
1.713869393
1.712261901
1.721478241
1.711114522
1.711476002
1.712602671
1.712304177
1.710042943
1.71087304
1.725797605
1.728667419
1.730571436
1.73092335
1.730567732
1.712298109
1.731779833
1.718697348
1.723782662
1.728987812
1.697263296
1.692526723
1.69821113
1.703159175
1.692494554
1.692480078
1.6924624
1.692408538
1.692330463
1.692455269
1.69242848
1.692433485
1.704964564
1.692432901
1.692440713
1.692437508
1.692458476
1.692332746
1.6923532
1.69232848
1.692024082
1.692010747
1.691993793
1.691990564
1.691995935
1.692004745
1.691997052
1.692042634
1.692001229
1.691988211
1.693840534
1.69250807
1.692500653
1.692422919
1.692488967
1.692447843
1.692503985
1.69236995
1.692358989
1.692258703
1.692016792
1.692082275
1.692158746
1.735275818
1.749880599
1.718530076
1.726080078
1.713335662
1.706438304
1.69338073
1.743976811
1.750760199
1.757504376
1.756364921
1.717832236
1.721357749
1.737747911
1.734587546
1.729604978
1.725105931
1.703495323
1.699887269
1.696206417
1.696117255
1.706444789
1.707155953
1.708959416
1.707493611
1.706451895
1.709729014
1.708650632
1.71211705
1.715776608
1.71885608
1.713394386
1.716656373
1.718116947
1.727850801
1.714964195
1.718331659
1.716235853
1.713394292
1.713258531
1.732742206
1.737164668
1.736063636
1.733638653
1.734653544
1.711081177
1.733224186
1.717876994
1.724072852
1.729303661
1.697142426
1.699374821
1.699257512
1.693596306
1.692432477
1.69240782
1.698848394
1.692355592
1.692202136
1.692194963
1.692170543
1.692240119
1.692296839
1.692266911
1.704253979
1.692310869
1.69542169
1.692156674
1.691985706
1.691983751
1.692007417
1.691994819
1.691990722
1.6919866
1.691984074
1.691985524
1.691989878
1.691990839
1.692012173
1.695396672
1.693286808
1.692530091
1.692515357
1.692381729
1.692470919
1.692406172
1.69248901
1.692279479
1.692297668
1.692190841
1.691997051
1.692078321
1.692006943
1.692022768
1.692105613
1.73641103
1.748538215
1.729853277
1.721690064
1.713266247
1.740723948
1.758103763
1.748575067
1.756720189
1.761740449
1.722675342
1.725835785
1.733377979
1.72904499
1.737646895
1.703499448
1.699083172
1.70784823
1.697583825
1.712132067
1.710163254
1.712422518
1.714107816
1.714729927
1.719499585
1.715363246
1.715889564
1.722656673
1.722814941
1.734099653
1.720622309
1.724509648
1.719626177
1.718248511
1.742007964
1.743947146
1.742413134
1.737949537
1.73526636
1.710712641
1.732940637
1.71750932
1.727878787
1.723241614
1.710741145
1.730621909
1.693653441
1.692387037
1.692355194
1.723596654
1.69626477
1.699443648
1.692298758
1.707385395
1.698952159
1.704900532
1.692231701
1.693496952
1.692164832
1.692191007
1.703607278
1.692253837
1.717735957
1.706365211
1.6919959
1.692004469
1.692027584
1.69205182
1.692023493
1.692012988
1.692011399
1.692022026
1.692036615
1.692074852
1.692014362
1.692069117
1.693393568
1.694974337
1.692511951
1.692321365
1.692346834
1.692425373
1.692452491
1.692207386
1.692230098
1.692125382
1.692010143
1.692039179
1.692008322
1.692057855
1.742482931
1.752983737
1.738475292
1.730894164
1.7456058
1.763253881
1.755497638
1.764315836
1.727225544
1.731632498
1.734244573
1.742178288
1.711730359
1.701251709
1.705482024
1.697065158
1.715414873
1.71451761
1.718597053
1.716472747
1.720283909
1.717000861
1.724129738
1.717047073
1.719701225
1.728893647
1.742348113
1.728452572
1.725908693
1.725408944
1.752082676
1.757190983
1.743133548
1.736044406
1.732239872
1.708134359
1.726856065
1.716256104
1.721242641
1.692375211
1.692331997
1.737480526
1.733776538
1.69449548
1.697478895
1.692293566
1.718174754
1.717783303
1.717307023
1.692236884
1.71151727
1.694590636
1.7038434
1.698361391
1.700200087
1.692454564
1.731185946
1.692115976
1.720680718
1.692048294
1.692067085
1.692088557
1.692080923
1.692085942
1.692102748
1.692125768
1.692177636
1.694619886
1.692170302
1.692065278
1.692152716
1.692055861
1.693133501
1.692256441
1.692347632
1.692142399
1.692168422
1.692238743
1.692071967
1.692017012
1.693431382
1.765498437
1.758682298
1.749073824
1.756765446
1.744128935
1.752679216
1.769397131
1.770268239
1.762339873
1.733175652
1.740450486
1.750767452
1.709122034
1.713308848
1.6992285
1.702348889
1.695987809
1.719724995
1.720007418
1.721151943
1.718163638
1.725122293
1.721481155
1.729791407
1.719375442
1.725175383
1.745163863
1.732891938
1.734469342
1.732791033
1.731943987
1.75110911
1.763953182
1.739163203
1.726262022
1.734671843
1.700926093
1.708079798
1.719887168
1.712178006
1.69233626
1.72239362
1.74671933
1.745783668
1.69717749
1.695553543
1.695035253
1.693657179
1.730088513
1.730125266
1.698854476
1.714963644
1.708071765
1.705409556
1.699086108
1.699410945
1.743974208
1.692195227
1.732884666
1.692142119
1.692164421
1.692177837
1.692325051
1.692199603
1.692222129
1.692244419
1.692309356
1.694348405
1.692283923
1.692137114
1.692249633
1.693636675
1.693351306
1.693149691
1.693240771
1.694890422
1.694494228
1.769784971
1.763879849
1.754374919
1.762216805
1.775331261
1.772460062
1.741165557
1.762201339
1.752046297
1.695840252
1.706536605
1.710066501
1.700495197
1.697688016
1.713271736
1.723631051
1.72574755
1.718904566
1.735458519
1.736777747
1.727725435
1.695302355
1.722950659
1.747090267
1.738387153
1.739273163
1.738227856
1.75182156
1.766053478
1.733729988
1.722846948
1.701574371
1.702510023
1.710893284
1.724423696
1.759095393
1.758009027
1.699174673
1.698536611
1.743235293
1.74279082
1.706401893
1.727402986
1.717464428
1.711896148
1.70301642
1.704338528
1.759375865
1.692295201
1.708117802
1.745142292
1.736968557
1.692267646
1.6922888
1.692391229
1.692487112
1.692485011
1.692341017
1.692382228
1.692454685
1.694672472
1.692392162
1.693454382
1.693034974
1.695414389
1.695028854
1.695129263
1.696796157
1.774647235
1.782477647
1.77045599
1.790178115
1.771186987
1.778888109
1.75433793
1.77075292
1.696685377
1.706165179
1.702751034
1.698630487
1.711352828
1.723923875
1.730180855
1.71696145
1.750580495
1.741613107
1.731940069
1.735153933
1.696303367
1.695977856
1.730915128
1.742603615
1.742558039
1.740869165
1.747843584
1.753462108
1.754966326
1.719117976
1.727201778
1.709705155
1.70443304
1.703853674
1.771826679
1.703977771
1.756722943
1.755476375
1.730829613
1.712518318
1.71996481
1.710008786
1.711372216
1.774035075
1.786346677
1.692423142
1.715453387
1.720685268
1.758054865
1.744831326
1.692441488
1.692570307
1.69265466
1.692660944
1.692547594
1.692669203
1.69292959
1.694145098
1.69686719
1.693658439
1.694976958
1.694822471
1.697375781
1.698808648
1.698055903
1.802404376
1.79369987
1.805802327
1.794102387
1.779507534
1.779477882
1.766813557
1.697417821
1.70479058
1.700040168
1.710833797
1.720813661
1.705029997
1.751958692
1.721997817
1.74169698
1.735084064
1.69736392
1.697454899
1.699401913
1.743000621
1.757384029
1.736328197
1.741903341
1.752620534
1.736016437
1.738357354
1.716914814
1.708910522
1.711632162
1.704725779
1.730788126
1.769174157
1.720411303
1.719657128
1.790935548
1.80810881
1.692616031
1.730465608
1.73969376
1.781454769
1.771446337
1.75817436
1.692685403
1.692815462
1.692860731
1.69296672
1.692804081
1.695475279
1.694512644
1.695743414
1.700325758
1.695266795
1.700629812
1.696425655
1.69915174
1.829313498
1.825874319
1.807143364
1.79074898
1.77608413
1.698243406
1.70024127
1.698557036
1.700866856
1.711310162
1.71454314
1.706030028
1.765600091
1.720377278
1.741974142
1.730796902
1.699166648
1.702355727
1.702071762
1.781143725
1.761603361
1.73434235
1.761471236
1.727553491
1.729045769
1.717234331
1.710103958
1.709342883
1.717565635
1.816285833
1.692894797
1.740925337
1.753722471
1.793347526
1.778265448
1.838484374
1.692990683
1.693529588
1.693601226
1.697164057
1.694366477
1.696867174
1.696229808
1.702513697
1.696665198
1.699977449
1.698087218
1.698166964
1.85761977
1.845710534
1.831132053
1.813931366
1.790087994
1.700119163
1.698941421
1.702103827
1.700910011
1.701807546
1.780065397
1.715121153
1.71053074
1.706436224
1.718790637
1.747483326
1.72770247
1.705025555
1.704513964
1.708385498
1.804634148
1.780611652
1.77795204
1.816618741
1.734870999
1.721624393
1.732888524
1.715237243
1.71808488
1.729983223
1.836527335
1.847265555
1.815228614
1.693102621
1.759647989
1.773819943
1.795612312
1.847072758
1.695299528
1.696290826
1.697116461
1.698741763
1.697606396
1.697638674
1.700027096
1.698336795
1.699242801
1.699900432
1.878829355
1.871559389
1.850984177
1.852843208
1.817730219
1.701983398
1.704771832
1.702839991
1.703280617
1.768670138
1.711938198
1.706526426
1.722237331
1.706596947
1.703826489
1.701289387
1.707939527
1.712227052
1.822849381
1.772516247
1.855745535
1.73468019
1.728615662
1.748307099
1.729541993
1.750587351
1.847318663
1.832337618
1.869680032
1.830614284
1.843681397
1.817557875
1.781928318
1.696172632
1.784707821
1.806466105
1.84411706
1.698250333
1.699147021
1.700086693
1.700616167
1.70070878
1.699450037
1.701891074
1.700812351
1.885748989
1.883696648
1.875125468
1.859200662
1.803404344
1.705800315
1.710260268
1.709731116
1.707190291
1.710233531
1.723251982
1.711625734
1.703428584
1.702412485
1.705476768
1.709356258
1.714243051
1.713250697
1.791020624
1.745640607
1.825268173
1.78054748
1.802683022
1.769024484
1.778149707
1.804285009
1.814479261
1.827722748
1.826239974
1.802819557
1.831921522
1.892560474
1.878685874
1.832877613
1.862065381
1.698492192
1.828514805
1.887367187
1.700960083
1.70227323
1.703887633
1.701669221
1.703293805
1.922733992
1.880267187
1.805942265
1.737102175
1.714040976
1.71386366
1.715806611
1.718848697
1.703458259
1.704150983
1.704920432
1.707346083
1.711223602
1.716613404
1.781012478
1.83446896
1.783293661
1.8380764
1.790835103
1.854570664
1.826553704
1.841968629
1.805153067
1.833959974
1.830608853
1.851475341
1.870670206
1.9238157
1.970302802
1.939026214
1.909097299
1.946537358
1.862883461
1.816590215
1.700516535
1.901593305
1.920374332
1.70221606
1.705283174
1.706687513
1.70567719
1.898574264
1.812468405
1.769573776
1.741581257
1.715035233
1.71559218
1.719330042
1.70595906
1.706940674
1.707933855
1.710969974
1.715247511
1.714515892
1.718388797
1.844776806
1.873074232
1.850369268
1.839964458
1.903933636
1.915937932
1.904279702
1.855457084
1.806035895
1.812601868
1.855394886
1.917566953
1.882271698
1.870310665
1.906654648
1.907217793
1.880698026
1.842737608
1.951237643
1.952166189
1.704331837
1.707562068
1.710252152
1.70998033
1.825837707
1.761323783
1.741320761
1.724261072
1.719645135
1.709714884
1.710561481
1.711458521
1.716164181
1.720760034
1.723842986
1.906850043
1.911700177
1.940053604
1.893160513
1.903200033
1.936737672
1.976095631
1.928830657
1.833199039
1.827026425
1.932938061
1.823639109
1.922612263
1.942652908
1.903781412
1.908086173
1.910052653
1.906350223
1.813517075
1.951329541
1.817684602
1.707009642
1.710725415
1.715267463
1.757124647
1.740382415
1.737827043
1.733011062
1.716219021
1.715037379
1.721137657
1.730464714
1.981167172
1.954447914
1.936892836
1.906715296
1.901302083
1.941692881
1.966048785
1.95220656
1.891054192
1.864033694
1.9565287
1.851121064
1.948126288
1.911566602
1.836224087
1.883579784
1.929664752
1.840957945
1.766626039
1.836826363
1.710373362
1.714099346
1.715394112
1.71967969
1.765317199
1.770469438
1.759490659
1.742744939
1.722682576
1.722591438
1.725778837
1.728401028
1.958404354
1.987979319
1.90619346
1.898507281
1.922269613
1.924191059
2.009058072
1.909705307
1.986849446
1.992867247
1.893938421
1.892223288
1.910368026
1.836359198
1.84583014
1.907204399
1.784434864
1.799361872
1.81524672
1.715064952
1.718079811
1.725079272
1.787137978
1.7568205
1.735736722
1.733173335
1.729901176
1.916755263
1.946860761
1.924559229
1.910204631
1.920724498
1.842790505
1.989122773
1.956517643
1.991414374
1.902658172
1.88891984
1.899036197
1.892578003
1.86583803
1.902464847
1.783317737
1.79027544
1.775668819
1.721588093
1.725920817
1.736392951
1.746220716
1.747433524
1.751593054
1.739750066
1.934935894
1.956102596
1.955563058
1.921342855
1.85659023
1.787473341
1.964363999
1.990935452
1.943938649
1.955991747
1.929606029
1.884849353
1.898360462
1.919651233
1.921198397
1.935322966
1.760517458
1.762335922
1.72753378
1.73422411
1.74537931
1.74482327
1.76563528
1.779666656
1.76865514
1.950294653
1.943085313
1.961115942
1.931933865
1.824272493
1.792521609
1.972033018
1.966095236
1.932135535
1.935494707
1.930826098
1.940622399
1.951998433
1.93373523
1.939696008
1.945855008
1.752271226
1.740707632
1.763464267
1.77341252
1.771971152
1.786514334
1.794476767
1.76800231
1.978569263
1.967677445
1.975095953
1.888811378
1.818043663
1.962044915
1.943668108
1.938005343
1.949186456
1.94815851
1.929264414
1.967420316
1.969980255
1.79577576
1.777048984
1.746992281
1.773566514
1.794762109
1.782479724
1.781740747
1.962838418
1.980275419
1.846630084
1.9060828
1.96552715
1.963849284
1.974945702
1.975276885
1.983966594
1.976846953
1.94664634
1.794581212
1.79505161
1.750239551
1.768096915
1.775278513
1.823934568
1.976339424
1.976122872
1.82310435
1.910646572
1.986145007
1.973781336
1.960019288
1.972185611
1.971021158
1.95422693
1.938611012
1.781017684
1.765051951
1.768931111
1.855962057
1.778293578
1.990519974
1.947843213
1.872606888
1.978275451
1.946868375
1.940091176
1.946543159
1.93911302
1.932733602
1.766035767
1.798601924
1.857155723
1.766720864
1.781373806
1.967162749
1.940361291
1.947280657
1.917796755
1.937594206
1.925390871
1.927029619
1.783799404
1.89417514
1.789396911
1.759837238
1.957186324
1.933551838
1.906851464
1.917389296
1.916405567
1.914312575
1.752849895
1.820961763
1.766064302
1.980958893
1.913430653
1.900301356
1.902434249
1.882289055
1.770292764
1.761975309
1.818506461
1.872735728
1.936914226
1.904687807
1.907084171
1.821290353
1.802808235
1.846320978
1.856782224
1.893142987
1.899766389
1.893506569
1.857305664
1.853629551
1.849093723
1.858161944
1.956901399
1.917357794
1.866812682
1.852274978
1.914737326
