1.884686515
1.878906682
1.90893324
1.894322116
1.87110292
1.868345161
1.911496092
1.89878987
1.878936089
1.914943257
1.872003698
1.924356378
1.872850432
1.868882333
1.891904093
1.912983436
1.867947869
1.914126245
1.908813574
1.891815751
1.878489667
1.916904188
1.9160308
1.925017584
1.932772413
1.918038256
1.875543215
1.874321082
1.869702981
1.872376762
1.885845806
1.910511507
1.876891008
1.920755322
1.917840478
1.906104961
1.913969418
1.892169165
1.917364308
1.917501404
1.919951812
1.923538745
1.928006623
1.848956702
1.857266974
1.873000568
1.880114683
1.85155829
1.887448802
1.888902713
1.902111634
1.919539925
1.922867931
1.924042861
1.91941111
1.932109855
1.921713969
1.925397416
1.93059662
1.934383023
1.939405834
1.947989216
1.943309342
1.819855526
1.822964872
1.855191928
1.862218419
1.880352855
1.896267568
1.83246778
1.913318805
1.933011597
1.92440001
1.926702576
1.930923801
1.935818204
1.943698145
1.93171987
1.935700468
1.935863587
1.936846624
1.94193841
1.950712991
1.945308028
1.954834052
1.958884836
1.801617275
1.795921137
1.813744046
1.843231386
1.873016577
1.899208671
1.922597294
1.817397715
1.947726154
1.934089762
1.929957445
1.935123596
1.937308672
1.94305575
1.946231547
1.954165858
1.940856543
1.941476567
1.943966288
1.948758455
1.953113827
1.958591102
1.959496554
1.957955534
1.961845385
1.963679018
1.968768493
1.790220134
1.781525909
1.786315152
1.855198592
1.829944603
1.887325652
1.914671073
1.950749744
1.808812676
1.938898797
1.944890356
1.940787252
1.944125994
1.948093381
1.954340942
1.959471952
1.954819495
1.95034317
1.954464663
1.962327116
1.965280951
1.972501878
1.969228843
1.966854355
1.967294327
1.968081852
1.970362689
1.968897387
1.964927675
1.914930962
1.953523352
1.946622887
1.785521456
1.775677544
1.77415211
1.836619973
1.868097975
1.812169852
1.900329042
1.939169319
1.79532758
1.949868358
1.950599964
1.956698374
1.953113155
1.959183496
1.958732806
1.9642767
1.966508184
1.958142299
1.946840061
1.962381089
1.969308533
1.977723697
1.979307782
1.978660075
1.978679969
1.973552716
1.972506824
1.970106257
1.959335693
1.951255337
1.898312479
1.917788444
1.932686007
1.946757887
1.941381955
1.894485097
1.780078151
1.777666614
1.773027196
1.858006721
1.82584213
1.883023245
1.801627162
1.918109361
1.787417422
1.963468472
1.962353907
1.961181324
1.967159691
1.965655166
1.96676761
1.96912936
1.967606883
1.960573012
1.938032137
1.919618081
1.97322563
1.977700411
1.979640924
1.980480788
1.977848485
1.975418239
1.971083725
1.96666947
1.95833234
1.949289677
1.943179771
1.891772708
1.903458217
1.937604134
1.925471297
1.940458863
1.896520617
1.905032057
1.911385748
1.77963524
1.779724366
1.782948326
1.861443297
1.839887286
1.812305583
1.89199603
1.791415521
1.78224048
1.97374493
1.971444471
1.971700927
1.967371485
1.974783672
1.974671072
1.977234428
1.948413259
1.928895375
1.901160172
1.885036871
1.976160255
1.973593709
1.973402091
1.966752018
1.963486189
1.960198682
1.954897582
1.953762369
1.946473451
1.940622557
1.937973569
1.894661757
1.889598114
1.912007235
1.935609656
1.927863986
1.898128381
1.908050868
1.908999124
1.910794493
1.780375736
1.783742921
1.912592089
1.783899733
1.866636037
1.847456539
1.825475582
1.801686266
1.787023113
1.78060818
1.981095085
1.981542552
1.98039493
1.974669212
1.948424481
1.980043535
1.977376994
1.972014492
1.913907915
1.894385744
1.869214002
1.857747653
1.965968924
1.965630404
1.959051204
1.954345607
1.951039447
1.946805568
1.943858501
1.937760451
1.935627618
1.932801666
1.887766343
1.900231621
1.886966961
1.917156751
1.925292318
1.899133561
1.905382529
1.920157387
1.779912833
1.789468807
1.787433439
1.919146065
1.789600318
1.848571063
1.832047714
1.813557235
1.793845113
1.782868674
1.778927347
1.983209658
1.984581872
1.975166828
1.980468737
1.958479089
1.912087811
1.975360478
1.969503856
1.960810595
1.869830952
1.844410227
1.835625124
1.957631135
1.953481192
1.949222149
1.946303774
1.942255318
1.939896316
1.935178802
1.934532825
1.932476807
1.891957314
1.880247647
1.906477172
1.884702069
1.918778065
1.922848131
1.894166598
1.912008106
1.933910343
1.935251451
1.77773566
1.788100352
1.934437343
1.937659997
1.928636331
1.786394753
1.828446701
1.81413091
1.800674203
1.787626573
1.782755789
1.777848252
1.973968268
1.981094885
1.978182152
1.953759055
1.974800682
1.925473609
1.878090749
1.969107166
1.961051236
1.955546524
1.843573208
1.820387692
1.814621665
1.953564777
1.947798594
1.945523644
1.940686972
1.934682957
1.932248293
1.928777895
1.909557132
1.887627191
1.874323655
1.879469927
1.918410783
1.920323647
1.909125441
1.928394797
1.940399272
1.777341156
1.7826274
1.937444849
1.930692363
1.91980247
1.919595289
1.926098075
1.919788481
1.776327173
1.810339901
1.799819366
1.793149705
1.786282028
1.781681317
1.776617302
1.977611843
1.94765947
1.980246939
1.974531521
1.916530901
1.968551424
1.889796018
1.843104152
1.96702737
1.962319478
1.963505572
1.820092644
1.80344673
1.79940223
1.959559339
1.960392316
1.953229101
1.942042134
1.937883831
1.929751613
1.916813109
1.897386242
1.8735319
1.868373383
1.887049878
1.919673098
1.92528445
1.912496034
1.93032746
1.927869809
1.773974794
1.774471524
1.921871223
1.916476809
1.920245369
1.930322872
1.928848981
1.915876127
1.766978357
1.796308918
1.791851244
1.784724996
1.78200686
1.778633194
1.981369715
1.964046188
1.912647129
1.977057333
1.971392724
1.874075636
1.973414389
1.849325612
1.81674818
1.971926929
1.975259333
1.975499965
1.802244289
1.79502486
1.791075215
1.981362071
1.971455183
1.959171686
1.949232151
1.943239922
1.89983551
1.919459813
1.8781446
1.861312829
1.866479486
1.887076551
1.92123776
1.942563772
1.907970411
1.913875335
1.908825493
1.775290566
1.773582893
1.902056969
1.918016356
1.940093175
1.93501622
1.896241254
1.760783006
1.791022336
1.790891115
1.788399063
1.786328606
1.782675503
1.970230942
1.975353073
1.929942256
1.878912243
1.97340199
1.976058685
1.841208644
1.977994644
1.819709565
1.795451914
1.979941239
1.98175625
1.993510395
1.785958731
1.783591836
1.786183928
1.991434949
1.983886501
1.967740016
1.968941798
1.880280671
1.913916754
1.85950972
1.853491634
1.864685382
1.890902509
1.943913224
1.964808357
1.902034742
1.897167884
1.908480276
1.770036689
1.779730028
1.898042642
1.935194518
1.948533536
1.880965079
1.895542972
1.762874754
1.777048695
1.757950356
1.788121438
1.78967428
1.789900459
1.785479091
1.787281484
1.943793362
1.961485116
1.968466015
1.897493095
1.849353939
1.969001838
1.968726721
1.820831815
1.811045146
1.967768012
1.793546135
1.975689462
1.986810949
1.996781741
1.77229928
1.771022742
1.776678324
2
1.987993186
1.98604977
1.860262513
1.932708934
1.84445037
1.848525723
1.87160708
1.894269544
1.965685023
1.985572331
1.891032415
1.890214726
1.917295439
1.771767453
1.900880522
1.93826149
1.872668594
1.907098961
1.759897763
1.774518919
1.765569643
1.839542575
1.753667781
1.783201439
1.785649065
1.7849595
1.784244015
1.776046818
1.903845357
1.937936746
1.958281256
1.962568484
1.860654342
1.824430749
1.959212375
1.955784169
1.79868046
1.788778025
1.960369286
1.967119488
1.989848208
1.975132692
1.996355202
1.762767087
1.763515979
1.773843718
1.993425112
1.99109316
1.853855269
1.841327494
1.956021329
1.859298235
1.886918645
1.893123754
1.981266037
1.992155386
1.885763161
1.894781923
1.917263373
1.762458569
1.902193586
1.87995593
1.928243087
1.75511436
1.764863317
1.774384977
1.759259742
1.838212938
1.852513576
1.74686756
1.779964963
1.780721187
1.777382203
1.77332072
1.764052551
1.904804086
1.870563107
1.936790934
1.954275434
1.953638445
1.832212571
1.801723708
1.951045884
1.951604185
1.783650069
1.95617714
1.964858956
1.984478772
1.976990882
1.990131881
1.756628645
1.768049228
1.757149534
1.997144542
1.860497172
1.841036581
1.963013813
1.879840675
1.884848821
1.881132601
1.981208523
1.997076531
1.898737582
1.905605475
1.75130197
1.755896734
1.894136436
1.93093763
1.761640707
1.768533058
1.777229764
1.756565094
1.835611984
1.84593224
1.867033844
1.742644974
1.737461708
1.77769615
1.775508885
1.767019429
1.759374059
1.752398792
1.914618516
1.877290092
1.844561057
1.932648347
1.949904961
1.949051388
1.813266847
1.790179438
1.945366691
1.947194573
1.951744673
1.960648878
1.968520497
1.986072797
1.753330944
1.762061238
1.751882062
1.995466805
1.866990076
1.845328631
1.956507678
1.876521393
1.871576838
1.886986812
1.978007382
1.991526091
1.90267641
1.743999462
1.901619278
1.927436618
1.764365978
1.770518476
1.779019151
1.790183167
1.757917655
1.835473252
1.833525578
1.849214686
1.863540586
1.731400612
1.727082921
1.77180485
1.761299181
1.753049211
1.745700406
1.742398298
1.898287306
1.917752863
1.862758216
1.829713433
1.922658076
1.93024104
1.931496076
1.937986586
1.801603093
1.938479275
1.938505164
1.945199102
1.952632071
1.978635275
1.753130528
1.752870037
1.749874598
1.98003792
1.848168753
1.879467043
1.952225258
1.860373678
1.866133769
1.882224549
1.974027132
1.978803356
1.735318233
1.915378046
1.932514821
1.781034142
1.770765362
1.787403914
1.791369634
1.796717321
1.762309281
1.828626622
1.837215792
1.838225244
1.850146725
1.854759502
1.7739647
1.844801814
1.726763943
1.722263076
1.719120853
1.755018985
1.747181315
1.738098969
1.735748665
1.734545369
1.911883031
1.884286634
1.920268028
1.84788127
1.818928795
1.920282871
1.920394592
1.923576279
1.931460834
1.932905116
1.933301827
1.937575302
1.95811921
1.755422908
1.746277621
1.752186982
1.963857151
1.857117662
1.886652582
1.955322672
1.849080055
1.858887236
1.96743935
1.970192307
1.916956268
1.935309038
1.790620253
1.783824738
1.794249773
1.796088731
1.801652131
1.814358965
1.763929202
1.828498188
1.827495109
1.836690099
1.845201722
1.841646912
1.77189572
1.763286746
1.834391295
1.840309116
1.719551321
1.725039447
1.715721565
1.713422824
1.741708957
1.73522799
1.730041072
1.729476619
1.729241258
1.903231014
1.917311953
1.86778659
1.920962508
1.833633692
1.922039801
1.91957507
1.920697848
1.922321141
1.928829312
1.928363072
1.940335427
1.756550743
1.744746729
1.753253277
1.948556809
1.866503323
1.891710919
1.951635183
1.843939194
1.967927155
1.961289011
1.905626223
1.929039717
1.788814438
1.776415282
1.794886582
1.795660292
1.806937645
1.823969624
1.757953157
1.826030956
1.835919791
1.826918792
1.830247418
1.852023838
1.759055861
1.756581337
1.748882559
1.836094981
1.82999612
1.839449049
1.7179012
1.714951878
1.721205814
1.711306629
1.709611523
1.736057318
1.730488929
1.724682472
1.722517894
1.887382318
1.916086239
1.928300697
1.852603418
1.932875815
1.927880578
1.921148729
1.917606945
1.917781062
1.924632431
1.928713748
1.921481211
1.752640706
1.741105871
1.74507064
1.937823444
1.864353234
1.872535911
1.877384586
1.95561852
1.840543071
1.960633998
1.939426488
1.896087642
1.926428827
1.768252063
1.777041538
1.782898382
1.800590581
1.820811155
1.845890146
1.746494873
1.831353776
1.822064335
1.843555072
1.823074262
1.747138887
1.75445136
1.743996944
1.737602111
1.837724162
1.829314215
1.713573611
1.7141978
1.711680738
1.716205368
1.708139501
1.706581369
1.733738043
1.72569545
1.719152538
1.912120855
1.877802056
1.93708492
1.940904406
1.932636977
1.925411365
1.916818565
1.91505637
1.91532723
1.919037981
1.7427328
1.736881155
1.734561939
1.920620403
1.85105213
1.861876637
1.856712768
1.865209368
1.933142128
1.845690898
1.936302019
1.920625802
1.885453188
1.904777746
1.763766915
1.773017638
1.791033128
1.812097903
1.834789552
1.865235516
1.738123322
1.839450933
1.82451814
1.824185087
1.742016392
1.749481506
1.759152439
1.73713423
1.730218144
1.843660044
1.83656273
1.829744667
1.711075423
1.708285464
1.709112309
1.709260096
1.713859125
1.703836871
1.705404708
1.727283869
1.72005267
1.900246849
1.938127623
1.954755023
1.947860192
1.937335919
1.924785617
1.917153253
1.912488801
1.911679779
1.731634496
1.727261898
1.725307576
1.908110745
1.842058841
1.850117856
1.83982539
1.838379098
1.852342223
1.888709707
1.907777981
1.852672411
1.912476108
1.901774808
1.869536956
1.771180972
1.791411788
1.821138679
1.855799711
1.899469649
1.728053334
1.830576295
1.825449038
1.750230255
1.741092973
1.761102559
1.772208201
1.731806387
1.724687819
1.848492714
1.83806295
1.830546212
1.707651793
1.708687477
1.706075764
1.70496748
1.704665106
1.714425556
1.702534351
1.699778113
1.701869862
1.705281962
1.709504631
1.703183469
1.701755046
1.702902037
1.718989183
1.93844516
1.955585032
1.955966355
1.946401621
1.934768865
1.924820657
1.917259436
1.907712
1.723758787
1.719827462
1.719131598
1.896477639
1.82913766
1.830777431
1.819228364
1.82319695
1.840112125
1.867397758
1.856227539
1.884772425
1.851695204
1.88390635
1.880386763
1.789570999
1.81685653
1.854710582
1.898240113
1.933733238
1.721541082
1.831577909
1.747882657
1.760477442
1.733021928
1.774931466
1.786411732
1.725017537
1.720296179
1.844677782
1.837132616
1.833411248
1.705083823
1.705651062
1.703239526
1.712858062
1.701655086
1.700650754
1.698800846
1.699258985
1.698081737
1.700784686
1.702622044
1.709199265
1.705463391
1.701272979
1.701344564
1.699901589
1.69980832
1.714070622
1.949886126
1.949572448
1.937944344
1.929528099
1.92304496
1.917965644
1.910404423
1.718838404
1.716230765
1.714998732
1.901624731
1.881891953
1.823121483
1.834766237
1.812578331
1.805701479
1.813240966
1.836216021
1.838376134
1.849940485
1.862003256
1.843229616
1.8552018
1.853947667
1.809560037
1.846516002
1.883905358
1.913740965
1.932298436
1.717478382
1.735214149
1.752123837
1.767143937
1.725401394
1.782741472
1.806650912
1.719096228
1.716675772
1.8402466
1.836660443
1.837930936
1.703129234
1.700148563
1.697054421
1.697585961
1.698145296
1.69670026
1.838183447
1.823143713
1.707060039
1.781387266
1.700931181
1.71181703
1.702587216
1.704693447
1.698884524
1.69974365
1.697951101
1.697663813
1.71423402
1.940541311
1.930585888
1.915870731
1.90869968
1.902362261
1.907166568
1.712938519
1.711117233
1.888644634
1.864563998
1.823869879
1.83556327
1.803373806
1.795850965
1.803022846
1.819453762
1.829376193
1.839764081
1.838310111
1.834487512
1.836638767
1.836706107
1.866404218
1.901606004
1.921155578
1.920438065
1.712929336
1.725717345
1.741305171
1.76159693
1.719087696
1.803489873
1.833101852
1.713386836
1.709251872
1.838833
1.839913536
1.699004885
1.69547144
1.695829613
1.695896592
1.696389944
1.697239331
1.695692176
1.83604163
1.803804035
1.804267702
1.70975894
1.707477589
1.80115702
1.778990355
1.706760914
1.694230224
1.69505153
1.700587637
1.709676784
1.702894666
1.705819612
1.696757493
1.697676301
1.695848259
1.695143756
1.919673479
1.911105582
1.897187162
1.884462107
1.884484441
1.706331748
1.705547295
1.861763258
1.839740493
1.815532736
1.831568632
1.793974007
1.778144491
1.789950057
1.789798681
1.807916516
1.817170679
1.833954475
1.810564308
1.812094487
1.866025313
1.894252593
1.90873974
1.911764756
1.900618816
1.719600436
1.732397844
1.750390593
1.713920661
1.825016444
1.850363754
1.708585863
1.704892672
1.839630351
1.836784917
1.698603326
1.694168654
1.694094745
1.694339212
1.694732006
1.696745614
1.830620147
1.782409
1.782697471
1.706680586
1.819807256
1.795267507
1.768973635
1.703051253
1.692744167
1.693429782
1.696694827
1.694785156
1.693264899
1.703466853
1.762896284
1.72496616
1.700912361
1.702782938
1.70341332
1.701473992
1.694668645
1.693336086
1.692288803
1.692713245
1.896342505
1.890124608
1.872090923
1.861091273
1.701731256
1.83792702
1.816878845
1.797805129
1.820839527
1.777535954
1.764782574
1.771697398
1.769212798
1.785012758
1.791355345
1.823896392
1.784863697
1.786047014
1.869680019
1.884237576
1.885102823
1.892267077
1.888368084
1.878492414
1.715627317
1.739502151
1.710486677
1.846560206
1.706167455
1.702589741
1.832844856
1.824000009
1.698819239
1.692333152
1.691976223
1.692251309
1.823592229
1.761334135
1.833677468
1.804212375
1.780544773
1.756572945
1.700979554
1.691798417
1.691398137
1.692962206
1.699015023
1.697031309
1.694892342
1.691398137
1.69990284
1.751850435
1.745539981
1.719907589
1.727758038
1.691398137
1.70892676
1.691398137
1.701368555
1.699247651
1.699331816
1.697819226
1.691398137
1.692301083
1.691398137
1.691398137
1.691398137
1.870842323
1.85426474
1.845177607
1.699441142
1.818661478
1.794853413
1.802211146
1.785052863
1.765267298
1.752089437
1.758560186
1.760030212
1.767390799
1.811533134
1.760222615
1.766719804
1.867100901
1.855379644
1.863979884
1.868100806
1.873239545
1.871083121
1.853776893
1.714947059
1.734966245
1.704119144
1.700927596
1.816587161
1.80398489
1.691398137
1.691398137
1.691398137
1.691398137
1.810536823
1.742103597
1.836732333
1.811250546
1.786061344
1.765770529
1.747901525
1.691398137
1.691398137
1.692851317
1.699223154
1.697183895
1.694938641
1.697422681
1.737728819
1.747949734
1.731968589
1.722415491
1.706969576
1.710911782
1.691398137
1.691398137
1.691398137
1.691398137
1.696992465
1.697222412
1.698013793
1.695899221
1.695869827
1.691398137
1.691398137
1.691398137
1.691398137
1.691398137
1.833727717
1.826651932
1.699616653
1.80218625
1.78236622
1.769352683
1.788696531
1.770994617
1.752159691
1.741229912
1.739168794
1.746637611
1.79056995
1.740820786
1.747708074
1.844533993
1.84930739
1.845839117
1.854154128
1.860947854
1.843398495
1.716097915
1.731552975
1.702840772
1.800463557
1.790047308
1.691398137
1.691398137
1.79058384
1.727705983
1.833228207
1.811965148
1.791612119
1.774020308
1.755623376
1.742694948
1.691398137
1.691398137
1.692604783
1.695876521
1.694302737
1.696711872
1.727752609
1.733166849
1.736680043
1.722468787
1.722661488
1.706708085
1.711180013
1.691398137
1.691398137
1.691398137
1.691398137
1.694477738
1.692780219
1.695346614
1.694039681
1.698567913
1.694325454
1.691398137
1.691398137
1.691398137
1.691398137
1.809281453
1.81751953
1.701453324
1.787215228
1.770689802
1.753852361
1.773241271
1.754982355
1.742193846
1.735760503
1.72900757
1.724235399
1.766389107
1.726549363
1.72099568
1.734098261
1.827190033
1.827032178
1.83058918
1.840099059
1.836151332
1.715935287
1.722111675
1.730333505
1.738395719
1.70533964
1.779755364
1.772651634
1.691398137
1.691398137
1.768498377
1.718087278
1.810992793
1.794166722
1.780235088
1.761892244
1.747413783
1.691398137
1.691398137
1.691538476
1.691398137
1.693296789
1.692149438
1.697274051
1.729661238
1.724526693
1.732717319
1.718471052
1.710351563
1.691398137
1.691398137
1.691398137
1.691398137
1.692451634
1.692350208
1.691398137
1.693831856
1.695439404
1.696373594
1.691398137
1.691398137
1.698414536
1.736877982
1.692558009
1.700826526
1.691398137
1.691398137
1.691398137
1.691398137
1.795498078
1.8127818
1.704941524
1.77328798
1.759909545
1.742139088
1.75627953
1.745798891
1.737842394
1.737152704
1.71532151
1.74783444
1.745911302
1.718349867
1.713669423
1.72428382
1.806264731
1.809223837
1.806747852
1.812643689
1.821634875
1.715144537
1.721680177
1.729946466
1.735124388
1.740553971
1.7092299
1.756171534
1.756223453
1.691398137
1.691398137
1.713557927
1.795762628
1.790018098
1.781860665
1.765947063
1.749051595
1.691398137
1.691398137
1.691398137
1.691398137
1.691398137
1.691398137
1.740900333
1.726063814
1.717841607
1.691398137
1.691398137
1.691398137
1.691398137
1.691398137
1.691398137
1.691398137
1.692472964
1.694014635
1.700394775
1.697151053
1.691398137
1.691398137
1.703590343
1.73723358
1.751353378
1.691398137
1.734344297
1.794060859
1.691398137
1.711611971
1.748537651
1.691398137
1.801568349
1.702374635
1.732232231
1.691398137
1.707095246
1.691398137
1.691398137
1.691398137
1.782591489
1.801408354
1.711558363
1.760179092
1.748499017
1.747152756
1.741341909
1.738617198
1.746411567
1.709966367
1.742945554
1.734178563
1.712548488
1.709922163
1.717189063
1.793793286
1.788269655
1.783395267
1.715374126
1.720903991
1.726863107
1.731961712
1.73759019
1.747206115
1.691398137
1.691398137
1.713334279
1.781890991
1.776306289
1.767020691
1.752097284
1.691398137
1.691398137
1.691398137
1.691398137
1.72287432
1.691398137
1.691398137
1.691398137
1.691398137
1.692107491
1.694671568
1.70621649
1.698568908
1.691398137
1.709209424
1.737509058
1.725991548
1.754498505
1.691398137
1.72706463
1.691398137
1.707407041
1.70820839
1.70713162
1.746807783
1.691398137
1.691398137
1.785536292
1.788975595
1.703608004
1.707319947
1.724656919
1.736723503
1.722775539
1.691398137
1.692628746
1.772125613
1.782593228
1.691398137
1.691398137
1.713474513
1.691398137
1.691398137
1.691398137
1.774106794
1.71852716
1.744415424
1.761174548
1.751961535
1.741722497
1.739534169
1.741339793
1.710825827
1.70721502
1.73837125
1.73360773
1.726414715
1.706721405
1.717900259
1.710370213
1.776066758
1.774999697
1.771568998
1.772869142
1.721918959
1.72668172
1.723629387
1.730824839
1.741175296
1.691398137
1.691398137
1.691398137
1.717989357
1.770575558
1.764072701
1.753649125
1.691398137
1.691398137
1.691398137
1.691398137
1.691398137
1.691398137
1.691398137
1.691398137
1.69534422
1.711419977
1.699147966
1.691398137
1.738032193
1.727443046
1.742091321
1.749756413
1.691398137
1.704161355
1.704076649
1.703456266
1.702859204
1.743027007
1.691398137
1.691398137
1.773931492
1.773703994
1.706574915
1.701735877
1.703550797
1.709240842
1.727223945
1.734184362
1.721638109
1.719849494
1.692544093
1.761068213
1.763677551
1.769917274
1.743494692
1.75609134
1.704278218
1.759602268
1.691398137
1.691398137
1.691398137
1.715405742
1.691398137
1.691398137
1.691398137
1.76051018
1.71786417
1.733201223
1.750097172
1.736074897
1.737316317
1.717787569
1.710036613
1.705463646
1.732234108
1.726971361
1.712828862
1.723071514
1.705358456
1.767055482
1.764590672
1.758201481
1.762081644
1.719107342
1.725616015
1.721550289
1.733205604
1.742389357
1.691398137
1.691398137
1.691398137
1.750221963
1.691398137
1.691398137
1.691398137
1.691398137
1.691398137
1.691398137
1.695761549
1.711385639
1.699326676
1.691398137
1.730518198
1.73546451
1.723973356
1.737902789
1.744047319
1.691398137
1.703751346
1.700180745
1.700397836
1.699857611
1.701820163
1.73735979
1.691398137
1.691398137
1.760847722
1.761193906
1.706543153
1.701309537
1.700973142
1.721735821
1.717993258
1.717559664
1.692492749
1.751361445
1.75078291
1.762643561
1.738655074
1.749489005
1.702042523
1.757223688
1.74832525
1.7051194
1.742320313
1.691398137
1.744957085
1.697916655
1.691398137
1.691398137
1.691398137
1.691398137
1.691398136
1.691398136
1.713514727
1.691398137
1.691398137
1.691398137
1.747956957
1.714788064
1.730706466
1.724187774
1.727954606
1.732252324
1.718297439
1.714438456
1.708340479
1.717736038
1.706133778
1.711392464
1.700884521
1.757657575
1.756616708
1.749720525
1.749522132
1.717146373
1.720936083
1.727372269
1.734434336
1.739397581
1.691398137
1.691398137
1.691398137
1.691398137
1.691398137
1.691398137
1.691398137
1.691398137
1.695604149
1.710683792
1.708105027
1.698313564
1.691398137
1.728229501
1.730989565
1.732425068
1.723676935
1.736511899
1.732063111
1.736708788
1.691398137
1.704955267
1.697102963
1.696806269
1.699387986
1.701927087
1.731309209
1.691398137
1.691398137
1.747952212
1.702267628
1.698459017
1.722297231
1.71752685
1.71532219
1.715376152
1.691398136
1.692200085
1.742489586
1.740624016
1.755354047
1.733707545
1.742920299
1.698052714
1.699877111
1.74978165
1.741156753
1.706545525
1.704136934
1.736232203
1.738030566
1.738739248
1.696795453
1.695721175
1.691398137
1.691398137
1.691398137
1.691398137
1.731593411
1.718889905
1.733834854
1.691398137
1.691398137
1.691398137
1.691398136
1.691398136
1.71123662
1.70907332
1.691398137
1.691398137
1.691398137
1.734859842
1.713572062
1.726639012
1.722277547
1.71587689
1.727752512
1.722731803
1.725060514
1.719871578
1.714838522
1.709555157
1.702707389
1.698073793
1.709190799
1.750350438
1.750229718
1.743083965
1.735944777
1.717054095
1.722768996
1.728245662
1.731565101
1.734379558
1.691398137
1.691398137
1.691398137
1.691398137
1.691398137
1.691398137
1.694681131
1.691799178
1.695271853
1.691398137
1.724288656
1.72832814
1.729681143
1.72922182
1.732110332
1.728127288
1.729566076
1.70413429
1.692735696
1.693851961
1.693478365
1.7000582
1.726449727
1.691398137
1.691398137
1.697956181
1.701694694
1.699956485
1.694840135
1.714101721
1.715905957
1.712971552
1.713101932
1.691398136
1.691398136
1.732566217
1.749138384
1.726711456
1.73670206
1.69624758
1.694312235
1.743071647
1.736911457
1.706413823
1.703806453
1.728092774
1.731431565
1.731266542
1.693562651
1.695257411
1.697083919
1.691398137
1.691398137
1.691398137
1.691398137
1.691398137
1.691398137
1.723491147
1.724725245
1.71922465
1.71595959
1.7257789
1.691398137
1.724147841
1.725573046
1.728417755
1.718703163
1.726211398
1.736097248
1.692089009
1.697160157
1.710829511
1.724964352
1.716443523
1.691398136
1.691398136
1.691398136
1.691398136
1.708656965
1.711372635
1.691398137
1.691398137
1.691398137
1.723332537
1.723595335
1.714849193
1.71594144
1.713040501
1.7042781
1.722991589
1.72033844
1.720043443
1.715132983
1.709460393
1.69339917
1.6986739
1.691398137
1.743422301
1.745976972
1.739968958
1.719229986
1.723240784
1.726320934
1.729740835
1.733002992
1.691398137
1.691398137
1.691398137
1.691398137
1.691398135
1.691398135
1.691398137
1.723380787
1.727677633
1.72772082
1.725840861
1.724019646
1.724503306
1.722962308
1.70385891
1.691398137
1.691398137
1.691398137
1.691398137
1.699172157
1.722442369
1.691398136
1.691398137
1.693896177
1.699194517
1.70090799
1.691398133
1.71160621
1.713214596
1.710589477
1.691398135
1.691398135
1.722637149
1.74280841
1.71306114
1.728361584
1.692196532
1.691398132
1.738195363
1.707004372
1.704082765
1.715064774
1.691398137
1.693552868
1.694870804
1.691398137
1.691398137
1.691398137
1.691398137
1.691398137
1.691398137
1.714883348
1.70998888
1.71317354
1.71700547
1.713293028
1.719148752
1.718709646
1.723123739
1.705237465
1.725389476
1.733143976
1.691398134
1.693912688
1.695838518
1.708829603
1.709574698
1.717164035
1.713727028
1.716937721
1.691398134
1.728800859
1.713157343
1.691398137
1.691398137
1.69139813
1.691398137
1.691398136
1.691398136
1.710099902
1.71335045
1.691398137
1.691398137
1.691398137
1.709623064
1.716446946
1.699189178
1.691398137
1.718109196
1.719361695
1.714157833
1.70991749
1.691398137
1.691398137
1.738911437
1.740101952
1.735806732
1.719163665
1.722114778
1.725471873
1.729531325
1.734378028
1.691398137
1.691398137
1.691398137
1.691398137
1.691398134
1.722043331
1.725928693
1.72493498
1.722216074
1.718364077
1.719133832
1.719446839
1.718088905
1.706109566
1.70219993
1.691398137
1.691398137
1.691398137
1.691398137
1.696160134
1.697951714
1.719052364
1.691398136
1.691398136
1.691398129
1.697582001
1.702049539
1.698961877
1.691398132
1.691398131
1.710569246
1.707899964
1.691398135
1.691398134
1.708140267
1.738132053
1.691398137
1.700452166
1.724267029
1.69139813
1.705414096
1.708351126
1.691398137
1.691798585
1.691398137
1.691398137
1.691398137
1.691398137
1.691398137
1.698482079
1.698972528
1.691398137
1.703262913
1.693287427
1.709353723
1.710864348
1.709590349
1.715121147
1.712026484
1.710275247
1.691984781
1.723584337
1.730171396
1.691398128
1.693373537
1.707587899
1.706879765
1.707927402
1.705913872
1.714376207
1.711321376
1.691398133
1.725614272
1.698686067
1.691398136
1.691398137
1.691398128
1.691398128
1.691398137
1.691398137
1.696232495
1.691398137
1.691398137
1.708974626
1.723877019
1.717252609
1.700142153
1.696862613
1.696593548
1.696410691
1.691398136
1.691398135
1.711072329
1.714721432
1.691398137
1.691398137
1.691398137
1.691398137
1.691398137
1.691398137
1.713730181
1.719563531
1.714334809
1.711670526
1.708903971
1.691398137
1.691398137
1.735171769
1.734938568
1.731158864
1.71806788
1.721835708
1.727854178
1.731373824
1.691398137
1.691398137
1.691398137
1.691398136
1.691398132
1.721430184
1.723573766
1.721215124
1.718385202
1.714027226
1.714933482
1.715157296
1.713872881
1.705532823
1.702012296
1.691398137
1.691398137
1.691398137
1.691398137
1.691680006
1.71497308
1.691398136
1.691398136
1.691398126
1.694962823
1.703530008
1.700076543
1.69139813
1.691398128
1.707552588
1.704766035
1.705998273
1.691398134
1.691398134
1.693455889
1.691398137
1.734091797
1.691398137
1.691398137
1.724017327
1.718186969
1.706792354
1.691398137
1.691398137
1.691398137
1.691398137
1.691398137
1.691398137
1.691398137
1.691398137
1.691398137
1.691398137
1.691398137
1.691398137
1.701909545
1.696089158
1.704614135
1.707711031
1.725758596
1.691398125
1.691398126
1.691649212
1.705225731
1.704870884
1.704721094
1.693862303
1.712143857
1.707997654
1.709745158
1.691398133
1.691398132
1.724694885
1.691398137
1.691398136
1.691398126
1.691398137
1.691398137
1.69285604
1.706278651
1.722235075
1.717022115
1.693625548
1.691398136
1.691538697
1.698005988
1.693812396
1.695633508
1.699884306
1.691398137
1.691398137
1.710140523
1.691398137
1.721658858
1.691398135
1.71053497
1.713950521
1.691398137
1.691398137
1.691398137
1.691398137
1.709984277
1.7102127
1.718830461
1.71429657
1.711153586
1.708204237
1.691398137
1.691398137
1.7316845
1.730491342
1.730786734
1.727182207
1.717953742
1.726584298
1.728971647
1.691398137
1.691398137
1.691398136
1.691398129
1.719622999
1.721441074
1.719323291
1.717127385
1.714112449
1.710446738
1.710294
1.711318421
1.710851005
1.704451171
1.700970039
1.691398137
1.691398137
1.691398137
1.691398137
1.691398137
1.710657163
1.691398135
1.691398135
1.691398124
1.691398122
1.691398122
1.702013376
1.691398126
1.702655312
1.7030886
1.701384081
1.691398133
1.691398137
1.691398137
1.691398137
1.730170594
1.691398137
1.691398137
1.691398137
1.718840443
1.712694334
1.705902222
1.691398137
1.691398137
1.691398137
1.691398137
1.691398137
1.691398137
1.691398137
1.691398137
1.691398137
1.691398137
1.691398137
1.691398136
1.691398137
1.693939382
1.702232386
1.721980821
1.691398122
1.691398123
1.701214108
1.702918386
1.7041375
1.706051134
1.707169811
1.691398131
1.691398132
1.723980175
1.691398137
1.691398136
1.691398137
1.691398137
1.691398137
1.691398115
1.720224354
1.71619127
1.691398135
1.691398136
1.691398106
1.691398101
1.692622234
1.696976644
1.695408562
1.691398137
1.691398137
1.706859968
1.707405328
1.691398137
1.721013673
1.723547235
1.691398137
1.691398134
1.691398137
1.712772353
1.691398133
1.709623394
1.713399931
1.691398137
1.691398137
1.691398137
1.705928223
1.717334661
1.712432576
1.707880496
1.704765003
1.691398137
1.691398137
1.727309657
1.728613417
1.726381805
1.726591716
1.717231944
1.725103699
1.691398137
1.691398136
1.691398136
1.691398125
1.691398128
1.718260764
1.716923808
1.714881873
1.70951963
1.706421201
1.706777477
1.707019108
1.707526873
1.700255759
1.691398137
1.691398137
1.691398137
1.691398137
1.691398137
1.691398137
1.705968217
1.691398134
1.691398134
1.69139812
1.691398122
1.691398119
1.691398116
1.701025942
1.698289799
1.699404469
1.700027683
1.700197575
1.698201604
1.691398131
1.691398137
1.691398137
1.691398137
1.691398137
1.725922125
1.691398137
1.691398137
1.691398137
1.709693963
1.714163801
1.704958471
1.691398137
1.691398136
1.691398136
1.691398137
1.691398136
1.691398137
1.691398137
1.691398137
1.691398137
1.691398136
1.691398136
1.691398132
1.697398602
1.717672776
1.691398117
1.697758883
1.700755851
1.703128375
1.691398129
1.722240941
1.691398134
1.691398137
1.691398137
1.691398137
1.691398106
1.714713137
1.691398135
1.691398097
1.691398082
1.691398086
1.691398082
1.694959531
1.694273632
1.691398137
1.691398137
1.7044614
1.70333384
1.691398137
1.719248449
1.720109963
1.691398137
1.691398133
1.691398136
1.691398137
1.707687088
1.709956271
1.703388449
1.691398137
1.707611384
1.691398136
1.711629875
1.691398135
1.691398131
1.708365363
1.712817934
1.691398137
1.691398137
1.691398137
1.700944468
1.713349341
1.706416959
1.700936494
1.691398137
1.691398137
1.722934828
1.724527512
1.721610859
1.721830066
1.715784198
1.720815143
1.691398136
1.691398135
1.691398124
1.691398119
1.714306383
1.710753085
1.704082608
1.703154053
1.703304136
1.703557037
1.702595258
1.694789817
1.691398137
1.691398137
1.691398137
1.691398137
1.691398137
1.691398137
1.701184268
1.691398132
1.691398132
1.691398114
1.691398116
1.691398113
1.691398106
1.698567622
1.696069677
1.695412165
1.696753941
1.697093493
1.695874463
1.691398127
1.691398125
1.691398137
1.691398137
1.691398137
1.691398136
1.691398136
1.720830378
1.691398137
1.691398137
1.691398137
1.701193368
1.708682745
1.700785746
1.691398136
1.691398136
1.691398136
1.691398136
1.691398137
1.691398137
1.691398136
1.69139813
1.691398131
1.712615613
1.695557199
1.698814003
1.696718372
1.718050558
1.691398133
1.691398137
1.691398137
1.691398137
1.69139809
1.710392391
1.691398133
1.691398135
1.691398074
1.691398055
1.691398058
1.691398055
1.691398055
1.691398137
1.700833339
1.700688226
1.691398137
1.714857296
1.714399148
1.691398137
1.691398136
1.691398136
1.691398136
1.702108021
1.704084017
1.705780909
1.700090904
1.691398137
1.703386026
1.701505914
1.691398135
1.691398133
1.691398134
1.691398031
1.699387957
1.691398127
1.703733629
1.710193632
1.691398137
1.691398137
1.691398137
1.698135845
1.697233136
1.705988724
1.705824546
1.708181166
1.698070127
1.698130652
1.691526818
1.692691115
1.691398137
1.691398137
1.717718067
1.719280173
1.71583448
1.715790426
1.715735439
1.691398135
1.691398117
1.691398111
1.70308049
1.698488395
1.699350005
1.699695836
1.69986333
1.698583241
1.691398137
1.691398137
1.691398137
1.691398137
1.697512321
1.691398128
1.691398129
1.691398107
1.691398105
1.691398089
1.691402101
1.694083608
1.694584125
1.693734474
1.694349903
1.694287123
1.69406526
1.69139812
1.691398137
1.691398137
1.691398136
1.691398136
1.691398136
1.712931829
1.691398137
1.691398137
1.691398137
1.694043499
1.691398127
1.702438712
1.695291701
1.691398024
1.691398135
1.691398134
1.691398135
1.691398137
1.691398137
1.691398135
1.691398127
1.691398129
1.702574651
1.695458371
1.711650269
1.69139813
1.691398137
1.691398137
1.691398136
1.691398061
1.691398133
1.69139813
1.691398026
1.69139802
1.69139801
1.691398137
1.697874471
1.707873232
1.691398135
1.691398135
1.691398135
1.697819289
1.699084257
1.700360686
1.696976231
1.691398137
1.698748871
1.697365056
1.691398134
1.691398131
1.691398132
1.69139799
1.697229081
1.696406612
1.691398124
1.691398107
1.692753319
1.691398136
1.691398121
1.691398017
1.69864059
1.702905201
1.691398137
1.691398137
1.691398137
1.695430684
1.69944972
1.699645146
1.693711181
1.692807274
1.691398136
1.691398136
1.691398137
1.691398137
1.691398137
1.710360511
1.711886379
1.70637864
1.691398133
1.69139811
1.691398096
1.697410561
1.695922869
1.695259627
1.696669085
1.695349792
1.691398137
1.691398137
1.691398137
1.691398122
1.691398124
1.691398092
1.691398065
1.691397986
1.692881922
1.692918822
1.69236857
1.692291882
1.693595703
1.692520672
1.691398114
1.691398136
1.691398137
1.691398136
1.691398135
1.691398136
1.701428967
1.697849754
1.691398137
1.691398137
1.691398137
1.69139812
1.691398121
1.691397986
1.691397955
1.69139813
1.691398129
1.69139813
1.691398132
1.691398137
1.691398137
1.691398133
1.691398122
1.691398127
1.691398113
1.693796018
1.7004122
1.691398125
1.691398137
1.691398136
1.691398021
1.69139813
1.691397978
1.69139796
1.691398136
1.691398132
1.691398132
1.691398133
1.696201353
1.695314265
1.696499559
1.694863894
1.694190177
1.693619436
1.691398127
1.691398129
1.694884376
1.695552891
1.694228947
1.691398097
1.691746093
1.691398133
1.691398135
1.691398136
1.691398121
1.691398137
1.691398137
1.691398109
1.691397955
1.691397949
1.691398021
1.691398028
1.691398137
1.691398137
1.691398137
1.693053288
1.694867555
1.694560375
1.691398136
1.691398136
1.691398136
1.691398136
1.691398137
1.691398137
1.691398137
1.694789434
1.691398099
1.691398126
1.691398101
1.691398093
1.69139807
1.691398073
1.69423657
1.693489839
1.693879648
1.693705858
1.693922699
1.692715682
1.691398137
1.691398136
1.691398113
1.691398116
1.691398025
1.691397919
1.691398137
1.691398137
1.691723872
1.691398137
1.691398136
1.691398136
1.691398135
1.691398067
1.691398079
1.691398137
1.691398137
1.691398114
1.691397916
1.691398123
1.69139812
1.69139812
1.691398121
1.691398125
1.691398136
1.691398132
1.691398114
1.691398124
1.691398107
1.6913981
1.691398027
1.69139812
1.691398136
1.691397967
1.691398127
1.691397923
1.69139792
1.691398136
1.691398125
1.691398125
1.691398128
1.693494624
1.693456651
1.691398136
1.691398136
1.691398122
1.693162371
1.691398076
1.691398137
1.69139813
1.691398134
1.691398132
1.691398136
1.691398114
1.691398137
1.691398136
1.691398136
1.691397979
1.691398111
1.691398088
1.691398096
1.691397874
1.691397978
1.691397917
1.691397901
1.691397871
1.691397949
1.691398137
1.691398136
1.691398137
1.692081603
1.691398137
1.691537802
1.69205251
1.691398136
1.691398136
1.691398136
1.691398136
1.691398136
1.691398028
1.691398083
1.69139811
1.691398078
1.691398032
1.691398038
1.69183775
1.692158745
1.691581103
1.692090338
1.691743574
1.691469106
1.691398137
1.691398136
1.691398101
1.691398106
1.691397964
1.691397867
1.691397872
1.691398137
1.691398137
1.691398137
1.691398137
1.691398137
1.691398136
1.691398133
1.691398054
1.691398136
1.691398101
1.691398103
1.691398102
1.691398102
1.69139811
1.691398136
1.691398136
1.691398104
1.691398118
1.691397954
1.691397989
1.69139789
1.691398124
1.69139811
1.69139811
1.691398117
1.691448959
1.691398136
1.691398136
1.691398136
1.691398099
1.691398045
1.691398137
1.69139812
1.691398132
1.691398135
1.691398125
1.691398102
1.691398105
1.691398136
1.691398136
1.691398136
1.691397913
1.69139809
1.691398128
1.691398024
1.691398067
1.691398059
1.691398076
1.691397823
1.691397812
1.691397875
1.691397814
1.691398136
1.691398136
1.691398136
1.691398137
1.691398137
1.691398136
1.691398136
1.691398136
1.691398135
1.691398136
1.691398136
1.691397977
1.691398085
1.691398062
1.69139807
1.691398062
1.691398047
1.691397974
1.691397979
1.691398136
1.691398136
1.691398137
1.691398137
1.691398136
1.691398137
1.691398137
1.691398135
1.691398083
1.691397887
1.691397821
1.691398137
1.691398137
1.691398137
1.691398137
1.691398137
1.691398133
1.691398136
1.691398059
1.691398065
1.69139806
1.691398078
1.691398135
1.691398109
1.691397924
1.691397821
1.691398117
1.691398075
1.691398075
1.691398094
1.691398136
1.691398135
1.691398136
1.691398136
1.691398059
1.691397993
1.691398137
1.691398098
1.691398125
1.691398134
1.691398111
1.691398086
1.691398083
1.691398091
1.691398136
1.691398136
1.691398136
1.691397868
1.691398052
1.691398125
1.691398038
1.691397999
1.691398137
1.691398135
1.691398137
1.69139802
1.691398036
1.691398006
1.691398042
1.691397752
1.69139781
1.691397748
1.69139775
1.691398135
1.691398135
1.691398136
1.691398137
1.691398137
1.691398136
1.691398135
1.691398135
1.691398134
1.691398135
1.691398135
1.69139796
1.691398061
1.691397969
1.691397988
1.691397985
1.691397882
1.691397881
1.691397911
1.691398136
1.691398136
1.691398137
1.691398137
1.691397779
1.691397754
1.691398137
1.691398137
1.691398137
1.691398137
1.69139813
1.691398135
1.691397966
1.691397975
1.69139797
1.691398005
1.691398133
1.691398091
1.691398109
1.691397887
1.691397989
1.691398031
1.691398135
1.691398135
1.691398136
1.691398135
1.691397928
1.691398137
1.691398049
1.691398109
1.691398129
1.691398078
1.691398064
1.691398135
1.691398135
1.691397819
1.691397982
1.691398119
1.691398015
1.691398137
1.691398134
1.691398136
1.691398137
1.691398136
1.691397946
1.691397978
1.691397672
1.691397673
1.691397747
1.691397662
1.691398131
1.691398133
1.691398135
1.691398137
1.691398136
1.691398136
1.691398134
1.691398134
1.691398134
1.691398133
1.691397964
1.691397918
1.691398026
1.691397752
1.691397801
1.691397802
1.69139785
1.691397751
1.69139778
1.691397805
1.691398137
1.691398137
1.691397681
1.691398137
1.691398137
1.691398137
1.691398137
1.691398122
1.691398133
1.691397766
1.691397784
1.69139778
1.691397856
1.691398127
1.691398064
1.691398094
1.691397831
1.691397823
1.691397901
1.691398134
1.691398134
1.691398134
1.691397836
1.691398137
1.691397946
1.691398074
1.691398119
1.691398007
1.69139803
1.691398133
1.691398133
1.691397756
1.691397843
1.691397904
1.691398106
1.691398137
1.691398132
1.691398136
1.691398137
1.691397994
1.691397841
1.691397557
1.691397575
1.691397674
1.691397579
1.69139758
1.691398121
1.691398127
1.691398131
1.691398137
1.691398136
1.691398135
1.691398132
1.691398132
1.691398132
1.691398129
1.691397889
1.691397867
1.691397974
1.691397277
1.691397392
1.69139753
1.691397428
1.691397597
1.691397619
1.691397645
1.691398137
1.691398137
1.691398137
1.691398137
1.691398137
1.691398137
1.691398095
1.691398112
1.691398126
1.691397342
1.691397351
1.691397378
1.691397541
1.691398008
1.691398068
1.691397741
1.691397457
1.691397626
1.691398133
1.691398133
1.691397675
1.691397722
1.691398094
1.691397849
1.691398131
1.691398129
1.691397741
1.691398137
1.691398129
1.691398136
1.691398136
1.691397819
1.691398039
1.691397536
1.691397454
1.691397342
1.691397454
1.691397589
1.691397386
1.691398099
1.691398112
1.691398118
1.691398137
1.691398135
1.691398134
1.69139813
1.691398131
1.691398129
1.691398121
1.691397903
1.691397779
1.691397761
1.691396574
1.691396551
1.69139617
1.691396801
1.691397027
1.691397045
1.691397457
1.691397381
1.691397385
1.691398137
1.691398137
1.691398137
1.691398137
1.691398137
1.691398137
1.691398077
1.691398042
1.691396459
1.691396474
1.691396538
1.691396862
1.691397947
1.691397602
1.691396709
1.69139705
1.691398132
1.691397247
1.691397509
1.691398124
1.691398137
1.691398126
1.691398135
1.691398136
1.691397457
1.691397947
1.691397194
1.691398118
1.691396801
1.691397286
1.691397041
1.69139704
1.691397365
1.691398028
1.691398086
1.691398093
1.691398137
1.691398134
1.691398132
1.691398128
1.691398127
1.691398123
1.691398107
1.691397778
1.691397593
1.691394755
1.691394264
1.691395293
1.691394653
1.691395736
1.691395934
1.691397035
1.691396684
1.691398137
1.691398136
1.691398137
1.691398137
1.691398137
1.691398137
1.691397999
1.691398019
1.691397988
1.691394661
1.691394683
1.691394782
1.691395497
1.691397835
1.691395187
1.691395862
1.691398129
1.691396252
1.691396777
1.691398137
1.691398134
1.691398136
1.691396646
1.691397696
1.691398111
1.691397353
1.691398134
1.691395122
1.691395419
1.69139656
1.691396526
1.691396992
1.691396515
1.69139784
1.691398024
1.69139807
1.691398024
1.691398137
1.691398132
1.691398119
1.691398121
1.691398083
1.691397561
1.691390232
1.691391134
1.691390991
1.691392177
1.691393126
1.69139343
1.691395776
1.691398136
1.691398136
1.691398137
1.691398137
1.691398137
1.691398137
1.691397858
1.691397877
1.691391052
1.691390981
1.691390134
1.691392245
1.691392312
1.691397584
1.691392019
1.691393473
1.691398127
1.691394174
1.69139519
1.691398137
1.691394912
1.691397113
1.691398102
1.691397095
1.691398135
1.691398132
1.691392224
1.691390729
1.691391982
1.691393745
1.691395625
1.69139574
1.69139646
1.691395462
1.69139735
1.691397868
1.691397986
1.691398017
1.691397893
1.691398136
1.691398127
1.691398097
1.6913981
1.691398116
1.691398061
1.691397112
1.691382271
1.691383716
1.691383993
1.691386024
1.691387912
1.69138805
1.691394566
1.691398136
1.691398137
1.691398137
1.691398137
1.691398137
1.691397548
1.691397561
1.691383673
1.691382769
1.69138264
1.691385685
1.691385709
1.691397058
1.691385649
1.691388658
1.691389832
1.691391952
1.69139122
1.691395794
1.691398135
1.691398133
1.691398128
1.691398124
1.691385617
1.691385281
1.691381834
1.69138865
1.6913915
1.691393808
1.691396123
1.691395012
1.69139329
1.691396098
1.691397396
1.691397617
1.691397824
1.69139788
1.691397974
1.691397647
1.691398136
1.691398136
1.691398113
1.691398042
1.691398091
1.691398055
1.691369668
1.691367504
1.691373945
1.691370093
1.69137764
1.691377585
1.691398137
1.691398137
1.691398136
1.691396777
1.691396854
1.691369076
1.691367923
1.691367508
1.691373242
1.691373098
1.691373027
1.691378686
1.69138369
1.691377701
1.691384068
1.691383008
1.691392932
1.691398135
1.691398132
1.691398126
1.691398117
1.691398107
1.691387027
1.691378695
1.691372676
1.691372008
1.691365216
1.691384198
1.691388684
1.691395156
1.691393832
1.691391674
1.691388832
1.691393212
1.69139642
1.69139698
1.691397154
1.691397598
1.691397473
1.691397791
1.691397921
1.691398136
1.691398083
1.691397967
1.691398037
1.691350562
1.691346452
1.691338801
1.691357986
1.691343883
1.691357539
1.691398137
1.691398136
1.691395535
1.69134207
1.69133999
1.691339318
1.691349831
1.691348805
1.691347813
1.691356249
1.691358067
1.691366659
1.691366744
1.691366023
1.691398132
1.691398134
1.691398113
1.691398124
1.691398093
1.691398074
1.691376998
1.691359321
1.691369597
1.691348012
1.691346893
1.69133407
1.691377153
1.691379401
1.691391816
1.691392853
1.691388735
1.691384941
1.691384632
1.691395712
1.691394526
1.6913961
1.691396762
1.691397009
1.691397418
1.691397683
1.691397789
1.691398135
1.691398022
1.691397929
1.691304256
1.691313463
1.691322185
1.691298467
1.691285563
1.691319829
1.691295872
1.691398136
1.691292416
1.691289086
1.691290214
1.691305867
1.69130248
1.691297679
1.691315126
1.691316727
1.69133302
1.691332383
1.69133368
1.691398127
1.691398132
1.691398084
1.691398108
1.691398116
1.691398045
1.691398005
1.691352325
1.691269131
1.691341655
1.691322805
1.691355855
1.69130351
1.691299649
1.691276181
1.691360177
1.691370628
1.691387414
1.691385725
1.691390796
1.691378627
1.691380002
1.691363835
1.691393151
1.691393958
1.691395332
1.691395826
1.691396667
1.691397205
1.691397406
1.691397715
1.691398134
1.691398136
1.691397894
1.691249346
1.691227095
1.69123607
1.691249542
1.691211666
1.691190893
1.691210778
1.691203473
1.691211835
1.691197902
1.691224987
1.691215338
1.691203663
1.691235146
1.691236841
1.691266977
1.691266386
1.691398126
1.691398131
1.691398028
1.691398075
1.691398093
1.691398114
1.691397948
1.69139788
1.691301434
1.691148558
1.691142729
1.691397702
1.691316008
1.691288315
1.691261251
1.69132372
1.691218272
1.691213569
1.691170303
1.69134316
1.691358417
1.691383475
1.691376728
1.691372895
1.691388132
1.691362698
1.691315992
1.691389605
1.691392533
1.691393405
1.691395159
1.691396259
1.691396642
1.691397223
1.691397587
1.691398134
1.691118712
1.691124154
1.691085263
1.691099434
1.691061007
1.691025243
1.691063124
1.691084638
1.691021772
1.691059214
1.691030716
1.691076669
1.69105199
1.691027145
1.691091614
1.691076101
1.691142038
1.691398121
1.69139813
1.691397914
1.691398009
1.691398047
1.691398091
1.691397756
1.691397618
1.69120317
1.69093362
1.690923285
1.690915315
1.691397276
1.691246424
1.691256348
1.691195535
1.691195757
1.691138029
1.691291813
1.691065318
1.691059775
1.690979556
1.691319793
1.691328723
1.691378459
1.691369218
1.691355334
1.691348414
1.691382324
1.691213704
1.691388299
1.691391912
1.691394372
1.691395183
1.691396306
1.691397008
1.69139813
1.690888256
1.690912137
1.690824677
1.69086462
1.690801794
1.69073759
1.690780848
1.690753492
1.690828799
1.690787896
1.690737535
1.69080755
1.69076147
1.690801997
1.690806094
1.691398108
1.691397877
1.691397687
1.691397963
1.691398053
1.691397362
1.691397099
1.691024281
1.690566143
1.690547077
1.690531034
1.690349559
1.691396432
1.691133545
1.691109505
1.691198117
1.691019599
1.691034424
1.690922872
1.691248948
1.690803483
1.690788173
1.690642619
1.6912628
1.691303
1.691359965
1.691367632
1.691341722
1.691313879
1.691378776
1.691010007
1.691386258
1.691390695
1.691392391
1.691394547
1.691395894
1.691398119
1.69055238
1.690424043
1.690468891
1.690364663
1.690241737
1.690334298
1.690282792
1.690393506
1.690323012
1.690235399
1.690349753
1.690354339
1.690332428
1.691398073
1.691397615
1.691397788
1.691397229
1.691397964
1.691396569
1.691396101
1.690742898
1.689942493
1.690161227
1.689898564
1.689602958
1.689558028
1.691394799
1.691029947
1.690909284
1.690875671
1.691121315
1.690717435
1.690747495
1.690557941
1.691157304
1.690363289
1.69033399
1.690165495
1.691233709
1.691324735
1.691340385
1.6913614
1.691285507
1.691375657
1.690653278
1.691384037
1.691387139
1.69139125
1.69139382
1.691398093
1.689949395
1.689757281
1.689824436
1.689640678
1.689434806
1.689627221
1.689450015
1.689669602
1.689551302
1.689405294
1.689630643
1.689594122
1.691397991
1.691397444
1.691397095
1.691397786
1.691396249
1.691394776
1.689198684
1.688936554
1.689559272
1.688453716
1.688338108
1.688388797
1.69139218
1.691394482
1.690733907
1.690895922
1.690519691
1.690488114
1.690959898
1.690218544
1.690244591
1.689959109
1.691090263
1.689646945
1.689633031
1.689340506
1.691192705
1.691290415
1.69125905
1.691329438
1.691356095
1.691371787
1.689984818
1.691377435
1.691385082
1.69138996
1.691398031
1.688994258
1.688700952
1.688788668
1.68848465
1.688418031
1.688222272
1.688495514
1.688294447
1.688075398
1.688427
1.691397827
1.691396784
1.691397443
1.691396071
1.691391582
1.687993997
1.687595465
1.686769534
1.688406849
1.686526374
1.686422736
1.68666806
1.691386893
1.691391261
1.691394207
1.690504737
1.690201219
1.690621769
1.689904329
1.690843877
1.689511417
1.689409889
1.688980348
1.691025397
1.688514754
1.688500353
1.688054542
1.691144993
1.691200485
1.691272495
1.691319973
1.691349608
1.691358583
1.688894068
1.691372553
1.691382584
1.691397888
1.687515029
1.687088098
1.687212791
1.686979321
1.68660529
1.686316901
1.686659742
1.686220116
1.685929009
1.691397504
1.691396793
1.691395543
1.691385849
1.685611276
1.686204656
1.684395119
1.683972346
1.686744184
1.683740792
1.683644218
1.691377162
1.69139084
1.691385349
1.691393268
1.689856985
1.690060956
1.689442949
1.69042554
1.688893428
1.690734708
1.688309513
1.688120013
1.687379734
1.690945063
1.686685072
1.686831195
1.68600848
1.691041494
1.691172199
1.69126225
1.691317305
1.691342765
1.687177459
1.691367703
1.691397573
1.68532574
1.684704906
1.684967649
1.684506808
1.683904241
1.683492076
1.683850384
1.682910903
1.691396881
1.691395591
1.691375501
1.681069965
1.68305159
1.683455291
1.680541815
1.680136936
1.68428988
1.679783051
1.678896455
1.691359926
1.691388895
1.691384682
1.691374717
1.691393403
1.68441652
1.688871615
1.689166528
1.689750419
1.68820953
1.690235087
1.687353589
1.690605042
1.68647513
1.686057686
1.684596984
1.690749565
1.684249071
1.683228437
1.69099378
1.691153108
1.691248728
1.691294577
1.691342986
1.684739246
1.6913969
1.682179698
1.681264325
1.681629252
1.680940762
1.680039679
1.679533844
1.680111729
1.691395737
1.691357461
1.678709411
1.675937265
1.675951171
1.679779743
1.675407772
1.674815194
1.680856719
1.673532184
1.675137125
1.691329614
1.691376591
1.691383127
1.691389841
1.691358106
1.691393791
1.687351867
1.6877849
1.688697068
1.689496398
1.686345415
1.690119096
1.685071967
1.68382376
1.683251707
1.681086069
1.690708802
1.690339217
1.680527903
1.679230236
1.690966062
1.691130824
1.691212146
1.691299169
1.678133334
1.681033597
1.691395559
1.677772928
1.676267318
1.677177156
1.675735277
1.67483714
1.674280003
1.691326408
1.67096468
1.673760414
1.66973669
1.669386028
1.675449109
1.668657895
1.667058383
1.668736725
1.667645676
1.691276504
1.691371666
1.691358188
1.691383636
1.691390984
1.691327128
1.670528413
1.685611071
1.685154238
1.687079762
1.688282872
1.689191515
1.683547021
1.689635986
1.681858829
1.680119586
1.679321886
1.676249706
1.690208097
1.690647034
1.675517113
1.673830938
1.690926693
1.691069474
1.691221693
1.673215356
1.676153369
1.691392665
1.67197205
1.670748096
1.669624093
1.669374462
1.668278663
1.691272083
1.663018228
1.664588251
1.667957123
1.662214759
1.661388041
1.659514079
1.66133962
1.659634849
1.660499821
1.691181297
1.691372258
1.691351803
1.69132799
1.691385085
1.691275592
1.661407995
1.664315705
1.691277174
1.682857771
1.682191413
1.684839605
1.686490345
1.687811658
1.688510321
1.67994356
1.689392976
1.67751014
1.675094752
1.673945713
1.670023141
1.690106461
1.690576865
1.66902121
1.66682986
1.690819246
1.691079608
1.6672176
1.669955485
1.691387083
1.664155179
1.662308635
1.66284694
1.661656547
1.691187567
1.654401167
1.655452244
1.657391805
1.65336034
1.65099148
1.651941076
1.652368686
1.651825164
1.649872636
1.652970839
1.691055285
1.690961585
1.691374375
1.691352868
1.691318149
1.691188622
1.650114954
1.654125903
1.657353441
1.691260414
1.691189307
1.681486817
1.679044082
1.677722055
1.683887309
1.685777403
1.68680643
1.688125837
1.674974924
1.689230624
1.671797362
1.668442312
1.667050315
1.662316418
1.689989013
1.690348184
1.66108019
1.65838268
1.690746482
1.660444834
1.662482862
1.691376343
1.655514122
1.65355409
1.654094811
1.691037417
1.645045319
1.646208727
1.647501369
1.642461884
1.642755468
1.643164072
1.641341082
1.642218449
1.643805818
1.644997454
1.690810607
1.69062744
1.691355458
1.691319911
1.691037352
1.641021291
1.642525495
1.646505228
1.649734116
1.691259037
1.691152723
1.691036823
1.677024516
1.680213259
1.673884578
1.672110083
1.682840614
1.684333599
1.686223076
1.687867512
1.668711249
1.689052347
1.664953017
1.660302477
1.660721386
1.657161612
1.652995807
1.689607295
1.690228299
1.652090518
1.649196678
1.652334558
1.653129147
1.654022296
1.691356017
1.646271711
1.644386508
1.690775689
1.634798362
1.637251723
1.638347454
1.634765964
1.635049255
1.633442225
1.63410845
1.635227849
1.636361545
1.636059448
1.690393779
1.690081414
1.691320946
1.690776268
1.63413511
1.633348168
1.635390873
1.639113716
1.642049248
1.691141684
1.691255335
1.690968001
1.690775435
1.630667769
1.671255246
1.675327791
1.678789139
1.667368199
1.665172976
1.68068117
1.683484793
1.685756423
1.687601974
1.661018921
1.688448518
1.656254377
1.651989441
1.650869878
1.647166316
1.643589182
1.689412242
1.642841859
1.640022431
1.643401643
1.640233603
1.645410114
1.691315884
1.637427063
1.690336892
1.628772468
1.628705784
1.630598485
1.628884909
1.62774
1.628066426
1.628732887
1.62948378
1.629259469
1.63080244
1.689713017
1.68920849
1.691258796
1.690335372
1.628773236
1.628048207
1.626675861
1.629986067
1.632956656
1.635310905
1.690954753
1.691145525
1.690656967
1.690334539
1.626232204
1.689707263
1.669063003
1.664117672
1.673475415
1.675782291
1.659621309
1.656890838
1.679224563
1.682236887
1.685664628
1.683489789
1.686718141
1.652094761
1.688149622
1.647050714
1.642724963
1.641575253
1.638051468
1.6350621
1.63448308
1.632030901
1.633448542
1.63367092
1.637477204
1.691248249
1.689622821
1.625648338
1.62559417
1.625612633
1.625420336
1.625379365
1.625503579
1.625777373
1.625791434
1.62625573
1.6271491
1.688637466
1.687837246
1.689587119
1.626695754
1.626117519
1.626320518
1.626208812
1.627516782
1.628961126
1.630331508
1.690665596
1.691017476
1.690160275
1.627074474
1.689368518
1.688787376
1.688661241
1.627144288
1.666792632
1.661225311
1.656015979
1.669598343
1.673910609
1.65049023
1.647765292
1.677770096
1.6796935
1.682669775
1.684190265
1.686260787
1.642870952
1.638111674
1.634389343
1.633463402
1.630738293
1.628717894
1.628526477
1.630316674
1.62943952
1.630901743
1.632144241
1.691101969
1.688475442
1.626752664
1.626487066
1.627401242
1.62681672
1.626873922
1.626580784
1.627156204
1.626486246
1.625989714
1.626204545
1.686878057
1.685765015
1.688089914
1.629097216
1.629217523
1.631512739
1.631226301
1.634241045
1.62949005
1.629005667
1.690170149
1.690728345
1.633588089
1.688073549
1.689364072
1.687230575
1.68701515
1.626051452
1.659415242
1.66212934
1.653843802
1.651745141
1.646289364
1.667260794
1.67197416
1.641184879
1.638800616
1.674497706
1.67846331
1.680464412
1.683454374
1.634457312
1.630827946
1.628493177
1.627844741
1.62660564
1.62612439
1.630920887
1.632395699
1.633500735
1.630908574
1.630284161
1.690828853
1.68649019
1.632754999
1.634996236
1.633657413
1.632288886
1.635112183
1.632886942
1.63439399
1.632511737
1.630602482
1.630940684
1.629145832
1.684275998
1.682745663
1.686071837
1.63775287
1.642338524
1.637046869
1.64349821
1.646269507
1.636676389
1.690255755
1.645185027
1.686050067
1.688023242
1.689460775
1.684883167
1.684594826
1.629106937
1.650338587
1.653475657
1.6593226
1.644795955
1.642259998
1.637271829
1.664887085
1.667823143
1.633113806
1.631344027
1.672912126
1.675246056
1.679424357
1.628320157
1.626879901
1.626409891
1.626416951
1.627302559
1.639600589
1.635132888
1.641603459
1.647968619
1.634301432
1.632511555
1.690325517
1.683741183
1.648502708
1.646715157
1.644900037
1.647933727
1.646538737
1.648102481
1.644941408
1.64171219
1.642846507
1.63839072
1.638946165
1.680655442
1.67843107
1.683168922
1.651230426
1.657778467
1.659931348
1.649666913
1.660830825
1.662372754
1.666594296
1.685798432
1.682407907
1.688057325
1.689400533
1.681603024
1.634424624
1.641150939
1.644008209
1.65033258
1.656546533
1.636055154
1.633832725
1.630195843
1.660651194
1.667572263
1.627736197
1.627153191
1.673513389
1.62647825
1.626597204
1.627605762
1.630086385
1.630726841
1.655765734
1.649627051
1.642339618
1.663864016
1.64053724
1.638471841
1.689515498
1.679914874
1.664678261
1.662761115
1.6659918
1.664375203
1.667185403
1.662895181
1.658725238
1.659399338
1.653674392
1.648894186
1.67573204
1.672604313
1.679253668
1.675381755
1.667467075
1.678579011
1.679923328
1.6809005
1.685949958
1.684312527
1.683016926
1.686752225
1.678166276
1.677793265
1.641997486
1.633149488
1.63504113
1.640982499
1.647345397
1.65171286
1.629231842
1.628000208
1.626482363
1.659222339
1.666551291
1.626595559
1.627244432
1.629551776
1.630667866
1.634879159
1.640426032
1.675195113
1.668204236
1.66040909
1.651269389
1.682702482
1.64851216
1.647154721
1.687993447
1.674867067
1.682643526
1.686645172
1.682945338
1.687157544
1.68303163
1.67863126
1.679274034
1.673642722
1.666327358
1.659533049
1.669423042
1.665607571
1.674118314
1.69122985
1.695391624
1.696907399
1.698266161
1.702088512
1.701051384
1.699575487
1.679233314
1.684155954
1.672884193
1.672281761
1.657135005
1.628055756
1.632196143
1.638185926
1.642549151
1.65023518
1.626131352
1.626184197
1.627786084
1.658442689
1.63154311
1.633610348
1.639203015
1.641750446
1.648938221
1.687348396
1.694348237
1.679846954
1.671296568
1.661107702
1.702215708
1.657570284
1.66546314
1.6576955
1.685608085
1.668395447
1.701537774
1.700018475
1.698962848
1.695956476
1.696249904
1.692290015
1.686132406
1.679203817
1.677304085
1.661841614
1.657509992
1.667497331
1.706266307
1.708587463
1.708181427
1.710443594
1.709830661
1.708504226
1.707705157
1.680624507
1.674339886
1.665522356
1.666548142
1.668181715
1.625778528
1.62695476
1.630520409
1.63420614
1.641205806
1.649503588
1.627660935
1.630071583
1.636320836
1.643909714
1.646365399
1.655800028
1.658914316
1.695733795
1.701990379
1.70693499
1.689306072
1.681018864
1.670962607
1.709232875
1.679712904
1.674845978
1.668477417
1.682099321
1.660094683
1.70639297
1.705174249
1.704144062
1.703689887
1.702797567
1.70024964
1.696247178
1.695075466
1.688257658
1.652923197
1.648753355
1.659038007
1.710086959
1.709834732
1.706052806
1.705985595
1.70221701
1.700567369
1.676034528
1.668558025
1.657933854
1.659422005
1.679077905
1.662090755
1.628897257
1.625741988
1.626132106
1.628030975
1.633308013
1.640674481
1.635418078
1.641560398
1.655065731
1.663368162
1.674425815
1.700861631
1.703596183
1.704990568
1.704756713
1.695743217
1.688826453
1.703073471
1.69441819
1.687318796
1.683016925
1.678578587
1.677254333
1.649075437
1.700168497
1.699970218
1.697632654
1.699772706
1.701979256
1.702808442
1.703107321
1.701744971
1.696317754
1.641701758
1.65070052
1.699826992
1.693356697
1.693255525
1.686302216
1.683515869
1.683549989
1.671230461
1.64988102
1.651767106
1.692563083
1.6647746
1.654628965
1.63822198
1.629932066
1.625983437
1.625343634
1.627611668
1.633486273
1.649321757
1.65812745
1.675306415
1.683554639
1.702076283
1.701472953
1.694303065
1.693997233
1.690000673
1.698951336
1.683680214
1.697864974
1.699449068
1.692507069
1.689640286
1.687168668
1.671064618
1.640042546
1.683186292
1.67837815
1.682871865
1.689187882
1.695818889
1.698566158
1.702706561
1.702287997
1.633697458
1.642417195
1.674074503
1.673644546
1.664151257
1.659772798
1.658070153
1.660647721
1.6418806
1.644010721
1.698505858
1.658854078
1.647590976
1.640400449
1.653222413
1.631331409
1.627673161
1.625316413
1.627765014
1.667711172
1.677520903
1.693075979
1.69594753
1.698808696
1.679537347
1.673977172
1.682116812
1.665451078
1.654274187
1.698347386
1.697656486
1.69821613
1.694110328
1.696474867
1.694520244
1.693739231
1.66344602
1.632746592
1.6488107
1.656333598
1.664673616
1.673902452
1.679741695
1.693934787
1.698464876
1.702470079
1.628072424
1.63491437
1.651498721
1.641104827
1.635736883
1.632649939
1.63308972
1.634575213
1.637903449
1.702493779
1.651302184
1.640707696
1.640396015
1.655133964
1.671844339
1.627576848
1.634405181
1.625511078
1.686913657
1.694644381
1.688200013
1.658568548
1.666718351
1.648918038
1.671796615
1.637665472
1.633521569
1.696932161
1.693261153
1.687962491
1.698834054
1.680123579
1.698754779
1.697618563
1.697288049
1.699051024
1.654972066
1.627721395
1.627604204
1.615808738
1.635759174
1.645167334
1.651807649
1.672339979
1.680972332
1.692617537
1.699148724
1.625782245
1.629038519
1.622076683
1.616809619
1.612737099
1.610902678
1.628293402
1.631353157
1.632689894
1.703112468
1.643861523
1.634951277
1.647382935
1.657642469
1.67428543
1.690287241
1.627778148
1.63540465
1.701280004
1.647132434
1.637035773
1.656321831
1.626877214
1.663140107
1.62098448
1.615769808
1.69376886
1.688615654
1.681326866
1.672352877
1.697625408
1.698973513
1.698838105
1.698446861
1.697717102
1.646293062
1.626342985
1.610356221
1.604043171
1.597962458
1.617612967
1.623405829
1.64379478
1.654444944
1.671071448
1.681418752
1.695756387
1.628211423
1.627061069
1.609048791
1.605519524
1.601457448
1.598429776
1.628715856
1.62825194
1.629930037
1.702369193
1.637479113
1.631511913
1.665199101
1.64938155
1.677010244
1.692211574
1.702430897
1.63585382
1.703410976
1.640037554
1.630717999
1.622726478
1.648458262
1.616825579
1.655698141
1.611927944
1.608255269
1.689612351
1.683310356
1.675154828
1.665627035
1.695072186
1.697199629
1.695240212
1.697484636
1.691668272
1.638508585
1.63067948
1.59441132
1.598012108
1.592862274
1.593668224
1.601511207
1.616417483
1.625978049
1.64428519
1.65612229
1.675262037
1.691447694
1.636518391
1.631903129
1.604332504
1.600340896
1.596809214
1.630209518
1.633149302
1.630874332
1.633220785
1.631241694
1.631648554
1.667566683
1.68428699
1.649875743
1.694604136
1.70400312
1.704842499
1.691100622
1.636813598
1.62961961
1.624537442
1.620022995
1.642950612
1.61608708
1.650925235
1.615268025
1.612248026
1.677885607
1.68553071
1.669351239
1.660185909
1.694838198
1.692241898
1.687954471
1.695333994
1.681509012
1.63294386
1.640792142
1.590061113
1.590797107
1.590500633
1.593749955
1.600449414
1.594943739
1.602333905
1.607267324
1.621005872
1.630519774
1.649617964
1.670574664
1.650295941
1.64206555
1.608852793
1.605173609
1.636175992
1.642748509
1.635858883
1.635011956
1.632526668
1.686356033
1.66789594
1.700125249
1.705828923
1.706069137
1.695289701
1.67000918
1.632478885
1.63735479
1.630557821
1.628099154
1.625741531
1.642065038
1.62766481
1.648206821
1.626131452
1.623859238
1.664572843
1.67476317
1.656002243
1.689451776
1.692596668
1.684616435
1.6780757
1.693246768
1.671697416
1.63144402
1.655487432
1.594053432
1.592711996
1.598843834
1.590726016
1.606314546
1.61632925
1.592154095
1.594961694
1.602831882
1.610130797
1.625567782
1.64591131
1.667620868
1.656017752
1.620867115
1.646196223
1.656012989
1.645009665
1.644517924
1.640649696
1.636264365
1.686942461
1.701658342
1.708320878
1.707039791
1.696788774
1.676093589
1.645981048
1.639060294
1.638315568
1.640941858
1.638749351
1.638337051
1.641930223
1.642945784
1.642890061
1.646620008
1.642329303
1.640411772
1.66516265
1.657414655
1.652217727
1.687473977
1.682401307
1.690927865
1.676068364
1.669372652
1.690590496
1.692084132
1.662607992
1.633772015
1.671932767
1.607873871
1.605173797
1.59876953
1.617083661
1.594401727
1.629266296
1.636945429
1.594095455
1.595230889
1.598728866
1.607990829
1.623568468
1.682969582
1.671627735
1.659768286
1.670625314
1.658018259
1.65491399
1.649794988
1.643070606
1.696922839
1.703687381
1.708865426
1.70577168
1.697784543
1.678399466
1.651715723
1.625076578
1.650186515
1.648403632
1.645071516
1.645048466
1.65145565
1.656604968
1.657340839
1.644719327
1.661106615
1.646360461
1.660520654
1.658559137
1.655889508
1.650276893
1.6818659
1.686983472
1.676060763
1.669230906
1.662371833
1.688054486
1.691234938
1.692508622
1.656276019
1.640013955
1.687267569
1.624555469
1.628379153
1.615318904
1.606742527
1.642787377
1.603616536
1.653502805
1.598535192
1.598200485
1.599948541
1.608391583
1.696830463
1.686100123
1.673383786
1.684003616
1.670264486
1.665963857
1.660014603
1.651514788
1.659719257
1.70629918
1.708797394
1.705429048
1.694180846
1.680794489
1.65561844
1.629816572
1.611149406
1.663414704
1.660723212
1.656912357
1.651200805
1.649183172
1.669479614
1.671761455
1.673228167
1.647377679
1.678879868
1.680183263
1.647811858
1.678411311
1.675249007
1.651032242
1.67809632
1.683127266
1.671416053
1.664609125
1.659347962
1.690245038
1.685798546
1.692813404
1.694089947
1.654026539
1.649113893
1.69905165
1.647347609
1.636684994
1.652190705
1.625622206
1.6210716
1.667326105
1.610572566
1.607683819
1.602096102
1.602377084
1.705221204
1.697041263
1.685018396
1.694533382
1.681195736
1.676287575
1.670230601
1.667679108
1.707817016
1.704885343
1.69405583
1.677131122
1.661036097
1.635107474
1.615528463
1.605943676
1.679139597
1.672443647
1.668487825
1.661341627
1.656709082
1.653528319
1.683142224
1.686365793
1.692519998
1.651134122
1.694849379
1.69478525
1.651074192
1.693178049
1.687451748
1.681777787
1.675697862
1.66912899
1.664826755
1.65920379
1.692809861
1.689365591
1.686393645
1.694499026
1.695634315
1.656276169
1.660024023
1.704946717
1.670436734
1.65973108
1.647640358
1.674742321
1.64030588
1.625560219
1.613780488
1.605859321
1.706588162
1.703611493
1.693747473
1.700769799
1.689839511
1.685145046
1.680060267
1.677012823
1.70203122
1.694373396
1.67831646
1.65907571
1.643139262
1.621342367
1.610476033
1.609650158
1.685993544
1.690846223
1.678998249
1.674147578
1.667225353
1.662189917
1.658595656
1.695059892
1.701084245
1.704469985
1.656135369
1.706274592
1.706436643
1.702804291
1.693670087
1.681529284
1.675307529
1.671781919
1.666642355
1.662883663
1.694740975
1.691600188
1.688409033
1.695346729
1.694933671
1.663882368
1.662736079
1.671054666
1.704066312
1.690509249
1.682248201
1.669903564
1.66196892
1.646522081
1.630484958
1.617415184
1.703451888
1.69886723
1.702109354
1.695730043
1.692092044
1.68789495
1.685446572
1.69316938
1.680281655
1.661616242
1.643175
1.629494171
1.615869236
1.613666893
1.620374601
1.69556426
1.690485267
1.700145494
1.683826922
1.679108884
1.672412135
1.667771689
1.664572135
1.705280712
1.709672077
1.712766273
1.7142136
1.713342412
1.709490449
1.705473366
1.682443356
1.679296215
1.674663755
1.67105573
1.671446424
1.693916473
1.694933671
1.694933671
1.692687307
1.688084646
1.670999365
1.671508518
1.681212522
1.696146952
1.701688906
1.690057438
1.681657916
1.666898551
1.649757304
1.633504837
1.698737596
1.70048133
1.699909868
1.698897783
1.696877704
1.693920322
1.692152698
1.680433925
1.665141352
1.646462329
1.632381894
1.622093982
1.617821959
1.62307169
1.635266944
1.702592313
1.698267005
1.693613068
1.70682925
1.687776199
1.683364717
1.677545981
1.673756932
1.710653898
1.714857049
1.717385579
1.718314052
1.717312884
1.714959764
1.712692341
1.686415406
1.682321718
1.679156499
1.679415301
1.678647699
1.694933671
1.694933671
1.692039814
1.678828629
1.680044822
1.689624823
1.686128879
1.703937547
1.697129463
1.684469416
1.668328884
1.651337007
1.69151444
1.699173589
1.695114264
1.699560587
1.699268812
1.697797016
1.696710622
1.667721178
1.650965157
1.634567494
1.625658195
1.622177924
1.626092957
1.636291306
1.651527793
1.706967471
1.703551001
1.69992523
1.69620519
1.71008683
1.690824552
1.687569234
1.682830436
1.713031025
1.715126084
1.717419498
1.719136894
1.719804649
1.719194806
1.717942665
1.712715947
1.691801511
1.688604817
1.686403645
1.686336211
1.685667625
1.685482136
1.694933671
1.686138074
1.687882735
1.695838422
1.675964895
1.707637248
1.697874744
1.684166239
1.668190689
1.684139922
1.693177968
1.696952801
1.699151443
1.699539736
1.699160219
1.657415081
1.642581869
1.631391363
1.627379838
1.629224957
1.637325004
1.650294877
1.667112197
1.706532637
1.709038602
1.703719077
1.700804655
1.697012673
1.711444552
1.693908363
1.691519667
1.713066633
1.715241021
1.717312476
1.718839587
1.719482016
1.719013196
1.716859303
1.713364657
1.691739999
1.694933671
1.692026901
1.691036473
1.690821928
1.69133995
1.692207245
1.694919322
1.69889911
1.699876477
1.667232106
1.70650917
1.696403
1.682897591
1.678003803
1.686758352
1.69311717
1.697300679
1.699337354
1.650132748
1.638401873
1.632952102
1.632682744
1.638382879
1.648713296
1.661615973
1.68319346
1.674464205
1.708014784
1.706241703
1.709732004
1.704159631
1.701992479
1.699268579
1.710828245
1.696928134
1.712453843
1.714265062
1.716040495
1.717303034
1.717375759
1.717454293
1.715223623
1.710795359
1.694933671
1.694933671
1.69346999
1.694544326
1.694867636
1.696769316
1.698611447
1.699242985
1.698410888
1.697376925
1.660174972
1.70384477
1.694482437
1.67077235
1.680648563
1.688398696
1.694050765
1.64562005
1.637530413
1.636823252
1.639724563
1.647836646
1.65901565
1.671467656
1.691807472
1.683696338
1.708384137
1.707258035
1.706014292
1.709041237
1.704511227
1.70269418
1.700598032
1.710066182
1.711322996
1.71274056
1.714145697
1.714322098
1.715310732
1.715156949
1.711493721
1.713446976
1.707149245
1.694933671
1.694933671
1.695561533
1.696884916
1.698427805
1.700429989
1.697735708
1.696016407
1.692714394
1.68883555
1.654522962
1.700558627
1.664946733
1.674645069
1.682831219
1.643180803
1.638684855
1.641946143
1.647092849
1.656442023
1.667583473
1.679210768
1.696850297
1.689653936
1.707665353
1.70732428
1.706442702
1.705349084
1.708390331
1.704208093
1.702025547
1.709036245
1.709908373
1.711118899
1.711355194
1.712290277
1.712731461
1.711844156
1.71055194
1.707978818
1.703462104
1.694933671
1.697942909
1.699308691
1.69308001
1.695227091
1.689113796
1.683553588
1.677079688
1.651656845
1.660102118
1.669055734
1.685888373
1.644665646
1.641444055
1.642538371
1.648071939
1.654001713
1.663683257
1.674138971
1.684398833
1.699551805
1.693634387
1.706935842
1.706238429
1.705962474
1.704762724
1.703387923
1.707500553
1.702485233
1.707761801
1.708788927
1.70908841
1.709837506
1.710384245
1.709903202
1.709265292
1.707567905
1.704479132
1.694933671
1.694933671
1.699440985
1.69065899
1.693046634
1.679657588
1.672492539
1.664418423
1.649392046
1.656163387
1.683586957
1.677095394
1.644188536
1.64338536
1.646715252
1.653352492
1.660085135
1.670032595
1.679352061
1.68912443
1.70091697
1.696299341
1.705029673
1.705913293
1.703926438
1.703386089
1.700803433
1.706159835
1.707228953
1.707471149
1.708090466
1.708600586
1.708356535
1.708028433
1.706899778
1.704643411
1.694933671
1.694933671
1.688252604
1.690502925
1.691886341
1.669573436
1.661450338
1.653597965
1.647754944
1.676384675
1.682850423
1.668935246
1.64513149
1.646090014
1.651048644
1.658586399
1.666366277
1.676877203
1.685177615
1.692451749
1.698100274
1.701782
1.703477658
1.701667318
1.703958243
1.699880194
1.699687954
1.705658255
1.705966254
1.706684682
1.707262299
1.707257262
1.707118328
1.706366198
1.704700376
1.694933671
1.688086189
1.69012807
1.692307647
1.660479855
1.653031998
1.647826058
1.67757364
1.670519565
1.683758838
1.662639335
1.64746184
1.649747407
1.655862773
1.663855459
1.671493736
1.681917964
1.688718875
1.695005559
1.69971358
1.702676349
1.700236632
1.699441415
1.694933671
1.703252371
1.703731253
1.704873761
1.705830353
1.70598593
1.706397753
1.70596895
1.704907152
1.686687691
1.691807465
1.693999891
1.654588221
1.649821429
1.680771238
1.674080651
1.666991447
1.660302682
1.695576711
1.651378876
1.654670013
1.661504807
1.669596183
1.676727685
1.686368639
1.692176693
1.697465693
1.701257534
1.703589155
1.694933671
1.694933671
1.699702725
1.69984358
1.701633316
1.703476177
1.703808131
1.704871261
1.705336769
1.704841636
1.685073054
1.689711188
1.693972646
1.653468381
1.657725175
1.678934938
1.672276064
1.665493259
1.695342963
1.694933671
1.657321295
1.660909633
1.668084856
1.675804376
1.682178102
1.690701527
1.695356347
1.699446146
1.702050662
1.7035377
1.694933671
1.694933671
1.699501047
1.699868202
1.701662081
1.703300014
1.703411071
1.684406331
1.689591584
1.692265003
1.69476275
1.659999575
1.66440512
1.678561114
1.672300866
1.694933671
1.693996936
1.664629708
1.668304935
1.675703409
1.682190643
1.687841968
1.694312807
1.697705954
1.700357826
1.701505079
1.702231969
1.694933671
1.694933671
1.699461811
1.7000643
1.688829973
1.684318858
1.693208864
1.694933671
1.667614527
1.671962205
1.679267585
1.672596491
1.676665784
1.684311874
1.68897981
1.693420153
1.696735673
1.69853538
1.699292195
1.699391798
1.69851635
1.694933671
1.694933671
1.692698692
1.69039298
1.686155932
1.694933671
1.675576052
1.679655504
1.680369443
1.683603094
1.690076781
1.692924266
1.695700644
1.696564182
1.697407753
1.694933671
1.694933671
1.694933671
1.691789361
1.686551429
1.68305644
1.687324352
1.689148953
1.693588468
1.694922447
1.694933671
1.694933671
1.694933671
1.691794111
1.689024253
1.692179826
1.692655233
1.694933671
1.694933671
1.694933671
1.694933671
