1.884686515
1.878906682
1.90893324
1.894322116
1.87110292
1.868345161
1.911496092
1.89878987
1.878936089
1.914943257
1.872003698
1.924356378
1.872850432
1.868882333
1.891904093
1.912983436
1.867947869
1.914126245
1.908813574
1.891815751
1.878489667
1.916904188
1.9160308
1.925017584
1.932772413
1.918038256
1.875543215
1.874321082
1.869702981
1.872376762
1.885845806
1.910511507
1.876891008
1.920755322
1.917840478
1.906104961
1.913969418
1.892169165
1.917364308
1.917501404
1.919951812
1.923538745
1.928006623
1.848956702
1.857266974
1.873000568
1.880114683
1.85155829
1.887448802
1.888902713
1.902111634
1.919539925
1.922867931
1.924042861
1.91941111
1.932109855
1.921713969
1.925397416
1.93059662
1.934383023
1.939405834
1.947989216
1.943309342
1.819855526
1.822964872
1.855191928
1.862218419
1.880352855
1.896267568
1.83246778
1.913318805
1.933011597
1.92440001
1.926702576
1.930923801
1.935818204
1.943698145
1.93171987
1.935700468
1.935863587
1.936846624
1.94193841
1.950712991
1.945308028
1.954834052
1.958884836
1.801617275
1.795921137
1.813744046
1.843231386
1.873016577
1.899208671
1.922597294
1.817397715
1.947726154
1.934089762
1.929957445
1.935123596
1.937308672
1.94305575
1.946231547
1.954165858
1.940856543
1.941476567
1.943966288
1.948758455
1.953113827
1.958591102
1.959496554
1.957955534
1.961845385
1.963679018
1.968768493
1.790220134
1.781525909
1.786315152
1.855198592
1.829944603
1.887325652
1.914671073
1.950749744
1.808812676
1.938898797
1.944890356
1.940787252
1.944125994
1.948093381
1.954340942
1.959471952
1.954819495
1.95034317
1.954464663
1.962327116
1.965280951
1.972501878
1.969228843
1.966854355
1.967294327
1.968081852
1.970362689
1.968897387
1.964927675
1.914930962
1.953523352
1.946622887
1.785521456
1.775677544
1.77415211
1.836619973
1.868097975
1.812169852
1.900329042
1.939169319
1.79532758
1.949868358
1.950599964
1.956698374
1.953113155
1.959183496
1.958732806
1.9642767
1.966508184
1.958142299
1.946840061
1.962381089
1.969308533
1.977723697
1.979307782
1.978660075
1.978679969
1.973552716
1.972506824
1.970106257
1.959335693
1.951255337
1.898312479
1.917788444
1.932686007
1.946757887
1.941381955
1.894485097
1.780078151
1.777666614
1.773027196
1.858006721
1.82584213
1.883023245
1.801627162
1.918109361
1.787417422
1.963468472
1.962353907
1.961181324
1.967159691
1.965655166
1.96676761
1.96912936
1.967606883
1.960573012
1.938032137
1.919618081
1.97322563
1.977700411
1.979640924
1.980480788
1.977848485
1.975418239
1.971083725
1.96666947
1.95833234
1.949289677
1.943179771
1.891772708
1.903458217
1.937604134
1.925471297
1.940458863
1.896520617
1.905032057
1.911385748
1.77963524
1.779724366
1.782948326
1.861443297
1.839887286
1.812305583
1.89199603
1.791415521
1.78224048
1.97374493
1.971444471
1.971700927
1.967371485
1.974783672
1.974671072
1.977234428
1.948413259
1.928895375
1.901160172
1.885036871
1.976160255
1.973593709
1.973402091
1.966752018
1.963486189
1.960198682
1.954897582
1.953762369
1.946473451
1.940622557
1.937973569
1.894661757
1.889598114
1.912007235
1.935609656
1.927863986
1.898128381
1.908050868
1.908999124
1.910794493
1.780375736
1.783742921
1.912592089
1.783899733
1.866636037
1.847456539
1.825475582
1.801686266
1.787023113
1.78060818
1.981095085
1.981542552
1.98039493
1.974669212
1.948424481
1.980043535
1.977376994
1.972014492
1.913907915
1.894385744
1.869214002
1.857747653
1.965968924
1.965630404
1.959051204
1.954345607
1.951039447
1.946805568
1.943858501
1.937760451
1.935627618
1.932801666
1.887766343
1.900231621
1.886966961
1.917156751
1.925292318
1.899133561
1.905382529
1.920157387
1.779912833
1.789468807
1.787433439
1.919146065
1.789600318
1.848571063
1.832047714
1.813557235
1.793845113
1.782868674
1.778927347
1.983209658
1.984581872
1.975166828
1.980468737
1.958479089
1.912087811
1.975360478
1.969503856
1.960810595
1.869830952
1.844410227
1.835625124
1.957631135
1.953481192
1.949222149
1.946303774
1.942255318
1.939896316
1.935178802
1.934532825
1.932476807
1.891957314
1.880247647
1.906477172
1.884702069
1.918778065
1.922848131
1.894166598
1.912008106
1.933910343
1.935251451
1.77773566
1.788100352
1.934437343
1.937659997
1.928636331
1.786394753
1.828446701
1.81413091
1.800674203
1.787626573
1.782755789
1.777848252
1.973968268
1.981094885
1.978182152
1.953759055
1.974800682
1.925473609
1.878090749
1.969107166
1.961051236
1.955546524
1.843573208
1.820387692
1.814621665
1.953564777
1.947798594
1.945523644
1.940686972
1.934682957
1.932248293
1.928777895
1.909557132
1.887627191
1.874323655
1.879469927
1.918410783
1.920323647
1.909125441
1.928394797
1.940399272
1.777341156
1.7826274
1.937444849
1.930692363
1.91980247
1.919595289
1.926098075
1.919788481
1.776327173
1.810339901
1.799819366
1.793149705
1.786282028
1.781681317
1.776617302
1.977611843
1.94765947
1.980246939
1.974531521
1.916530901
1.968551424
1.889796018
1.843104152
1.96702737
1.962319478
1.963505573
1.820092644
1.80344673
1.799402231
1.959559339
1.960392316
1.953229101
1.942042134
1.937883831
1.929751613
1.916813109
1.897386242
1.8735319
1.868373383
1.887049878
1.919673098
1.92528445
1.912496034
1.93032746
1.927869809
1.773974794
1.774471524
1.921871223
1.916476809
1.920245369
1.930322872
1.928848981
1.915876127
1.766978357
1.796308918
1.791851244
1.784724996
1.78200686
1.778633194
1.981369715
1.964046188
1.912647129
1.977057333
1.971392724
1.874075636
1.973414389
1.849325612
1.81674818
1.971926929
1.975259333
1.975499965
1.802244289
1.79502486
1.791075215
1.981362071
1.971455183
1.959171686
1.949232151
1.943239922
1.89983551
1.919459813
1.8781446
1.861312829
1.866479486
1.887076551
1.92123776
1.942563772
1.907970411
1.913875335
1.908825493
1.775290566
1.773582893
1.902056969
1.918016356
1.940093175
1.93501622
1.896241254
1.760783006
1.791022336
1.790891115
1.788399063
1.786328606
1.782675503
1.970230942
1.975353073
1.929942256
1.878912243
1.97340199
1.976058685
1.841208644
1.977994644
1.819709565
1.795451914
1.979941239
1.98175625
1.993510395
1.785958731
1.783591836
1.786183928
1.991434949
1.983886501
1.967740016
1.968941798
1.880280671
1.913916754
1.85950972
1.853491634
1.864685382
1.890902509
1.943913224
1.964808357
1.902034742
1.897167884
1.908480276
1.770036689
1.779730028
1.898042642
1.935194518
1.948533536
1.880965079
1.895542972
1.762874754
1.777048695
1.757950356
1.788121438
1.78967428
1.789900459
1.785479091
1.787281484
1.943793362
1.961485116
1.968466015
1.897493095
1.849353939
1.969001838
1.968726721
1.820831816
1.811045146
1.967768012
1.793546135
1.975689462
1.986810949
1.996781741
1.772299281
1.771022742
1.776678324
2
1.987993186
1.98604977
1.860262513
1.932708934
1.84445037
1.848525723
1.87160708
1.894269544
1.965685023
1.985572331
1.891032415
1.890214726
1.917295439
1.771767453
1.900880522
1.93826149
1.872668594
1.907098961
1.759897763
1.774518919
1.765569643
1.839542575
1.753667781
1.783201439
1.785649065
1.7849595
1.784244015
1.776046818
1.903845357
1.937936747
1.958281256
1.962568484
1.860654342
1.824430749
1.959212375
1.955784169
1.79868046
1.788778025
1.960369286
1.967119488
1.989848208
1.975132692
1.996355202
1.762767087
1.76351598
1.773843718
1.993425112
1.99109316
1.853855269
1.841327494
1.956021329
1.859298235
1.886918645
1.893123754
1.981266037
1.992155386
1.885763161
1.894781923
1.917263373
1.762458569
1.902193586
1.87995593
1.928243087
1.75511436
1.764863317
1.774384978
1.759259743
1.838212938
1.852513576
1.74686756
1.779964963
1.780721187
1.777382203
1.773320721
1.764052551
1.904804086
1.870563108
1.936790934
1.954275434
1.953638445
1.832212571
1.801723708
1.951045884
1.951604185
1.78365007
1.95617714
1.964858956
1.984478772
1.976990882
1.990131881
1.756628646
1.768049229
1.757149535
1.997144542
1.860497172
1.841036581
1.963013813
1.879840675
1.884848821
1.881132601
1.981208523
1.997076531
1.898737582
1.905605475
1.751301971
1.755896734
1.894136436
1.93093763
1.761640709
1.768533059
1.777229765
1.756565096
1.835611984
1.84593224
1.867033844
1.742644974
1.737461709
1.777696151
1.775508886
1.76701943
1.759374059
1.752398793
1.914618516
1.877290093
1.844561058
1.932648348
1.949904961
1.949051389
1.813266847
1.790179439
1.945366691
1.947194573
1.951744673
1.960648878
1.968520497
1.986072797
1.753330946
1.762061239
1.751882065
1.995466805
1.866990076
1.845328631
1.956507678
1.876521393
1.871576838
1.886986812
1.978007382
1.991526091
1.90267641
1.743999463
1.901619278
1.927436618
1.764365981
1.770518478
1.779019154
1.790183169
1.757917658
1.835473252
1.833525578
1.849214686
1.863540586
1.731400613
1.727082922
1.771804851
1.761299183
1.753049212
1.745700408
1.742398299
1.898287307
1.917752864
1.862758217
1.829713434
1.922658077
1.93024104
1.931496076
1.937986586
1.801603095
1.938479275
1.938505164
1.945199102
1.952632071
1.978635275
1.753130532
1.75287004
1.749874604
1.980037921
1.848168753
1.879467043
1.952225258
1.860373678
1.866133769
1.882224549
1.974027132
1.978803356
1.735318235
1.915378046
1.932514821
1.781034147
1.770765369
1.78740392
1.791369638
1.796717325
1.762309289
1.828626622
1.837215792
1.838225244
1.850146725
1.854759502
1.773964715
1.844801814
1.726763946
1.722263078
1.719120854
1.755018988
1.747181318
1.738098973
1.735748668
1.734545372
1.911883033
1.884286637
1.92026803
1.847881273
1.818928798
1.920282872
1.920394593
1.92357628
1.931460835
1.932905117
1.933301827
1.937575303
1.95811921
1.755422916
1.746277627
1.752186994
1.963857151
1.857117662
1.886652582
1.955322672
1.849080055
1.858887236
1.96743935
1.970192307
1.916956268
1.935309038
1.790620265
1.78382475
1.794249783
1.796088739
1.80165214
1.814358971
1.76392922
1.828498188
1.827495109
1.836690099
1.845201722
1.841646912
1.771895747
1.763286784
1.834391295
1.840309116
1.719551327
1.725039454
1.715721569
1.713422827
1.741708963
1.735227997
1.73004108
1.729476625
1.729241264
1.903231018
1.917311958
1.867786596
1.920962511
1.833633699
1.922039804
1.919575072
1.92069785
1.922321142
1.928829313
1.928363073
1.940335427
1.75655076
1.744746742
1.753253301
1.94855681
1.866503323
1.891710919
1.951635183
1.843939194
1.967927156
1.961289012
1.905626223
1.929039718
1.78881446
1.776415309
1.7948866
1.795660311
1.80693766
1.82396964
1.757953193
1.826030956
1.835919791
1.826918792
1.830247418
1.852023838
1.759055918
1.756581394
1.74888264
1.836094981
1.82999612
1.839449049
1.717901213
1.714951887
1.721205829
1.711306635
1.709611527
1.736057332
1.730488944
1.724682488
1.722517908
1.887382327
1.916086249
1.928300705
1.85260343
1.932875822
1.927880583
1.921148732
1.917606948
1.917781063
1.924632432
1.928713749
1.921481212
1.752640747
1.741105899
1.745070691
1.937823445
1.864353234
1.872535911
1.877384586
1.95561852
1.840543071
1.960633999
1.93942649
1.896087642
1.926428827
1.76825211
1.777041576
1.782898422
1.800590615
1.82081119
1.845890173
1.746494952
1.831353776
1.822064335
1.843555072
1.823074262
1.747139005
1.754451457
1.743997061
1.737602281
1.837724162
1.829314215
1.713573632
1.714197828
1.711680752
1.716205398
1.708139509
1.706581375
1.733738073
1.725695483
1.719152574
1.912120875
1.877802076
1.937084935
1.940904419
1.932636984
1.925411371
1.916818569
1.915056373
1.915327232
1.919037983
1.742732889
1.736881214
1.734562046
1.920620405
1.851052131
1.861876637
1.856712768
1.865209368
1.933142129
1.845690898
1.93630202
1.920625804
1.885453189
1.904777747
1.763766996
1.773017725
1.791033198
1.812097977
1.834789611
1.86523556
1.738123484
1.839450933
1.82451814
1.824185087
1.742016635
1.749481707
1.759152606
1.737134471
1.730218488
1.843660044
1.83656273
1.829744667
1.711075479
1.708285482
1.709112341
1.70926014
1.713859197
1.703836879
1.705404721
1.727283934
1.720052738
1.900246891
1.938127655
1.954755051
1.947860208
1.937335932
1.924785626
1.917153258
1.912488806
1.911679782
1.731634682
1.727262021
1.725307795
1.908110749
1.842058841
1.850117856
1.83982539
1.838379098
1.852342224
1.888709709
1.907777983
1.852672411
1.912476111
1.901774813
1.869536957
1.771181146
1.791411934
1.821138818
1.855799806
1.899469735
1.728053663
1.830576295
1.825449038
1.750230682
1.741093477
1.761102901
1.772208552
1.731806879
1.724688504
1.848492714
1.83806295
1.830546212
1.707651873
1.708687606
1.706075808
1.704967518
1.704665131
1.71442568
1.702534413
1.699778199
1.70186991
1.705282033
1.709504816
1.703183484
1.701755056
1.70290206
1.71898933
1.938445227
1.955585089
1.955966388
1.946401649
1.934768883
1.92482067
1.917259446
1.907712007
1.723759164
1.719827723
1.719132043
1.896477649
1.82913766
1.830777432
1.819228364
1.823196951
1.840112127
1.867397761
1.856227541
1.884772429
1.851695204
1.883906356
1.880386774
1.789571301
1.816856814
1.854710773
1.898240287
1.933733373
1.721541747
1.831577909
1.747883613
1.760478148
1.733022895
1.774932163
1.786412335
1.725018635
1.720297561
1.844677782
1.837132616
1.833411248
1.705083945
1.70565127
1.703239605
1.712858304
1.701655216
1.700650863
1.698800914
1.699259168
1.698081888
1.700784727
1.7026222
1.709199669
1.70546377
1.701273
1.701344579
1.699901602
1.699808353
1.714071019
1.949886242
1.949572516
1.9379444
1.929528137
1.923044986
1.917965666
1.910404437
1.718839175
1.716231308
1.714999671
1.90162475
1.881891975
1.823121484
1.834766237
1.812578332
1.80570148
1.813240968
1.836216024
1.838376139
1.849940492
1.862003265
1.843229616
1.855201814
1.853947691
1.809560608
1.846516382
1.883905705
1.913741236
1.932298668
1.717479718
1.735216067
1.752125205
1.767145291
1.725403328
1.782742648
1.806652023
1.719098493
1.716678493
1.8402466
1.836660443
1.837930936
1.703129521
1.700148801
1.697054543
1.69758602
1.698145598
1.696700514
1.838183447
1.823143722
1.707060736
1.781389525
1.700931562
1.711817789
1.7025878
1.704694329
1.69888455
1.699743669
1.697951118
1.697663849
1.714234963
1.940541451
1.930586003
1.91587081
1.908699733
1.902362307
1.907166598
1.712940179
1.711119061
1.888644674
1.864564047
1.82386988
1.83556327
1.803373808
1.795850968
1.80302285
1.819453768
1.829376208
1.8397641
1.838310111
1.834487541
1.836638817
1.836706865
1.866404911
1.901606541
1.921156054
1.920438389
1.712932054
1.725721082
1.741307792
1.761599524
1.719091459
1.803492009
1.833103323
1.713391304
1.709257203
1.838833
1.839913536
1.699005392
1.695471647
1.695829721
1.695896666
1.696389993
1.697239828
1.6956926
1.83604163
1.803804055
1.804267715
1.709760173
1.707479018
1.80116118
1.778994617
1.706766038
1.694230578
1.695052219
1.700588446
1.709678576
1.702895948
1.705821587
1.696757523
1.697676323
1.69584828
1.695143798
1.919673711
1.911105746
1.897187272
1.8844622
1.884484503
1.706335323
1.705550557
1.86176334
1.839740595
1.815532737
1.831568633
1.79397401
1.778144496
1.789950064
1.789798695
1.807916547
1.817170718
1.833954475
1.810564371
1.812094597
1.86602672
1.894253644
1.908740679
1.91176543
1.900619287
1.719607486
1.732402871
1.75039555
1.713927952
1.825019611
1.850366241
1.708594625
1.704902176
1.839630351
1.836784918
1.698604223
1.694168835
1.694094867
1.694339301
1.694732065
1.696746427
1.830620148
1.782409043
1.782697498
1.7066829
1.819813515
1.795275303
1.768981605
1.703058954
1.692744469
1.693430362
1.696696127
1.694786268
1.693264971
1.703470213
1.76289634
1.724975546
1.700913938
1.702787
1.703415953
1.701478171
1.694668676
1.693336114
1.692288852
1.692713303
1.896342826
1.890124833
1.872091113
1.8610914
1.70173772
1.837927187
1.816879062
1.797805132
1.820839529
1.77753596
1.764782585
1.771697414
1.76921283
1.785012823
1.791355426
1.823896393
1.784863834
1.786047272
1.8696832
1.884239609
1.885104631
1.892268409
1.888369015
1.878493042
1.715640633
1.739511827
1.71050071
1.846565016
1.706182972
1.702605256
1.832844857
1.824000011
1.698820726
1.692333325
1.691976345
1.692251405
1.823592231
1.761334224
1.833686424
1.804223973
1.780559052
1.756587812
1.700991701
1.691798922
1.691397846
1.692963147
1.699017344
1.697033382
1.694894136
1.691398061
1.69990918
1.751850503
1.745540098
1.719926833
1.72777437
1.691397973
1.708950154
1.69139732
1.701371549
1.699257088
1.699337141
1.697827692
1.691398087
1.69230112
1.691398096
1.691398051
1.691398059
1.870842766
1.85426513
1.845177864
1.699456307
1.818661819
1.794853857
1.80221115
1.78505287
1.765267312
1.752089461
1.758560219
1.760030347
1.767390968
1.811533136
1.760222926
1.766720318
1.867104858
1.855386066
1.863983346
1.868103374
1.873241353
1.871084355
1.853777726
1.714972858
1.734988481
1.704144949
1.700950832
1.816587164
1.803984894
1.691397908
1.691397963
1.691397998
1.691398036
1.810536825
1.742103781
1.836744322
1.811266878
1.786082383
1.765796433
1.747929424
1.691397657
1.691397771
1.692852871
1.699226784
1.697187088
1.694941486
1.69743593
1.737728961
1.747949805
1.731968829
1.722446909
1.707007655
1.710947631
1.691397123
1.691397394
1.691396655
1.691397901
1.696998011
1.697228892
1.69803422
1.695910196
1.695887124
1.691398077
1.691398041
1.691398066
1.691397991
1.69139801
1.8337285
1.826652459
1.699647181
1.802186916
1.782367024
1.769353452
1.788696539
1.770994632
1.75215972
1.741229965
1.73916908
1.746637958
1.790569953
1.740821464
1.747709033
1.844540694
1.849314822
1.845844011
1.854157576
1.860950193
1.843399996
1.716145225
1.731596822
1.702880896
1.800463564
1.790047318
1.691397817
1.691397903
1.790583846
1.727706361
1.833241715
1.811986874
1.79164143
1.774058132
1.755670753
1.742744737
1.691397543
1.69139764
1.692607387
1.695881623
1.694307143
1.696738701
1.72775292
1.73316703
1.736680159
1.722469287
1.72271452
1.706762717
1.711235434
1.691396917
1.691397152
1.691396243
1.691395811
1.694486765
1.692785359
1.695378297
1.694053605
1.698609098
1.694346849
1.691398012
1.691397967
1.691398028
1.691397928
1.809282443
1.817521024
1.701507539
1.787216423
1.770691009
1.753853609
1.773241289
1.754982389
1.742193908
1.735760633
1.729008215
1.724236009
1.766389114
1.726550635
1.720996803
1.734099739
1.827199275
1.827045195
1.830595527
1.84010338
1.836153938
1.716013323
1.722192058
1.730410818
1.738475394
1.705406308
1.77975538
1.772651656
1.691397727
1.691397801
1.76849839
1.718088079
1.811017329
1.794205231
1.780287449
1.761960455
1.747496525
1.69139733
1.691397466
1.691542634
1.691394658
1.693304707
1.69215673
1.697323292
1.729661641
1.724527345
1.73271757
1.718472069
1.710427603
1.691396537
1.691396805
1.691395619
1.691395133
1.692463737
1.692366975
1.691391961
1.693867642
1.695489669
1.696449566
1.69138537
1.691397958
1.698490544
1.736878833
1.692585257
1.70090052
1.691397966
1.691397854
1.691397884
1.69139799
1.795499818
1.812784382
1.705029805
1.773289759
1.759911266
1.74214084
1.75627957
1.745798963
1.737842525
1.737152988
1.715322671
1.747834464
1.745911319
1.718351743
1.713671106
1.724285878
1.806282372
1.809235206
1.806771895
1.812651407
1.821639231
1.71525317
1.72179804
1.730067249
1.735243549
1.740683297
1.709326145
1.756171567
1.756223494
1.691397591
1.69139768
1.713559452
1.79580297
1.790069541
1.781932731
1.766041151
1.749169214
1.69139701
1.691397248
1.691392783
1.691393608
1.691387689
1.691388947
1.74090085
1.726065124
1.717843496
1.691395978
1.691396329
1.691394781
1.691394234
1.691379756
1.691371968
1.691390002
1.69251634
1.694075892
1.700506149
1.697255025
1.691382169
1.691397901
1.703704786
1.73723531
1.751354378
1.691397944
1.734344326
1.794074253
1.691392508
1.711615007
1.748539409
1.691370244
1.801575113
1.702529354
1.732234447
1.691355925
1.707217772
1.691397895
1.691397752
1.691397806
1.782594049
1.801412192
1.711694874
1.760181587
1.74850125
1.747152835
1.741342048
1.738617456
1.746412122
1.709968544
1.742945613
1.734178607
1.712551071
1.709924534
1.717191851
1.79382943
1.788292136
1.78340882
1.715514889
1.72105795
1.727030343
1.732132907
1.737768314
1.74720619
1.691397358
1.691397531
1.713336932
1.781957613
1.776401279
1.767147976
1.752253536
1.691396669
1.691391144
1.69138428
1.691385871
1.722876745
1.691395354
1.691393263
1.691374909
1.691387406
1.692170666
1.694766924
1.706381514
1.698713342
1.691377409
1.709377666
1.737511919
1.725994753
1.754499592
1.691397893
1.727064672
1.691391058
1.707410368
1.708212091
1.707135194
1.746810192
1.691358208
1.691364039
1.785545598
1.788981085
1.703815174
1.707542883
1.724659626
1.736726082
1.722775595
1.691397804
1.692721671
1.772144969
1.782635211
1.691340438
1.691322295
1.713657365
1.691397779
1.691397626
1.69139768
1.774110361
1.71871914
1.744418395
1.761178103
1.751964837
1.741722639
1.739534417
1.741340255
1.710829543
1.707218327
1.738371374
1.733607824
1.72641479
1.706724612
1.717903561
1.710374002
1.776137732
1.775039732
1.771598221
1.772882209
1.722126637
1.726906864
1.723854435
1.731059476
1.741405359
1.691396814
1.691397076
1.691397275
1.717992951
1.770689488
1.764235504
1.753848466
1.691395686
1.691388496
1.691379885
1.691382156
1.691393649
1.691390456
1.691367615
1.691384302
1.695478832
1.711648093
1.699337111
1.691371094
1.738036273
1.72744758
1.742092075
1.749758085
1.691397827
1.704165707
1.704081356
1.703460865
1.702863953
1.743030352
1.691348277
1.691353295
1.773939749
1.773709255
1.706865984
1.701969524
1.703834701
1.709537187
1.727226926
1.734187507
1.721638214
1.719849568
1.692669581
1.761087389
1.763705873
1.769990557
1.743498527
1.756125724
1.704645304
1.759789003
1.691327223
1.691315589
1.691278489
1.715656226
1.691397653
1.691397554
1.691397419
1.760515144
1.718129701
1.733204923
1.75010173
1.736075124
1.737316731
1.7177925
1.710041832
1.705468231
1.732234277
1.726971499
1.712832872
1.723075044
1.70536329
1.767182242
1.764653193
1.758252831
1.762094992
1.719388946
1.725917017
1.721843599
1.733509327
1.742680059
1.691396036
1.6913964
1.691396725
1.750474325
1.691394172
1.691386109
1.691374438
1.691378651
1.691390798
1.691358166
1.695948707
1.711701677
1.699582741
1.691363113
1.730524253
1.7354701
1.72397976
1.737903745
1.744049744
1.691397739
1.703757176
1.700186669
1.700403526
1.699863781
1.701826469
1.737364437
1.69133353
1.691339662
1.760857689
1.761200929
1.70693366
1.701674605
1.701282313
1.721735996
1.717993392
1.717559758
1.692672583
1.751387806
1.750801106
1.762763137
1.738659572
1.749535705
1.702481425
1.757427647
1.748610336
1.705597968
1.742325819
1.69139693
1.744993172
1.697923551
1.691396062
1.691298714
1.691308155
1.691284762
1.6912285
1.691245235
1.713854934
1.691397352
1.691397491
1.691397151
1.747963575
1.715142388
1.730710855
1.724191858
1.727954856
1.732252726
1.718304226
1.714445985
1.708347551
1.717740088
1.70613893
1.71139708
1.700890598
1.757851567
1.756724554
1.74980824
1.749535384
1.717510773
1.721313292
1.727751224
1.734813403
1.739759981
1.691394839
1.691395422
1.691395728
1.691391786
1.691386852
1.691379096
1.691369584
1.691346016
1.695862035
1.711070071
1.708524773
1.698648362
1.691355491
1.728237514
1.730997613
1.732432358
1.723685485
1.736513741
1.732063926
1.736712734
1.691397619
1.704963141
1.697109912
1.696813342
1.69939659
1.701935131
1.731315915
1.691314675
1.691321294
1.747961652
1.702791918
1.69887397
1.722297477
1.717527057
1.715322357
1.715376269
1.691173182
1.692448669
1.742514138
1.740641681
1.755541364
1.733712915
1.742987629
1.698541149
1.700392797
1.750073236
1.741542294
1.707051533
1.704699649
1.736238872
1.738081162
1.738773512
1.696804523
1.695729075
1.691394903
1.691394253
1.691396402
1.691393793
1.731611648
1.718890207
1.733858674
1.69125644
1.691272417
1.691284393
1.691189179
1.691204551
1.711684153
1.709532283
1.691396745
1.691397096
1.691397468
1.734868869
1.714026685
1.726644282
1.722282366
1.715881641
1.727752993
1.722732151
1.725060922
1.719881119
1.714848534
1.709565364
1.702713614
1.698080813
1.709196163
1.750638934
1.750403849
1.743224256
1.735957746
1.717513797
1.723234859
1.728714421
1.732033888
1.734852124
1.691392749
1.691393689
1.691388194
1.691380631
1.691368893
1.691333396
1.6950223
1.692120942
1.695673229
1.69135081
1.724299789
1.728338777
1.729691667
1.729231744
1.73211299
1.728128397
1.729571774
1.70414481
1.692744731
1.693860138
1.693486526
1.700069452
1.726458914
1.691288247
1.691299443
1.698559629
1.702321599
1.700574511
1.695320503
1.714101959
1.715906234
1.712971748
1.713102074
1.691116297
1.691098282
1.732598918
1.749423994
1.726717907
1.736794008
1.696826317
1.694868943
1.74346226
1.737386925
1.706993614
1.704444113
1.728100432
1.73150071
1.731311136
1.69357235
1.695267911
1.697095964
1.691393077
1.69139548
1.691391208
1.691391102
1.691394107
1.691391204
1.723508279
1.724748796
1.719225065
1.715959961
1.725810078
1.691387436
1.724156683
1.72566331
1.728421483
1.718709932
1.726224782
1.736253771
1.692557192
1.697847173
1.710829744
1.725021453
1.716444023
1.691219593
1.6912439
1.691137942
1.691156109
1.709220963
1.711939332
1.691395906
1.691396758
1.691397204
1.723342942
1.723608019
1.715416041
1.715947618
1.713046283
1.704284848
1.722992311
1.720338985
1.720056044
1.715146365
1.709474046
1.693407721
1.69868147
1.691388655
1.743818656
1.746238358
1.74021215
1.719795655
1.723812309
1.726901484
1.73030864
1.733575051
1.691388794
1.691380707
1.691369132
1.69131585
1.690978224
1.690996164
1.69134666
1.723395937
1.72769181
1.727734707
1.725854055
1.724021258
1.72450907
1.722970951
1.703872882
1.691385416
1.691386733
1.69138824
1.691386327
1.699186919
1.722454789
1.691245722
1.691261076
1.694588695
1.699894236
1.701643068
1.690814432
1.711606494
1.713214923
1.71058965
1.691059959
1.691021149
1.722679422
1.743199702
1.71306984
1.728498978
1.692861373
1.690748451
1.738686839
1.707700319
1.704801511
1.715074739
1.691385532
1.693565213
1.694885777
1.691388751
1.691386868
1.691384839
1.691393327
1.691389625
1.691383989
1.71490275
1.710005527
1.713197421
1.717037228
1.713293466
1.719278467
1.718790351
1.72312708
1.705246142
1.72540682
1.733385879
1.690863645
1.694673713
1.696610317
1.708829873
1.709575024
1.717222544
1.71372762
1.716938383
1.690919115
1.729452019
1.713207589
1.691265331
1.691380536
1.690600145
1.691388502
1.691175548
1.691084919
1.710793054
1.714045261
1.691395976
1.691394596
1.691396763
1.709635958
1.717123508
1.699197635
1.691388233
1.718110161
1.719378256
1.714174914
1.709936115
1.69138639
1.691383399
1.739409488
1.740481591
1.736175168
1.719853488
1.722811482
1.726165766
1.730234063
1.734979196
1.69137798
1.691362498
1.691327185
1.69128283
1.690860843
1.722062575
1.725947287
1.72495285
1.722233628
1.718366044
1.719138402
1.719454432
1.718099917
1.706128247
1.70221831
1.691381322
1.691382299
1.691382606
1.691379014
1.69617795
1.697972464
1.719068692
1.69118536
1.691199665
1.690547753
1.698376841
1.702907433
1.699847602
1.690747235
1.690648305
1.710569636
1.707900174
1.690996593
1.690923017
1.708184129
1.738633012
1.691383729
1.700464707
1.724503151
1.690609927
1.706251366
1.709166888
1.691382013
1.69181878
1.691377625
1.691372026
1.691392317
1.691379528
1.691369346
1.698505966
1.698989842
1.691371553
1.70329449
1.693317672
1.709389618
1.710864867
1.709768483
1.715394017
1.712136692
1.710354978
1.691996277
1.723605569
1.73053473
1.690509274
1.694250251
1.707588263
1.706880089
1.707927826
1.705981684
1.714377017
1.711322078
1.690816058
1.726395445
1.698744962
1.691215114
1.691366699
1.690486293
1.69044988
1.691387899
1.691380214
1.697214101
1.691379596
1.691372489
1.708975235
1.72389905
1.717272961
1.700352283
1.697984522
1.697652428
1.696438125
1.691090875
1.691013746
1.711891802
1.715520899
1.691394445
1.691395851
1.691376873
1.69138524
1.691382647
1.691383233
1.713731498
1.719586032
1.714357951
1.711697693
1.708928716
1.691378855
1.691374215
1.735781895
1.735456771
1.731653718
1.718888306
1.722664324
1.728663765
1.732092218
1.691353721
1.691327338
1.691287391
1.691230787
1.690709074
1.721455334
1.723597415
1.721239313
1.718408236
1.71403009
1.714940043
1.715172641
1.713883763
1.705557852
1.702037415
1.691375826
1.691377042
1.691374183
1.691369825
1.691706488
1.714994712
1.691092787
1.691119168
1.690354965
1.69588771
1.704482761
1.701086557
1.690583853
1.690471663
1.707553108
1.704766295
1.70599857
1.690928225
1.690854349
1.693498549
1.691341639
1.734719234
1.691371724
1.691374756
1.724402803
1.718566242
1.707719962
1.691376161
1.691369771
1.691358841
1.691351376
1.691343441
1.691390386
1.691365757
1.691357993
1.691336676
1.691360368
1.691362632
1.691356887
1.702012779
1.696233852
1.704909157
1.708113451
1.726264713
1.690324304
1.690404469
1.692630516
1.705226188
1.704871278
1.704721652
1.693942385
1.712144805
1.707998432
1.709746066
1.69075276
1.690687355
1.725581336
1.691326372
1.691144309
1.690372944
1.691382803
1.691368145
1.693975231
1.706279318
1.722262054
1.717048673
1.693958113
1.691165164
1.692815945
1.699126245
1.695063944
1.695669697
1.699913777
1.691362118
1.691312549
1.710143271
1.691371025
1.722609232
1.690962366
1.711465222
1.714897844
1.69139415
1.691390788
1.691363291
1.691376058
1.70998549
1.710214477
1.718860043
1.714327672
1.711189751
1.70823726
1.691369244
1.691364657
1.732430921
1.731111385
1.731475686
1.727802418
1.718933053
1.727496667
1.729816395
1.691308472
1.691260085
1.69117207
1.690509554
1.719655454
1.721469939
1.719356323
1.717159229
1.714142565
1.710451555
1.710302621
1.711338647
1.710865081
1.704484873
1.701006127
1.691367308
1.691368948
1.691365716
1.691360395
1.691360629
1.710685523
1.690982146
1.691015936
1.690240373
1.690192492
1.690256606
1.70305067
1.690337709
1.702656043
1.703088991
1.701384422
1.690803861
1.691342946
1.691315304
1.691328978
1.73094757
1.691357852
1.691363392
1.691367572
1.71937414
1.713193862
1.706933873
1.691362571
1.691323541
1.691301425
1.691288144
1.691338818
1.691319539
1.691277677
1.691348481
1.69134648
1.691354052
1.691292103
1.691224692
1.691260317
1.694391583
1.702779472
1.722612746
1.690195639
1.690254491
1.701214756
1.702918891
1.704138362
1.706052134
1.707170998
1.690624165
1.690673158
1.724978853
1.691300779
1.691047541
1.69137092
1.691384256
1.691345225
1.690063097
1.720257428
1.716226334
1.691025051
1.691118133
1.689885061
1.689919047
1.693885615
1.698073893
1.695454883
1.691350089
1.691353303
1.706862216
1.707408934
1.691362603
1.722083949
1.724283905
1.691360249
1.690912523
1.691297989
1.712813888
1.690806778
1.710704244
1.714530112
1.691390375
1.691349683
1.691363926
1.705929811
1.717373934
1.712475635
1.707928271
1.704810932
1.69135916
1.691354262
1.728258192
1.72949142
1.727151832
1.727454919
1.71837812
1.726140871
1.691239406
1.6911685
1.691073351
1.690292289
1.690466214
1.718299783
1.716966005
1.714925802
1.709559263
1.706427169
1.706789026
1.707045885
1.70754545
1.700306486
1.691356411
1.691357508
1.691355361
1.691348832
1.691346872
1.691352528
1.706006078
1.690843445
1.690884711
1.690072712
1.690141821
1.690046531
1.690027001
1.702136892
1.69829069
1.699405503
1.700028152
1.700198138
1.698202058
1.690601356
1.691317246
1.69132956
1.691303292
1.691279695
1.726884662
1.691343861
1.69135151
1.691357769
1.710322093
1.714860754
1.706156303
1.691254533
1.691211782
1.691198523
1.691271233
1.69121614
1.691341358
1.691334616
1.691331562
1.691269395
1.69117576
1.691220112
1.690779532
1.698090086
1.718456617
1.690025625
1.697759636
1.700757052
1.703129721
1.690497668
1.723380367
1.690914123
1.691375747
1.691350658
1.691307327
1.689787014
1.714759768
1.691028865
1.689666565
1.689811476
1.689601295
1.690807743
1.69610438
1.694335893
1.691334073
1.691337653
1.704464609
1.703335975
1.691351142
1.720472356
1.720991551
1.691349763
1.690832032
1.691202613
1.691230691
1.707742576
1.710014436
1.703393193
1.691320039
1.707686987
1.69113142
1.711685668
1.690946074
1.690621736
1.709738181
1.714138634
1.691382235
1.691334755
1.691352943
1.700946277
1.71340688
1.706486627
1.701009336
1.691347117
1.691340496
1.724095378
1.725595314
1.722573826
1.722894791
1.717099946
1.722075318
1.691117278
1.691018776
1.690246796
1.690031675
1.714359067
1.71081672
1.704138342
1.703162466
1.703320063
1.703581706
1.702630916
1.694868502
1.69134355
1.691344933
1.691342209
1.691334099
1.69132693
1.691336696
1.701235551
1.690668529
1.690707031
1.689881136
1.689922012
1.68987817
1.689719753
1.699833531
1.696070868
1.695413181
1.696755352
1.697094125
1.695875048
1.69038397
1.690296618
1.691305708
1.691284265
1.691317122
1.691224718
1.691241204
1.722016468
1.691327096
1.691337127
1.691345649
1.70198997
1.709551224
1.702408035
1.691136285
1.69104934
1.691054019
1.691135088
1.691324089
1.691311005
1.691145134
1.690606342
1.690666247
1.713586536
1.695558039
1.698815671
1.696720079
1.719418573
1.690747955
1.691358543
1.691317082
1.691246677
1.689458633
1.710461673
1.690816593
1.690999401
1.689345896
1.689490934
1.689258861
1.68975971
1.691234209
1.691314435
1.700836363
1.700690484
1.69133726
1.716328031
1.715479943
1.691335324
1.691074137
1.691080832
1.691125573
1.702185587
1.704165771
1.705866106
1.700096032
1.691298704
1.703487358
1.701609031
1.69099566
1.690796647
1.690846061
1.689263874
1.699420419
1.69037495
1.705614025
1.711819819
1.691367344
1.691315016
1.691338977
1.698138506
1.697235508
1.706081543
1.705919584
1.708262808
1.698183992
1.698230919
1.691633346
1.692809997
1.691330967
1.691320505
1.719136535
1.720590835
1.717022303
1.717097887
1.717258326
1.690922815
1.689939985
1.689752989
1.703187081
1.698572382
1.699420402
1.699706656
1.699884382
1.698629564
1.691324857
1.691326493
1.691322755
1.691310538
1.697577767
1.690434836
1.690478137
1.689644885
1.689638099
1.689348818
1.693389427
1.694084932
1.694585713
1.693735573
1.69435198
1.694287972
1.694066
1.690059999
1.691276746
1.691292122
1.691246156
1.691150391
1.691190412
1.714431974
1.691305258
1.691318148
1.691329489
1.695033242
1.690454631
1.703502272
1.697639847
1.688781313
1.6909513
1.690817413
1.690910612
1.691300365
1.69128268
1.691027098
1.690467877
1.690550317
1.703794655
1.695460782
1.713374015
1.690533464
1.691329283
1.691260902
1.691150009
1.689032362
1.690835764
1.690641431
1.688738635
1.688842149
1.688744351
1.691287482
1.697878328
1.709184002
1.690883653
1.690882772
1.690962526
1.697919116
1.699193047
1.700475795
1.696982979
1.691270285
1.698878496
1.69749596
1.690793063
1.690580564
1.690672222
1.688316432
1.697256837
1.696447823
1.690303806
1.689617416
1.692754728
1.690989979
1.690095275
1.688558506
1.701030044
1.705111367
1.691340399
1.691289119
1.691320635
1.695434547
1.699579242
1.699775063
1.693859906
1.692945123
1.69125356
1.691237112
1.691310637
1.691301992
1.691296073
1.712150649
1.713533361
1.707888478
1.690725421
1.689678159
1.689336362
1.697555443
1.696007508
1.695366646
1.696683707
1.695410227
1.691304454
1.691305874
1.691281402
1.690116497
1.690192193
1.689319058
1.688941819
1.68817715
1.692883643
1.692920924
1.692369752
1.692294687
1.693598871
1.692521592
1.689805635
1.69124135
1.691253996
1.691194605
1.691016369
1.691115026
1.703375414
1.699718217
1.691275949
1.691292419
1.691308176
1.690164316
1.690206434
1.688023377
1.687649266
1.690509008
1.690457796
1.690521832
1.690597309
1.691268279
1.691247339
1.690843839
1.690229208
1.690424866
1.689920309
1.695322518
1.702706818
1.690269657
1.691279781
1.691157572
1.688478974
1.690590208
1.688036704
1.687807597
1.691251174
1.690582059
1.690582912
1.690702633
1.696318956
1.695450389
1.696641147
1.69487204
1.694356501
1.693782708
1.690363994
1.690481198
1.694917388
1.695576386
1.694275943
1.689328387
1.691747767
1.690701102
1.69087589
1.691036203
1.690169247
1.691396687
1.69127324
1.689649156
1.68744676
1.687455387
1.688311357
1.688330103
1.691292419
1.691250435
1.691295263
1.69305872
1.695033709
1.694732336
1.691215505
1.69121955
1.69121579
1.691189257
1.691283414
1.691277677
1.691265574
1.697132808
1.689525091
1.690274049
1.689421469
1.689224351
1.688907363
1.68887746
1.694406462
1.69357181
1.693983728
1.69383466
1.693940535
1.69277145
1.691279891
1.691243513
1.6897644
1.689872344
1.68837825
1.687203162
1.691395782
1.691396998
1.691728045
1.691394601
1.691195164
1.691111843
1.69094457
1.688866151
1.689084042
1.691254415
1.69127858
1.689941334
1.687113944
1.690094465
1.689971492
1.689993839
1.689980816
1.690142725
1.691202348
1.690711967
1.689908915
1.690275489
1.689709667
1.689536154
1.688239071
1.690018638
1.691206165
1.687743317
1.690458781
1.687282152
1.687233576
1.691206876
1.690130512
1.690122795
1.690274539
1.693652312
1.693466422
1.691192357
1.691195354
1.690051922
1.693196983
1.688880579
1.691396201
1.690359419
1.690808473
1.690518548
1.691096896
1.68991563
1.691396524
1.691240953
1.691237403
1.68762792
1.689699095
1.689088173
1.689252796
1.686570186
1.687686905
1.68698142
1.686881089
1.686598928
1.687285657
1.691214043
1.691210321
1.69125613
1.692093134
1.691390896
1.691742026
1.692251146
1.691174575
1.691165395
1.69113311
1.691233624
1.691228121
1.688213213
1.689124729
1.689569052
1.688877038
1.688331877
1.688309481
1.692029081
1.692270969
1.691660502
1.692233361
1.691766041
1.691507259
1.691345879
1.691170706
1.689389185
1.689540451
1.687593925
1.686610737
1.686697571
1.691394886
1.691395673
1.691396729
1.691392656
1.691393422
1.691059612
1.690745023
1.68860012
1.691214159
1.689538091
1.689330443
1.689336771
1.689256291
1.689479619
1.6911344
1.691046167
1.689596152
1.690040333
1.687289569
1.687703911
1.686850954
1.690262147
1.689448875
1.689424353
1.689684031
1.691622494
1.69116004
1.691145173
1.691154937
1.689291682
1.68833681
1.691396088
1.689793962
1.690484171
1.690952429
1.69002539
1.689530065
1.689597848
1.691198774
1.69119383
1.691186343
1.686876756
1.6890952
1.690483634
1.688118802
1.68863328
1.68847877
1.688788591
1.686099378
1.686045586
1.686530908
1.68609515
1.691068048
1.691135743
1.69120746
1.691383314
1.691388299
1.691170363
1.691109572
1.691099397
1.691057229
1.691149856
1.691168468
1.687509884
1.689146586
1.688688803
1.68854418
1.688443116
1.688320931
1.687578645
1.687511937
1.69118887
1.691260828
1.691288786
1.691323492
1.69122961
1.691367948
1.691348674
1.691083641
1.6889309
1.686741646
1.686185751
1.69139524
1.69139397
1.691396367
1.691390771
1.69139158
1.690810646
1.691139293
1.688274685
1.688422683
1.688228388
1.688520057
1.690976499
1.689733296
1.686945368
1.68616302
1.690014755
1.688416486
1.688392078
1.688860913
1.691117374
1.691082114
1.691131615
1.691096245
1.688426121
1.687589781
1.691395675
1.688908167
1.689987931
1.690685358
1.689308841
1.689155378
1.689076397
1.689250918
1.69112396
1.691129974
1.691111215
1.686429005
1.688283778
1.690313638
1.688294739
1.687770944
1.691387718
1.691043519
1.69129186
1.687835161
1.688074534
1.687680373
1.688140241
1.685533206
1.685962532
1.685539819
1.685571198
1.690821642
1.691012173
1.691115241
1.691378119
1.691385557
1.691154777
1.691027787
1.691006507
1.690963051
1.691019805
1.691049812
1.687283609
1.688645403
1.687048445
1.687205873
1.68726617
1.686622924
1.686551325
1.686722375
1.691203727
1.691246906
1.691328943
1.691356618
1.685765216
1.685616668
1.691394493
1.691392684
1.691395902
1.691389656
1.690590408
1.690999441
1.686828014
1.687009109
1.686790139
1.687143057
1.690734121
1.689225998
1.689723769
1.68656755
1.686867716
1.687417833
1.691049397
1.690991468
1.691102922
1.691043718
1.686788643
1.691394918
1.687711129
1.689259733
1.690266976
1.688282278
1.688681614
1.691030088
1.690968048
1.685999874
1.687270487
1.690031092
1.687939712
1.691382218
1.690930809
1.691247147
1.69129939
1.691264742
1.686927399
1.68725709
1.684981514
1.684969931
1.685465123
1.68493636
1.690409724
1.690782866
1.690934844
1.691372288
1.691183527
1.691094309
1.690898734
1.690902429
1.690891813
1.69083199
1.687299424
1.686834402
1.688070705
1.685006622
1.685432648
1.685313135
1.685860535
1.685502411
1.685671881
1.685758238
1.691320043
1.691345384
1.68507479
1.69139323
1.691390503
1.691395265
1.691385101
1.690140042
1.690753037
1.684857426
1.68511588
1.684838165
1.685347332
1.690385388
1.688654504
1.689294042
1.686065688
1.684990034
1.685638378
1.69095587
1.690878255
1.690968609
1.685901124
1.69139389
1.68609283
1.688223783
1.689642672
1.686865835
1.688116428
1.690858581
1.690791512
1.685507803
1.685869838
1.686452121
1.689587261
1.691375666
1.690740499
1.69120686
1.69126876
1.686759796
1.685868232
1.684275769
1.68436314
1.684948044
1.684379674
1.684400989
1.689752272
1.690368475
1.690608615
1.691360377
1.691123323
1.691007767
1.69078621
1.690769877
1.690727071
1.690504458
1.686512485
1.686339507
1.687398894
1.682283688
1.682920147
1.683665514
1.682971401
1.684084615
1.684564014
1.684615467
1.691301952
1.691327915
1.691391885
1.69138692
1.691394361
1.691379902
1.689272665
1.689784099
1.690345415
1.682249744
1.682435296
1.682256828
1.682947958
1.687774435
1.688712788
1.685365493
1.682405578
1.6832854
1.690833914
1.690856182
1.684713508
1.683900911
1.688757298
1.68492771
1.690702158
1.690526226
1.685079761
1.691368442
1.690538059
1.691152286
1.691231117
1.684812042
1.687527614
1.683810707
1.683696354
1.683111756
1.683683995
1.684397934
1.68333852
1.688761038
1.689746363
1.6899574
1.691348347
1.691045544
1.690906389
1.690625338
1.690689572
1.69055031
1.690087621
1.68661778
1.685590424
1.685478386
1.679569788
1.679760559
1.678713196
1.680582025
1.681420147
1.681601483
1.68339679
1.68323344
1.683146332
1.691265521
1.691308516
1.69139288
1.691389588
1.691383463
1.691375516
1.688841794
1.688242305
1.678923233
1.679162265
1.678915697
1.679761457
1.687009879
1.684457217
1.679156234
1.680248032
1.690718523
1.681040044
1.682381039
1.690246129
1.691357549
1.69035686
1.691078781
1.691184141
1.682347616
1.686136997
1.682211438
1.690033642
1.680632538
1.682902791
1.681836564
1.68186417
1.683208676
1.687197056
1.689033125
1.689197779
1.691329683
1.690936994
1.690779246
1.690468032
1.690423645
1.690246386
1.689628865
1.685547134
1.684371995
1.67541725
1.674834225
1.676769245
1.67555907
1.67775551
1.678288787
1.681743826
1.680453408
1.69127829
1.691211333
1.691390474
1.691383819
1.691371828
1.69136598
1.687631873
1.687842692
1.687461579
1.674813743
1.675103892
1.674668734
1.675893429
1.685938887
1.67512699
1.676438495
1.690558912
1.67741868
1.67910314
1.691339145
1.690959445
1.691104262
1.679063995
1.683902768
1.689804789
1.683149637
1.690957074
1.676538787
1.677185188
1.680250663
1.680096424
1.681666219
1.680141342
1.684991303
1.68790706
1.688741729
1.687938608
1.691293889
1.690734632
1.690065429
1.690125448
1.689041988
1.68411537
1.669971061
1.670575679
1.670807519
1.67214162
1.673372565
1.673886267
1.678147885
1.691229017
1.691133241
1.69138573
1.691374382
1.69134486
1.691353288
1.686109787
1.686246596
1.670240844
1.669863199
1.668885541
1.670646488
1.670573354
1.684221636
1.670160059
1.671852096
1.690421378
1.672957733
1.674974914
1.691304776
1.675029724
1.680919282
1.689528939
1.682044845
1.690999431
1.690704145
1.672371812
1.670764826
1.672308464
1.674521323
1.67794711
1.67811563
1.679935485
1.677567376
1.681910653
1.686142989
1.687472779
1.68790688
1.686460619
1.691239216
1.690396059
1.689373112
1.689435343
1.689954911
1.688613295
1.682033528
1.664467778
1.66538517
1.665116795
1.666873652
1.668276224
1.668525282
1.675885832
1.691144756
1.691374578
1.691355687
1.691303012
1.691323089
1.68400264
1.684057638
1.664610777
1.663774878
1.663355079
1.664780366
1.664618818
1.681821544
1.664512271
1.666538027
1.66763437
1.670273124
1.670190304
1.677113059
1.690994579
1.690804232
1.690481997
1.690261065
1.667019933
1.666668568
1.664722026
1.669204681
1.67183101
1.674673538
1.679011899
1.676705735
1.674055191
1.677720238
1.68322108
1.684411213
1.685886505
1.686373642
1.687336943
1.684656863
1.691230101
1.691135509
1.689830363
1.688255615
1.689217452
1.688490248
1.659576849
1.658798563
1.661105975
1.659223546
1.66263559
1.662784343
1.691352312
1.691317234
1.69126693
1.680801269
1.681164348
1.658529504
1.657750846
1.65724425
1.658677204
1.658450304
1.6583671
1.660490115
1.663396113
1.660446415
1.664183815
1.664447782
1.672516825
1.690973919
1.690746808
1.690388829
1.689970681
1.689639832
1.667317368
1.663487304
1.66114373
1.660778777
1.658757826
1.666265019
1.669250192
1.67694919
1.674804657
1.67219088
1.669654849
1.672244781
1.679807275
1.681550163
1.682242213
1.684350243
1.683665424
1.685621815
1.686743279
1.691134571
1.68901013
1.687240568
1.688167352
1.655188026
1.654342385
1.652982524
1.65682231
1.653355153
1.656912279
1.6913127
1.691220792
1.677757575
1.652623811
1.651818388
1.651295227
1.65264012
1.652266837
1.652063402
1.653711589
1.654465057
1.656884713
1.657660872
1.658428811
1.690710748
1.690959832
1.689808961
1.690250104
1.689242755
1.688793481
1.662200366
1.657555674
1.660283316
1.655286459
1.654969315
1.65304217
1.662971447
1.664092189
1.672351072
1.673574075
1.669519771
1.666946933
1.665491644
1.678094076
1.675895051
1.679025518
1.680849162
1.681686679
1.683368099
1.684826403
1.685559211
1.691084293
1.687905586
1.6867794
1.649826851
1.650273468
1.651455925
1.648914677
1.647835019
1.651360528
1.648118734
1.691241624
1.647364511
1.646608234
1.646265249
1.647084706
1.646658168
1.646360355
1.647928151
1.648625939
1.650857468
1.65166767
1.652846575
1.690455731
1.690767996
1.689028451
1.689649621
1.689962791
1.688252472
1.687640212
1.656052209
1.648205775
1.654421948
1.651966206
1.657004884
1.650119104
1.649701057
1.648119325
1.658113627
1.660913422
1.668625315
1.667506318
1.671338059
1.663800437
1.664566201
1.658207936
1.673904187
1.675058752
1.677348558
1.678356399
1.680500719
1.682368964
1.683240473
1.684973425
1.690919624
1.691112796
1.686383812
1.646682619
1.645782421
1.645842838
1.646793644
1.64492972
1.644211121
1.644246374
1.643480387
1.643160241
1.642446432
1.642840032
1.642501601
1.642395886
1.643552197
1.644343696
1.645986132
1.647011406
1.690388214
1.690646845
1.687977129
1.688820616
1.68926206
1.689880601
1.686937348
1.68624543
1.650591805
1.645821279
1.644739604
1.684856166
1.651527235
1.649195164
1.647647577
1.652499148
1.646034219
1.645777019
1.644798851
1.655047477
1.657840507
1.666171313
1.663140552
1.661770575
1.669086472
1.658929338
1.65148008
1.67032616
1.673206317
1.674209953
1.67691803
1.679283123
1.680327624
1.68235846
1.684122664
1.690905289
1.644118995
1.644051124
1.643673315
1.643491823
1.643148609
1.642863349
1.642543326
1.641754084
1.642278627
1.641353833
1.641121463
1.640955647
1.640995945
1.64135417
1.641992333
1.642597289
1.643595466
1.690165569
1.690586057
1.686575742
1.687710061
1.688333584
1.689239224
1.685206048
1.684277821
1.647054184
1.646739866
1.645947937
1.644918811
1.68252736
1.647357514
1.647900398
1.645608817
1.645878377
1.644680594
1.649891729
1.644186665
1.644056885
1.644025625
1.652242966
1.653344937
1.663779115
1.660599658
1.657328975
1.656084124
1.665586278
1.646921756
1.669163341
1.672338998
1.675465822
1.67683053
1.679292701
1.681449512
1.690583425
1.644357539
1.644163857
1.644588794
1.644079578
1.644374246
1.644723046
1.644063571
1.643971123
1.642919372
1.643070004
1.643518616
1.642761748
1.643592799
1.643836706
1.645001942
1.689691142
1.686235064
1.684728709
1.687165637
1.688455947
1.682904117
1.681765803
1.646547867
1.651541494
1.651242477
1.6505543
1.652053777
1.679567167
1.645118246
1.644817241
1.646199325
1.644367188
1.644491659
1.644634446
1.647793058
1.645426591
1.645462458
1.646784482
1.648551996
1.651007193
1.658235637
1.660154771
1.654994223
1.651823057
1.663863504
1.646229025
1.667645316
1.670968421
1.672687711
1.675601264
1.678192729
1.69003335
1.647575482
1.648912729
1.648259291
1.649325003
1.650647804
1.649315359
1.649765589
1.648282213
1.649183334
1.65050098
1.64916965
1.649700558
1.651030244
1.688813876
1.68429785
1.685531684
1.682314531
1.687210993
1.679957002
1.678694636
1.649381619
1.660123719
1.657274664
1.660211001
1.663124328
1.662556677
1.675981653
1.644828955
1.645147412
1.645275648
1.645236926
1.646473953
1.646253331
1.648115463
1.645737751
1.650300329
1.650568902
1.65243348
1.647395897
1.652863969
1.654804244
1.658485123
1.649740012
1.662488142
1.650215766
1.666145919
1.667981883
1.67132473
1.674389175
1.689220312
1.654864491
1.656989564
1.656208942
1.658257292
1.660570589
1.658214682
1.660498984
1.658166821
1.659856815
1.661997401
1.659719623
1.660983276
1.687534399
1.68342846
1.681801962
1.685561571
1.679075536
1.675894486
1.668989917
1.671892379
1.664538281
1.676059128
1.676494125
1.675053585
1.672271942
1.675468762
1.646679144
1.645446432
1.648865181
1.649175338
1.645200952
1.652306272
1.651971353
1.655321196
1.645217192
1.658778895
1.658901975
1.661918641
1.646381865
1.650023982
1.648352855
1.653299254
1.657186268
1.660988377
1.659213443
1.662879228
1.666501132
1.670014003
1.688027183
1.66530261
1.668025763
1.667380636
1.67019811
1.67114239
1.673320817
1.671567233
1.673994614
1.676430443
1.673893119
1.685896579
1.680802243
1.683482027
1.678688413
1.671640967
1.679042019
1.682744711
1.68783872
1.674876187
1.689328188
1.689551831
1.687291888
1.667658011
1.671398561
1.675140585
1.649222846
1.652666032
1.647973979
1.656066234
1.645958397
1.660396973
1.661590911
1.665837144
1.645137133
1.669848343
1.66998109
1.673418287
1.645644203
1.64651089
1.648888157
1.652131919
1.6558574
1.65738587
1.67054459
1.660945518
1.665045878
1.686353296
1.677223545
1.679982106
1.67965125
1.681486163
1.684265542
1.686683915
1.685824559
1.689007599
1.690907412
1.683825046
1.680916587
1.677640349
1.667034258
1.691386539
1.687561709
1.695748784
1.697634781
1.683961732
1.698554808
1.698829545
1.662661729
1.67114053
1.666857307
1.673960255
1.656732179
1.654389169
1.661161539
1.650231472
1.666492358
1.646953616
1.671444773
1.673082453
1.678056783
1.64537554
1.681712795
1.680893264
1.684885926
1.645084165
1.6458785
1.648205628
1.651565459
1.65452012
1.681399015
1.65945869
1.684097015
1.687629873
1.689902135
1.689895927
1.69197588
1.694495033
1.696519881
1.696823584
1.69923328
1.681263
1.677854971
1.662159378
1.697906577
1.695060259
1.693249748
1.699393341
1.700464623
1.690535723
1.70089281
1.700330036
1.657642613
1.669567512
1.666690083
1.662095963
1.674293918
1.689131206
1.666710616
1.663935574
1.657994785
1.672079022
1.652536532
1.677749562
1.648349047
1.682305747
1.684242055
1.688677877
1.646773739
1.68987434
1.691778641
1.645085744
1.645493467
1.647488684
1.649747799
1.654457313
1.689513148
1.681178286
1.693381266
1.694680185
1.695447262
1.696815712
1.698170262
1.699240518
1.700284699
1.678260074
1.657327973
1.694510912
1.692532558
1.694301581
1.693032889
1.69487606
1.694818594
1.691670969
1.692936821
1.695371136
1.652913942
1.6629543
1.666205144
1.670686861
1.657712872
1.674985619
1.677670288
1.675076307
1.668351583
1.6609034
1.682599237
1.654010142
1.686970724
1.689699958
1.69071551
1.691979157
1.64722449
1.65141541
1.692359013
1.692378641
1.645145232
1.645180351
1.646383377
1.650018211
1.690152288
1.691412483
1.677566562
1.692079843
1.69165569
1.693604316
1.693177565
1.693197013
1.693372914
1.65283276
1.683512838
1.687030149
1.682441433
1.682973101
1.688050946
1.682400782
1.679498889
1.682944117
1.68026062
1.648891438
1.661696252
1.658051892
1.666589281
1.671710632
1.653257276
1.680682901
1.685618995
1.686501713
1.679489285
1.671995576
1.664266303
1.689733374
1.659679153
1.691071376
1.690966602
1.690722665
1.687635489
1.653097592
1.647929873
1.687139304
1.685292218
1.645362885
1.644965032
1.646658847
1.684598805
1.688342628
1.673238551
1.683066453
1.683136134
1.679552138
1.681758356
1.680741268
1.649037217
1.668822903
1.671254997
1.676757776
1.667898275
1.666860384
1.663490894
1.667105929
1.663266254
1.664424847
1.646130877
1.662101418
1.657264997
1.653749002
1.667414162
1.649673519
1.665786065
1.671116132
1.650202086
1.690765611
1.691193064
1.688032449
1.682861495
1.675887394
1.670822275
1.690608424
1.662651357
1.688293791
1.684908251
1.683213958
1.676421196
1.65458723
1.64892571
1.675106282
1.67169345
1.646411826
1.645137767
1.676404442
1.681116968
1.668395966
1.667419679
1.664948683
1.667055698
1.665795924
1.646822757
1.653651169
1.655483272
1.65895646
1.652000684
1.648308108
1.649582476
1.650065235
1.648508842
1.646100212
1.649683859
1.645835011
1.645786732
1.66282854
1.657728609
1.653253999
1.647326951
1.649310946
1.655598168
1.661539689
1.649991359
1.647900518
1.692286879
1.690692456
1.688852418
1.690864889
1.68658347
1.68257045
1.674568613
1.684544311
1.664913673
1.678720814
1.672221914
1.669767082
1.661143182
1.6564858
1.65216694
1.659449152
1.655407693
1.647461242
1.667398121
1.671581506
1.663232993
1.651409914
1.649108614
1.650725401
1.646321656
1.640802917
1.64261662
1.644951697
1.637876297
1.637789895
1.637910707
1.63593681
1.636353449
1.637420906
1.638203998
1.647672072
1.649400366
1.658265716
1.653765361
1.646960852
1.639732696
1.642508122
1.647604419
1.65293643
1.650332835
1.648169864
1.647699758
1.689500351
1.693213526
1.683807809
1.67982622
1.693424674
1.691888044
1.686406904
1.677442604
1.672753579
1.667550576
1.665158204
1.656573468
1.657283193
1.65143904
1.645499843
1.661814018
1.654296081
1.644662822
1.641439167
1.657630248
1.659768538
1.661461821
1.658070538
1.638594556
1.63711585
1.648775331
1.633570698
1.635005658
1.636461404
1.6330678
1.632765617
1.632217042
1.631992974
1.631948018
1.632073375
1.63186375
1.653306031
1.657022349
1.653943757
1.649640094
1.637349541
1.635906735
1.639232107
1.64258906
1.646643719
1.648626985
1.65053289
1.648915454
1.650564718
1.635643922
1.680036121
1.688357275
1.693766661
1.671397462
1.666223405
1.695763017
1.69474699
1.689735372
1.680466995
1.657882864
1.674362269
1.649601355
1.643436229
1.642078782
1.638046097
1.635092359
1.664970744
1.634739386
1.633136432
1.649528373
1.647967326
1.653255889
1.653373084
1.632127281
1.655069138
1.635101253
1.634731923
1.634609022
1.63426468
1.635240547
1.634672839
1.63389203
1.633308575
1.633722072
1.632728327
1.662937616
1.668332621
1.650622856
1.656189981
1.63873197
1.638170092
1.639442841
1.639513551
1.640728725
1.64302163
1.649552215
1.648918485
1.652922981
1.65715812
1.639805716
1.666040021
1.677048598
1.665981468
1.686831484
1.691919516
1.656545062
1.651208617
1.696643473
1.697398153
1.69138218
1.696688959
1.687298574
1.643702718
1.678096679
1.637712553
1.634173466
1.633538862
1.632140257
1.631850362
1.63184533
1.632225693
1.643058939
1.643952095
1.646755742
1.649503906
1.665262918
1.64162196
1.641444074
1.641073505
1.643091408
1.642991683
1.642005162
1.64099578
1.642147823
1.64003343
1.637583487
1.675559813
1.681811386
1.66688361
1.643147945
1.643732753
1.646503109
1.647843418
1.642663314
1.641652954
1.64231618
1.653194025
1.649129125
1.660214086
1.651418465
1.67020851
1.676106759
1.677531671
1.638812264
1.673975479
1.661494333
1.651095798
1.681128065
1.690472487
1.642408225
1.638816666
1.696935862
1.699386817
1.699431156
1.697614907
1.690972078
1.634323856
1.632078399
1.631995429
1.632276373
1.633745095
1.635890401
1.635934795
1.643100938
1.644016015
1.643196268
1.643819059
1.648231282
1.678175491
1.651464511
1.651302737
1.654312945
1.653202751
1.654126043
1.652972989
1.654846641
1.652365597
1.64920488
1.649921431
1.689427817
1.69430932
1.682164108
1.651307061
1.649604967
1.655968046
1.65686439
1.662135558
1.648094212
1.645521823
1.660145843
1.65230818
1.662798853
1.681574279
1.66976869
1.688300142
1.68882317
1.646704283
1.6596537
1.6661066
1.6492008
1.64517125
1.637965619
1.677814644
1.688447379
1.63353703
1.632322399
1.694086955
1.700097438
1.70190719
1.700282949
1.631894918
1.633766981
1.636790725
1.63805214
1.641931717
1.646114287
1.6452676
1.647927304
1.650639909
1.644635254
1.643839831
1.650462044
1.692205891
1.662958919
1.666609192
1.665991334
1.664956799
1.669069357
1.666765057
1.669353132
1.666926885
1.663842995
1.664420863
1.660715295
1.699829124
1.702109285
1.694346305
1.659712401
1.665268959
1.657131763
1.668689781
1.673041095
1.654939776
1.658601865
1.674194819
1.69132379
1.680655098
1.667999525
1.697604029
1.696624473
1.660587193
1.64471721
1.650333652
1.661803348
1.637351292
1.634698108
1.631913378
1.674192549
1.681566713
1.631997162
1.633085944
1.692473618
1.697363771
1.702455488
1.636881794
1.641509523
1.647760592
1.649369582
1.654969014
1.653795988
1.649312079
1.656449207
1.662234533
1.64810234
1.646649939
1.656967419
1.701078298
1.677954893
1.678177418
1.678051273
1.681467633
1.68137542
1.683423806
1.6813812
1.678773092
1.68017023
1.67538621
1.676409168
1.703349375
1.702155999
1.701390456
1.66803272
1.673787453
1.677438098
1.665103555
1.68039688
1.683493321
1.687239936
1.690360329
1.697943071
1.678920375
1.667793098
1.700638568
1.670443356
1.634622272
1.637648846
1.646332555
1.657639064
1.631749182
1.631594009
1.633458691
1.666760665
1.682354069
1.637603807
1.640027152
1.694965016
1.648144839
1.646429191
1.655161365
1.662325183
1.66395541
1.665743259
1.660462776
1.65467289
1.672227646
1.653043636
1.651655018
1.667092848
1.702699123
1.688175089
1.68891186
1.691956351
1.692609182
1.695154109
1.69377827
1.691984811
1.693008454
1.689583567
1.685895079
1.698587778
1.693349788
1.701140881
1.681602591
1.675936539
1.685161756
1.687966554
1.690523689
1.694156119
1.695471837
1.694603244
1.685167613
1.695287323
1.697563758
1.679487399
1.631760375
1.631841148
1.635410502
1.642954722
1.650280663
1.633870213
1.635968691
1.641721494
1.664800655
1.680695981
1.648917691
1.652674303
1.660193583
1.663084139
1.670535101
1.677674319
1.677696536
1.672618267
1.667064023
1.66070742
1.682951695
1.658743603
1.658060504
1.678499667
1.696384995
1.696752068
1.699973053
1.700204235
1.703211633
1.702920338
1.702071554
1.70321064
1.701163231
1.697550986
1.693458331
1.686540783
1.678719086
1.693715086
1.688474926
1.691805026
1.693997429
1.696228223
1.699073408
1.700334428
1.701691824
1.69334278
1.690942204
1.68719966
1.688416577
1.691800165
1.634646637
1.631919757
1.633946238
1.638179672
1.648786332
1.641546919
1.646349642
1.654917125
1.663796598
1.664018879
1.667778622
1.675610633
1.678687506
1.685542981
1.684472023
1.689106338
1.679462787
1.673787725
1.667114045
1.69448307
1.664839672
1.669956928
1.665156888
1.687344131
1.683565929
1.704352816
1.706173406
1.708028361
1.70844499
1.709704529
1.709019818
1.706925956
1.703965166
1.703069325
1.670584283
1.662215722
1.680599511
1.697400209
1.699448902
1.700176437
1.702639657
1.703412483
1.704335435
1.70619079
1.69179664
1.687292809
1.675438818
1.675985637
1.698300096
1.644457109
1.636463948
1.632680025
1.632911943
1.637740278
1.648337733
1.654438098
1.660760387
1.671372355
1.680074377
1.682495346
1.690285072
1.692597121
1.690347891
1.694936196
1.69973916
1.685735939
1.680034931
1.673429913
1.70207197
1.678944372
1.675689065
1.671864456
1.691107789
1.666687428
1.707918885
1.709628759
1.711180468
1.712587252
1.713120015
1.712529125
1.711088896
1.710668524
1.707743075
1.65429131
1.647860316
1.66434023
1.703522623
1.704424445
1.705348589
1.705565652
1.706601499
1.707904127
1.687982564
1.678318422
1.662112854
1.664392982
1.703526534
1.668649628
1.65784176
1.646591838
1.638418068
1.634872506
1.633555754
1.63817444
1.669294966
1.676999939
1.688926041
1.694836946
1.701114922
1.69574515
1.698845972
1.704176461
1.70584714
1.690901916
1.685318695
1.706769884
1.689269229
1.683568864
1.680297097
1.67750122
1.688900794
1.648840901
1.709575742
1.711263183
1.712647728
1.713999276
1.714711832
1.71440789
1.714581196
1.713367113
1.71078494
1.639887853
1.65134505
1.706988532
1.70701589
1.706398303
1.706563585
1.70712106
1.708313837
1.681841154
1.65103269
1.65433876
1.708973542
1.672999596
1.659032977
1.672137643
1.659825878
1.648847223
1.642656497
1.635891411
1.634501817
1.683234636
1.690240559
1.70040702
1.704749271
1.703301154
1.699399413
1.70855696
1.707497953
1.709257951
1.694491872
1.709110989
1.691733915
1.69631607
1.686424883
1.683668536
1.681699195
1.682003025
1.639646487
1.70985828
1.710952031
1.712712378
1.714188972
1.715071293
1.715088993
1.714282488
1.713077861
1.63568673
1.642592703
1.708594054
1.707292464
1.706663986
1.706377223
1.706845771
1.707980655
1.643616014
1.646959945
1.710535667
1.665485841
1.651902422
1.673405634
1.684852866
1.661563385
1.654650509
1.643450503
1.636563805
1.694534128
1.700279941
1.707559917
1.704890445
1.700907057
1.709767853
1.710641345
1.707668413
1.710538096
1.709814101
1.694071564
1.697044007
1.6908719
1.70081994
1.68818603
1.685906506
1.684561023
1.672121175
1.636922451
1.70841027
1.710341549
1.712089531
1.713396698
1.713878073
1.714478821
1.713977084
1.712813892
1.637424436
1.63870669
1.708266726
1.707081036
1.70606916
1.705801299
1.706433702
1.640218033
1.643489646
1.711016568
1.657036023
1.646671467
1.672117733
1.68435862
1.694730906
1.653075805
1.664276249
1.64322586
1.70244669
1.70664785
1.704545232
1.710524639
1.708978947
1.710865512
1.70589324
1.710289694
1.709094572
1.693795632
1.696330359
1.699370024
1.691581315
1.702649867
1.689502922
1.687538725
1.68641288
1.688572194
1.662019502
1.639110386
1.707931691
1.706172524
1.70954071
1.71088961
1.71148776
1.712820423
1.712745531
1.712503383
1.711606665
1.643389304
1.639380491
1.707609562
1.706176114
1.705314388
1.705256896
1.641464591
1.641061801
1.642180609
1.709712079
1.650244214
1.643746516
1.675553249
1.683643283
1.693485735
1.701440835
1.652500021
1.664120345
1.706928289
1.708750706
1.709767769
1.70649681
1.709528075
1.70281052
1.709212206
1.70835306
1.693236181
1.694891641
1.697096241
1.699764058
1.691779337
1.690280719
1.689776566
1.688060233
1.691030674
1.653280854
1.644988007
1.707313728
1.706054705
1.704920727
1.708440412
1.708999085
1.710374813
1.71050263
1.710751774
1.710375377
1.710164518
1.651857885
1.645562845
1.707110364
1.706162999
1.705158873
1.704680412
1.643243486
1.646331138
1.643265159
1.709093722
1.645731857
1.643259243
1.684933949
1.674658674
1.691937605
1.699482995
1.704907609
1.6627815
1.707753324
1.705495093
1.707216021
1.707301667
1.702600021
1.707628171
1.699091263
1.70738276
1.706383816
1.692898703
1.693690733
1.694896472
1.696684389
1.692011486
1.691210922
1.692121765
1.689933922
1.692676285
1.646992922
1.653718632
1.70571739
1.706545535
1.704897066
1.704240468
1.706974878
1.708068873
1.708171906
1.708622651
1.708475892
1.708743542
1.708630721
1.661300703
1.653312226
1.705585441
1.704812189
1.704269086
1.647600708
1.652656312
1.64645003
1.643711782
1.645018521
1.644030285
1.683464559
1.692059092
1.672582393
1.697638947
1.702928902
1.7062124
1.707466921
1.701171641
1.703560797
1.703954095
1.704835888
1.698052911
1.705223474
1.695677364
1.704478179
1.704206734
1.693229343
1.693139126
1.693451012
1.694209261
1.692879804
1.693555357
1.693857598
1.692108525
1.694139473
1.643666844
1.662455961
1.705262136
1.704665709
1.70551168
1.704077769
1.703499136
1.706082974
1.706503977
1.706418785
1.706867471
1.706830781
1.707226368
1.70754392
1.670329902
1.661273814
1.703778775
1.703453878
1.653324797
1.659747257
1.651206336
1.648961278
1.645560025
1.690453539
1.681107907
1.6974001
1.70142937
1.704845451
1.706620622
1.706951665
1.699461844
1.696687015
1.700066015
1.701262219
1.702134852
1.694543966
1.701621402
1.693335919
1.701810428
1.701834982
1.693161034
1.693672865
1.692919101
1.695096289
1.694476679
1.695340365
1.695598478
1.694186872
1.694988822
1.643981563
1.670825689
1.704278863
1.704499622
1.703686918
1.704945973
1.702969004
1.70209419
1.705302518
1.70535546
1.705669281
1.705805588
1.706219492
1.706658481
1.678566354
1.669047815
1.70184253
1.660086492
1.667237567
1.657804444
1.65638068
1.652862011
1.649008992
1.688598463
1.696393185
1.701474049
1.704017479
1.706046693
1.706818163
1.706760774
1.69640592
1.695740308
1.693663844
1.697597051
1.698615137
1.698426996
1.692682777
1.698742199
1.692493546
1.699053097
1.699373586
1.69416896
1.693763685
1.692941011
1.696317277
1.696664866
1.695620099
1.696945431
1.696499128
1.695993381
1.6952369
1.695712178
1.646847975
1.678360858
1.703070246
1.703367851
1.70396221
1.702134672
1.704443592
1.700817414
1.699847169
1.704611298
1.705019335
1.705307781
1.705792745
1.706297703
1.684754607
1.67655929
1.667777588
1.674689836
1.665636874
1.662917902
1.659067889
1.654182225
1.692039565
1.696355523
1.701284137
1.704582185
1.706054452
1.707132127
1.707319306
1.707041977
1.694575896
1.693764847
1.693335066
1.692477796
1.695443071
1.695323081
1.695962325
1.692484777
1.695921556
1.693072552
1.696361178
1.69690589
1.695213557
1.694107015
1.69728201
1.696731009
1.697581304
1.697545824
1.697106068
1.69597297
1.695224701
1.694779751
1.696732868
1.651991522
1.685242441
1.701632121
1.701168787
1.702554679
1.703352156
1.699424939
1.70370023
1.697853935
1.704407389
1.704885445
1.705620362
1.70632953
1.690943045
1.683659829
1.67514559
1.68175508
1.672678882
1.669646024
1.665658574
1.660026553
1.665385237
1.69758305
1.701180245
1.704889475
1.707197329
1.707917748
1.708397208
1.708271825
1.707398148
1.69332986
1.692930822
1.692752185
1.692606248
1.692899957
1.693200001
1.69342829
1.693664882
1.693614464
1.693392481
1.692947896
1.694632892
1.6937534
1.694552183
1.695783042
1.697036751
1.696758844
1.697540871
1.697680117
1.697552977
1.693907048
1.694979871
1.693033956
1.692569683
1.69710971
1.658570737
1.691723829
1.699057031
1.700374759
1.698354126
1.701599378
1.702114428
1.696035598
1.703306037
1.703949499
1.705146717
1.706271806
1.696709111
1.690199172
1.681908318
1.688364522
1.679280021
1.676013117
1.672077138
1.670406951
1.702339733
1.705166832
1.707903564
1.709407476
1.709596321
1.709673049
1.708740883
1.707236938
1.692554583
1.692790123
1.693171062
1.693292761
1.693630361
1.694477101
1.692231821
1.691938018
1.691283932
1.695377162
1.691001646
1.690947081
1.696324819
1.69145545
1.692661418
1.695172194
1.696138479
1.696938769
1.697087718
1.697407774
1.690461271
1.69231937
1.692242123
1.690269111
1.689258647
1.697303457
1.665725874
1.69750656
1.695733819
1.697362596
1.699000757
1.694976704
1.699921824
1.701830651
1.703701412
1.705550269
1.70159733
1.696624904
1.687902968
1.694040875
1.685035939
1.681647804
1.678102268
1.675923069
1.706003849
1.70825075
1.710153537
1.710937314
1.710759167
1.709935252
1.708220855
1.706112858
1.693290495
1.692505513
1.693655734
1.694701181
1.694903324
1.695485714
1.69622607
1.691705935
1.690952552
1.690040605
1.696840666
1.689205338
1.689356575
1.689836923
1.691619588
1.693382659
1.694801774
1.695160237
1.696208646
1.69690611
1.687662439
1.68923476
1.689760355
1.687889418
1.686459695
1.696929281
1.697271406
1.672367401
1.703758467
1.692259654
1.693724841
1.695715217
1.696847631
1.699062694
1.701442435
1.703793201
1.701209017
1.692642356
1.697975604
1.689554318
1.686211399
1.682716961
1.680532446
1.708252581
1.710232477
1.711289789
1.711308338
1.710736508
1.708867491
1.706515084
1.703889924
1.693933839
1.694944715
1.692804939
1.695334454
1.696480719
1.696604359
1.696995974
1.697261904
1.691997884
1.690603897
1.689258677
1.688332249
1.688098028
1.688658808
1.689422751
1.691666089
1.692224858
1.693668927
1.694929117
1.695268642
1.687208028
1.686459695
1.686459695
1.687145364
1.688891023
1.696255366
1.69702157
1.677840742
1.706398413
1.690145919
1.692229568
1.693570009
1.695856914
1.698488216
1.701166024
1.703464049
1.695740186
1.699998934
1.692623823
1.689457694
1.686102728
1.683908238
1.709409161
1.71073865
1.710812447
1.710093358
1.709198569
1.706490054
1.703691204
1.700809719
1.694700918
1.695866278
1.696730894
1.693979261
1.697021027
1.697588554
1.69753625
1.697423222
1.692324162
1.690622053
1.688995974
1.687989223
1.687627664
1.687837351
1.688224501
1.689040104
1.690580648
1.692006592
1.692478646
1.693881121
1.686459695
1.686459695
1.68697826
1.695267437
1.69639368
1.681844852
1.707078438
1.689695065
1.690828525
1.692826303
1.695305317
1.69797719
1.703954805
1.69722829
1.700537708
1.694642166
1.691407867
1.688251116
1.686127231
1.708790592
1.709441051
1.708144093
1.707284238
1.705607782
1.702877511
1.700158773
1.697396306
1.695993938
1.696579233
1.697437158
1.697759317
1.694644467
1.697798238
1.697422381
1.697128259
1.693102097
1.69235079
1.690687702
1.689293517
1.688284625
1.687835514
1.687937799
1.688403116
1.686874154
1.687967441
1.688962405
1.689431924
1.690771621
1.692399433
1.686459695
1.69397333
1.695282574
1.684563229
1.705932314
1.689223287
1.690631858
1.692583588
1.694855175
1.702464003
1.698596359
1.695216893
1.692140485
1.689488502
1.68771662
1.706512318
1.706628846
1.704340942
1.703460194
1.701459887
1.69905358
1.696702443
1.694344462
1.697178447
1.696390089
1.697552269
1.697535635
1.697360882
1.69525146
1.69682943
1.695676124
1.694509396
1.693062356
1.69150353
1.690161708
1.689237033
1.689086035
1.688599281
1.689074203
1.686911839
1.686459695
1.687029243
1.687834782
1.689215502
1.690585609
1.692374256
1.692853355
1.686406938
1.688660545
1.703376358
1.689781804
1.690878658
1.692472396
1.700139523
1.69707737
1.694411426
1.692132992
1.690175414
1.703097774
1.702841215
1.700164792
1.699400076
1.697618141
1.695772969
1.694189792
1.69220255
1.692881123
1.696913836
1.69697175
1.696438177
1.69699473
1.695855636
1.695426876
1.695904749
1.694291349
1.694986001
1.693812083
1.692542003
1.69147964
1.691180596
1.690081887
1.690315006
1.690360122
1.686459695
1.686459695
1.687103911
1.687359935
1.689237796
1.689739656
1.691158782
1.688111674
1.690459945
1.691007508
1.700117057
1.69067309
1.691273409
1.697476218
1.695238933
1.693525559
1.692137052
1.699269772
1.698802439
1.69648684
1.695904785
1.694655856
1.693551998
1.692753624
1.691892769
1.692290883
1.696192721
1.695915649
1.695267002
1.695964716
1.695009115
1.693017826
1.692488093
1.69571709
1.695254442
1.694559914
1.693724611
1.693558885
1.692670295
1.692176714
1.692026935
1.692569639
1.691797317
1.686459695
1.686459695
1.687342678
1.687224418
1.688364767
1.689353976
1.690117008
1.691836697
1.692337957
1.692665551
1.696886946
1.691709445
1.695108254
1.693893581
1.693163999
1.695815753
1.695433742
1.693947079
1.693635182
1.693086357
1.692813768
1.692859825
1.692913622
1.693073645
1.69448361
1.694456769
1.693515404
1.692441889
1.69505455
1.692055288
1.689862013
1.695217916
1.695321815
1.695117528
1.695082929
1.694748146
1.694375678
1.694576232
1.694251715
1.69371616
1.69323744
1.686459695
1.687135394
1.687249731
1.693544287
1.692376272
1.69369059
1.693684433
1.693547936
1.694484953
1.693675743
1.693467194
1.695239954
1.693743198
1.693631368
1.693165524
1.69291548
1.692922884
1.693087314
1.693540378
1.694148768
1.694696042
1.694672272
1.692931194
1.691880366
1.691677779
1.690315132
1.689251482
1.693782645
1.689106189
1.694139933
1.69498436
1.695216645
1.695532626
1.69566014
1.695928685
1.695927599
1.69566767
1.695185455
1.686459695
1.686459695
1.68696609
1.695109515
1.694391574
1.695108817
1.694686052
1.694076617
1.693301217
1.693506134
1.696544716
1.696552848
1.693080571
1.69298982
1.693090734
1.693506595
1.693684281
1.694448465
1.69519982
1.695806505
1.696441441
1.696446749
1.690052119
1.691225269
1.689041173
1.688733686
1.687398256
1.691678162
1.693410489
1.693883856
1.694811085
1.695555535
1.695960618
1.69650654
1.696782563
1.696727962
1.686459695
1.686459695
1.696334282
1.695801881
1.695463335
1.696175292
1.695423911
1.694457015
1.693574974
1.69748706
1.697152242
1.69741363
1.693800694
1.6938054
1.694333654
1.695033993
1.695378164
1.696445121
1.696785314
1.697248076
1.697459926
1.697354793
1.68852797
1.687452974
1.68892267
1.68693173
1.686982567
1.690912073
1.691471604
1.692750499
1.693991261
1.69455033
1.695613574
1.696532908
1.697128006
1.686459695
1.696350556
1.695283444
1.694802627
1.696908523
1.696004956
1.694875444
1.697425591
1.69784423
1.69664027
1.697828649
1.695340561
1.695390218
1.696026046
1.696659625
1.696916832
1.697542431
1.697612813
1.697536654
1.697133343
1.696859019
1.686819981
1.686779167
1.686459695
1.688323856
1.688770121
1.689971317
1.691410933
1.691947247
1.693466993
1.694708717
1.695881433
1.694993735
1.693172363
1.692473851
1.697415269
1.696494816
1.69606953
1.697040457
1.697686553
1.697893837
1.689189185
1.696865905
1.696939678
1.697330039
1.697558875
1.697604055
1.697271714
1.697075022
1.696363936
1.695352371
1.694768498
1.686459695
1.686459695
1.686762409
1.686793363
1.687407905
1.688664798
1.689072398
1.690451947
1.691953868
1.692837055
1.693469416
1.692118071
1.690244954
1.69756471
1.697872137
1.694989918
1.696214709
1.697207487
1.687692286
1.686459695
1.697686958
1.697648409
1.697520155
1.697141589
1.696904116
1.69557807
1.695135983
1.693928396
1.692520528
1.691929093
1.686459695
1.686459695
1.686843757
1.686948382
1.687639086
1.689004986
1.68964799
1.692024946
1.689966488
1.689470874
1.68775102
1.697639981
1.69703971
1.693657558
1.695217962
1.686459695
1.687515595
1.697171329
1.696975384
1.696112338
1.695215098
1.694750537
1.69281294
1.692238942
1.690771372
1.689343548
1.689127748
1.686459695
1.686459695
1.686979238
1.687151955
1.689128912
1.690702212
1.687347671
1.686459695
1.696262976
1.694921716
1.692410684
1.695253995
1.694765973
1.692968937
1.692303319
1.691075017
1.689557501
1.689208419
1.687874613
1.687135886
1.687102509
1.686459695
1.686459695
1.687081695
1.687719094
1.689302432
1.686459695
1.693729959
1.691969675
1.692368804
1.691877007
1.689729411
1.689196204
1.687885657
1.687156924
1.687121218
1.686459695
1.686459695
1.686459695
1.687020096
1.688983894
1.690669822
1.68920619
1.689072154
1.687178024
1.687083488
1.686459695
1.686459695
1.686459695
1.68697072
1.688074703
1.686967683
1.687079267
1.686459695
1.686459695
1.686459695
1.686459695
