1.884686518
1.878906692
1.908933243
1.894322121
1.87110293
1.868345166
1.911496109
1.898789883
1.878936099
1.914943278
1.872003705
1.92435638
1.872850451
1.868882354
1.891904102
1.91298344
1.867947884
1.914126279
1.908813604
1.891815771
1.878489685
1.916904228
1.916030826
1.925017586
1.932772414
1.918038287
1.875543234
1.874321126
1.869703018
1.872376799
1.885845815
1.910511511
1.876891042
1.920755393
1.917840542
1.906104999
1.913969485
1.892169208
1.917364363
1.917501406
1.919951868
1.923538782
1.928006666
1.848956737
1.85726699
1.873000654
1.880114763
1.851558362
1.887448876
1.888902717
1.902111718
1.919540045
1.922868064
1.924042987
1.919411189
1.932109992
1.921714073
1.925397494
1.930596704
1.934383072
1.93940589
1.947989284
1.943309404
1.819855598
1.822964905
1.85519194
1.862218585
1.880353011
1.896267714
1.832467922
1.913318971
1.933011749
1.924400231
1.926702781
1.930924058
1.935818445
1.943698406
1.931720042
1.935700639
1.935863738
1.936846725
1.941938518
1.950713096
1.945308133
1.954834122
1.958884909
1.801617427
1.79592121
1.813744072
1.843231701
1.873016876
1.899208947
1.922597607
1.817397993
1.947726443
1.934090186
1.929957808
1.935124001
1.937309004
1.943056236
1.946231999
1.954166347
1.940856888
1.941476857
1.943966522
1.948758679
1.953114027
1.958591259
1.959496668
1.957955731
1.961845496
1.963679089
1.968768566
1.790220473
1.781526078
1.786315212
1.85519915
1.829945202
1.887326168
1.914671641
1.950750281
1.80881323
1.938899491
1.944891156
1.940787992
1.944126645
1.94809404
1.954341841
1.959472783
1.954820399
1.950343722
1.954465123
1.962327586
1.965281328
1.97250226
1.969229139
1.966854579
1.967294535
1.968082
1.970362806
1.968897501
1.964927743
1.914931016
1.953523419
1.946622951
1.785522145
1.775677903
1.774152246
1.836621015
1.868098927
1.812170988
1.900330091
1.939170243
1.795328627
1.949869648
1.950601328
1.956699836
1.95311436
1.959184743
1.958733837
1.964278338
1.96650968
1.958144032
1.946841559
1.962381954
1.969309397
1.97772439
1.979308357
1.978660507
1.978680373
1.973553013
1.972507054
1.970106468
1.959335841
1.951255458
1.898312523
1.917788525
1.932686063
1.946757985
1.941382044
1.894485137
1.780079442
1.777667326
1.7730275
1.858008466
1.825844061
1.883025165
1.801629257
1.918111057
1.787419351
1.963471013
1.962356248
1.961183489
1.967162325
1.965657468
1.966769524
1.969130953
1.967609843
1.960575814
1.938035159
1.919620832
1.973227218
1.977701706
1.97964194
1.980481602
1.977849245
1.975418813
1.971084164
1.966669876
1.958332642
1.949289943
1.943179962
1.891772778
1.903458313
1.937604253
1.925471458
1.940459013
1.896520675
1.90503209
1.911385778
1.779637591
1.779725707
1.782948985
1.861446755
1.839890468
1.812309098
1.891999106
1.791419087
1.782244286
1.973749351
1.971448335
1.971705113
1.967376221
1.974787184
1.974673981
1.977237306
1.948418624
1.928900355
1.901165538
1.885041813
1.976162623
1.97359557
1.973403566
1.966753426
1.963487265
1.960199507
1.954898363
1.953762947
1.946473987
1.940622937
1.937973847
1.894661892
1.889598225
1.912007436
1.935609891
1.927864298
1.898128451
1.908050916
1.908999169
1.910794518
1.780380122
1.783745381
1.912592125
1.783901131
1.866641527
1.84746269
1.825481273
1.801692215
1.787029628
1.780615342
1.981101911
1.981550247
1.980400795
1.974676608
1.948433069
1.980048722
1.977382122
1.972018763
1.913917574
1.894394372
1.869223717
1.857756388
1.965972295
1.965633094
1.959053783
1.954347598
1.951040978
1.946806962
1.943859517
1.937761208
1.935628151
1.932802118
1.887766561
1.900231883
1.886967103
1.917157142
1.925292911
1.899133653
1.905382604
1.920157407
1.779920689
1.789473502
1.787436144
1.919146112
1.789603055
1.848580733
1.832058498
1.813567023
1.793855635
1.782880224
1.778940015
1.983221481
1.98459204
1.975180062
1.980477626
1.958492166
1.912103923
1.975369437
1.969511387
1.960816749
1.869846453
1.844426841
1.835640371
1.957635919
1.953485984
1.949225926
1.946306605
1.942257869
1.939898219
1.935180168
1.934533834
1.93247766
1.891957744
1.880247929
1.906477669
1.884702256
1.918778815
1.922849233
1.894166746
1.912008199
1.933910373
1.935251468
1.777748829
1.788107477
1.934437399
1.937660011
1.928636342
1.786400362
1.828463469
1.81414954
1.80069122
1.787644867
1.782775878
1.777869834
1.973988415
1.981112262
1.978197393
1.953781404
1.97481607
1.925495611
1.878118054
1.969120163
1.961061797
1.955554949
1.843600004
1.820415996
1.814647875
1.95357234
1.94780389
1.945528258
1.940690442
1.934685457
1.932250134
1.928779474
1.909557979
1.887627759
1.87432402
1.879470213
1.918412116
1.920325657
1.909125623
1.928394907
1.940399302
1.777363765
1.782640104
1.937444917
1.930692386
1.919802487
1.919595298
1.926098082
1.919788485
1.776338174
1.810368715
1.799851574
1.793178429
1.786314335
1.781715407
1.776653748
1.977641717
1.947693148
1.980272293
1.974558033
1.9165681
1.968573496
1.889832688
1.84315015
1.967045462
1.962334313
1.963518868
1.820137804
1.80349437
1.799446824
1.959568597
1.960400455
1.953235309
1.942046634
1.937887169
1.929754517
1.916814707
1.897387286
1.8735326
1.868373926
1.887050225
1.91967554
1.925288109
1.912496246
1.930327594
1.927869859
1.774012853
1.774493972
1.921871324
1.916476841
1.920245384
1.930322881
1.928848988
1.91587613
1.766999414
1.79635818
1.791900828
1.784778492
1.782063444
1.77869334
1.981412115
1.964094992
1.912702402
1.977102033
1.971429208
1.874136938
1.973444718
1.849386632
1.816823778
1.971952139
1.975282102
1.975515854
1.802318945
1.795103487
1.791149084
1.981376107
1.971466007
1.959179749
1.949237991
1.943245425
1.899837426
1.919462729
1.878145892
1.861313845
1.866480134
1.887076958
1.921242148
1.94257032
1.907970666
1.913875536
1.908825554
1.775353305
1.773621581
1.902057086
1.918016388
1.940093191
1.935016225
1.896244721
1.760822309
1.791098745
1.790972705
1.788485994
1.786420374
1.782773169
1.970301458
1.975423644
1.930021237
1.879001617
1.973463241
1.976108895
1.841309191
1.97803657
1.819809086
1.795573999
1.979979167
1.98178322
1.993534185
1.786079521
1.783718598
1.786301139
1.991453349
1.983900133
1.967749702
1.968952578
1.880283026
1.913921989
1.859511606
1.853492828
1.864686116
1.890902953
1.943920953
1.964819927
1.902035099
1.897168101
1.90848034
1.770104159
1.779833395
1.898042764
1.93519455
1.948533548
1.880969252
1.895549214
1.762948657
1.777244663
1.758021116
1.788244187
1.789804973
1.790038404
1.785623836
1.78743384
1.943906282
1.961597433
1.968564382
1.897618674
1.849495414
1.969083808
1.968795266
1.820997952
1.811200482
1.967830285
1.793716877
1.975734604
1.986851039
1.996812525
1.772489601
1.771222997
1.77686274
2.000023009
1.988009889
1.986069243
1.86026613
1.93271811
1.844452569
1.848527082
1.871607942
1.8942702
1.965698465
1.985592252
1.891032828
1.890214963
1.917295503
1.771901063
1.900880646
1.938261518
1.872675452
1.907109559
1.760017139
1.774791858
1.765870613
1.839545047
1.753789639
1.783392553
1.785851831
1.785170366
1.784461273
1.776258696
1.904022279
1.938112399
1.958436274
1.962698962
1.86085188
1.824658027
1.959322392
1.955887227
1.798934916
1.789026041
1.960450422
1.967186695
1.989898008
1.975197818
1.996393282
1.763058372
1.763830397
1.774115908
1.993453318
1.991126267
1.853862368
1.841331475
1.956037053
1.859299824
1.886919851
1.893124526
1.981289019
1.992189321
1.885763616
1.894782178
1.917263436
1.762668378
1.902193732
1.879967939
1.92826122
1.755287855
1.765272583
1.774760374
1.759700971
1.838217352
1.852516447
1.74706163
1.780256747
1.781021548
1.777688035
1.773624883
1.764353491
1.905071191
1.870835857
1.937030334
1.95447919
1.953811375
1.832517934
1.802069737
1.951209812
1.951739144
1.784034411
1.956287802
1.964962626
1.984541111
1.977073055
1.990178608
1.757058224
1.768446919
1.757647875
1.997199431
1.860510248
1.841043694
1.96304045
1.879842857
1.884850227
1.881133403
1.981247569
1.997134915
1.898737962
1.905605608
1.751544509
1.75619814
1.894157086
1.930968212
1.762222585
1.769074157
1.777785638
1.75718219
1.835619821
1.845937376
1.867037726
1.742964903
1.737749019
1.778111347
1.775928312
1.767436461
1.759782765
1.752798218
1.914969935
1.877694212
1.844971301
1.93296192
1.950170889
1.949305275
1.813722111
1.790688356
1.945579349
1.947369801
1.951908834
1.960780146
1.968621391
1.986149016
1.753940338
1.762609746
1.752567618
1.99555673
1.867012772
1.845341153
1.956552174
1.876523935
1.871578339
1.886987575
1.97807412
1.991627355
1.902676704
1.744391454
1.901654071
1.927487271
1.765150446
1.771262058
1.779778572
1.790899921
1.758737112
1.835482328
1.833539311
1.849221712
1.863545079
1.73182796
1.72747689
1.772360165
1.76184812
1.753584491
1.746215742
1.742892282
1.898815908
1.918212925
1.863352179
1.83031067
1.923124293
1.930636362
1.931880992
1.938312075
1.802258149
1.938749641
1.938759436
1.945404726
1.952791689
1.978756835
1.753928041
1.75357844
1.750737546
1.980181114
1.848190609
1.87950542
1.952298445
1.860376524
1.866135235
1.882225179
1.974141521
1.978969343
1.735807711
1.915435596
1.932597007
1.782002646
1.771770982
1.788402256
1.792307108
1.797622678
1.763333853
1.828642373
1.837228229
1.83824894
1.850155065
1.854764798
1.775196523
1.844807054
1.727339598
1.722789279
1.719613621
1.755717075
1.747854929
1.738745563
1.736351019
1.735143261
1.912561435
1.885048056
1.920941308
1.848720399
1.819765167
1.920879104
1.920968764
1.924065273
1.931871411
1.933288358
1.93361759
1.937823733
1.958309634
1.756411208
1.747139882
1.753212235
1.964080964
1.857156214
1.886716546
1.955441381
1.849082729
1.858888563
1.967626456
1.970452091
1.917049099
1.935440723
1.791866823
1.78502715
1.795455457
1.797238642
1.802857133
1.815477031
1.765156944
1.828524966
1.827516502
1.836704754
1.845241786
1.84165637
1.773325416
1.76474092
1.834401087
1.840313866
1.720216414
1.725737443
1.716335547
1.713987317
1.742540365
1.736020692
1.730821401
1.730194718
1.729949074
1.90419202
1.918266694
1.868840755
1.921822765
1.834774704
1.922884093
1.920299137
1.921309712
1.922898696
1.9292956
1.928745746
1.940628859
1.757714679
1.745749768
1.754426296
1.948897749
1.866572467
1.891814115
1.951824809
1.843941929
1.968219303
1.96168348
1.905773443
1.92924706
1.790288308
1.777901063
1.796332958
1.797166522
1.808406982
1.825464295
1.759332416
1.826066861
1.835963215
1.826943739
1.830263865
1.85208568
1.76077395
1.758218948
1.750527869
1.836103872
1.830013161
1.839454143
1.718693446
1.715696398
1.722021851
1.711991819
1.710236075
1.737014132
1.73140641
1.725566198
1.723349982
1.888688306
1.917409729
1.929488842
1.854009877
1.934081886
1.92894448
1.922043603
1.918454676
1.918485153
1.925212766
1.929148407
1.922033204
1.753979566
1.742239148
1.746383902
1.938332572
1.864450346
1.872653566
1.877548894
1.955921406
1.840548312
1.961077345
1.940006878
1.896316381
1.926747092
1.769983539
1.778779114
1.7847192
1.802408902
1.822697561
1.847699189
1.748048877
1.831413027
1.822105993
1.843626532
1.823102078
1.749084604
1.756437461
1.745838251
1.739434241
1.837738174
1.829342415
1.714438603
1.715110453
1.712494695
1.717150202
1.708886879
1.707265015
1.734817974
1.726725307
1.720152685
1.913845568
1.879510218
1.938692344
1.942450669
1.933922094
1.926611577
1.917837857
1.915912213
1.916125758
1.919687644
1.744232155
1.738142438
1.73601387
1.921364739
1.851167048
1.862030782
1.856900192
1.86546258
1.933627253
1.845701885
1.936946412
1.921454115
1.885793426
1.905228519
1.765787832
1.775171668
1.793181835
1.814385127
1.837038162
1.867385454
1.7398416
1.839547976
1.824586785
1.824231357
1.74419265
1.751723142
1.761455401
1.73918413
1.732224997
1.843680498
1.8365937
1.82979537
1.712118465
1.70915185
1.710045467
1.710246196
1.714970348
1.704575657
1.706219332
1.728489061
1.7211984
1.902425755
1.940211048
1.956781029
1.949583195
1.938966789
1.926199685
1.918360271
1.913615749
1.912613584
1.73328466
1.728652926
1.726894124
1.909163571
1.842215165
1.850297881
1.840065735
1.838666458
1.85272281
1.889343179
1.908499153
1.852693214
1.913380389
1.902914868
1.870040389
1.773644752
1.793965342
1.823825636
1.858402352
1.902113586
1.729930408
1.830687673
1.82552571
1.75273539
1.74350215
1.76368085
1.774962477
1.734048052
1.726857654
1.84852832
1.838117926
1.830629939
1.708746277
1.709878646
1.707061277
1.705935656
1.705590399
1.715662237
1.703582207
1.70088574
1.702889708
1.70635019
1.710793992
1.704014732
1.702539536
1.703817394
1.720333422
1.941018908
1.958118685
1.958180656
1.948520748
1.936648046
1.926457319
1.91878312
1.90900281
1.725553008
1.721348773
1.720850518
1.897926468
1.829319468
1.831030842
1.819578047
1.82362339
1.840667049
1.868266682
1.856938167
1.885758437
1.851733701
1.885112847
1.881880364
1.792449754
1.819884788
1.857709812
1.901321057
1.936779238
1.723566108
1.831701474
1.750617199
1.763302934
1.73556808
1.777946701
1.789576556
1.727435443
1.722594178
1.844737501
1.837222259
1.833544091
1.706249545
1.706916432
1.70432164
1.714241932
1.702812097
1.701784311
1.699890532
1.700456065
1.699260614
1.701789962
1.703818319
1.710657447
1.706862727
1.702168779
1.702185872
1.700726909
1.700785008
1.715601381
1.952910377
1.952304355
1.940576931
1.931912756
1.925165743
1.919967012
1.912097087
1.720760526
1.717884664
1.716827935
1.903478518
1.883793473
1.823395933
1.834959602
1.812958929
1.806207975
1.813848814
1.836986747
1.839324972
1.851070288
1.86328016
1.84329879
1.856736522
1.855821994
1.812896555
1.84986437
1.887371828
1.917213891
1.935772284
1.719614493
1.738122645
1.755153987
1.770376207
1.728115375
1.786141375
1.810232306
1.721647606
1.719054476
1.840342273
1.836800778
1.838134187
1.704436009
1.701390013
1.698223508
1.698666393
1.69939588
1.697917896
1.838327855
1.824337592
1.708597009
1.784964864
1.702263053
1.713431633
1.704028656
1.706246898
1.699814986
1.700623554
1.69881829
1.698649149
1.715950939
1.943770688
1.933716432
1.918762307
1.911321912
1.904859331
1.909349719
1.714946851
1.713002136
1.890955509
1.866908757
1.824266837
1.835850021
1.803910628
1.796544367
1.803841468
1.820471258
1.830786529
1.841340636
1.838429306
1.836362312
1.838893183
1.840356969
1.870201577
1.905443444
1.92502913
1.924167054
1.715114298
1.728745897
1.744488454
1.764988156
1.721903013
1.807260688
1.83697045
1.716002008
1.711658403
1.839044927
1.840210656
1.700352761
1.696669795
1.697009514
1.697023519
1.697420814
1.698547332
1.696944919
1.836251773
1.805260859
1.805518219
1.711425668
1.709142357
1.805057696
1.782683436
1.708969924
1.695437221
1.696360346
1.70205649
1.711463317
1.704493443
1.707531928
1.697711507
1.698580386
1.696765798
1.696149638
1.923234965
1.914468774
1.90028681
1.88742201
1.887135572
1.708367378
1.707448426
1.864496007
1.842460978
1.816077397
1.831974254
1.794687806
1.779036839
1.790978164
1.791047086
1.809591401
1.819035224
1.834151193
1.812764739
1.814692344
1.870110059
1.898390663
1.912928654
1.91585738
1.904555194
1.722662614
1.73567223
1.75387782
1.716758518
1.829061236
1.854513872
1.711187004
1.707254515
1.839936171
1.837198564
1.700053812
1.695371819
1.695321504
1.695523165
1.695786369
1.698130887
1.83092633
1.784087889
1.784167964
1.708440895
1.823979035
1.799245563
1.772721782
1.705192909
1.693909401
1.694684376
1.698176592
1.696152385
1.694342638
1.705237519
1.764551107
1.728224768
1.702523359
1.704624057
1.705150141
1.703228422
1.695637895
1.694329229
1.693356977
1.693754715
1.900074883
1.893632894
1.875446376
1.864154772
1.703692491
1.84100607
1.819874539
1.798513867
1.82138458
1.778433398
1.765864619
1.772918645
1.770660148
1.78692102
1.793477811
1.824198071
1.787338737
1.788871463
1.874070536
1.888618724
1.88953123
1.896620647
1.892577906
1.882506113
1.718631363
1.743010669
1.71326565
1.850879984
1.708693304
1.704889239
1.833273063
1.824552392
1.70038726
1.693584775
1.693297956
1.693488534
1.824024048
1.763200536
1.838092601
1.808440491
1.784536195
1.760310833
1.703082024
1.69306054
1.691082601
1.694190216
1.700688482
1.698669187
1.696434003
1.691310364
1.701687967
1.753451402
1.747339969
1.72301313
1.731082415
1.690755327
1.711568005
1.691148868
1.703121075
1.701115615
1.701054645
1.699528138
1.690592075
1.693344452
1.690147033
1.689917595
1.689808455
1.874641431
1.857915422
1.848559178
1.701463031
1.821974111
1.797988335
1.802916272
1.785937153
1.766338474
1.753342246
1.759947734
1.762129715
1.769708055
1.811963103
1.762850866
1.769590816
1.87167304
1.859923468
1.868581608
1.872633125
1.877633724
1.875287621
1.85775822
1.717810246
1.738417315
1.706531445
1.703139927
1.817179194
1.80469978
1.689789203
1.689571183
1.689650829
1.689975475
1.811095288
1.74411028
1.841337246
1.815689305
1.790269041
1.769697019
1.751553397
1.690087215
1.689499281
1.694219575
1.700997248
1.698977611
1.696757156
1.699191664
1.739441807
1.749474373
1.733865382
1.725501224
1.709443964
1.713553351
1.690056398
1.689492284
1.690968772
1.689224411
1.698734911
1.698906579
1.699948512
1.69750831
1.69751344
1.689827235
1.689249368
1.689379564
1.689192068
1.689098338
1.837556224
1.830235674
1.701726152
1.805612198
1.785601141
1.772370923
1.789568465
1.772039898
1.753378095
1.742620537
1.741399641
1.749066878
1.791140751
1.743455874
1.750513318
1.849248002
1.853986537
1.85048896
1.858669509
1.865267738
1.847474102
1.718813488
1.734771884
1.705117002
1.801205823
1.790905757
1.688917561
1.688728964
1.791272699
1.729783886
1.837944319
1.81656435
1.795986707
1.778101859
1.759354156
1.746131239
1.688936905
1.688418806
1.694419699
1.697679129
1.696218324
1.698541598
1.729548022
1.734818412
1.738205604
1.724412383
1.725522209
1.709029102
1.713651258
1.689173513
1.68841756
1.688883894
1.69050612
1.696046564
1.694761296
1.697045178
1.695522289
1.700569679
1.695806397
1.688544926
1.688329407
1.688475207
1.688383115
1.812946795
1.821403375
1.703559049
1.790682252
1.773896359
1.756823825
1.774259579
1.756159665
1.743516134
1.737219818
1.731413379
1.726471551
1.767100855
1.729093537
1.723385258
1.7368107
1.831921203
1.831806008
1.835194037
1.844513323
1.840311212
1.718289026
1.724618179
1.733119738
1.741454275
1.707489371
1.780645106
1.773641777
1.687974016
1.687719878
1.769313458
1.720169747
1.815702687
1.798657059
1.784408696
1.765663329
1.750740405
1.687786261
1.687288248
1.693640829
1.689875773
1.694945217
1.693973856
1.699150057
1.731361469
1.72634643
1.734300031
1.720409132
1.712564215
1.687910527
1.687138269
1.687320794
1.688251324
1.693875029
1.693692368
1.6907339
1.695370904
1.697175543
1.698068965
1.691037062
1.687940659
1.70021703
1.738597259
1.693805197
1.702752554
1.687730383
1.687536402
1.687371535
1.687745037
1.799199932
1.816743544
1.706852286
1.77671317
1.763074026
1.745034607
1.757418669
1.747067102
1.739225222
1.738656071
1.717524317
1.748744055
1.746732395
1.72077958
1.715937264
1.726878966
1.811030997
1.813911199
1.81150481
1.817143434
1.825877804
1.717095228
1.723698104
1.732164763
1.737625898
1.743241534
1.711167547
1.757173394
1.757310567
1.686965459
1.686707867
1.715587102
1.800405805
1.794508695
1.786018741
1.7696578
1.752208089
1.686516079
1.686255325
1.68857554
1.687571486
1.690595483
1.689345767
1.742513971
1.727882816
1.719739228
1.686416068
1.6859003
1.68578445
1.686585416
1.690633693
1.691199635
1.68796662
1.693900853
1.695636238
1.7019764
1.698723071
1.689261405
1.687182614
1.70519687
1.738983849
1.752993196
1.687050826
1.735232975
1.798685243
1.685982774
1.713923175
1.750206645
1.689704526
1.805870558
1.703524212
1.735010839
1.690699007
1.708678243
1.686770781
1.686561732
1.686447214
1.786270081
1.80540302
1.713052972
1.763532379
1.751568708
1.748374407
1.742663607
1.740039819
1.747943086
1.71202524
1.744017156
1.735157019
1.71486144
1.71210454
1.719668605
1.798492326
1.79298559
1.787948465
1.716900198
1.722397721
1.728427247
1.733865715
1.739836341
1.748367163
1.685765142
1.685670003
1.715251688
1.786306438
1.780347942
1.770533417
1.754984077
1.685302158
1.686718023
1.68835554
1.687154729
1.724706375
1.685012331
1.684917994
1.688769007
1.68607815
1.69356854
1.69621791
1.707252395
1.699807369
1.687726338
1.710227527
1.73925083
1.727792722
1.756065962
1.686342287
1.727997188
1.685063462
1.709532012
1.710429486
1.709275631
1.74847068
1.689197654
1.688386753
1.789848822
1.79300986
1.704032921
1.707489606
1.727314981
1.739626395
1.723737965
1.686113672
1.694102296
1.7766613
1.787225592
1.689339566
1.690381769
1.714349497
1.685603883
1.685518085
1.685370346
1.77779593
1.719374444
1.747531788
1.764672122
1.755270687
1.742992186
1.74088445
1.742787734
1.712712791
1.709190532
1.739572949
1.734721269
1.727451083
1.70879106
1.720430603
1.712686628
1.780454089
1.779607848
1.776197841
1.777249841
1.722728031
1.727778983
1.724445276
1.732157253
1.742950602
1.68475318
1.684529592
1.684409598
1.719828991
1.774472895
1.767275232
1.756150203
1.684215859
1.685016872
1.686654132
1.685468808
1.683950537
1.683973193
1.68733725
1.684493257
1.696641217
1.711536527
1.699825556
1.686186185
1.739765807
1.729224999
1.743557705
1.751326485
1.685584337
1.706107882
1.706159425
1.705469237
1.704787889
1.744699291
1.688302108
1.687188919
1.778023926
1.777543161
1.707633652
1.70176381
1.704489517
1.71036199
1.729967362
1.737105578
1.722698419
1.720832388
1.693898348
1.765482313
1.768210829
1.774260965
1.746704406
1.760537608
1.70680215
1.762565021
1.688489564
1.689370572
1.690032734
1.715578896
1.684557323
1.684391332
1.684231292
1.764151242
1.71807551
1.736167995
1.753526714
1.73735766
1.738689554
1.719599005
1.711856897
1.707342885
1.733441825
1.728113251
1.715250747
1.72576477
1.707530091
1.770824302
1.768992534
1.762634992
1.766308923
1.71928799
1.725808885
1.721591696
1.733698359
1.743398415
1.683602336
1.683242065
1.683101244
1.752081159
1.683117196
1.683444279
1.685003663
1.683969549
1.682958706
1.685993219
1.696479869
1.712793369
1.699751282
1.684782259
1.732283019
1.737203926
1.725752491
1.739358336
1.745636032
1.684763091
1.705551018
1.702130192
1.702286097
1.701619384
1.703586871
1.7390496
1.687368986
1.686151886
1.764867227
1.765015263
1.709438235
1.703822962
1.702408493
1.722875984
1.719060223
1.718556182
1.693350253
1.755713843
1.755004291
1.76646532
1.741840897
1.753827293
1.705965734
1.759976015
1.749791837
1.709330535
1.745700427
1.682970743
1.749234454
1.699601118
1.681442767
1.688807549
1.687820954
1.689547907
1.690267832
1.690065117
1.715065986
1.683214702
1.68344081
1.682923922
1.751544628
1.716251786
1.733692653
1.726963767
1.729186908
1.733578121
1.720078318
1.716206048
1.710092707
1.720314965
1.708363765
1.713798989
1.702919776
1.760551853
1.760509197
1.753746139
1.753542639
1.718472192
1.722144376
1.728311059
1.735070976
1.739429339
1.682503493
1.682076817
1.681648085
1.682095816
1.682188235
1.682702918
1.683641186
1.68489267
1.696075913
1.713114889
1.711249965
1.700273408
1.683621463
1.730000487
1.73275102
1.734169703
1.725448033
1.738019261
1.733460752
1.738341341
1.683833412
1.706661296
1.69885327
1.698663531
1.700986636
1.70359344
1.733026974
1.686678781
1.685487173
1.751742911
1.707375154
1.701962787
1.723484073
1.718657336
1.716394617
1.716380452
1.691280848
1.692491804
1.746668261
1.744646809
1.758289146
1.736882168
1.747017975
1.702941219
1.705094733
1.751207226
1.741412139
1.710786487
1.709334507
1.739602866
1.742127934
1.742891097
1.698305739
1.697290029
1.680025885
1.68020376
1.681450241
1.678484259
1.735455918
1.72007379
1.737839854
1.689513497
1.688605027
1.687537896
1.690916803
1.690508773
1.714211475
1.712444546
1.681496158
1.681943878
1.682729297
1.738390961
1.7164529
1.729620652
1.725075072
1.718456787
1.729062865
1.723959838
1.726325632
1.721632316
1.716574711
1.711253817
1.704846596
1.700042147
1.711558285
1.75180903
1.75324683
1.746431514
1.739717916
1.719815265
1.725413445
1.730685061
1.733724168
1.736371956
1.681358703
1.680828721
1.681110638
1.681484549
1.682355493
1.684031262
1.696825737
1.693561688
1.698580657
1.68247568
1.72605749
1.730102258
1.731453746
1.730984011
1.733640411
1.729528715
1.731235723
1.70576779
1.694201948
1.695513107
1.695265542
1.701599196
1.72819136
1.686621268
1.68525332
1.704490761
1.707918087
1.706334124
1.699622433
1.71521672
1.717055969
1.714038554
1.714109401
1.692347714
1.692689924
1.736588952
1.750549212
1.729830635
1.740447454
1.702645662
1.700465259
1.743340422
1.73878689
1.71161567
1.709981237
1.731365206
1.73525485
1.735240816
1.694910734
1.696663562
1.698523313
1.678687915
1.679849457
1.67968506
1.678683375
1.677928324
1.676854157
1.727157456
1.728539369
1.720442641
1.717140165
1.729657071
1.690834813
1.72741311
1.729058072
1.729981412
1.721613902
1.727986563
1.739078216
1.696720482
1.704613352
1.71189294
1.728711093
1.717657073
1.689784339
1.688533774
1.691861849
1.691254799
1.713498184
1.71616634
1.679422374
1.680720966
1.681344121
1.726690954
1.727095084
1.719569352
1.718684533
1.715606147
1.706519971
1.72430664
1.721596627
1.721792247
1.716847441
1.711121371
1.69520913
1.700671812
1.689644541
1.743819975
1.747613099
1.741689028
1.723808818
1.727731956
1.730690446
1.733596581
1.736649831
1.679998652
1.68019356
1.681045358
1.683414155
1.695178871
1.694846695
1.681467651
1.725144806
1.729461138
1.72950739
1.72762141
1.725432251
1.726139453
1.724675438
1.705441798
1.690189019
1.690012777
1.689817939
1.689866353
1.700647884
1.724207648
1.687746642
1.686311745
1.701894125
1.706526759
1.708554553
1.698122687
1.712715979
1.714358215
1.711595311
1.693545023
1.694345003
1.726419427
1.7432671
1.715997338
1.731450614
1.700061474
1.699157411
1.740267443
1.714032453
1.711449829
1.718166273
1.690451134
1.69483988
1.69620241
1.676960883
1.678651493
1.677141605
1.676620672
1.675422484
1.675049675
1.718387341
1.713298929
1.716716047
1.720686974
1.714465675
1.722104284
1.722092074
1.724633409
1.707824501
1.727168863
1.734652277
1.697330441
1.702518546
1.704314622
1.709883999
1.710675207
1.720692224
1.714932591
1.718185572
1.696402868
1.734020857
1.716640767
1.685306674
1.677860349
1.701101206
1.674074715
1.690434635
1.692917417
1.717135138
1.720454092
1.678703322
1.677080749
1.679586443
1.71275988
1.723150772
1.701392296
1.690299245
1.719413852
1.721099851
1.715851079
1.711558413
1.689788575
1.68994153
1.741126295
1.740607951
1.736392579
1.725980207
1.728741187
1.731682505
1.735409557
1.738379588
1.678901247
1.679791707
1.681538065
1.683795545
1.697479547
1.723801239
1.727722328
1.726735487
1.724017
1.71976044
1.720681377
1.721110348
1.719821089
1.7076964
1.703719804
1.690273932
1.690303941
1.690134733
1.690199461
1.697529881
1.699362392
1.720840698
1.689507408
1.688334811
1.701434478
1.706170178
1.711559739
1.708724608
1.699375134
1.70085302
1.711703733
1.708898904
1.694889531
1.696386259
1.711541889
1.740575815
1.689099335
1.703233049
1.72557886
1.701253951
1.714884434
1.717666572
1.690342893
1.693017301
1.675421908
1.676693228
1.674965765
1.673107991
1.673835733
1.70159829
1.701935294
1.68875059
1.706566656
1.696267353
1.712821316
1.712028202
1.711445478
1.715442654
1.714940083
1.713412446
1.694229579
1.725359271
1.730964304
1.701626291
1.70318411
1.708672135
1.70793095
1.709036052
1.709016559
1.715622379
1.712519127
1.698404313
1.733019019
1.701639364
1.686936233
1.677915046
1.702855225
1.702933121
1.672801161
1.671544832
1.707219565
1.689088049
1.688979085
1.710131314
1.725681099
1.718968678
1.701030308
1.710205423
1.70877954
1.697752613
1.692489373
1.694460087
1.720591691
1.723771724
1.675688996
1.677266816
1.68897924
1.689614728
1.689530042
1.68981048
1.71502853
1.721300459
1.716016098
1.713310378
1.710512751
1.690028413
1.690315902
1.739327927
1.737988517
1.734152301
1.727035679
1.730381218
1.735333888
1.737302311
1.678634804
1.680327905
1.682563095
1.685354583
1.700126589
1.723189031
1.725361713
1.723032119
1.720204751
1.715445753
1.716537919
1.716924245
1.715574435
1.707087142
1.703499042
1.690422347
1.69039281
1.690441903
1.690562222
1.692883501
1.716784066
1.692096354
1.690787345
1.70384152
1.705260543
1.715144189
1.712021416
1.701966328
1.703350253
1.708677525
1.705751558
1.707016272
1.696286351
1.697763221
1.696400792
1.688879274
1.738697474
1.689648757
1.689782503
1.725502046
1.719819121
1.718420698
1.690330971
1.690399275
1.676048423
1.674925135
1.677520387
1.672853991
1.67096876
1.672248021
1.673928052
1.689183624
1.689531888
1.688888561
1.704545314
1.697954944
1.705155078
1.710254201
1.729304679
1.703835946
1.702751446
1.702688663
1.706298763
1.70591469
1.705807236
1.696410836
1.713383187
1.709166248
1.710951729
1.699612748
1.70058197
1.733528193
1.689215891
1.689241084
1.704242277
1.669980812
1.669016116
1.705447493
1.707407965
1.724037324
1.718729491
1.695405351
1.691502669
1.705970054
1.712366284
1.708634596
1.696886133
1.701298853
1.69024314
1.689411715
1.71150447
1.690556236
1.731667678
1.695532084
1.722141493
1.725242251
1.673954471
1.671869045
1.689881907
1.689984311
1.711227568
1.711507895
1.72056007
1.715962992
1.71276097
1.709775739
1.690438215
1.690724736
1.738027679
1.735424052
1.736605452
1.732419089
1.728899968
1.735405414
1.736750837
1.679916115
1.6829558
1.68735333
1.703128842
1.721373035
1.723216784
1.721135483
1.718956511
1.715947421
1.711935914
1.711922388
1.713111456
1.712584262
1.705951016
1.702373191
1.690700071
1.690548831
1.690756478
1.690952491
1.690556018
1.712486817
1.69487514
1.693603873
1.705515882
1.705376155
1.704158007
1.715856767
1.705025421
1.70373314
1.704091769
1.702339944
1.698774696
1.689414664
1.689970287
1.689798011
1.737108761
1.690405748
1.690312084
1.690290493
1.723276444
1.716836764
1.719656372
1.69065084
1.676836199
1.676313643
1.679414491
1.670054271
1.672769616
1.675672019
1.690119062
1.689762117
1.690172654
1.689476965
1.69059382
1.690180337
1.698087722
1.707766881
1.727787032
1.705005099
1.70426563
1.702244761
1.703955452
1.705259084
1.707219194
1.708372854
1.701652898
1.701036155
1.7340865
1.690050959
1.692131127
1.66704307
1.668741438
1.667148627
1.706023642
1.722013297
1.717881032
1.694724657
1.693125319
1.707548325
1.707925035
1.709057394
1.712997171
1.696553406
1.690514073
1.690628088
1.708143256
1.708785055
1.690802154
1.732290099
1.730667699
1.690962936
1.697035697
1.669264548
1.714607011
1.698728427
1.723223277
1.726568512
1.669816989
1.690626121
1.690586314
1.707149861
1.71905068
1.714046507
1.709370296
1.706195909
1.690899473
1.691181255
1.736432674
1.736843621
1.733672479
1.734916138
1.729790626
1.73536342
1.682617762
1.68642251
1.690593681
1.70572509
1.703806071
1.720020184
1.718708808
1.716692263
1.711364711
1.70792193
1.708444962
1.708834789
1.709292399
1.701527096
1.691060232
1.690877129
1.691167929
1.691438062
1.690915276
1.690898862
1.707811436
1.697918391
1.69673312
1.706688738
1.706774487
1.7064553
1.706261197
1.716761609
1.699275328
1.700442181
1.700983609
1.701182081
1.699107208
1.70227697
1.690633093
1.690427762
1.690787404
1.691237027
1.735340831
1.691092595
1.6909006
1.690751334
1.716209821
1.721453757
1.720522435
1.679504955
1.67986952
1.683073978
1.673065489
1.677335545
1.690774597
1.690550479
1.690975169
1.690797148
1.692321388
1.69179793
1.699002255
1.705540921
1.725872263
1.706372143
1.698703275
1.701847169
1.704280897
1.703577005
1.733785973
1.695585355
1.665845672
1.664760432
1.666041951
1.708030542
1.716367657
1.69569664
1.708858205
1.709525809
1.70945758
1.709206831
1.712448827
1.695164436
1.690814212
1.690958663
1.705771186
1.704552871
1.691160566
1.73191765
1.729243561
1.691353888
1.699090491
1.673487245
1.669700907
1.709515256
1.711747921
1.704773038
1.69099822
1.708936682
1.681694477
1.713166415
1.694111811
1.701991446
1.723835628
1.727299146
1.665968699
1.691311619
1.691096685
1.702093609
1.715007271
1.707714559
1.701999876
1.691446312
1.691778555
1.734443056
1.7350719
1.73145581
1.732599506
1.729617222
1.733342248
1.687257233
1.691431473
1.706374021
1.707907826
1.716037657
1.712480123
1.705926172
1.70470641
1.705018452
1.70535128
1.704425832
1.695493815
1.691505384
1.691236898
1.691687992
1.692040783
1.691357923
1.691314653
1.703028018
1.70122848
1.700374652
1.707785998
1.707979052
1.70751524
1.70841731
1.715875808
1.697006317
1.696297067
1.69774484
1.697991825
1.696714382
1.705238611
1.706150409
1.691399642
1.691735922
1.691286345
1.692478897
1.692665308
1.732705186
1.691863331
1.691576744
1.691321308
1.710621524
1.718527553
1.718201463
1.684202653
1.68605354
1.688300459
1.678972286
1.691554423
1.691841981
1.693962159
1.701745913
1.701823953
1.723282396
1.696420815
1.699900084
1.697741479
1.731660437
1.699252398
1.663366862
1.663617862
1.666459283
1.70976058
1.711882108
1.700291916
1.697064982
1.710275221
1.710514036
1.710657067
1.710208336
1.709943503
1.691377648
1.702063151
1.701863588
1.691602085
1.729444946
1.725935393
1.691880831
1.678648405
1.67559213
1.671826109
1.703891893
1.705811534
1.707422265
1.701436564
1.691391616
1.704467443
1.702400732
1.685533029
1.6976855
1.695855347
1.710526691
1.70120166
1.705488261
1.721054881
1.726087141
1.662773606
1.692186285
1.691736179
1.699282226
1.698339187
1.70729714
1.707199817
1.709738441
1.698677589
1.698794743
1.69169619
1.692817017
1.692158708
1.692607505
1.731486478
1.732205595
1.728138815
1.728938369
1.730268784
1.693064449
1.708893613
1.709221038
1.704516926
1.700275134
1.70117487
1.701282222
1.701621408
1.700414771
1.692116347
1.691773089
1.692415157
1.691861403
1.699342273
1.704790508
1.704154134
1.709265191
1.708999019
1.710157391
1.710077503
1.694932942
1.695484358
1.694535596
1.69530602
1.695079855
1.694819142
1.708528263
1.692453742
1.692268094
1.693017215
1.694709164
1.694191511
1.72752201
1.692811716
1.69242691
1.692058715
1.706068636
1.70363667
1.714650821
1.713680455
1.71037413
1.690547621
1.69253506
1.685048436
1.692551699
1.692945459
1.697168758
1.704494677
1.704194888
1.716082487
1.696519571
1.727496405
1.703095648
1.661928792
1.663933549
1.66855341
1.710997133
1.70072881
1.703472808
1.71118907
1.71089211
1.710645193
1.692001184
1.699085612
1.721636306
1.682613318
1.679849413
1.67567572
1.699527653
1.700701851
1.701845583
1.698330004
1.692008708
1.699545311
1.697943392
1.690448507
1.701850457
1.699300458
1.710860874
1.699031334
1.698218158
1.7060977
1.710157841
1.693546272
1.672687686
1.708497488
1.710482707
1.716815386
1.720586812
1.660754216
1.693260817
1.692539629
1.696567023
1.700408039
1.700770563
1.693831015
1.692808237
1.692123471
1.692096668
1.693004379
1.693196374
1.69354536
1.726396919
1.727285964
1.721493894
1.696785132
1.710624367
1.710735044
1.698542314
1.697729641
1.696956975
1.698324319
1.697172322
1.692834405
1.692395508
1.692599562
1.708490972
1.707725928
1.710419992
1.711242909
1.710665929
1.693668927
1.693748473
1.693059686
1.693238312
1.694678294
1.69315381
1.710497038
1.69363897
1.693636823
1.694661833
1.698077464
1.696302419
1.718578932
1.715080289
1.693985019
1.693505944
1.692979569
1.70600421
1.706468773
1.7105842
1.710545148
1.697342579
1.700347399
1.69404624
1.690300369
1.693800657
1.694218728
1.70121413
1.707383055
1.706150589
1.70786818
1.709778053
1.718393486
1.706639746
1.661936085
1.666336926
1.711489469
1.704806649
1.711082225
1.710697381
1.692771445
1.687803926
1.68529338
1.681217893
1.697811032
1.696772921
1.697820377
1.696216841
1.694531051
1.693800508
1.704843542
1.702129592
1.696704979
1.697307756
1.696022071
1.711303428
1.692531456
1.679368455
1.67426402
1.668946413
1.708477726
1.691310232
1.694192045
1.711820147
1.710567316
1.710462007
1.710529728
1.710699709
1.660421687
1.694724465
1.693582161
1.694144266
1.695431433
1.695259246
1.691683435
1.692030903
1.692940988
1.692967479
1.694058941
1.69372117
1.694664649
1.713282108
1.709399865
1.704557305
1.712128271
1.712078254
1.711518721
1.711877599
1.695217588
1.695317713
1.695603191
1.695276439
1.695636937
1.69447734
1.693186409
1.693534331
1.711403427
1.710655173
1.711771574
1.710357434
1.691318081
1.691196667
1.692873631
1.690646055
1.695304414
1.697046729
1.700211352
1.711063922
1.711103115
1.694954564
1.69416697
1.708902248
1.710233396
1.701392321
1.704977619
1.706570252
1.69992057
1.695820084
1.695834645
1.703797982
1.710012324
1.708146284
1.709992275
1.710279077
1.711241277
1.709120805
1.663385942
1.711305169
1.706909027
1.71051813
1.710650793
1.693693317
1.693367864
1.69115096
1.687607699
1.694790364
1.694834003
1.691983266
1.691346746
1.708143517
1.694995931
1.712317793
1.690740831
1.684553658
1.674174795
1.680781057
1.666243084
1.710709594
1.690429509
1.69482166
1.695377594
1.711179888
1.711447895
1.71364225
1.713889347
1.709924161
1.710745053
1.710467397
1.710107193
1.709788328
1.710907664
1.66203821
1.696156062
1.695074288
1.693489147
1.691071584
1.69164006
1.692528524
1.692801147
1.693951195
1.694077075
1.694353823
1.695946472
1.712050336
1.71207463
1.711250922
1.713184546
1.712102939
1.71249735
1.692712895
1.693840148
1.693425163
1.693564841
1.693553333
1.693314681
1.69070538
1.694754618
1.713721043
1.712912983
1.711548342
1.709797723
1.709996899
1.689903881
1.690162231
1.690218531
1.690027139
1.689426661
1.698900381
1.704175746
1.712495511
1.696382489
1.711364052
1.707337388
1.710478285
1.704256583
1.700471312
1.697954097
1.699790076
1.711789388
1.710495248
1.711533294
1.711883561
1.710462361
1.709266553
1.698184909
1.696092856
1.692736132
1.692652032
1.692431117
1.693109582
1.692172927
1.713579599
1.71300052
1.689896127
1.689923353
1.679763878
1.6699099
1.686585196
1.712527783
1.712878364
1.695475715
1.696198088
1.69690383
1.710939524
1.714965
1.707657377
1.713041465
1.715075241
1.714379273
1.715602643
1.709449931
1.709169215
1.710252586
1.709168673
1.666204204
1.698432592
1.696713421
1.69028099
1.689483419
1.691397699
1.694204823
1.695313509
1.695664298
1.695863168
1.697759246
1.712434776
1.713118179
1.713414531
1.714409053
1.715954297
1.713638281
1.711949553
1.712405278
1.690493866
1.690554661
1.690289415
1.68975481
1.69026781
1.689716946
1.688996648
1.696339839
1.71565848
1.710681493
1.709390264
1.689457438
1.688960952
1.689468123
1.689022955
1.688387327
1.703987534
1.698676741
1.709184653
1.712082524
1.706092003
1.703109333
1.701865964
1.712927702
1.711684297
1.709621159
1.711545735
1.700853041
1.698741072
1.695758412
1.693360287
1.694432367
1.692343738
1.693448061
1.71654936
1.713125362
1.689160935
1.693981619
1.685295443
1.675520179
1.690958915
1.713766815
1.714468571
1.714564184
1.697077894
1.6978254
1.698899939
1.710643907
1.717098511
1.709908486
1.713865566
1.713348177
1.687893451
1.699840734
1.689103168
1.715165038
1.716017312
1.714062861
1.716855815
1.708583222
1.709583039
1.708403163
1.708444444
1.67223271
1.701647026
1.699403885
1.688813265
1.68841235
1.691242983
1.695892878
1.697196901
1.697544314
1.697991324
1.700796116
1.713022255
1.714551077
1.715961518
1.714198352
1.717335425
1.710864772
1.711122649
1.711931999
1.690220548
1.689611517
1.688602273
1.688243037
1.709221009
1.708633011
1.688583987
1.687947537
1.688630173
1.687386676
1.707561439
1.702201872
1.708067112
1.711368308
1.704847518
1.702399828
1.706316092
1.715253219
1.713739248
1.711602031
1.69925838
1.697226574
1.694750472
1.696275876
1.69271578
1.694294527
1.712822284
1.688238502
1.694795949
1.689405663
1.681503328
1.692779967
1.715617276
1.699057217
1.70198179
1.710196278
1.717165345
1.712755103
1.714309779
1.687382443
1.7015384
1.689120115
1.688453184
1.688404962
1.71408983
1.715918706
1.70752127
1.707776993
1.708889963
1.707425538
1.679204603
1.706092365
1.703587246
1.687672077
1.690228384
1.692341043
1.698560639
1.699195083
1.700304095
1.705157717
1.714193453
1.712750106
1.715288122
1.71194668
1.714458286
1.71048206
1.715685643
1.709026881
1.709776364
1.710569849
1.687744045
1.687211856
1.70782126
1.687501301
1.686707522
1.687677088
1.686541966
1.712791411
1.706853579
1.703502155
1.70721239
1.70016544
1.698416514
1.710869438
1.716613364
1.715859887
1.71109006
1.694468631
1.693438893
1.696500785
1.698442632
1.695602383
1.711816053
1.687217844
1.691941195
1.691034086
1.68650998
1.691414433
1.716243549
1.701755462
1.704901855
1.709551928
1.715115719
1.715322135
1.715418087
1.686620893
1.704689785
1.689163948
1.687823867
1.689639433
1.713043523
1.70620632
1.706553997
1.708285365
1.706935972
1.706636543
1.685409057
1.711595506
1.709076725
1.686596382
1.691008915
1.69391487
1.701154313
1.70065718
1.702967401
1.709973089
1.713617672
1.712399402
1.715363887
1.704318071
1.708073315
1.710904109
1.703727458
1.711531252
1.707497618
1.708373539
1.686915915
1.686254786
1.686199487
1.685499445
1.686532768
1.685649347
1.717282227
1.71579135
1.712112698
1.695677106
1.699563246
1.692212868
1.691080773
1.716939749
1.717455523
1.709981597
1.686391437
1.686349894
1.698756585
1.697584189
1.709537775
1.685764244
1.689374281
1.686770686
1.70439859
1.708696417
1.712569237
1.685594651
1.707506083
1.689616225
1.687864779
1.68525905
1.689505905
1.708454645
1.705186287
1.70397237
1.705574411
1.70761199
1.704614537
1.689225684
1.716679769
1.715777448
1.685581472
1.692157014
1.695539436
1.703421039
1.701211752
1.706099933
1.714068742
1.714857659
1.712287303
1.711117207
1.69449989
1.699418711
1.694881317
1.702866835
1.705236015
1.705014078
1.708630674
1.704876426
1.705523817
1.68635229
1.685520029
1.685175262
1.684961782
1.683884042
1.684555725
1.71923486
1.718329899
1.685545922
1.689951344
1.681833418
1.680983056
1.716703016
1.708486639
1.676238831
1.676879983
1.699653166
1.677134061
1.679537733
1.711559742
1.684431176
1.709403484
1.690476219
1.687973697
1.678865532
1.687524038
1.704291568
1.712632963
1.701648629
1.70373209
1.701431208
1.70155947
1.705206958
1.68879275
1.719708235
1.719483641
1.684472857
1.693688291
1.697204969
1.704057246
1.706221609
1.709315788
1.716300396
1.713266539
1.709243601
1.683376841
1.684941752
1.693361991
1.688971765
1.696463825
1.697576364
1.701847182
1.699770554
1.684935646
1.686314228
1.683460917
1.682671458
1.682123114
1.683207965
1.719280561
1.720319831
1.718472785
1.674517384
1.679062629
1.670335091
1.669931007
1.715471588
1.665509317
1.666542002
1.701107712
1.66748802
1.670883062
1.683152633
1.692158867
1.68881807
1.670987943
1.682452851
1.713191749
1.706375655
1.691001717
1.693472146
1.693798702
1.698161682
1.698114691
1.702159703
1.698460493
1.684778608
1.721070765
1.719342549
1.721022198
1.68346546
1.696385697
1.7089923
1.706528101
1.716926656
1.710272744
1.675233972
1.673181412
1.679306383
1.683740769
1.687345065
1.68885035
1.694696588
1.684600831
1.686915705
1.68138579
1.680681349
1.681726738
1.680420303
1.717185986
1.718582309
1.668930953
1.664645508
1.660448334
1.660424138
1.658104777
1.712029979
1.655697101
1.657141981
1.70165669
1.658466159
1.662249884
1.682089893
1.663374183
1.67541218
1.71330903
1.704331934
1.688779174
1.694646808
1.686204714
1.683952507
1.68587759
1.688604009
1.693889635
1.694075909
1.699428321
1.69364768
1.677754645
1.71911747
1.719484968
1.718054895
1.719250263
1.682747857
1.700138723
1.712308708
1.710302779
1.705760675
1.715861638
1.705723347
1.667674257
1.671516173
1.665184736
1.675647099
1.679216355
1.680576315
1.690335737
1.685178074
1.678665892
1.678535513
1.680495796
1.67899634
1.712803845
1.713846851
1.66104536
1.656884608
1.653509342
1.652456732
1.650444462
1.706439389
1.649166123
1.650331875
1.651625467
1.655728291
1.657234881
1.667795876
1.687203665
1.691408785
1.695601604
1.699480366
1.67981936
1.679394521
1.677231136
1.681766792
1.684401394
1.688159517
1.699152239
1.693092118
1.687627532
1.669213969
1.712043728
1.714950528
1.71660393
1.716028629
1.715697792
1.714681092
1.680951126
1.683619223
1.70444636
1.714263843
1.708932529
1.711983858
1.666724954
1.663282042
1.670195651
1.660384795
1.673372854
1.674866693
1.676259574
1.676888253
1.678640017
1.704926744
1.706469325
1.656673003
1.653181201
1.650446813
1.648775562
1.647351907
1.646703337
1.64707009
1.64978501
1.64797581
1.651625137
1.653486841
1.66109294
1.6858472
1.690671622
1.695041974
1.699902619
1.703369431
1.65639373
1.677218587
1.675917725
1.675341615
1.673836168
1.678880732
1.681222417
1.695905146
1.690822206
1.685714332
1.682006528
1.661038605
1.702843456
1.706968773
1.70791935
1.710805466
1.710488339
1.712340658
1.71281229
1.681473747
1.707303678
1.711503785
1.71009216
1.667999377
1.664973097
1.662321753
1.670589726
1.659374988
1.672238059
1.674787946
1.677809961
1.698054988
1.656314315
1.653665274
1.65165832
1.649444348
1.648717682
1.648655366
1.64824341
1.649056472
1.649700718
1.651275726
1.652845575
1.689576706
1.684303314
1.699349992
1.695032174
1.702978817
1.705542795
1.654147709
1.675296963
1.675856598
1.674887221
1.67426722
1.67361014
1.676697176
1.677242751
1.687246663
1.689222829
1.682803491
1.679553783
1.655792996
1.697524701
1.693282118
1.698645214
1.702062079
1.702683412
1.705835067
1.708097284
1.708009283
1.680053898
1.707760065
1.70845292
1.670462611
1.667955759
1.671267629
1.666564911
1.665014072
1.67286603
1.662024513
1.67474168
1.659726672
1.65792099
1.656317246
1.654071396
1.654071448
1.654648065
1.653278844
1.653882292
1.653277527
1.654331604
1.654978937
1.691545039
1.686513651
1.701754853
1.698497527
1.695342419
1.703865371
1.705297183
1.654441707
1.659525013
1.675653623
1.676212149
1.675298766
1.676612275
1.676123208
1.676336985
1.675139621
1.675658426
1.681174512
1.680429443
1.68422831
1.677176276
1.67774921
1.654182239
1.687680847
1.688573696
1.692129226
1.692788207
1.696889063
1.70051533
1.701156114
1.704200171
1.681994676
1.676480278
1.705292815
1.675120607
1.674393853
1.672155965
1.676463658
1.671463501
1.670528784
1.667529642
1.6660266
1.663852546
1.664024883
1.661743294
1.662343139
1.663228886
1.661106657
1.661253497
1.659570039
1.659789343
1.690476913
1.686117323
1.701801291
1.700200945
1.697823196
1.693846392
1.701941846
1.702177018
1.657524995
1.665560861
1.666610741
1.699957155
1.676668887
1.678216648
1.679336463
1.675935707
1.680884339
1.680458946
1.681421536
1.674884293
1.674612628
1.676783558
1.675209376
1.675173111
1.67893143
1.674502074
1.656430056
1.678897171
1.682391535
1.682210941
1.686572391
1.690922849
1.691919767
1.696189354
1.699792071
1.679768655
1.682311991
1.680767295
1.680497547
1.678504394
1.67822874
1.677878898
1.675086792
1.672133914
1.675492691
1.672601678
1.67341975
1.671171876
1.672164855
1.673057995
1.669762642
1.670378293
1.667276363
1.690409779
1.68528655
1.699125022
1.699537159
1.698192457
1.695793559
1.697141868
1.696041371
1.662615394
1.672190283
1.673729625
1.675148094
1.692477531
1.680227873
1.679292621
1.682750769
1.68269006
1.684817896
1.67697977
1.686881293
1.68647115
1.687974661
1.675129709
1.674183548
1.672422488
1.671967531
1.672153074
1.673114908
1.671834994
1.661671546
1.673728476
1.676132763
1.680520511
1.681767509
1.68650378
1.691070016
1.684199691
1.689224137
1.687213778
1.688068872
1.685801783
1.685803195
1.685927032
1.683960242
1.683688683
1.681329826
1.68198287
1.68285826
1.680884585
1.681592778
1.679962522
1.678753313
1.692283816
1.696307592
1.693754678
1.69647158
1.695918353
1.689682016
1.687823365
1.668779738
1.678712744
1.680478133
1.68225405
1.68596011
1.683087181
1.684628598
1.685952336
1.681411275
1.689067276
1.688584973
1.691351563
1.678356328
1.693460987
1.693190608
1.694751584
1.676766352
1.674143022
1.668952678
1.667344369
1.670339079
1.672466868
1.66718447
1.668615681
1.668631553
1.67097156
1.671980504
1.676332129
1.681069813
1.688522225
1.694692474
1.694821701
1.692950135
1.693098331
1.693541003
1.691674858
1.691626677
1.689946088
1.69051343
1.691168699
1.689362148
1.688545945
1.687673048
1.693809849
1.690639298
1.692480599
1.686081262
1.694498835
1.680502636
1.678609938
1.674639481
1.686105503
1.68244779
1.688232107
1.691789006
1.693763079
1.673083763
1.687412088
1.691188407
1.692399808
1.683594714
1.695717858
1.695106281
1.697845843
1.681084076
1.699690534
1.699448656
1.700048936
1.676590369
1.668808653
1.666107496
1.663816566
1.67234008
1.663127157
1.676106771
1.663914175
1.66394925
1.667128498
1.671293004
1.691580345
1.700553361
1.700546907
1.699052117
1.699282365
1.699705304
1.697816653
1.698579021
1.696961311
1.697306266
1.69761486
1.695770038
1.694973016
1.693168029
1.686417656
1.683069301
1.690770402
1.67678205
1.670601629
1.68992785
1.692853264
1.686580713
1.696137919
1.698214381
1.699491497
1.664956819
1.668364732
1.694024316
1.689972158
1.697811633
1.698540191
1.687227997
1.701663994
1.701314193
1.703391906
1.682109924
1.70473549
1.704301689
1.704731209
1.676752233
1.668042025
1.671806624
1.663759653
1.660870551
1.659573392
1.683094782
1.658689836
1.660071353
1.662951301
1.692133226
1.704913026
1.704704141
1.703574134
1.703597571
1.703092357
1.703046202
1.701982321
1.70212004
1.702080412
1.700544011
1.690000474
1.679035564
1.685129655
1.674619827
1.662433585
1.693774398
1.696264247
1.699224845
1.691354253
1.70119539
1.70273797
1.703338171
1.658289182
1.661232786
1.666869931
1.696469269
1.700472487
1.693698065
1.70344664
1.688494547
1.705749316
1.706246156
1.707428807
1.682573803
1.708082705
1.707659212
1.707645865
1.676896442
1.672571514
1.666696835
1.661766398
1.658716357
1.656769099
1.689170199
1.655984327
1.657088064
1.689658748
1.707501364
1.70708335
1.706274862
1.705915543
1.705826373
1.705734324
1.705084544
1.705135194
1.704870576
1.684764361
1.678283933
1.671345769
1.656748444
1.698924563
1.696859934
1.701295063
1.703004012
1.695110274
1.704478074
1.705638998
1.654557466
1.660532938
1.656283882
1.664346745
1.702040075
1.699531877
1.70497699
1.694847419
1.70730503
1.689122485
1.708719212
1.709042284
1.709558882
1.683172141
1.70958175
1.709093609
1.708890719
1.678819746
1.671977352
1.665248036
1.659713288
1.656446537
1.694006772
1.654599963
1.684354859
1.708397538
1.707914362
1.707428496
1.707194125
1.707100248
1.707003935
1.706642807
1.706508898
1.678201589
1.671149561
1.653988282
1.702449133
1.700462824
1.699393653
1.703861918
1.705173231
1.698069521
1.706209218
1.706875875
1.654069661
1.658575335
1.656238103
1.654090344
1.664579149
1.697537071
1.705842903
1.703960715
1.700203145
1.707870594
1.695339555
1.70922933
1.689793197
1.709818962
1.7098969
1.709576931
1.686178771
1.709241028
1.708606623
1.678824963
1.67137678
1.664749192
1.660386389
1.655671306
1.69756245
1.677108452
1.708040943
1.707659881
1.707536639
1.707426415
1.707410609
1.707379139
1.707188707
1.671375913
1.654196749
1.701856767
1.702953853
1.704020834
1.700623457
1.705136609
1.706085714
1.699609799
1.706654031
1.707144353
1.656566498
1.654472009
1.656088775
1.659786685
1.654429912
1.665384799
1.707886657
1.706647767
1.704039186
1.700112641
1.708988341
1.694989942
1.709410667
1.709329274
1.709172815
1.708284747
1.685490033
1.691539434
1.707956715
1.707411137
1.678564054
1.67157332
1.666516065
1.659629644
1.700074061
1.699390724
1.669180968
1.707004432
1.706819915
1.707077681
1.707095343
1.707203164
1.707233807
1.65700419
1.702273954
1.701587341
1.703241761
1.704332908
1.700740109
1.705277287
1.705815198
1.706585453
1.706692917
1.661526959
1.654518253
1.654703043
1.656204549
1.660606791
1.657144654
1.700226264
1.707686993
1.708352883
1.706220707
1.703709965
1.700215743
1.708538656
1.697258675
1.708328982
1.707815613
1.707538569
1.706443447
1.692321103
1.686017785
1.706259959
1.705954713
1.679313765
1.674049166
1.665829774
1.700036964
1.700010022
1.662085964
1.705838897
1.706300482
1.705808249
1.706554003
1.706721626
1.661956558
1.701705375
1.700932391
1.700642375
1.702742374
1.70373648
1.704273334
1.705406548
1.705624795
1.705921896
1.668391972
1.654467686
1.655083912
1.657082554
1.656474462
1.661605806
1.699243643
1.699198165
1.661154987
1.707153025
1.707561484
1.706785081
1.70559068
1.703533404
1.701553834
1.707260645
1.698034279
1.706633641
1.70591204
1.705609899
1.704722387
1.692999348
1.687067495
1.704719255
1.704700303
1.682141362
1.673672413
1.699357402
1.699650441
1.656831062
1.70481533
1.705140354
1.705634815
1.705905177
1.667755916
1.700541555
1.699644293
1.699135494
1.701502008
1.701872407
1.703070148
1.703858493
1.704591849
1.703806219
1.704913235
1.674318233
1.67799241
1.654332737
1.654762929
1.657536478
1.667372462
1.697266318
1.697655402
1.697956462
1.66167074
1.666667547
1.706434011
1.706299353
1.706233714
1.706172434
1.705283073
1.704240013
1.702150211
1.705662298
1.698687565
1.704906659
1.704178105
1.704009593
1.703522304
1.694066356
1.690404322
1.703687428
1.703896439
1.6838649
1.698386084
1.698745981
1.654123003
1.70418657
1.704484984
1.704878695
1.674788583
1.698785855
1.697982287
1.697371846
1.698969656
1.700108542
1.701169127
1.701357801
1.702381947
1.703282891
1.703712123
1.681986825
1.686102772
1.654327582
1.656909214
1.67418001
1.695518243
1.695573647
1.696215254
1.696777639
1.661054307
1.667469447
1.673167101
1.705646249
1.705939888
1.705192948
1.704903449
1.70586662
1.705569639
1.704671083
1.70274434
1.704275927
1.699606408
1.703650406
1.703105574
1.703160436
1.70294875
1.702931551
1.696966451
1.691872979
1.703177743
1.703425104
1.697296371
1.69753759
1.697730656
1.654026019
1.703572495
1.703575968
1.682317504
1.695893806
1.695956647
1.695442918
1.696843044
1.697960387
1.698164942
1.69947168
1.700815953
1.701817728
1.702108367
1.689402817
1.693257864
1.65636169
1.681396022
1.693983838
1.693816006
1.694396392
1.695191402
1.695929821
1.666819783
1.660633276
1.673882054
1.679972679
1.693166987
1.704836141
1.705383153
1.705773027
1.704284451
1.703913817
1.705967203
1.705886177
1.705277323
1.703501071
1.70337494
1.701846817
1.702937401
1.702698222
1.702666204
1.702664038
1.7027242
1.698159801
1.702873919
1.702868087
1.69648152
1.696516475
1.697011944
1.656299258
1.702576452
1.689448611
1.693074923
1.693678358
1.693461134
1.694612264
1.694713592
1.696042594
1.697653425
1.699114775
1.699744806
1.700994125
1.695788253
1.699029073
1.659888918
1.688257806
1.693180352
1.69259359
1.691865577
1.693907859
1.694733487
1.695524426
1.672649802
1.665502464
1.68030369
1.686474073
1.691446357
1.691266625
1.704858559
1.704253483
1.705454097
1.705897251
1.703718106
1.703359612
1.706285093
1.706394652
1.70574026
1.706488561
1.705044787
1.702978212
1.702703559
1.702732615
1.702621054
1.702599569
1.702553318
1.702415013
1.702331069
1.701786828
1.695895553
1.696286695
1.69661689
1.660282159
1.695516723
1.690939569
1.691090517
1.691594394
1.691605637
1.692605781
1.694154582
1.69585514
1.69669331
1.698337036
1.699821967
1.700784771
1.703249412
1.694400917
1.693159072
1.692281579
1.691473958
1.690621061
1.694020065
1.69470723
1.69536192
1.678211385
1.669440944
1.686061617
1.689868319
1.691163482
1.696954718
1.695682727
1.700243795
1.705133693
1.704447241
1.703831876
1.705692947
1.706295496
1.703363721
1.70309603
1.706776761
1.707161877
1.707172501
1.7069582
1.705663199
1.702828119
1.702643891
1.702487443
1.702415291
1.702112516
1.701589031
1.701263138
1.695996504
1.695622255
1.696295317
1.696501426
1.666120605
1.700474047
1.689479681
1.689442587
1.689196521
1.689923529
1.690857779
1.692544582
1.693479056
1.695314288
1.697136061
1.69797828
1.704422613
1.7059956
1.700460404
1.692713259
1.693685008
1.691863391
1.690842742
1.689990377
1.694519487
1.695058436
1.683943082
1.675507881
1.689079383
1.695587492
1.68936133
1.700702051
1.699331975
1.699423271
1.70485422
1.705386224
1.704235122
1.703869594
1.703358476
1.706102668
1.706780913
1.702925173
1.702756455
1.707323237
1.707762677
1.707938397
1.707410348
1.702492553
1.702218435
1.70189123
1.701701179
1.701028568
1.700060917
1.696051397
1.69579909
1.695431212
1.69617964
1.696343225
1.672772993
1.7041694
1.688475346
1.688027278
1.688042125
1.68853692
1.688753384
1.689946836
1.690691179
1.692410282
1.694263452
1.695336293
1.69708036
1.706585372
1.707546345
1.703567435
1.693522157
1.692655064
1.694389167
1.691285667
1.68989452
1.69504372
1.681363801
1.688750522
1.699055388
1.694056005
1.687383244
1.70325841
1.701921364
1.697886916
1.704200626
1.704733383
1.705599841
1.703430678
1.703096867
1.702492045
1.706448652
1.707082491
1.70198873
1.701932545
1.707737544
1.70814522
1.708199852
1.701570602
1.701243744
1.700558816
1.700285756
1.699244233
1.695595276
1.695820413
1.695465119
1.695175842
1.69577445
1.695870545
1.679646148
1.706140776
1.688158148
1.687593969
1.68745215
1.687555927
1.688196015
1.688847253
1.690186516
1.691819648
1.692924894
1.694692739
1.695493121
1.70759844
1.708140241
1.70537468
1.69423514
1.693562665
1.692479858
1.694821632
1.69119017
1.689951235
1.689289346
1.698079162
1.702409452
1.692560566
1.68672483
1.704481341
1.697028015
1.702831605
1.703326156
1.704483498
1.705568616
1.701887247
1.701613998
1.700897245
1.706346589
1.707467792
1.700301209
1.700430033
1.708135842
1.700110791
1.699844358
1.699459481
1.698621615
1.698307188
1.694879069
1.694942446
1.695197569
1.694635632
1.695022771
1.694974642
1.686313394
1.706994592
1.688367745
1.687750992
1.687687651
1.687795382
1.688267054
1.689052159
1.69024856
1.691449418
1.693201565
1.694801858
1.707655608
1.707827238
1.706043381
1.693925901
1.694392888
1.693292057
1.692391228
1.691380182
1.690848881
1.689885905
1.700448083
1.695330618
1.703153527
1.704688704
1.696144409
1.700630825
1.700944829
1.702461703
1.703870301
1.704711628
1.699382742
1.699297862
1.698507834
1.706137265
1.707285497
1.697868301
1.698042833
1.697709381
1.697940337
1.697311347
1.696503167
1.693855197
1.693822881
1.693878867
1.694237449
1.693763697
1.694040982
1.69378078
1.691928206
1.706836164
1.689064791
1.68896473
1.688567746
1.688937441
1.689150234
1.689786586
1.690759062
1.691987616
1.693278977
1.694336402
1.706777363
1.706656448
1.705720256
1.6934621
1.693314171
1.693006245
1.692471559
1.692166856
1.691516832
1.690785978
1.701559254
1.698366538
1.702830929
1.704149428
1.694674746
1.697843807
1.699353622
1.70122048
1.702200876
1.703982929
1.696440864
1.696333906
1.695588705
1.705597683
1.695036063
1.695504808
1.695382832
1.695693309
1.695265998
1.692430222
1.692473787
1.692410692
1.692598733
1.693109693
1.692188095
1.693035364
1.692248864
1.692636165
1.696304075
1.705709229
1.690603609
1.690132395
1.690199986
1.690382469
1.691097839
1.69181506
1.692618716
1.693315578
1.693547598
1.704995604
1.704612966
1.704453124
1.692415524
1.692622345
1.692733409
1.692674746
1.692595533
1.69223668
1.692150981
1.700137209
1.701692759
1.702769596
1.701735689
1.693795866
1.694374476
1.696094321
1.697851347
1.698980208
1.701045226
1.703078671
1.693195083
1.693221245
1.692613144
1.692500841
1.693374823
1.6933561
1.693901625
1.69085637
1.690771349
1.690395572
1.691007253
1.691431105
1.692053889
1.690808104
1.691378112
1.691707977
1.691917209
1.699163668
1.703578242
1.691803135
1.691531824
1.691605336
1.692089691
1.692437993
1.692789962
1.69313042
1.693272307
1.693176679
1.702349128
1.70193104
1.702325814
1.691405561
1.692024131
1.692357401
1.692771844
1.692925056
1.692944998
1.700833306
1.701046521
1.700872144
1.700237865
1.692932866
1.700051439
1.691215346
1.692695132
1.694419697
1.695518627
1.69772272
1.699912307
1.690454752
1.690664242
1.690606642
1.691512556
1.69227174
1.689489696
1.689357516
1.688525979
1.688940702
1.690024396
1.690703258
1.689606248
1.690633323
1.691243659
1.691709772
1.691863081
1.700473152
1.700452467
1.692843949
1.692831635
1.693171623
1.693351748
1.693544075
1.69354658
1.693708081
1.693423211
1.69290081
1.699131335
1.69995341
1.690428681
1.691021582
1.69216358
1.6926142
1.693098158
1.6933697
1.700686751
1.698870552
1.698697365
1.692212081
1.700080311
1.698886737
1.68899096
1.689958194
1.691386493
1.692406721
1.69454919
1.696911087
1.688817803
1.689363059
1.690124553
1.691173772
1.688199547
1.688862422
1.687450071
1.687375062
1.687845665
1.689770465
1.688558359
1.691248738
1.690330067
1.691699273
1.692174354
1.692415487
1.700572515
1.697681967
1.693539005
1.693765934
1.693970359
1.69417785
1.694280745
1.694222139
1.693613173
1.692939858
1.696236656
1.69767725
1.68917129
1.690663768
1.691311017
1.692169698
1.692830103
1.693283709
1.69714836
1.697420068
1.691820247
1.699356038
1.697975332
1.688421359
1.688135316
1.689391067
1.690127101
1.692034855
1.694160127
1.68854751
1.689337105
1.69072013
1.688111373
1.689203263
1.686897107
1.686754316
1.687813002
1.687064723
1.687493849
1.692208178
1.691405412
1.692315724
1.690347409
1.692604141
1.692871538
1.693225894
1.699833774
1.695498364
1.693351827
1.693821927
1.694229027
1.694533557
1.694645344
1.694367929
1.693917911
1.692998239
1.694106849
1.695903248
1.688783429
1.68945997
1.690475136
1.691396845
1.692198011
1.695984837
1.696751118
1.692049947
1.69850115
1.697361147
1.688784119
1.688369008
1.688652534
1.690789879
1.6897294
1.692357055
1.689536974
1.690410802
1.689085377
1.686803931
1.687648487
1.686530237
1.689354802
1.686620654
1.687238202
1.693273795
1.692821539
1.69195659
1.693276529
1.6907971
1.693391818
1.693435539
1.693708062
1.693662187
1.698893507
1.694168983
1.692673979
1.69144993
1.693394292
1.693991928
1.694328309
1.694680919
1.694572788
1.694097302
1.693477962
1.692977826
1.694849439
1.687710673
1.688592716
1.689458206
1.690283661
1.695190424
1.695911062
1.696515219
1.692080362
1.697859984
1.697089123
1.690037099
1.689422564
1.689486236
1.690186156
1.691701525
1.690736673
1.691384543
1.688111239
1.687256008
1.689480689
1.687023308
1.691459344
1.686713086
1.686797411
1.693889742
1.693830831
1.693458149
1.69268946
1.693790677
1.693713052
1.693301804
1.693449865
1.693380635
1.698115039
1.693779396
1.691669989
1.690618701
1.689100877
1.692536989
1.693090683
1.694151694
1.694436999
1.694549252
1.69439083
1.693841643
1.692887929
1.694595489
1.68692453
1.687251742
1.687703586
1.688253482
1.695959323
1.695484946
1.696591728
1.693022101
1.697500631
1.697055468
1.691305855
1.691604789
1.69092759
1.691247707
1.692063377
1.692106299
1.693357522
1.690351921
1.689107164
1.688684205
1.691950297
1.687853708
1.693468458
1.687297581
1.687187387
1.69369436
1.694018206
1.69421333
1.694076134
1.69358952
1.692288055
1.692377645
1.692334622
1.692620769
1.69765597
1.694180521
1.689382153
1.690381722
1.6883581
1.687143613
1.691054706
1.692639175
1.693282356
1.694023323
1.694219596
1.694369319
1.694129813
1.69357349
1.695210332
1.686868412
1.686739804
1.686786819
1.696318424
1.696018463
1.696781817
1.69733657
1.697041915
1.697169142
1.692954189
1.692839208
1.693160279
1.692595573
1.692941677
1.693588513
1.694158989
1.692917179
1.691552305
1.691064428
1.68998379
1.694184053
1.688985327
1.694612731
1.688665115
1.687784452
1.693201112
1.692657031
1.693883348
1.694429563
1.690902338
1.690943322
1.691096678
1.690725202
1.690949489
1.697420622
1.695010531
1.688046712
1.687189348
1.688565131
1.686495414
1.686083221
1.689959039
1.691104561
1.691510518
1.692638929
1.693016595
1.693705854
1.694112869
1.694565379
1.695864033
1.686989824
1.686396447
1.696593088
1.696359593
1.696784783
1.696799423
1.696918231
1.694117123
1.694301556
1.693925759
1.693778217
1.693918455
1.694055373
1.693670234
1.693839529
1.694849742
1.693441607
1.692446372
1.691319051
1.694993636
1.690895363
1.694460581
1.689702555
1.688426169
1.692421068
1.69165586
1.693539904
1.689525422
1.689648916
1.689467302
1.689128985
1.689348596
1.68957288
1.697119059
1.69566393
1.686189862
1.686544091
1.685718845
1.687564871
1.685653057
1.686274873
1.688730355
1.689337458
1.690541386
1.6910992
1.692112608
1.692999987
1.695281442
1.696105426
1.687255817
1.696459301
1.696179714
1.696366575
1.69615269
1.696161015
1.696344938
1.694920755
1.694474352
1.694152335
1.693979448
1.693756702
1.693327898
1.69217799
1.695063309
1.695221328
1.695120567
1.694468414
1.693594569
1.693132213
1.694256735
1.692000461
1.693034612
1.690595263
1.689098495
1.690329315
1.690436999
1.691731972
1.688633083
1.688297653
1.688980651
1.687839563
1.687839919
1.689099758
1.689100262
1.688187356
1.69650831
1.695720237
1.68535256
1.685497573
1.686021873
1.685516098
1.686857925
1.686377631
1.687679465
1.687425343
1.68848502
1.689026679
1.69009595
1.691152714
1.695352825
1.695648648
1.695714964
1.695318606
1.695372537
1.695102673
1.695077696
1.695420967
1.694791353
1.694503895
1.693892537
1.693283234
1.693069658
1.692470726
1.691526389
1.690171312
1.695384376
1.695334648
1.695113347
1.693848868
1.695041005
1.694744895
1.693864715
1.692300624
1.692813393
1.690716435
1.691320513
1.689808279
1.688243106
1.689240329
1.688083579
1.688687114
1.687593144
1.687059685
1.68684374
1.689840346
1.690305759
1.690265731
1.686657652
1.695482903
1.694942894
1.685706167
1.685812065
1.685681544
1.685989861
1.686875609
1.686417084
1.688319977
1.687104819
1.687543365
1.68833483
1.689234491
1.694483275
1.694437048
1.69441449
1.693874187
1.694014932
1.693806335
1.693851003
1.694340611
1.693420645
1.693628597
1.693238522
1.692368251
1.69156546
1.691319663
1.690398295
1.689249039
1.688469507
1.695135635
1.694734546
1.694070897
1.693536398
1.691551574
1.695040536
1.694862846
1.694360748
1.689753366
1.693051684
1.693937175
1.688217074
1.691892209
1.690564938
1.687128721
1.688619226
1.689047987
1.687601895
1.686777322
1.686343583
1.691939144
1.691009569
1.692498097
1.692601803
1.68608981
1.694191819
1.69336597
1.687100758
1.68660007
1.687452525
1.686395648
1.686701254
1.689110947
1.686817696
1.687139755
1.687437961
1.687898123
1.692837907
1.692692817
1.692853807
1.692148429
1.692584224
1.692563525
1.692722454
1.692665133
1.691762507
1.691296286
1.690348834
1.689544764
1.689305304
1.688322331
1.687830807
1.687672137
1.693933016
1.693726306
1.692392802
1.691734992
1.690581136
1.688865951
1.694345352
1.694450671
1.694178696
1.687456505
1.693256206
1.693874915
1.686454758
1.69236814
1.691238044
1.690733593
1.689482497
1.688155582
1.687564289
1.686521228
1.694609419
1.693324025
1.693369251
1.694534141
1.69500895
1.686063432
1.693012701
1.691386666
1.689243495
1.688476736
1.687901744
1.689649925
1.688016019
1.68776824
1.687776753
1.687644583
1.690903744
1.690765446
1.691410045
1.690622092
1.691443301
1.691682954
1.691987115
1.692174734
1.689722184
1.689294808
1.688479149
1.687894821
1.687740003
1.687443783
1.687680748
1.688095925
1.691838803
1.692628293
1.691498095
1.689795295
1.689202294
1.688092991
1.686983254
1.693205748
1.693085878
1.693337518
1.686256041
1.693144465
1.693383081
1.69262192
1.691633434
1.69228
1.690669973
1.690028519
1.688535784
1.687354453
1.695943428
1.695455089
1.695119685
1.695579549
1.695443222
1.687239245
1.686559321
1.692305754
1.689444625
1.691336649
1.690759833
1.690006925
1.690008348
1.689541292
1.689047301
1.688607991
1.689434934
1.690493469
1.689791623
1.690903272
1.691390411
1.691856803
1.692217571
1.688338609
1.687855783
1.687385597
1.687247916
1.68732423
1.687943141
1.688771979
1.689620031
1.690310028
1.689488329
1.691071501
1.689161725
1.687831478
1.687427844
1.686813469
1.686478869
1.69111149
1.691633259
1.692188107
1.692596354
1.692809005
1.692787024
1.692574769
1.693594419
1.692952489
1.691427133
1.689966841
1.689556922
1.696113592
1.695443222
1.695443222
1.696296216
1.695550307
1.688435468
1.687530722
1.692285605
1.688426591
1.692502374
1.691968701
1.691965946
1.691618976
1.691062315
1.690394276
1.689009591
1.690381009
1.689880745
1.691122163
1.691758765
1.692272451
1.692720936
1.687796346
1.687483672
1.687577479
1.687960042
1.688244255
1.689579903
1.690760302
1.691746103
1.688801951
1.688194123
1.687725238
1.688812099
1.687551862
1.687158543
1.687013772
1.687079501
1.68956322
1.690063156
1.690909252
1.691632354
1.692259201
1.692591426
1.69276468
1.695417926
1.694206498
1.69293377
1.692497029
1.691220129
1.695443222
1.695443222
1.696260703
1.689918809
1.688825367
1.692859035
1.688544993
1.692958722
1.693183605
1.693229483
1.693004616
1.692507911
1.68961154
1.69112045
1.690779989
1.692011684
1.692622624
1.693026896
1.693398016
1.688458984
1.688444681
1.689373007
1.689793164
1.690620266
1.691958905
1.69302437
1.693795562
1.687143122
1.687241969
1.687126943
1.687278529
1.687484465
1.687362033
1.688006001
1.688134618
1.687997662
1.687866431
1.688743957
1.689603438
1.69054941
1.69134228
1.691709823
1.692742184
1.696213446
1.695890303
1.695310316
1.694988439
1.694057302
1.692822665
1.695443222
1.691551604
1.690443059
1.693638786
1.689752049
1.693221119
1.693809899
1.694134308
1.694170418
1.691157826
1.692269736
1.693133068
1.693593228
1.693774873
1.693898486
1.690127585
1.690338387
1.691770754
1.692200734
1.693148986
1.694123547
1.694771873
1.695030414
1.686806694
1.686506879
1.687136233
1.687980504
1.68841186
1.686479309
1.689079907
1.690245111
1.686338075
1.686666221
1.687403188
1.688332356
1.689283504
1.689768005
1.691345423
1.692036548
1.69615313
1.695443222
1.69612437
1.695936253
1.695245506
1.694457923
1.693207617
1.692966884
1.694021443
1.693977378
1.691622272
1.693120118
1.694076549
1.694698181
1.692849845
1.693723953
1.694176529
1.694270532
1.694159204
1.692257804
1.692589921
1.693975277
1.694308721
1.694955215
1.695391294
1.695439645
1.694789849
1.695082122
1.687036899
1.687955389
1.68636998
1.688504049
1.690232149
1.690757948
1.686060562
1.691818506
1.685778099
1.685882765
1.686404498
1.687151204
1.687608818
1.689205106
1.689969995
1.69140258
1.695443222
1.695443222
1.69604951
1.696155777
1.695409676
1.695230004
1.694404489
1.693576309
1.69337425
1.6939232
1.693507898
1.692775614
1.693955481
1.694294604
1.694629936
1.694573052
1.694286461
1.69415522
1.694482193
1.695274469
1.695451136
1.695584621
1.69538255
1.694770536
1.693383412
1.693872161
1.687767817
1.688968323
1.690296275
1.6872659
1.690929793
1.69298929
1.693458413
1.686393638
1.685763013
1.685545049
1.685757608
1.685954223
1.686770491
1.687646603
1.68934732
1.688043261
1.69073723
1.695443222
1.695443222
1.696044312
1.696210883
1.69596612
1.695589836
1.692314796
1.69221672
1.692882058
1.693519782
1.694779198
1.692161813
1.694883369
1.694588204
1.694086198
1.695160745
1.695324108
1.695274076
1.695246276
1.69482323
1.694012673
1.692927706
1.691208832
1.691750941
1.689761945
1.690302887
1.691788188
1.693114888
1.688323103
1.693653737
1.69530219
1.687271833
1.686347435
1.685743963
1.685715017
1.685765817
1.686186252
1.686546368
1.687390842
1.688572225
1.689905678
1.695443222
1.696214936
1.696320493
1.690734094
1.69064555
1.691351263
1.691939099
1.692668227
1.694931761
1.694321694
1.693488879
1.689805895
1.694690992
1.69486345
1.694581042
1.693847807
1.69373748
1.692861833
1.691741608
1.690553718
1.68896425
1.689479257
1.69124838
1.692697906
1.693203341
1.694604076
1.695471882
1.689840775
1.695653937
1.689059087
1.687392586
1.687002994
1.686353589
1.686093925
1.686248257
1.686471227
1.687037204
1.687927366
1.695443222
1.695443222
1.696319929
1.689504727
1.689347611
1.690147535
1.690718888
1.691576894
1.693782906
1.692661965
1.688757524
1.688694955
1.693175125
1.693148015
1.692453966
1.691522786
1.691354526
1.690223062
1.689302124
1.688533323
1.687440216
1.687737537
1.694125181
1.692819673
1.695098949
1.695471627
1.696191696
1.692186475
1.690029939
1.689482451
1.688340483
1.687462443
1.687406554
1.686961788
1.686781029
1.686956358
1.695443222
1.695443222
1.688891744
1.689087859
1.689110283
1.68888169
1.689442405
1.690411868
1.691709055
1.688081955
1.688597886
1.68777556
1.690828898
1.690734956
1.689910274
1.689109986
1.688889035
1.687922796
1.687719165
1.687393646
1.687299592
1.687216073
1.695179256
1.695935628
1.694796922
1.696098186
1.696117403
1.692944148
1.692431584
1.691191016
1.689982034
1.689697464
1.688835455
1.688008883
1.687433512
1.695443222
1.689452085
1.690556815
1.690395329
1.687775141
1.688263913
1.689317379
1.688608743
1.687803093
1.689510668
1.687209687
1.688482824
1.688409325
1.687808032
1.687398522
1.687393868
1.687281588
1.687418519
1.687766278
1.688345138
1.688491821
1.696089536
1.696021967
1.695443222
1.695228307
1.694927109
1.694035261
1.69288206
1.692616198
1.691399812
1.690487212
1.689473055
1.691316213
1.692620702
1.692760066
1.686927109
1.687395843
1.690301358
1.689099856
1.687972579
1.687123637
1.695056195
1.686929399
1.686904107
1.686806219
1.686997037
1.687255456
1.688218203
1.688604407
1.689521299
1.690569702
1.690999709
1.695443222
1.695443222
1.696020734
1.696051846
1.695890178
1.695204959
1.69505605
1.694203721
1.69316845
1.692646504
1.69275467
1.693732459
1.694709943
1.68660381
1.686879966
1.69132531
1.689877709
1.688396248
1.695622427
1.695443222
1.686657118
1.686784097
1.687313921
1.688116095
1.688623535
1.690357678
1.690896157
1.692079865
1.693259474
1.693619003
1.695443222
1.695443222
1.696016136
1.696092842
1.696001684
1.695396407
1.695135972
1.693867249
1.695248614
1.695382328
1.695838419
1.687227338
1.688396064
1.692423821
1.69073716
1.695443222
1.695967919
1.687916271
1.688197821
1.689399709
1.690506202
1.69112752
1.693014109
1.693540686
1.694653423
1.695533582
1.695536108
1.695443222
1.695443222
1.696112712
1.696265066
1.695719093
1.694747224
1.696246876
1.695443222
1.689234567
1.690874047
1.693345576
1.690324533
1.690848244
1.692648052
1.693300302
1.694351154
1.695384212
1.695605751
1.696195789
1.696257042
1.696213256
1.695443222
1.695443222
1.696217993
1.696293538
1.695550472
1.695443222
1.691947794
1.693600082
1.69313578
1.693543692
1.695153434
1.69550739
1.696156671
1.696237792
1.696181575
1.695443222
1.695443222
1.695443222
1.696310563
1.695675001
1.694529666
1.695487266
1.69551105
1.696277805
1.696165727
1.695443222
1.695443222
1.695443222
1.696262712
1.696034237
1.696241886
1.696244024
1.695443222
1.695443222
1.695443222
1.695443222
