1.679341636
1.679341636
1.679341636
1.680659769
1.679341636
1.680220541
1.679341636
1.682456742
1.68329468
1.68586082
1.684080382
1.681272231
1.679341636
1.680881153
1.687550223
1.687118913
1.687492977
1.679341636
1.679341636
1.679341636
1.68589431
1.688545037
1.684497935
1.681979037
1.688106837
1.688228965
1.68628077
1.686502201
1.68430339
1.681170395
1.680210104
1.679341636
1.688024699
1.688793939
1.686851377
1.685575558
1.684947395
1.68597486
1.686616729
1.683229101
1.682673339
1.684130113
1.679341636
1.681494211
1.679341636
1.679341636
1.688742644
1.687509651
1.688528445
1.687943748
1.682715532
1.68224525
1.683173034
1.684385719
1.682266368
1.682270153
1.686693932
1.682127662
1.686616025
1.681302777
1.680796005
1.679341636
1.679341636
1.679341636
1.679341636
1.687282368
1.688257402
1.688728572
1.681757134
1.680515505
1.680936579
1.681005655
1.683264133
1.683904298
1.683624424
1.679341636
1.688646771
1.685559542
1.688114826
1.684699209
1.681933296
1.680908914
1.681225049
1.685225
1.686583562
1.687511109
1.682999298
1.684907295
1.681688169
1.679865785
1.680564728
1.680442996
1.680426594
1.681824047
1.685986217
1.685523334
1.685368578
1.680891802
1.679341636
1.688331874
1.688411895
1.687250041
1.685933582
1.685243868
1.684591049
1.68309602
1.684176614
1.685675343
1.686063096
1.684194519
1.683376231
1.682111377
1.682815827
1.681932993
1.680496466
1.680831808
1.686797487
1.685511947
1.685197284
1.684412554
1.679341636
1.682574655
1.680503574
1.679341636
1.679341636
1.687774301
1.68853194
1.688562745
1.68839195
1.688064996
1.686543929
1.681097701
1.682012124
1.684499601
1.681340115
1.686744715
1.686048628
1.685704796
1.685116377
1.68373052
1.681311778
1.680634573
1.68588679
1.687357366
1.683890583
1.683637948
1.68317994
1.679341636
1.682008893
1.681001187
1.680851878
1.687045349
1.686238176
1.687260418
1.688026225
1.688774175
1.688960108
1.680074199
1.680449689
1.682815032
1.680797676
1.687865833
1.687958767
1.687675007
1.686540922
1.683596732
1.681987854
1.685657548
1.68678541
1.68237249
1.683300795
1.6820143
1.683087411
1.682931403
1.683520696
1.685028857
1.68418234
1.688707018
1.687746321
1.683884087
1.684799821
1.686112235
1.687807593
1.681526252
1.681365504
1.681126922
1.680977991
1.687486131
1.687946777
1.68794926
1.686768684
1.685312262
1.684511536
1.684086257
1.684741024
1.682951991
1.682187204
1.681588647
1.68181998
1.684136618
1.684058439
1.684483491
1.686947801
1.686932243
1.687040301
1.687609795
1.687152464
1.681190638
1.681993647
1.683778673
1.68402803
1.68397726
1.682856665
1.680576235
1.685562117
1.686659681
1.687508396
1.685848772
1.687266098
1.686999238
1.686842969
1.681735539
1.682246442
1.683718802
1.682672547
1.681060265
1.685105699
1.68515661
1.685278078
1.685542387
1.685493367
1.686124248
1.685190107
1.685551785
1.679842364
1.680161783
1.681262322
1.682603189
1.685998215
1.683515579
1.681476089
1.68330811
1.683360554
1.686777605
1.684598
1.687267368
1.687759685
1.687964278
1.680665422
1.680820714
1.68492124
1.683285437
1.682098436
1.684910486
1.684761689
1.685494265
1.686173216
1.686583425
1.683228965
1.683246928
1.680411223
1.680468419
1.681324493
1.682219458
1.686758519
1.688036465
1.684916416
1.68331839
1.681411196
1.682257846
1.685364569
1.683247073
1.685901556
1.68694743
1.686750347
1.681470612
1.681356695
1.6871784
1.685956092
1.68501127
1.684126822
1.683904615
1.683859048
1.683499
1.68448669
1.683571629
1.685131638
1.686216741
1.682448892
1.682393434
1.682285803
1.68262952
1.687532636
1.687677248
1.686494352
1.685425737
1.681578195
1.681842102
1.682737154
1.683407425
1.684056553
1.685292966
1.682979806
1.683460697
1.686362443
1.687157406
1.687160954
1.686687334
1.686066341
1.683163279
1.683564981
1.68368674
1.683335743
1.683883443
1.684390372
1.684240759
1.684643802
1.684359233
1.687844422
1.686739437
1.687489246
1.686593906
1.682341156
1.68149674
1.681093756
1.681230207
1.682328004
1.684303419
1.684489345
1.685437935
1.685112356
1.686042332
1.687350482
1.687192826
1.686908986
1.683674572
1.68281096
1.684310113
1.684350431
1.682422775
1.682326951
1.682706146
1.685781345
1.685879068
1.686796766
1.686877494
1.686306909
1.683951616
1.682740104
1.685075337
1.681413417
1.680628135
1.680735402
1.681878359
1.686632359
1.686629706
1.683692774
1.685630323
1.686017547
1.686348689
1.684632559
1.683663346
1.684935326
1.682746394
1.684798037
1.68482819
1.684692029
1.681948178
1.681551015
1.681794816
1.685027862
1.685509398
1.685001229
1.685021465
1.684497873
1.681996274
1.682886224
1.683707876
1.686146674
1.68253201
1.681748937
1.681400643
1.681969252
1.686649385
1.687096475
1.682881627
1.683620552
1.68412002
1.684833483
1.685162445
1.685531559
1.684318598
1.68571468
1.68343558
1.684436842
1.684396904
1.682587843
1.68193184
1.681734405
1.682641784
1.683420278
1.683321937
1.683234819
1.682039823
1.682440579
1.685494394
1.68712567
1.684732418
1.683432554
1.682800653
1.683492727
1.685941298
1.687160632
1.681948142
1.682133314
1.682554847
1.683542942
1.685058396
1.685843343
1.685460003
1.686240226
1.684920003
1.684145748
1.683800884
1.683874711
1.684087843
1.684526749
1.682228172
1.683985991
1.682944199
1.682766438
1.682857962
1.683350223
1.687469559
1.686460023
1.685455777
1.683924318
1.684528763
1.685185225
1.686982505
1.681895989
1.68162783
1.681734696
1.682640367
1.684879716
1.68588371
1.686505807
1.686153067
1.683628532
1.683621466
1.683437359
1.683874255
1.685983077
1.685856947
1.683530583
1.685338954
1.684033161
1.684417595
1.687278575
1.686716987
1.68589363
1.685133376
1.684624813
1.682343141
1.68575165
1.682944818
1.682108243
1.681547884
1.684421101
1.685707867
1.686227064
1.686388904
1.683863407
1.683306733
1.682987049
1.682906732
1.684384428
1.686527447
1.686559493
1.685642833
1.685261532
1.685312562
1.686048899
1.685937296
1.685644803
1.681706306
1.683383195
1.681861241
1.684128779
1.684566527
1.683396436
1.682647723
1.683979878
1.682696821
1.684778558
1.685670374
1.685265625
1.68436642
1.683780378
1.683150438
1.682591564
1.684834032
1.684817519
1.686215031
1.686691699
1.68647218
1.685094785
1.685197218
1.684616382
1.685026277
1.684516001
1.682117397
1.682381112
1.681976021
1.683010853
1.685828025
1.684929347
1.683918478
1.682574604
1.68315574
1.68247757
1.683545537
1.684484445
1.683854379
1.684522938
1.684058897
1.683548215
1.683260969
1.68481553
1.684884633
1.684942616
1.685714675
1.683807612
1.686392135
1.686653761
1.684029615
1.683797251
1.683725846
1.682987164
1.682357035
1.682953425
1.686508781
1.685928138
1.684910863
1.683013238
1.68270357
1.682497792
1.682446691
1.68252125
1.682380774
1.684831086
1.684631763
1.684444512
1.684212826
1.684388001
1.684681677
1.68431834
1.684948845
1.685140163
1.684762778
1.682941061
1.685582741
1.686204936
1.683612874
1.683459129
1.68370966
1.683478771
1.683649461
1.686508386
1.686256035
1.685280705
1.68373177
1.682675485
1.682231493
1.68198874
1.681981709
1.685246934
1.685303888
1.685323037
1.685089616
1.684043441
1.684032303
1.68462013
1.684165847
1.684929954
1.685206965
1.683653554
1.682384365
1.684361834
1.685208227
1.684141922
1.684632009
1.684362966
1.685831299
1.685957291
1.685373441
1.685407064
1.68422152
1.683520322
1.682977639
1.682175164
1.682499324
1.68543708
1.685632276
1.685822278
1.685520073
1.684125552
1.684537395
1.684919968
1.683943947
1.684363224
1.683920304
1.684581736
1.684819703
1.682467886
1.683200298
1.683870834
1.68478805
1.684971335
1.684226805
1.685276719
1.684490966
1.68496725
1.682469974
1.685155208
1.684713969
1.684097002
1.683276404
1.684954677
1.685169393
1.685821522
1.685252284
1.685991587
1.684969046
1.684946683
1.684741315
1.68410826
1.684480131
1.68377794
1.683780425
1.684027201
1.683754842
1.682407956
1.682592069
1.68291146
1.684581637
1.683413236
1.684244005
1.684331715
1.683708661
1.683036172
1.686014647
1.685701512
1.684983511
1.685140946
1.683819338
1.683827836
1.685476443
1.684200461
1.685911777
1.68499087
1.684830424
1.684905792
1.684480041
1.68402087
1.683434143
1.68358187
1.685002423
1.682947409
1.683117054
1.682750857
1.682701038
1.682897652
1.683885748
1.68336996
1.68372558
1.683366081
1.684349363
1.683846834
1.686211515
1.685464429
1.685431212
1.685782491
1.686135887
1.684527771
1.682800275
1.682739305
1.68327329
1.684258495
1.684344806
1.683135196
1.683538783
1.684912447
1.684678461
1.684976476
1.684794047
1.684466168
1.683909543
1.683409812
1.685027925
1.684913106
1.682574536
1.682836899
1.683239234
1.683602756
1.683438988
1.683805474
1.683652415
1.684067662
1.684048852
1.684832115
1.685031055
1.685504113
1.685323083
1.68551561
1.685659711
1.683669687
1.682771339
1.682369889
1.682613792
1.682271486
1.683194685
1.682975807
1.682646794
1.684765383
1.684554147
1.68499882
1.684790114
1.683772506
1.684540421
1.684168331
1.68367096
1.68497509
1.685055139
1.684842166
1.68508758
1.682792657
1.683395782
1.683469851
1.683842359
1.684605331
1.684459847
1.684649729
1.684775902
1.685336798
1.685496713
1.685167776
1.684489565
1.68446412
1.683283381
1.682694386
1.682387851
1.682309667
1.68245239
1.682618039
1.682551457
1.682505386
1.682234459
1.682336455
1.682508575
1.682407386
1.682310537
1.682258433
1.682359381
1.684676781
1.684836777
1.684541433
1.684467494
1.684981996
1.68476938
1.684111871
1.684454203
1.684233907
1.685092768
1.685047897
1.685118987
1.685003622
1.683421061
1.684299383
1.684108631
1.684433871
1.685153098
1.684859515
1.684928772
1.685066159
1.685172494
1.684955719
1.684119051
1.682757772
1.683332245
1.682463848
1.682574914
1.682372798
1.682423263
1.682408251
1.682733024
1.68297597
1.682219902
1.682997294
1.682536564
1.682242554
1.682226221
1.682235337
1.682236476
1.68258073
1.68232982
1.682523905
1.684932381
1.684632288
1.684777287
1.684401792
1.684488658
1.684514747
1.684947719
1.684753942
1.684538708
1.68464676
1.68508226
1.685160955
1.685121683
1.685101377
1.685054043
1.683828712
1.684502157
1.685003592
1.684743431
1.684885886
1.682806648
1.684784295
1.684569437
1.684421304
1.684496968
1.684426293
1.684030345
1.682946205
1.68341258
1.683139083
1.683062445
1.68284253
1.682626276
1.682544792
1.683415928
1.683737309
1.68219758
1.683424662
1.682785397
1.682334358
1.682199814
1.682246791
1.682323877
1.682900943
1.682818161
1.682471573
1.682524562
1.682788082
1.684853084
1.684698565
1.684593255
1.684354517
1.684423296
1.684320101
1.684456556
1.685003723
1.684950209
1.684833469
1.68489079
1.685109186
1.68517469
1.685188375
1.68516216
1.684642164
1.685178902
1.685168086
1.685485509
1.685144106
1.685248813
1.685110019
1.683373884
1.683267443
1.68404686
1.683965881
1.683894328
1.683728693
1.683385809
1.683430972
1.683196727
1.683370241
1.683173833
1.682966287
1.684072104
1.684747334
1.682276477
1.683913295
1.683232491
1.682783452
1.682490159
1.682305301
1.68234871
1.682475214
1.682470172
1.682788248
1.682614613
1.682476388
1.68341378
1.683244586
1.683136849
1.682745613
1.683136193
1.683560805
1.684630394
1.68474829
1.684858955
1.684512187
1.684373799
1.684327671
1.684297158
1.684400279
1.685133121
1.685040875
1.684908111
1.68504482
1.685077166
1.685182423
1.685212317
1.685227808
1.685218818
1.685215538
1.685271084
1.685318506
1.68557017
1.685692623
1.685694504
1.685349104
1.685548743
1.685403865
1.685319004
1.685249745
1.683844901
1.683862693
1.68381861
1.683963097
1.683849328
1.683743081
1.683653357
1.684105165
1.683817262
1.683708859
1.684274006
1.683754139
1.683566626
1.684513949
1.68494212
1.684616127
1.685467575
1.684273
1.684697665
1.683048177
1.682463075
1.683884514
1.683523518
1.683099217
1.682738959
1.682505843
1.68245887
1.682606904
1.682602543
1.682826802
1.682697766
1.683980728
1.683960988
1.683818242
1.683524513
1.683184536
1.68346195
1.6839233
1.684503546
1.684563759
1.684666418
1.684763421
1.684419819
1.684340294
1.684301369
1.684280959
1.684354082
1.685161491
1.685067191
1.684953337
1.685199362
1.685264396
1.68530165
1.685252085
1.68527969
1.685258438
1.685333725
1.685806465
1.685714339
1.685689912
1.685649325
1.685789987
1.685768414
1.685723911
1.685534359
1.685433634
1.685384862
1.684271646
1.68431973
1.684381412
1.684416353
1.684381212
1.684648667
1.684098665
1.68463735
1.684479409
1.684835237
1.685047454
1.68415402
1.684426627
1.684611452
1.685225302
1.68505966
1.685102973
1.685760744
1.683415603
1.684287548
1.684700724
1.683142035
1.682745629
1.683888061
1.683474601
1.68307472
1.682708299
1.682748206
1.682732188
1.682747168
1.682928551
1.682885343
1.684259349
1.684350475
1.684311955
1.684757171
1.683832583
1.68385273
1.684276618
1.68386798
1.684809324
1.684445166
1.684494309
1.684587612
1.68464986
1.684370931
1.684270565
1.684308737
1.684279443
1.684319814
1.685187789
1.686475373
1.685679985
1.685094828
1.685334372
1.685392196
1.685378707
1.685269556
1.685312796
1.685870903
1.685368932
1.685911443
1.685875878
1.685837679
1.685677092
1.685794896
1.685727094
1.685475043
1.685686778
1.685579105
1.685517817
1.68479223
1.684785135
1.684796945
1.684941565
1.684860289
1.685080405
1.685083747
1.685002994
1.684938454
1.685128224
1.685186406
1.685142152
1.685072709
1.685080738
1.684873402
1.68507349
1.685555246
1.685386272
1.685391569
1.685428548
1.685559447
1.68589991
1.685937638
1.683531166
1.684301671
1.684697454
1.685070913
1.683468905
1.683169921
1.68305693
1.68389118
1.683449482
1.682934252
1.683146739
1.683061601
1.682897775
1.682897311
1.683079364
1.683091252
1.683278439
1.684765166
1.684645944
1.684687739
1.685051951
1.684314618
1.684690017
1.684756507
1.684292525
1.68393729
1.685922782
1.684392556
1.68443423
1.684509682
1.684332537
1.684263333
1.684286908
1.684268095
1.684295162
1.68870983
1.689088558
1.686036087
1.687861166
1.688127939
1.687106676
1.690973532
1.685450462
1.685416057
1.685455581
1.685411568
1.685423132
1.687078509
1.685890528
1.68830522
1.686324794
1.68583216
1.68581648
1.685647723
1.685646371
1.685484846
1.685550192
1.685691528
1.685629264
1.685520233
1.685592004
1.685612768
1.685741656
1.685148869
1.685133164
1.685311167
1.685286279
1.685101291
1.685036638
1.68529158
1.685228872
1.685273954
1.685197354
1.685039309
1.685257984
1.685286763
1.685438563
1.685424514
1.685298057
1.685406734
1.685411131
1.685816317
1.685688692
1.685774637
1.685955852
1.685788973
1.685920845
1.683835754
1.684329247
1.684766601
1.685662198
1.685172886
1.683830661
1.683526349
1.683461836
1.6842193
1.683854307
1.683409256
1.683264782
1.683309216
1.683260948
1.683101203
1.683524197
1.683360935
1.683634727
1.685028137
1.685039023
1.685297536
1.684685342
1.684692518
1.685025961
1.685022156
1.685027969
1.684361743
1.684737791
1.68424235
1.686148211
1.688661822
1.684347547
1.685720582
1.684375559
1.68430276
1.68426002
1.684274048
1.684264702
1.684277724
1.692208949
1.691981397
1.692142025
1.688874498
1.689983914
1.693288981
1.695013896
1.685481115
1.685448847
1.68546429
1.685992855
1.690436859
1.692443227
1.690927482
1.688813761
1.689005113
1.685695176
1.685586803
1.685497875
1.685569839
1.685538938
1.685556141
1.685500838
1.685504184
1.685480511
1.685515614
1.685558404
1.685575687
1.685385803
1.685481206
1.68538848
1.684843014
1.684823472
1.685411643
1.685348754
1.685248037
1.684844013
1.68507849
1.685067991
1.685486708
1.685463333
1.685466395
1.685539256
1.685554856
1.685537624
1.68581009
1.685668537
1.685954646
1.685669293
1.696265227
1.685931817
1.685917728
1.685940854
1.685781546
1.685593655
1.685955289
1.684215095
1.68619335
1.684664488
1.695659171
1.710751958
1.687936162
1.688876157
1.68372269
1.683934603
1.683798939
1.683678747
1.685001133
1.697479668
1.694803812
1.691307543
1.685320913
1.685282151
1.685482138
1.685030136
1.685022114
1.685041688
1.685193207
1.685330922
1.685258144
1.68529701
1.684719402
1.684585401
1.685307149
1.688173482
1.687920824
1.69171879
1.684312484
1.68836281
1.686055229
1.688226275
1.684504112
1.684531773
1.684551864
1.685140388
1.686731746
1.696257477
1.696442038
1.693082149
1.698349591
1.700058404
1.685469604
1.686693694
1.687286374
1.689797897
1.695519322
1.696106632
1.69871057
1.694785424
1.693920533
1.685457103
1.68546665
1.685493283
1.685480242
1.685407798
1.685353885
1.685444247
1.685327904
1.685330879
1.68533226
1.68539679
1.685408089
1.685446993
1.685487451
1.685471787
1.684552985
1.684622523
1.685386667
1.685300669
1.685053429
1.684654012
1.684855885
1.685580681
1.685595322
1.685594925
1.685541856
1.685577165
1.685835504
1.68585539
1.685944454
1.685962787
1.685981469
1.7053766
1.718263223
1.68586873
1.685407441
1.685902992
1.685619663
1.685803098
1.685809729
1.689184077
1.693310628
1.707357116
1.727991848
1.723012528
1.717371313
1.697117421
1.713418847
1.694093155
1.701517609
1.703578751
1.706613015
1.702312527
1.685505112
1.685501149
1.685642632
1.685611382
1.686296778
1.685331895
1.685274617
1.685358594
1.687311321
1.685537244
1.685351207
1.685587385
1.685484706
1.685538731
1.685436719
1.685437761
1.685582587
1.689537945
1.687951947
1.691135641
1.69100044
1.697860917
1.694652347
1.686122851
1.690972203
1.688313364
1.690803262
1.690046592
1.68741882
1.686899426
1.687474171
1.690178819
1.700756649
1.701098956
1.701119913
1.70460627
1.705322288
1.687221814
1.69125968
1.691227188
1.696780795
1.704852777
1.704649484
1.704365422
1.705774495
1.686667208
1.685400412
1.685383841
1.685274594
1.685246389
1.685239241
1.685190192
1.685377471
1.685172232
1.685161884
1.685154933
1.685152485
1.685235562
1.685303288
1.685220742
1.685364301
1.684390114
1.684468997
1.685128084
1.685149348
1.684872068
1.684706844
1.684494278
1.684625321
1.685631226
1.685631425
1.68558526
1.685371575
1.685505065
1.685099923
1.708722494
1.689912686
1.690366709
1.685968103
1.722435488
1.728233072
1.685751486
1.685895762
1.685581978
1.685679115
1.685405026
1.685239491
1.685575227
1.685541474
1.695044045
1.699710863
1.722359671
1.733694309
1.733088305
1.729483245
1.727275279
1.704924609
1.723610189
1.716664568
1.71632734
1.714266772
1.709913408
1.6856273
1.685646782
1.685668858
1.691255763
1.692497874
1.685565487
1.689449003
1.687099682
1.685555051
1.685665518
1.685536437
1.685709036
1.686126805
1.685561422
1.685637353
1.685728379
1.695271191
1.691903538
1.693622926
1.694715225
1.694526341
1.698696014
1.69277556
1.690565384
1.693413388
1.692593933
1.693521595
1.691568968
1.690752724
1.693875994
1.705595685
1.703769839
1.709075953
1.709885877
1.710129106
1.705619582
1.692677659
1.69759186
1.711856342
1.712351774
1.712660859
1.711382955
1.685130919
1.685257555
1.685121642
1.685032377
1.685107539
1.685039853
1.685029252
1.687716011
1.694891841
1.685003889
1.684997787
1.684984149
1.68493876
1.68501818
1.684998846
1.684928497
1.684970934
1.684301754
1.684364197
1.684819984
1.684562828
1.68443952
1.684663648
1.684788604
1.685641875
1.685553008
1.685555099
1.685410088
1.685280603
1.684957114
1.714799354
1.698446241
1.736925131
1.730058553
1.68543873
1.700647916
1.686720506
1.685252816
1.685419599
1.685205068
1.685315811
1.685125854
1.685236137
1.699779619
1.7042691
1.727796399
1.730582712
1.735764748
1.732744951
1.738372325
1.709124069
1.726190059
1.722793639
1.719644091
1.714446882
1.685685914
1.685701446
1.685746164
1.685720192
1.685671318
1.690757127
1.695529833
1.694176828
1.691019842
1.685687386
1.685676036
1.685761916
1.691066092
1.688407749
1.685716716
1.699236558
1.695944419
1.696666642
1.698034216
1.697390233
1.702371729
1.696467217
1.696683158
1.696099966
1.696851784
1.696406901
1.696202896
1.695561697
1.696942197
1.698439071
1.709365764
1.707415538
1.71439172
1.71464498
1.714501412
1.705707703
1.717660423
1.717862548
1.715990077
1.711465785
1.685106797
1.68916965
1.68493828
1.684986948
1.68485459
1.684926628
1.684910534
1.684836829
1.684850837
1.697519778
1.702572226
1.684843966
1.684833672
1.684800351
1.684803395
1.684895689
1.684815736
1.684669278
1.684601323
1.684259051
1.684316299
1.684487041
1.684367754
1.684652186
1.684480432
1.684554596
1.685567796
1.68560961
1.685428058
1.685430187
1.685373795
1.685190855
1.6850881
1.684811636
1.68459935
1.714833829
1.719096646
1.739957746
1.733292389
1.690794497
1.704942053
1.68506615
1.694874687
1.685090469
1.685006824
1.684945534
1.741400574
1.703792243
1.708245729
1.729444313
1.734892638
1.732721667
1.737235426
1.726510546
1.712574023
1.723321144
1.717971132
1.685696048
1.685719382
1.688761803
1.685740643
1.68563065
1.685651445
1.693697916
1.69770033
1.695307428
1.700844418
1.688551878
1.687424427
1.691367549
1.694874544
1.692839323
1.691233444
1.703717149
1.699452849
1.701642155
1.700616782
1.707329087
1.699592183
1.700111841
1.699969598
1.698596062
1.699738836
1.700729342
1.700408114
1.712604785
1.712957949
1.71856369
1.718859308
1.717969656
1.705171081
1.720930638
1.71051006
1.720099772
1.716315501
1.684966896
1.68965239
1.68486971
1.684821479
1.684833631
1.690566824
1.695918445
1.684700222
1.684701524
1.684611057
1.684723347
1.684710104
1.684697463
1.699942012
1.684691551
1.684679722
1.68466509
1.684721249
1.684633618
1.684617007
1.684415358
1.684367442
1.684245836
1.684261262
1.684283775
1.684342104
1.684300745
1.6844874
1.684463428
1.684409632
1.684321714
1.685541043
1.685488427
1.6855244
1.685271172
1.685103947
1.685316909
1.685088121
1.684914351
1.684693875
1.684380165
1.684502839
1.725999614
1.743705808
1.738331933
1.709169423
1.700393017
1.684923277
1.68472878
1.684709002
1.740071603
1.744811872
1.7466553
1.707575761
1.711625355
1.732440609
1.729789539
1.73437544
1.725297639
1.715843104
1.720670708
1.692992568
1.685804523
1.689389634
1.686403971
1.697014329
1.698533064
1.701753538
1.696325818
1.693884064
1.697233304
1.698466132
1.696608387
1.705317193
1.708622561
1.702362868
1.705507334
1.703870761
1.713121185
1.702628176
1.703022392
1.704165899
1.70376997
1.701509376
1.702293158
1.717557068
1.720342471
1.722528324
1.722776945
1.722337184
1.704354421
1.72375019
1.710716174
1.715775016
1.720963668
1.689310121
1.684698139
1.69036723
1.695219165
1.684589162
1.684576015
1.684557353
1.684508852
1.684437805
1.684563951
1.684535092
1.684539078
1.696946002
1.684532963
1.684532295
1.684522381
1.684535352
1.684436972
1.684462592
1.684440272
1.684296695
1.684285968
1.684239291
1.684245175
1.684256354
1.684274368
1.684261974
1.684334206
1.684278115
1.684260364
1.686762126
1.685409502
1.685355153
1.684932865
1.685150699
1.684970681
1.685178749
1.684795969
1.684769865
1.684605299
1.684301871
1.68438305
1.684470481
1.727682129
1.742417755
1.710584388
1.718186673
1.70536971
1.69848867
1.685446055
1.737377756
1.743863625
1.750033365
1.749179671
1.711760068
1.715300797
1.731398614
1.728490561
1.72353287
1.71904529
1.696731069
1.693077748
1.689370314
1.689070434
1.700150749
1.700740351
1.702633178
1.700721125
1.699916321
1.703173214
1.702130894
1.705798643
1.709502946
1.712533589
1.704765584
1.708201165
1.709719052
1.719450921
1.706452823
1.709811703
1.707655235
1.704789357
1.704610187
1.724437295
1.728781914
1.72776662
1.725505959
1.726430942
1.703036369
1.725103863
1.709812934
1.715989084
1.721185715
1.689210183
1.691371946
1.691356143
1.685616756
1.684467186
1.684460338
1.690796005
1.684408169
1.684335821
1.684331346
1.684316041
1.684357442
1.68438137
1.68436898
1.696167049
1.684372796
1.687548131
1.684293012
1.684252913
1.684250147
1.684239844
1.684240672
1.68424284
1.684245704
1.68424894
1.684241291
1.684238869
1.684253535
1.684233346
1.688134188
1.686002904
1.685243892
1.685175664
1.684806759
1.685005158
1.68483785
1.685025064
1.684634807
1.684655873
1.684509898
1.684261269
1.684376496
1.684279234
1.684310139
1.68440517
1.728564848
1.7407679
1.721877548
1.713735285
1.705352588
1.734118319
1.750383417
1.741673248
1.749481307
1.754221707
1.716361645
1.719532015
1.727041181
1.722728346
1.731021429
1.696499981
1.692033669
1.700836596
1.690327415
1.705599722
1.703592124
1.705637691
1.707347752
1.708187327
1.712918237
1.706646986
1.70716663
1.714120241
1.714357917
1.725659192
1.712025716
1.715895135
1.710970786
1.709541337
1.733637526
1.735514346
1.734053356
1.729657661
1.727054988
1.702600847
1.72473885
1.709378016
1.719695811
1.715086796
1.702872402
1.722663986
1.685626116
1.684380787
1.684373252
1.715727033
1.688192651
1.691340072
1.684318928
1.699545716
1.691147081
1.697097233
1.684289239
1.685676903
1.684270911
1.684270703
1.695468795
1.684275242
1.709898045
1.698569519
1.684238021
1.684237423
1.684241476
1.684245229
1.684239832
1.684238398
1.684232413
1.684232892
1.684234435
1.684231637
1.684236455
1.684230725
1.685945003
1.687532035
1.685058929
1.684684261
1.684711828
1.684854848
1.684888805
1.684527204
1.684551101
1.684425011
1.684244916
1.684326972
1.684280451
1.684343547
1.734525661
1.745068334
1.730513126
1.72297657
1.738689775
1.755411303
1.748235489
1.756666959
1.720644474
1.725024453
1.727635438
1.735269336
1.704686977
1.694027743
1.698243096
1.689642205
1.708606237
1.707739788
1.711589869
1.709472748
1.713475907
1.71019483
1.71728684
1.708235538
1.71088971
1.720252622
1.73385093
1.719912808
1.717196933
1.716597025
1.743652166
1.74871096
1.734761735
1.727759011
1.723969956
1.699957809
1.718609789
1.708060378
1.713017169
1.684324779
1.684314996
1.729605923
1.725940183
1.686403344
1.689346803
1.6842715
1.710391694
1.709989513
1.709531072
1.684248587
1.703661992
1.686709791
1.695972612
1.690440314
1.692021862
1.684488273
1.723402345
1.684251226
1.712834445
1.684236609
1.684239855
1.684246407
1.684243177
1.684233601
1.684236646
1.68424073
1.684238901
1.687058194
1.68423641
1.68423089
1.684233789
1.684234013
1.685541505
1.684579875
1.684696414
1.684439656
1.684465641
1.68452171
1.684365708
1.684289102
1.685699919
1.757563425
1.750720805
1.741111359
1.748843372
1.736215596
1.745421112
1.76147634
1.762432573
1.754735119
1.726294894
1.733487933
1.743522945
1.701864277
1.706083184
1.691796623
1.694919309
1.6884145
1.712704115
1.712969818
1.713930983
1.710925723
1.718040317
1.714418909
1.72267384
1.710459295
1.716257431
1.736583291
1.724149032
1.725831378
1.723958611
1.723000175
1.742668713
1.755415163
1.730751016
1.717948536
1.726330797
1.692726186
1.699844193
1.711591156
1.703908097
1.684277249
1.714482786
1.738874777
1.738000148
1.689059305
1.687538994
1.686968671
1.685636868
1.722322231
1.722303201
1.690876815
1.707029088
1.700116523
1.697398716
1.6909228
1.691381143
1.736214775
1.684257535
1.724931732
1.684244527
1.684249101
1.684253076
1.684251056
1.684242803
1.68424712
1.684251446
1.684247608
1.68668137
1.684243593
1.684231934
1.684239458
1.685908587
1.685661622
1.685443675
1.685522373
1.687155013
1.686780737
1.761854092
1.755994201
1.746503411
1.754623945
1.767384115
1.764608744
1.733958001
1.754646752
1.744681926
1.688187775
1.699113647
1.70264081
1.692938162
1.690095589
1.705823284
1.716397174
1.718477733
1.711486453
1.728065353
1.72924417
1.720406542
1.687587219
1.713922504
1.738419737
1.729610022
1.730327182
1.729157348
1.743324329
1.757411996
1.725262893
1.714473094
1.693319614
1.694247124
1.702571783
1.716437738
1.751307668
1.750254738
1.691052418
1.690463924
1.735423821
1.734865918
1.698322994
1.719332187
1.709448536
1.703842447
1.694789708
1.696217691
1.751575319
1.68426409
1.699748413
1.737028653
1.728827804
1.684256006
1.684260341
1.684262876
1.684260483
1.684262388
1.684254766
1.684260027
1.684256303
1.686951096
1.684249811
1.685647426
1.685111181
1.687689189
1.687300597
1.687396802
1.689072308
1.766793247
1.774607542
1.762684623
1.782298898
1.763388752
1.770952411
1.746798345
1.763023322
1.688988062
1.698566645
1.695164729
1.690962635
1.703758632
1.716489787
1.722711397
1.709377871
1.742910944
1.733930112
1.724326067
1.727602146
1.688556987
1.68823416
1.721762025
1.733421627
1.733738495
1.731885267
1.738720182
1.744843317
1.746148022
1.710645978
1.718588092
1.70129912
1.696040676
1.695489464
1.764071787
1.695798287
1.74880941
1.747403073
1.722609771
1.704366403
1.711848878
1.701695672
1.703132546
1.766157854
1.778564502
1.684270651
1.706923449
1.71221105
1.749741669
1.736479508
1.684268234
1.68427122
1.684268591
1.684270625
1.684267462
1.684273684
1.684642615
1.685639869
1.689120853
1.685564161
1.687163465
1.686878031
1.689640669
1.691054732
1.690317991
1.794618835
1.785955182
1.797981895
1.786217072
1.771589
1.771596286
1.759012824
1.689676277
1.697089082
1.692323918
1.703134728
1.713168245
1.697261632
1.744122095
1.714239412
1.733934115
1.727363376
1.689595
1.689690684
1.691628459
1.733709587
1.748088485
1.727293677
1.732722785
1.74331253
1.726922206
1.729507977
1.708152275
1.700310579
1.703025881
1.696198087
1.722393678
1.761082999
1.712175739
1.711311136
1.782929222
1.800224708
1.684277564
1.721742068
1.731086313
1.773147136
1.762877408
1.749555401
1.684277438
1.68427947
1.684279737
1.684412453
1.684277059
1.686796787
1.686192042
1.687191556
1.692572671
1.687157101
1.692870697
1.688545686
1.691386619
1.821459367
1.818043399
1.799305833
1.782846746
1.768184983
1.690469775
1.692468506
1.690764951
1.693064224
1.703527842
1.706715594
1.698214056
1.757708328
1.712532144
1.73410614
1.722974748
1.691374101
1.69457339
1.694300538
1.771682605
1.752153654
1.725030048
1.752005903
1.718411368
1.719664821
1.708197212
1.701195574
1.700514867
1.708742965
1.808112536
1.684282748
1.731939341
1.744807053
1.784753497
1.76940069
1.830210939
1.684283135
1.684777507
1.684806943
1.688461913
1.685641566
1.688071949
1.687805405
1.694710678
1.688547962
1.692096216
1.690127851
1.68947113
1.84943734
1.837579105
1.823308551
1.806088324
1.782209544
1.692290654
1.691140575
1.694257923
1.693112572
1.693977816
1.772195353
1.707258952
1.702686723
1.698586085
1.710914461
1.73960103
1.719826352
1.697199921
1.696623712
1.700473906
1.795043245
1.771003445
1.768341631
1.806911212
1.725308469
1.712238591
1.723234633
1.705950118
1.708847694
1.720781658
1.82677784
1.837462359
1.806534606
1.684284151
1.750306
1.764608279
1.786499852
1.838270109
1.686396766
1.687400676
1.688150563
1.689848429
1.688697206
1.68919949
1.691926665
1.690125631
1.690548268
1.690999152
1.870021069
1.862823696
1.84284483
1.844961673
1.809856838
1.694132345
1.696883159
1.695022413
1.695400438
1.760777004
1.704059506
1.69862288
1.714341203
1.698589509
1.695695411
1.693040364
1.699741449
1.704171792
1.813149175
1.762788997
1.846003748
1.724846203
1.718854974
1.738292444
1.71989235
1.740843124
1.837589244
1.822602828
1.859821739
1.820850664
1.833861154
1.808324043
1.772376636
1.687219135
1.774825353
1.796823567
1.83455833
1.68921403
1.690113505
1.690990831
1.69156501
1.692230863
1.690905931
1.692831729
1.691921584
1.876263438
1.874682003
1.866710359
1.851122149
1.795423012
1.697892793
1.702182599
1.701720506
1.699252696
1.702245991
1.715286215
1.703707103
1.695039589
1.69376279
1.696937042
1.700947972
1.706008218
1.704861043
1.78127014
1.735797473
1.815580433
1.770496746
1.79241079
1.758864508
1.767850216
1.794676119
1.804879268
1.817930594
1.816486907
1.793158848
1.82227092
1.883014204
1.869264846
1.823227334
1.853274244
1.689440098
1.818329779
1.877302631
1.691816002
1.693101046
1.694706998
1.692804022
1.69419137
1.912876983
1.870729866
1.797357217
1.728661198
1.705857886
1.705500554
1.707559168
1.710601781
1.694462405
1.695241938
1.696116103
1.698541372
1.702505819
1.707966214
1.771313595
1.824623082
1.77379134
1.827922079
1.780318039
1.843973204
1.817169548
1.832518447
1.795454056
1.824260382
1.821114202
1.841973184
1.861325646
1.914384073
1.960897067
1.929638739
1.899832159
1.9372625
1.853251711
1.807230763
1.691386244
1.891032828
1.909896768
1.693013986
1.696003775
1.697426414
1.696471114
1.888223148
1.8023488
1.760103112
1.732501018
1.706425929
1.706784538
1.710503617
1.696782846
1.697820381
1.698891477
1.701883651
1.705976666
1.705496965
1.709258973
1.835272339
1.863351104
1.841159687
1.829749448
1.894285457
1.905416036
1.893610206
1.846273528
1.79644218
1.802946375
1.846086726
1.908268183
1.872777789
1.861076832
1.897407253
1.898011706
1.871521392
1.833130829
1.940505968
1.941421103
1.695060473
1.698198437
1.700875505
1.700635793
1.81516599
1.750985227
1.731332701
1.714629767
1.710359074
1.700360191
1.70120059
1.702188146
1.706725408
1.711295599
1.714270729
1.897656673
1.902760672
1.930920473
1.883160584
1.893853594
1.926483351
1.965658181
1.919835956
1.823702201
1.817391286
1.923714582
1.813996675
1.913492299
1.933501181
1.89441082
1.898914014
1.900997321
1.897282789
1.80401367
1.940739686
1.806965576
1.697670353
1.701275655
1.705789258
1.746413222
1.729859205
1.727568677
1.723072163
1.706676666
1.705459766
1.711413127
1.720626771
1.972355902
1.945710995
1.928095829
1.897165488
1.892340208
1.931972245
1.956096955
1.943269373
1.881559371
1.854368627
1.947239826
1.841481409
1.939181231
1.902561566
1.826950002
1.874527597
1.920739668
1.831513387
1.756062171
1.826642585
1.700980434
1.704599952
1.705865538
1.71006692
1.754743748
1.760002333
1.749196114
1.732640859
1.712970828
1.712785636
1.715856869
1.718390709
1.949832823
1.979297866
1.897648984
1.889642095
1.913155584
1.914866516
2.000000005
1.899989195
1.977239266
1.983351355
1.884283266
1.883424206
1.901486015
1.827199728
1.836938863
1.897806799
1.77438946
1.789157855
1.805815309
1.705638295
1.708511297
1.715386452
1.776904401
1.746612332
1.725590172
1.723336313
1.719938304
1.908273842
1.938074301
1.916116012
1.901657834
1.912051857
1.833993658
1.979797465
1.946723684
1.981645362
1.892961223
1.880196846
1.890236226
1.883517741
1.857052374
1.893081675
1.773743642
1.780478107
1.76669733
1.712139631
1.716331115
1.726674906
1.736490526
1.737556894
1.741716909
1.72994749
1.92642849
1.947208973
1.947124581
1.912887984
1.848083288
1.778855513
1.955002608
1.981200777
1.934089145
1.946073435
1.9199837
1.876169943
1.889607812
1.910633774
1.91243112
1.92609496
1.751261371
1.753496254
1.718091634
1.724642876
1.735750433
1.735614339
1.756164445
1.770059638
1.759023062
1.941097135
1.934365049
1.952461584
1.923296847
1.815611195
1.783767572
1.962360338
1.956165116
1.922349835
1.925604946
1.921413861
1.931900337
1.943338801
1.924899534
1.930732257
1.937125721
1.743308674
1.731293795
1.753937515
1.763910139
1.762758858
1.777118047
1.784987425
1.758998215
1.969036056
1.958561743
1.966013412
1.879780326
1.809018372
1.952176348
1.93372678
1.928442572
1.939491841
1.939033818
1.920625624
1.95863422
1.961281213
1.786542218
1.767870059
1.737526771
1.764018493
1.785408525
1.773003124
1.772411048
1.953207603
1.970757475
1.83716374
1.89662813
1.955613526
1.954009684
1.96544118
1.966072431
1.975180653
1.968215202
1.937939454
1.785095326
1.785590333
1.740571441
1.758423733
1.765703323
1.814319803
1.966504163
1.966359526
1.813440338
1.900938426
1.97630003
1.964197064
1.950852341
1.963120377
1.962256928
1.945603687
1.929884351
1.771340783
1.75518815
1.759148479
1.846267351
1.768572051
1.980718242
1.938097963
1.862905001
1.96868639
1.937631023
1.93117113
1.93780611
1.930493766
1.923971728
1.756258657
1.788742657
1.847563539
1.757035344
1.771750421
1.957616347
1.930827665
1.938073961
1.908913461
1.92890254
1.916754664
1.918217172
1.774214264
1.88482048
1.779994292
1.750388813
1.948006751
1.924684133
1.898149892
1.90871055
1.907530776
1.905224226
1.743625878
1.811811298
1.756885448
1.972105808
1.904685664
1.891546134
1.893480802
1.873327092
1.761273753
1.752945792
1.809543506
1.863872806
1.928102313
1.895837743
1.898052772
1.812216407
1.793824746
1.837394276
1.847877798
1.884189221
1.890647421
1.884250874
1.848224005
1.844608384
1.840034104
1.848964792
1.947499025
1.908119717
1.857648656
1.843012054
1.905415253
