1.679524795
1.679524795
1.679524795
1.681824286
1.679524795
1.68202635
1.679524795
1.684433967
1.684909431
1.687170131
1.686282683
1.683469683
1.679524795
1.682591493
1.688475624
1.687520509
1.687450428
1.679524795
1.679524795
1.679524795
1.687831219
1.688914588
1.68657432
1.684031099
1.687245827
1.687092462
1.685190389
1.685398629
1.683224322
1.68312814
1.681979633
1.679524795
1.688890849
1.687951339
1.688184697
1.687403983
1.683431786
1.684179918
1.684664697
1.682337162
1.682113064
1.686379206
1.679524795
1.683636687
1.679524795
1.679524795
1.688247701
1.685789537
1.688584148
1.688840156
1.681384404
1.681575944
1.681400905
1.682324659
1.682594809
1.682655473
1.68838539
1.684320156
1.688019935
1.683204686
1.6825057
1.679524795
1.679524795
1.679524795
1.679524795
1.685479108
1.687161541
1.688272496
1.682204156
1.680078579
1.680934899
1.679957152
1.681501648
1.684702233
1.684490315
1.679524795
1.688502179
1.687319451
1.688469589
1.686704331
1.684204931
1.683010973
1.683154684
1.683381989
1.684843154
1.685869734
1.684030271
1.68577095
1.682840668
1.680565732
1.681711671
1.680057754
1.681608924
1.680776625
1.685988209
1.685723874
1.685750395
1.682593586
1.679524795
1.687110973
1.688721551
1.688551881
1.687808918
1.687194187
1.68660217
1.681610247
1.682314967
1.683618347
1.686691967
1.685554853
1.685146399
1.684071825
1.684674399
1.683532209
1.680973974
1.680677855
1.686520818
1.684890667
1.684683175
1.683655943
1.679524795
1.684736113
1.682137334
1.679524795
1.679524795
1.686267303
1.687851389
1.688518069
1.688741731
1.688855907
1.688232652
1.680360909
1.680597553
1.682578559
1.680391402
1.68756017
1.687459745
1.687277835
1.686729335
1.685365043
1.68254918
1.681539078
1.684912057
1.686765667
1.682934874
1.683190116
1.682812763
1.679524795
1.684398449
1.68286522
1.682266191
1.688515614
1.684478103
1.685733056
1.686635441
1.687696013
1.688842321
1.680421453
1.680951266
1.681427352
1.680756287
1.687757073
1.688157268
1.688186529
1.687575973
1.685291293
1.683639728
1.68434361
1.685475444
1.682176205
1.682254346
1.681794493
1.683324564
1.68321863
1.685185572
1.686950021
1.685872808
1.688309629
1.68829572
1.682243845
1.68283285
1.683927988
1.686022643
1.683078228
1.682701981
1.68067724
1.68182377
1.686259706
1.686953652
1.687585965
1.687533657
1.686717021
1.686158346
1.682648674
1.683062841
1.68355733
1.682775701
1.682027945
1.681263407
1.684669752
1.684608052
1.685120609
1.687262444
1.687548667
1.685352883
1.686673424
1.686643826
1.680273748
1.680380683
1.681706224
1.682369098
1.685697916
1.684525171
1.681602294
1.683769773
1.685121581
1.686883001
1.684405789
1.687438429
1.687617529
1.687729464
1.68091388
1.681026843
1.684671312
1.68382115
1.681809398
1.685336315
1.685292068
1.685120162
1.685683416
1.686033943
1.685013223
1.683724959
1.684378933
1.680158398
1.679708025
1.680430818
1.681647482
1.68729325
1.685278051
1.683206417
1.681782237
1.682154005
1.685799083
1.683326049
1.686579048
1.687179485
1.687847283
1.681008156
1.680707172
1.685966295
1.684732375
1.683561371
1.684584532
1.684353568
1.685051286
1.685864873
1.68670964
1.682462736
1.682416085
1.681740998
1.68119269
1.681511134
1.682118478
1.687766471
1.687578089
1.686640004
1.685249554
1.681063234
1.681662377
1.684049383
1.682282948
1.684383493
1.685367336
1.685252116
1.682719425
1.682264294
1.68696863
1.686894039
1.686404913
1.685667603
1.683633818
1.683676475
1.683608325
1.683866265
1.683287944
1.684261469
1.685262103
1.682830677
1.684058942
1.683410062
1.683292886
1.68807998
1.686803717
1.687711606
1.686840625
1.68207191
1.681787625
1.68169323
1.681873076
1.682335505
1.683654745
1.684200985
1.684911675
1.685261093
1.686306258
1.687507539
1.687406857
1.686966913
1.68333042
1.683885136
1.684112286
1.682795343
1.682888835
1.683107916
1.684949168
1.685828327
1.68518125
1.687632318
1.685494205
1.687659197
1.686987287
1.683243652
1.681768948
1.680810938
1.680496505
1.681170668
1.682866926
1.685581583
1.686412425
1.683687619
1.684749394
1.686784885
1.686835047
1.686820399
1.684219179
1.683018126
1.684787018
1.684843715
1.68221525
1.68171935
1.681710703
1.685767728
1.686080385
1.685590425
1.686121555
1.685806618
1.68269993
1.683880093
1.686115123
1.682425527
1.681351927
1.680907689
1.681279041
1.686866327
1.686844634
1.682418186
1.684310842
1.684932984
1.685437526
1.685142665
1.684307967
1.685452255
1.683335539
1.684988879
1.685092786
1.684734166
1.682358949
1.681631643
1.68141396
1.684416341
1.684936599
1.683766371
1.684067161
1.683797438
1.681635036
1.682117109
1.685154824
1.686980372
1.684128864
1.683118926
1.682068612
1.682612527
1.685900401
1.686715315
1.681969455
1.682559653
1.682980824
1.683597718
1.685286884
1.68560727
1.685089288
1.686014524
1.684372624
1.684400925
1.684336914
1.683518334
1.682608791
1.681866402
1.683530172
1.682989805
1.682629586
1.682835045
1.682158871
1.682424398
1.686795643
1.687383478
1.686220247
1.684814375
1.683566006
1.684512663
1.684725586
1.686293202
1.681783373
1.681731925
1.681811775
1.682394729
1.684831448
1.68550419
1.686049461
1.686111362
1.685737178
1.683930284
1.683873133
1.683941808
1.685073848
1.685371349
1.68298554
1.684974307
1.683232735
1.682959042
1.683445511
1.683924876
1.687697753
1.687175034
1.686268024
1.684666215
1.685338753
1.683773413
1.685863382
1.682521293
1.681962048
1.681540705
1.681739376
1.684293742
1.685137023
1.686306459
1.686327339
1.683890954
1.683266933
1.683494346
1.684168524
1.686256345
1.686270216
1.684635852
1.686074979
1.684657083
1.685004337
1.686677978
1.68656976
1.686120871
1.685585352
1.68317071
1.681552694
1.684378904
1.684077844
1.682998894
1.681892442
1.683578719
1.684742113
1.685441611
1.685735873
1.684273801
1.683711779
1.682654283
1.683079745
1.68474286
1.686039671
1.686462887
1.686419063
1.68546842
1.685463475
1.685047622
1.685405123
1.685515304
1.681918112
1.6822002
1.681571309
1.682998434
1.685638947
1.684515011
1.683620323
1.68304267
1.682373757
1.683636688
1.684481095
1.684060893
1.684789764
1.684362971
1.683772704
1.683017985
1.685086075
1.685107534
1.685219622
1.686326784
1.686665282
1.684794307
1.684905257
1.68376366
1.684480883
1.684118713
1.682825943
1.681887068
1.682285536
1.682527862
1.686438399
1.685826985
1.684938799
1.682908081
1.682379375
1.682428899
1.682496021
1.683159865
1.682630583
1.685018092
1.684765518
1.684359027
1.684035493
1.684967711
1.685073305
1.685253554
1.684539391
1.682566236
1.685551516
1.686212357
1.683756986
1.683625879
1.683300884
1.683885228
1.682738363
1.683056687
1.68651695
1.68638612
1.685700257
1.683617468
1.683000494
1.682141446
1.681883356
1.681689981
1.681676643
1.685345563
1.685337093
1.685249843
1.685017379
1.684589109
1.684842311
1.684542353
1.685125467
1.685421899
1.683482891
1.681962817
1.684408431
1.685282467
1.683795504
1.683579959
1.68452357
1.684064414
1.684043509
1.685988145
1.686276032
1.685809414
1.684422304
1.682998457
1.682320243
1.681983672
1.681774639
1.685676527
1.685864135
1.685964588
1.68578148
1.684312966
1.684319249
1.684800431
1.684462583
1.685112885
1.685448024
1.682513446
1.681805805
1.683181001
1.684127576
1.684591537
1.68519512
1.68482024
1.685039461
1.6858469
1.684837776
1.685587352
1.684892176
1.684139917
1.68357155
1.682317223
1.68297169
1.685772642
1.686060724
1.686318502
1.686112178
1.684246787
1.684271511
1.684285574
1.684268858
1.68465554
1.684347776
1.684887753
1.685185408
1.681920317
1.682443032
1.683061568
1.685033995
1.68519547
1.683564426
1.685029223
1.684059018
1.684914087
1.682779332
1.685792223
1.685413821
1.68483376
1.683932956
1.685430487
1.685739312
1.68633346
1.685908105
1.686477309
1.684281524
1.684284943
1.684281939
1.684249598
1.684272729
1.68423688
1.684353133
1.684602847
1.684588235
1.68245689
1.682509421
1.682762326
1.684546067
1.683239635
1.684025996
1.684260036
1.684441005
1.683712709
1.686501567
1.686273818
1.685677414
1.685840511
1.684820701
1.684990981
1.686104056
1.685294215
1.686361656
1.68428209
1.684279275
1.684285484
1.684275575
1.684243989
1.684272203
1.684216223
1.684282721
1.684314992
1.684236355
1.683373942
1.683235625
1.683274474
1.683940142
1.683503394
1.683823691
1.683882051
1.68519948
1.684760394
1.686588526
1.686024147
1.686106382
1.686307253
1.686567351
1.685436995
1.684410346
1.684495894
1.684820637
1.685357271
1.685397146
1.684660521
1.684905024
1.684279873
1.684279275
1.684285225
1.684284797
1.684274756
1.684238573
1.684199868
1.684282004
1.684279693
1.684204947
1.68417667
1.68419883
1.684495917
1.684205623
1.684139284
1.684029817
1.684552171
1.684689082
1.685606494
1.685814744
1.686077898
1.68587854
1.686030556
1.68613637
1.684895368
1.684455468
1.684204049
1.684490743
1.684252744
1.684793988
1.684653787
1.684446863
1.684279354
1.684279702
1.684285791
1.684284734
1.684229302
1.684277756
1.68425879
1.684224716
1.684280156
1.6842827
1.684279299
1.684284422
1.684175242
1.684212278
1.684221236
1.684242235
1.685313015
1.684851232
1.685037805
1.685238712
1.685735803
1.685946704
1.685681096
1.685270643
1.685294369
1.684646706
1.684315993
1.684277527
1.684204928
1.684278998
1.684338009
1.684170805
1.684446688
1.684274792
1.684188999
1.684445049
1.684366593
1.684273236
1.684211332
1.684182311
1.684279481
1.684279268
1.684279813
1.684279982
1.684286317
1.684284453
1.684255279
1.68427435
1.684263441
1.684285522
1.684280498
1.684283044
1.684279747
1.684221426
1.684270982
1.684260815
1.684274164
1.685447923
1.685082459
1.685154083
1.685221582
1.685392721
1.685349478
1.684920885
1.684249049
1.684587748
1.684198295
1.684183647
1.684204972
1.684180177
1.684187413
1.684192864
1.68419631
1.684286002
1.684209178
1.684195643
1.684199956
1.684282088
1.68425853
1.68421374
1.684177365
1.684187875
1.684179904
1.684279391
1.684279601
1.684279295
1.684280121
1.684279959
1.684279911
1.684286653
1.684283679
1.684276858
1.684280406
1.684286653
1.684283856
1.684281496
1.684280357
1.684279769
1.684247295
1.684279227
1.684290428
1.684284991
1.684286555
1.684185404
1.684938558
1.684747523
1.684635529
1.684728491
1.684784387
1.684696187
1.684186876
1.68432663
1.6843359
1.684196928
1.6841835
1.684171759
1.684171796
1.684229072
1.684243889
1.684224606
1.684231676
1.684203601
1.684193704
1.684223777
1.684205423
1.684194349
1.684192004
1.684190005
1.684186471
1.684184033
1.684192445
1.684279329
1.684279459
1.684279727
1.684280172
1.684280095
1.684280177
1.684280054
1.684279418
1.684286607
1.684284844
1.68428562
1.684286995
1.684285366
1.684282318
1.684280646
1.684282555
1.684292366
1.684289104
1.68429084
1.684289979
1.684291062
1.684288488
1.684207531
1.684203976
1.684335967
1.684316368
1.684340211
1.684357797
1.684199507
1.684203248
1.684186342
1.684218135
1.684206717
1.684193661
1.684260268
1.684284013
1.684202434
1.684254416
1.684224925
1.68420524
1.684195472
1.684199731
1.684195555
1.684195717
1.68419416
1.684198025
1.684192603
1.684191891
1.684224427
1.684214687
1.684209448
1.68419334
1.684211213
1.684233895
1.684279643
1.684279439
1.684279392
1.684279953
1.684280162
1.684280175
1.684280159
1.68428015
1.684280061
1.684279467
1.684279366
1.684287163
1.684287642
1.684287101
1.684285891
1.684283978
1.684282167
1.684281035
1.684285803
1.684292647
1.684290728
1.684286921
1.684285264
1.684288806
1.684287991
1.684289113
1.684288305
1.684288177
1.684238699
1.684243839
1.684243822
1.684211746
1.684206184
1.684207781
1.684201977
1.684256084
1.684231403
1.684216
1.684263708
1.684243751
1.684233639
1.684275066
1.684287118
1.6842778
1.684291974
1.684267087
1.684279157
1.684210389
1.684197287
1.684253703
1.684238805
1.684220181
1.684204419
1.684197997
1.684196635
1.684199902
1.684197565
1.684201848
1.684198801
1.684256548
1.684254805
1.684248093
1.684232414
1.684215433
1.684230608
1.684252909
1.684279984
1.684279853
1.684279646
1.684279542
1.684280133
1.684280182
1.684280162
1.684280136
1.684280186
1.684280047
1.684279478
1.684279352
1.684287516
1.684287554
1.684286175
1.684281089
1.684284067
1.684282378
1.684284185
1.68428755
1.684289321
1.684289241
1.684284684
1.684284898
1.684282555
1.684281967
1.684286513
1.684286789
1.684286693
1.684267715
1.68426854
1.684271496
1.684262013
1.684261825
1.684283318
1.684240462
1.684282309
1.684277983
1.684290359
1.684290433
1.684264782
1.684274717
1.684279795
1.684290221
1.684286521
1.684286418
1.684289183
1.684229452
1.684267878
1.684278803
1.684217049
1.684205713
1.684254311
1.684237653
1.684219949
1.684204239
1.684205559
1.684203783
1.684202941
1.684208402
1.684208396
1.684267557
1.684272196
1.684269063
1.684283834
1.684248732
1.684249717
1.684267621
1.684250582
1.684279498
1.684280109
1.68428003
1.684279858
1.684279778
1.684280186
1.684280113
1.684280172
1.684280133
1.684280184
1.684280065
1.685888073
1.684982608
1.684279505
1.684286258
1.684285854
1.684284361
1.684280887
1.684282336
1.68483974
1.684282858
1.684282536
1.684283797
1.684284316
1.684282475
1.684280832
1.684280077
1.684284637
1.684280066
1.684284268
1.68428465
1.684285629
1.684284476
1.684285188
1.684293644
1.684291616
1.684287018
1.684290424
1.684291056
1.684290655
1.684289795
1.684287288
1.684282373
1.684289067
1.684289177
1.684286668
1.68428525
1.6842902
1.684289011
1.684287978
1.684288512
1.684288968
1.684285476
1.684281825
1.68423582
1.684268364
1.684278381
1.684284625
1.684233761
1.684219953
1.684219688
1.684254722
1.684237131
1.684214073
1.684223869
1.684219574
1.684211683
1.684210507
1.684217216
1.684219106
1.684226268
1.684283763
1.684280755
1.684281065
1.684288613
1.684268422
1.684280482
1.68428153
1.684266969
1.684253704
1.685488155
1.68428018
1.68428014
1.684280031
1.684280194
1.684280093
1.684280148
1.684280107
1.684280162
1.688209398
1.688474382
1.685112579
1.686964106
1.687403914
1.686280153
1.690238752
1.684284348
1.684284305
1.684283327
1.68428261
1.68428319
1.686092561
1.684814571
1.687261629
1.685207751
1.684280186
1.684280435
1.684280095
1.684281397
1.684283337
1.684282574
1.684279091
1.68427898
1.684282313
1.684279073
1.684281348
1.684278934
1.684290048
1.684289637
1.68428924
1.684289293
1.68428369
1.684279862
1.684289103
1.684289221
1.684284404
1.684280758
1.684278779
1.684289591
1.684289968
1.684288348
1.684288334
1.684289865
1.684287876
1.684287405
1.684287748
1.684288205
1.684287872
1.684281749
1.684279215
1.684285237
1.684249688
1.684269149
1.684279455
1.684512677
1.684285354
1.684249931
1.684237334
1.684237981
1.68426558
1.684253503
1.684235566
1.684229188
1.684230709
1.684227609
1.684220708
1.684239149
1.684231279
1.684242634
1.684288405
1.684287919
1.684290123
1.684279036
1.684278557
1.684287043
1.6842863
1.684286229
1.684269021
1.684279202
1.684265038
1.685864831
1.688304518
1.684280202
1.685581978
1.684280198
1.684280174
1.684280079
1.684280123
1.684280097
1.684280133
1.691587933
1.691560789
1.691624726
1.687934668
1.68913427
1.692496553
1.694350196
1.684282338
1.684282298
1.684281537
1.684845484
1.689455427
1.691437688
1.689873558
1.687724026
1.687892063
1.684278888
1.684279368
1.684281608
1.684280411
1.684280708
1.684278627
1.684278678
1.684280647
1.684278757
1.684279044
1.684278577
1.684278573
1.684288334
1.684285944
1.684287184
1.684277704
1.684278409
1.684284102
1.684283789
1.684279841
1.684278574
1.684278454
1.684278501
1.68428868
1.68428832
1.684288718
1.68428364
1.684285862
1.684285927
1.684286867
1.684287839
1.68428427
1.684287408
1.694885661
1.684284279
1.684280593
1.684284857
1.684279136
1.684278642
1.684281603
1.68426398
1.686147364
1.684277151
1.694786341
1.709447786
1.687699552
1.688651196
1.684248641
1.684256451
1.684251323
1.684246567
1.684335821
1.697306354
1.694546414
1.690994858
1.684290232
1.684289789
1.684289081
1.68428566
1.684284952
1.684284759
1.684288614
1.684289697
1.684288706
1.684288654
1.684278632
1.684274894
1.685286901
1.68796786
1.687821076
1.691442215
1.684280187
1.688318706
1.686010591
1.688209101
1.684503231
1.684512691
1.68453552
1.685127846
1.686711679
1.695732248
1.696063427
1.692206822
1.697648558
1.699510771
1.684280868
1.685537909
1.686135205
1.688680924
1.694616178
1.695124854
1.697814964
1.693750317
1.692861624
1.684278861
1.684280283
1.684279277
1.684279686
1.684278706
1.684278803
1.68427967
1.684278865
1.684278879
1.684278916
1.684278735
1.684278753
1.684280421
1.684282431
1.684284002
1.684279494
1.684279403
1.684280515
1.684279767
1.684278339
1.684279436
1.684278734
1.684286079
1.684286365
1.684285193
1.68428139
1.684282958
1.684286332
1.684286231
1.684284509
1.684281232
1.684282655
1.703817196
1.716714967
1.684279751
1.684278813
1.684279822
1.684278689
1.684279286
1.684279284
1.688793761
1.692959965
1.706571687
1.726430604
1.721640484
1.716228569
1.696845675
1.712663422
1.694014462
1.701414296
1.703495938
1.70623241
1.701978696
1.684289017
1.684289438
1.68428395
1.684286535
1.68551001
1.684288514
1.684287637
1.684287902
1.686272892
1.684288602
1.684289457
1.684288237
1.68428935
1.684288862
1.684289387
1.684289168
1.684288651
1.688814663
1.687933478
1.691002546
1.690939675
1.697604006
1.694460118
1.686120314
1.690953737
1.688311739
1.690799454
1.690027998
1.687402845
1.686879152
1.687454459
1.690158722
1.700335614
1.700805055
1.700387664
1.704045192
1.704886868
1.686083258
1.690161912
1.690143601
1.695761251
1.704118792
1.7038245
1.70348107
1.704911429
1.685555352
1.684279082
1.684279192
1.684279054
1.684279093
1.684279043
1.684279146
1.684319425
1.68427918
1.684279201
1.684279225
1.684279324
1.684279079
1.684279037
1.684278909
1.684279492
1.68428032
1.684280107
1.684278682
1.684278608
1.684278888
1.684279409
1.684280099
1.684279656
1.684283335
1.684281842
1.684281399
1.684279344
1.684280152
1.684278912
1.707059341
1.688243483
1.688654224
1.684281059
1.72075344
1.726575486
1.684279363
1.684279983
1.684279051
1.684279088
1.684278887
1.684279169
1.684278725
1.684278859
1.694254214
1.698922568
1.721235697
1.732000521
1.731457184
1.727986913
1.725921355
1.70413917
1.722500236
1.715915854
1.715589689
1.713474239
1.709093715
1.684286747
1.684286717
1.684283634
1.690203213
1.691214017
1.684288513
1.688143454
1.685683211
1.684288818
1.684286944
1.684288991
1.684285943
1.684692987
1.684288881
1.68428823
1.684287192
1.69418937
1.691888428
1.693606981
1.694635124
1.6944999
1.698558733
1.692753435
1.690547267
1.693410821
1.692577992
1.693503802
1.691546858
1.690731474
1.69385641
1.705274336
1.703568567
1.708501865
1.709435478
1.70979007
1.704786088
1.691656286
1.696599626
1.711252939
1.711711698
1.712006402
1.710723355
1.684279333
1.684279132
1.684279302
1.684279565
1.684279365
1.684279511
1.684279519
1.686788567
1.693987224
1.684279565
1.68427957
1.684279593
1.684279765
1.684279626
1.684279623
1.68427893
1.684278704
1.684280379
1.684280324
1.684279108
1.684279985
1.684280295
1.684279765
1.684279447
1.684281357
1.684280237
1.68428
1.684279081
1.684278954
1.684279146
1.71307769
1.696748945
1.735197227
1.728331645
1.684279196
1.699060483
1.68533692
1.684279366
1.684279065
1.684279292
1.684279103
1.684279429
1.684279288
1.698670364
1.703167739
1.726458729
1.729108873
1.734076908
1.731168414
1.736646652
1.70800691
1.724856908
1.721671846
1.71851564
1.713322313
1.684283968
1.68428446
1.684284066
1.684284522
1.684281771
1.689240307
1.694225482
1.692720796
1.689542485
1.684287269
1.684287104
1.684284453
1.689528401
1.686911399
1.684287046
1.697901827
1.69593256
1.696652666
1.697993239
1.697388842
1.702288385
1.69644381
1.696660742
1.696077565
1.696831176
1.696391822
1.696186243
1.695540795
1.696923739
1.69842566
1.709127946
1.707280753
1.713925985
1.714291392
1.714246998
1.704928594
1.717179473
1.717370817
1.715490721
1.710934268
1.684279347
1.68835863
1.68427968
1.684279577
1.684279907
1.684279758
1.684279776
1.684279912
1.68427988
1.696869079
1.701870071
1.684279884
1.684279891
1.684279935
1.684279995
1.684279866
1.684279963
1.684279687
1.684279936
1.684280254
1.684280332
1.684280238
1.684280403
1.684279896
1.684280228
1.684280074
1.684279922
1.684280224
1.684279162
1.684279141
1.684278897
1.684278982
1.684279013
1.684279556
1.684280054
1.713279261
1.717405552
1.738257997
1.731605065
1.689771019
1.703625405
1.684279669
1.694095109
1.684279601
1.684279697
1.68427982
1.739697798
1.702452077
1.706888288
1.727959955
1.733207229
1.731125993
1.735513188
1.725032371
1.711213264
1.7219453
1.716600172
1.684281795
1.68428257
1.687281809
1.68428232
1.684280276
1.684280482
1.692133143
1.696217225
1.693743826
1.699346503
1.687054297
1.685934526
1.689865689
1.693290848
1.691286987
1.689708005
1.702212538
1.699443625
1.701629181
1.700602004
1.707285886
1.699570889
1.700088077
1.699946211
1.698580284
1.699720697
1.700718845
1.700395189
1.712437078
1.712876029
1.718198527
1.718594704
1.717790361
1.704654021
1.720556767
1.71010647
1.71972163
1.715934319
1.684279608
1.68896101
1.684279937
1.684279884
1.684279849
1.690017198
1.695467334
1.684280057
1.684280117
1.684280192
1.684280087
1.6842801
1.684280105
1.699557666
1.684280102
1.684280105
1.684280107
1.684280104
1.684280183
1.684280193
1.684280387
1.684280434
1.684280137
1.68428021
1.684280289
1.684280408
1.684280334
1.684280201
1.684280241
1.684280308
1.684280425
1.684279443
1.68427928
1.684279379
1.684278908
1.684279115
1.684278965
1.684279103
1.684279387
1.684279886
1.68428029
1.684280225
1.724530256
1.742111213
1.736807281
1.708172513
1.699776513
1.684316277
1.684280101
1.684280119
1.738371086
1.743191234
1.745175824
1.706045327
1.710090364
1.730753667
1.728184184
1.732656581
1.723720594
1.714301999
1.719122312
1.691537905
1.684397276
1.687964273
1.685102768
1.695408682
1.696935795
1.700147523
1.694847123
1.692357136
1.695660417
1.696870708
1.695056474
1.703705952
1.706997125
1.702355883
1.705499884
1.70384719
1.713108136
1.702608591
1.703000009
1.704141538
1.703753296
1.701494912
1.702283208
1.717449183
1.720300624
1.722255726
1.722591976
1.722221623
1.704037588
1.723473381
1.71042812
1.715502156
1.720693385
1.688867019
1.684280044
1.689961792
1.694921563
1.684280147
1.684280165
1.684280182
1.684280235
1.684280225
1.684280222
1.684280229
1.684280222
1.696741681
1.684280217
1.684280208
1.684280219
1.684280216
1.684280223
1.684280231
1.684280227
1.684280366
1.684280344
1.684280069
1.684280126
1.68428019
1.684280282
1.684280216
1.684280322
1.684280328
1.684280263
1.685602259
1.6842791
1.684279013
1.68427945
1.68427907
1.684279411
1.684279087
1.684279699
1.684279791
1.684280078
1.684280269
1.684280286
1.684280255
1.726526977
1.741125858
1.709991595
1.717456451
1.704941696
1.698183821
1.68517798
1.73568153
1.742247332
1.748746786
1.747698877
1.710119517
1.713654501
1.729684244
1.726806032
1.72186439
1.717388556
1.695338587
1.691721422
1.688044675
1.687873841
1.698524888
1.699138974
1.700995501
1.699312799
1.698410455
1.701624574
1.700592118
1.704150422
1.707844843
1.710863539
1.704760699
1.708175964
1.709699258
1.7194434
1.706432353
1.709789621
1.707639381
1.704777108
1.704602057
1.724377813
1.728769399
1.727702494
1.725316022
1.726313128
1.702841298
1.724913328
1.709616158
1.715792693
1.721006473
1.688920772
1.69117415
1.691195506
1.685416933
1.684280199
1.684280206
1.690673635
1.684280202
1.684280179
1.68428018
1.684280166
1.684280203
1.684280208
1.684280206
1.696054171
1.6842802
1.687462669
1.68428015
1.68428021
1.684280189
1.684280036
1.68428008
1.684280109
1.684280143
1.684280214
1.684280167
1.684280133
1.684280188
1.684280102
1.687116811
1.685023888
1.684279106
1.684279147
1.684279749
1.684279386
1.684279719
1.684279395
1.684280041
1.684280021
1.684280211
1.684280182
1.684280279
1.684280199
1.684280251
1.684280275
1.727740183
1.739823428
1.721433392
1.713443256
1.705174632
1.732427
1.749367912
1.740061737
1.748030469
1.752971049
1.714676334
1.717835848
1.725328206
1.721023589
1.729339827
1.695238296
1.690822906
1.699563904
1.689288643
1.703990072
1.702013715
1.704208699
1.705878365
1.706557454
1.711276317
1.706643998
1.707160699
1.714096959
1.714332892
1.725639071
1.712008412
1.715876857
1.710958209
1.709532523
1.733616162
1.735507405
1.734027402
1.729594208
1.72693616
1.702484081
1.724624123
1.709252898
1.719580029
1.714962715
1.702789101
1.722372669
1.68551213
1.684280183
1.684280183
1.715642934
1.688126866
1.691280829
1.684280155
1.699537462
1.691124067
1.697078788
1.684280133
1.685643084
1.684280119
1.684280118
1.695414758
1.684280117
1.709875679
1.698525724
1.684280106
1.684280078
1.684280041
1.684280032
1.684280047
1.684280061
1.684280093
1.684280074
1.684280056
1.684280049
1.684280106
1.684280055
1.685147099
1.686708909
1.684279369
1.684279989
1.684279961
1.684279718
1.684279684
1.68428019
1.684280161
1.684280257
1.684280121
1.684280246
1.684280193
1.684280243
1.734018581
1.744437018
1.730223711
1.722801217
1.737088299
1.754582089
1.746803023
1.755543359
1.718981778
1.72335238
1.725954222
1.733671641
1.703415503
1.692938405
1.697148584
1.68877435
1.707133451
1.706216267
1.710241437
1.708146122
1.711917922
1.708656805
1.715717385
1.708234195
1.710885613
1.720233874
1.73382684
1.719888228
1.717184962
1.716590776
1.743648162
1.748693473
1.734744425
1.727699027
1.72390893
1.699912102
1.718545707
1.707995241
1.712955892
1.684280149
1.684280146
1.729517423
1.725918609
1.686392192
1.689335725
1.684280109
1.710367476
1.709942283
1.709489748
1.684280087
1.703611582
1.686671873
1.695923793
1.690394617
1.692018893
1.684454672
1.723381983
1.684280038
1.712783452
1.684280045
1.684280037
1.684280034
1.684280034
1.68428004
1.684280034
1.684280031
1.684280032
1.686406636
1.684280035
1.68428006
1.684280039
1.684280071
1.684958081
1.684280124
1.684280002
1.68428024
1.684280218
1.684445471
1.684338894
1.684280193
1.685679953
1.757101515
1.750369213
1.74083174
1.748660502
1.736057186
1.743993071
1.760851567
1.761605706
1.753580578
1.724716794
1.731921617
1.742095366
1.700769147
1.70493564
1.690920905
1.694021192
1.687757941
1.711330848
1.711572544
1.712719342
1.709757744
1.716609985
1.713000634
1.721233416
1.710459209
1.716255369
1.736558617
1.724135326
1.725809938
1.723950718
1.722997585
1.742658735
1.755392073
1.73074638
1.717925062
1.72630933
1.692707317
1.699831935
1.711573561
1.70389744
1.684280111
1.714431488
1.738845471
1.737980856
1.689035089
1.687501035
1.686941854
1.685608083
1.722278493
1.722251762
1.690830969
1.706977946
1.700065842
1.697349678
1.690887718
1.691335851
1.736171579
1.684280047
1.724881032
1.684280032
1.684280036
1.68428004
1.684280042
1.684280032
1.684280034
1.684280039
1.68428004
1.686246815
1.684280039
1.684280043
1.684280039
1.685864504
1.685335307
1.685244116
1.685423803
1.687129187
1.686760939
1.761650442
1.755914262
1.746437311
1.753465848
1.767024308
1.763822697
1.732543436
1.753467288
1.74335053
1.687688663
1.698185506
1.701692469
1.69221058
1.689441722
1.704876811
1.715161389
1.717232262
1.710467763
1.726821863
1.728148572
1.719149796
1.687288529
1.713921342
1.738397407
1.729594999
1.730322431
1.7291572
1.743302403
1.75738766
1.72524019
1.714463073
1.693278616
1.694216778
1.702556796
1.716387699
1.751289715
1.750211983
1.691011351
1.690421045
1.735372188
1.734814662
1.698274937
1.719284638
1.709398729
1.703793401
1.694746224
1.696170954
1.751523277
1.684280059
1.699708124
1.736983746
1.728783363
1.684280045
1.684280052
1.684280058
1.684280057
1.684280059
1.684280046
1.684280053
1.684280053
1.686734915
1.684280047
1.685600286
1.685069108
1.687647421
1.687197249
1.687339652
1.689054906
1.766782493
1.774564828
1.762657527
1.782194911
1.762512482
1.770511156
1.745645081
1.762054643
1.68857421
1.697845278
1.694455937
1.690430705
1.702989278
1.715447124
1.72165344
1.708550166
1.74193481
1.733020292
1.723443112
1.726572729
1.688361089
1.688109122
1.721760221
1.7334204
1.733722233
1.731878857
1.738719859
1.744817167
1.746128956
1.710618013
1.718560155
1.701269316
1.696000331
1.695453853
1.764021909
1.695753162
1.748757445
1.747356791
1.722567678
1.704320055
1.711802068
1.701654083
1.70308885
1.766103528
1.778506852
1.684280071
1.706889897
1.712176901
1.749705545
1.736443868
1.684280067
1.684280072
1.68428007
1.684280072
1.684280066
1.684280076
1.684625485
1.685633253
1.689063391
1.685533243
1.687116959
1.686836901
1.689597631
1.691050455
1.690306136
1.794580741
1.785902065
1.797967612
1.786043383
1.771051977
1.770973184
1.758214866
1.68938048
1.696543778
1.691867862
1.702521757
1.712388072
1.696861345
1.74347143
1.713633569
1.733204522
1.726613653
1.689480596
1.689635724
1.691618726
1.733707952
1.748086771
1.727286001
1.732721771
1.743310961
1.726914055
1.729487782
1.708127184
1.700279655
1.702994072
1.696162784
1.72235825
1.761037163
1.712133048
1.711272261
1.782878143
1.80016569
1.684280081
1.721717998
1.73105987
1.773110634
1.762851803
1.749530986
1.68428008
1.684280082
1.684280083
1.684409085
1.684280081
1.686796216
1.686175219
1.68718545
1.692554062
1.687125671
1.692835295
1.688500524
1.691340163
1.821395614
1.817990153
1.799261736
1.782573306
1.76771866
1.690273739
1.692172609
1.690712491
1.692876352
1.703065021
1.706346498
1.69795956
1.757356358
1.712158812
1.733666264
1.722452585
1.691368924
1.694540629
1.694276775
1.771681031
1.752152536
1.725029746
1.752003816
1.718402148
1.719663735
1.708182153
1.701174799
1.700490728
1.708719644
1.808067929
1.684280084
1.73192437
1.744792233
1.784728934
1.769385507
1.830169254
1.684280084
1.684774981
1.684803432
1.688460942
1.685639935
1.688069873
1.687792722
1.694665179
1.688515859
1.692050854
1.690086201
1.689468908
1.849389244
1.837530582
1.82327726
1.806039654
1.78202471
1.69226435
1.691078828
1.694240172
1.693090975
1.693884827
1.772069828
1.707050393
1.702461242
1.698484605
1.710754212
1.739423543
1.719553125
1.69715939
1.696577413
1.700429486
1.795042316
1.771003324
1.768340065
1.806910934
1.725306345
1.712234574
1.723233141
1.705941803
1.708837605
1.720771288
1.826777826
1.837462329
1.806513001
1.684280082
1.750301275
1.764602067
1.786491854
1.838250781
1.686392638
1.687396755
1.688146329
1.689844895
1.688693281
1.689185994
1.691891291
1.690097413
1.690544659
1.690996037
1.87000023
1.862799308
1.842801891
1.84492377
1.80985521
1.694121581
1.69684438
1.694981986
1.695396356
1.760750887
1.703984012
1.6986197
1.714289576
1.698547426
1.695660688
1.693012393
1.699708093
1.70413061
1.813149
1.762788047
1.846003552
1.724844588
1.718853809
1.738290279
1.719891249
1.740842063
1.837589158
1.822602814
1.859821735
1.82085065
1.833861151
1.808318519
1.772376334
1.687215187
1.774822074
1.796821861
1.834558122
1.689210082
1.690109113
1.690986818
1.691560265
1.692216355
1.690895887
1.692827006
1.691919385
1.876259474
1.874666084
1.866676106
1.851080459
1.795386511
1.697854875
1.702142006
1.701678428
1.699216328
1.702210448
1.71525311
1.70368863
1.695017782
1.693754806
1.696921171
1.70092448
1.705974464
1.704835534
1.781270052
1.735797355
1.815580257
1.770496257
1.792409482
1.758861433
1.76784625
1.794676091
1.804879246
1.81793059
1.816486905
1.793158842
1.82227092
1.883014204
1.869264845
1.823227333
1.853250759
1.689436642
1.818324385
1.877298484
1.691812622
1.693097144
1.694702575
1.692803345
1.694186486
1.912876496
1.870724861
1.797327164
1.728626591
1.705819896
1.705471177
1.707523156
1.710563083
1.694459531
1.695241487
1.696112364
1.698535431
1.702494529
1.707950206
1.771313358
1.824622833
1.773791264
1.827921885
1.780316987
1.843970469
1.817169527
1.83251843
1.795454053
1.824260381
1.821114201
1.841973184
1.861325646
1.914384073
1.960897067
1.929638739
1.899832159
1.9372625
1.853251711
1.807220879
1.691383373
1.891028881
1.909892871
1.693011734
1.696000661
1.697422161
1.696465867
1.888219831
1.802346951
1.760096786
1.732488235
1.706404428
1.706771958
1.710487077
1.696778116
1.697817026
1.69889018
1.701882812
1.705973949
1.705493782
1.709256508
1.835272216
1.86335082
1.841159656
1.82974899
1.894285186
1.905415956
1.893609402
1.84627351
1.796442177
1.802946375
1.846086721
1.908268183
1.872777789
1.861076832
1.897407253
1.898011706
1.871521392
1.833130829
1.94050439
1.941418868
1.695058937
1.698196395
1.700872104
1.700631092
1.81516288
1.750981842
1.731329862
1.714628372
1.710357544
1.700355121
1.701195762
1.702183917
1.706720779
1.711291629
1.714267207
1.897656659
1.902760629
1.930920457
1.883160091
1.893853451
1.926482935
1.965658023
1.919835955
1.823702198
1.817391285
1.923714576
1.813996675
1.913492299
1.933501181
1.89441082
1.898914014
1.900997321
1.897282789
1.80401367
1.940739542
1.806964839
1.697669603
1.701274325
1.705785788
1.746411023
1.72985584
1.727564562
1.723067605
1.706672634
1.705455165
1.711408771
1.720622603
1.972355847
1.945710982
1.928095784
1.897165242
1.892340197
1.931971954
1.956096628
1.943269366
1.88155937
1.854368627
1.947239823
1.841481409
1.939181231
1.902561566
1.826950002
1.874527597
1.920739668
1.831513387
1.756061957
1.82664222
1.700980329
1.70459959
1.705864045
1.710065081
1.75474298
1.760001136
1.749194309
1.732638416
1.712968522
1.712783078
1.715856168
1.718389101
1.949832792
1.979297863
1.897648935
1.889642095
1.913155506
1.914866362
2
1.899989194
1.977239265
1.983351354
1.884283266
1.883424206
1.901486015
1.827199728
1.836938863
1.897806799
1.774389191
1.789157572
1.805815144
1.705638016
1.708511282
1.715386183
1.776904057
1.746611936
1.725589901
1.723336203
1.719937956
1.90827383
1.938074296
1.916115978
1.901657798
1.912051834
1.833993642
1.979797463
1.946723683
1.981645361
1.892961223
1.880196846
1.890236226
1.883517741
1.857052373
1.893081675
1.773743436
1.780477769
1.766697328
1.712139107
1.716330636
1.726674418
1.736490203
1.73755643
1.741716389
1.729946932
1.926428486
1.947208969
1.947124565
1.912887959
1.848083257
1.778855479
1.955002607
1.981200777
1.934089145
1.946073435
1.9199837
1.876169943
1.889607812
1.910633774
1.91243112
1.92609496
1.751261311
1.753496207
1.718091245
1.724642436
1.735750077
1.735614319
1.756164423
1.770059573
1.759022939
1.941097132
1.934365047
1.952461582
1.923296844
1.815611192
1.783767557
1.962360338
1.956165116
1.922349835
1.925604946
1.921413861
1.931900337
1.943338801
1.924899534
1.930732257
1.937125721
1.743308631
1.731293786
1.753937482
1.763910067
1.762758788
1.777117961
1.784987342
1.758998211
1.969036055
1.95856174
1.966013409
1.879780321
1.809018366
1.952176347
1.93372678
1.928442572
1.939491841
1.939033818
1.920625624
1.95863422
1.961281213
1.786542213
1.767870043
1.737526704
1.764018466
1.785408499
1.77300309
1.77241104
1.953207602
1.970757474
1.837163738
1.896628129
1.955613526
1.954009684
1.96544118
1.966072431
1.975180653
1.968215202
1.937939454
1.785095322
1.785590321
1.740571427
1.75842372
1.765703312
1.814319799
1.966504162
1.966359525
1.813440337
1.900938426
1.97630003
1.964197064
1.950852341
1.963120377
1.962256928
1.945603687
1.929884351
1.771340777
1.755188145
1.759148474
1.84626735
1.768572049
1.980718242
1.938097962
1.862905
1.96868639
1.937631023
1.93117113
1.93780611
1.930493766
1.923971728
1.756258655
1.788742654
1.847563538
1.757035342
1.77175042
1.957616347
1.930827665
1.938073961
1.908913461
1.92890254
1.916754664
1.918217172
1.774214264
1.88482048
1.779994291
1.750388813
1.948006751
1.924684133
1.898149892
1.90871055
1.907530776
1.905224226
1.743625878
1.811811298
1.756885448
1.972105808
1.904685664
1.891546134
1.893480802
1.873327092
1.761273753
1.752945792
1.809543506
1.863872806
1.928102313
1.895837743
1.898052772
1.812216407
1.793824746
1.837394276
1.847877798
1.884189221
1.890647421
1.884250874
1.848224005
1.844608384
1.840034104
1.848964792
1.947499025
1.908119717
1.857648656
1.843012054
1.905415253
