1.68506225
1.68506225
1.68506225
1.687035506
1.68506225
1.688395367
1.68506225
1.68859966
1.687801073
1.686926194
1.688915864
1.689126082
1.68506225
1.688139856
1.685954869
1.684973005
1.683946087
1.68506225
1.68506225
1.68506225
1.68820775
1.684706892
1.688617209
1.688774932
1.682144467
1.681570656
1.68186421
1.681753879
1.681921693
1.688661697
1.688364135
1.68506225
1.685799144
1.682157477
1.686881973
1.688048154
1.680976602
1.680357997
1.680007966
1.682413958
1.683072338
1.689090946
1.68506225
1.689091795
1.68506225
1.68506225
1.682901379
1.680434318
1.684094102
1.68595096
1.681586841
1.682928916
1.680669934
1.679980133
1.68492945
1.685026413
1.687780586
1.689184432
1.687223876
1.688634107
1.688264234
1.68506225
1.68506225
1.68506225
1.68506225
1.680289673
1.681720656
1.683079067
1.685287312
1.683704324
1.684526531
1.682391071
1.680700827
1.68570833
1.685892109
1.68506225
1.683799348
1.688079655
1.684943523
1.688678511
1.689419171
1.689133432
1.688758685
1.680375558
1.680510596
1.680708394
1.68640528
1.68585264
1.686897104
1.686177693
1.687052589
1.683825325
1.687141968
1.682304271
1.683877
1.684305345
1.68470685
1.688280441
1.68506225
1.681614244
1.68488564
1.687089394
1.688404092
1.688620052
1.688778882
1.68128719
1.680462488
1.680031988
1.685334734
1.687110227
1.688148032
1.688684135
1.688415436
1.687908994
1.685620165
1.684253538
1.683342808
1.682596849
1.68281573
1.682457098
1.68506225
1.68916818
1.688121008
1.68506225
1.68506225
1.681132245
1.68288141
1.684259411
1.685117178
1.686050339
1.687966487
1.683039248
1.681627926
1.680496152
1.682749079
1.685817028
1.687236218
1.687640178
1.687775758
1.687910628
1.687179835
1.686544945
1.681974253
1.682803389
1.682252626
1.683100906
1.683419741
1.68506225
1.689617481
1.688506961
1.687525983
1.687396535
1.680806767
1.681291414
1.681555242
1.682142376
1.684066258
1.685467516
1.685851027
1.681833742
1.684774098
1.683916851
1.684651193
1.68538157
1.686575434
1.688090018
1.688115095
1.681493825
1.681573172
1.684074903
1.682370914
1.684390248
1.684646238
1.684886858
1.687798422
1.688365938
1.687854374
1.683405178
1.685317642
1.681318473
1.680621394
1.680066772
1.680705113
1.687966653
1.687575441
1.683993509
1.68665184
1.681837423
1.682391446
1.68374201
1.686108952
1.687499362
1.688019165
1.681698716
1.681355495
1.685879492
1.686211537
1.686295756
1.68398075
1.685254363
1.685526518
1.686374898
1.684691866
1.685403915
1.680867866
1.682251505
1.683062815
1.683086885
1.681596548
1.680443461
1.681181343
1.688185086
1.688190655
1.687132157
1.681215497
1.681700866
1.683410778
1.682212382
1.684998727
1.685835396
1.686291764
1.683746832
1.683125579
1.687430964
1.688255451
1.687556822
1.685304042
1.684587111
1.685360545
1.686267664
1.687482698
1.681799902
1.681364034
1.681821432
1.685783692
1.684145241
1.683191017
1.682696766
1.687152076
1.688378554
1.688569185
1.682519482
1.683432183
1.682964171
1.683025544
1.683351768
1.683335419
1.684112068
1.687085444
1.686342284
1.688861501
1.689792691
1.690138728
1.684391853
1.685980703
1.686409707
1.687133411
1.688225583
1.682802851
1.682766511
1.687854679
1.686536074
1.685234929
1.684434982
1.686510592
1.683385174
1.688233703
1.688859938
1.685967384
1.685359845
1.682656897
1.684208445
1.681918233
1.681367227
1.681479599
1.68999323
1.689450202
1.688626167
1.689758398
1.690888428
1.691416381
1.687713722
1.686274511
1.690144698
1.687606308
1.689549856
1.687648979
1.687699309
1.685317334
1.688360824
1.687145806
1.686025333
1.68553882
1.682603132
1.687081302
1.687583598
1.688563867
1.687079111
1.684018986
1.682387427
1.681590509
1.68140688
1.690989998
1.691404121
1.688131881
1.688511099
1.689792336
1.69063184
1.691094666
1.692098373
1.689456745
1.692353188
1.690060643
1.689287273
1.688931076
1.685905876
1.687092385
1.686247405
1.683969344
1.681964922
1.684789059
1.685275149
1.690121021
1.688025262
1.686143815
1.684554558
1.683066153
1.681940365
1.691483939
1.691331825
1.68864298
1.68856075
1.689044194
1.689451615
1.689962991
1.69414686
1.693179429
1.692123382
1.693941583
1.692409457
1.691708535
1.690809387
1.684313924
1.684835894
1.681981967
1.682839057
1.683353772
1.682251793
1.690972449
1.691720743
1.690020753
1.688636458
1.686672252
1.684281164
1.690607591
1.690757608
1.689776791
1.688701298
1.688882848
1.689094221
1.695011582
1.695079893
1.695424443
1.695117593
1.693660773
1.694586892
1.694968236
1.694899532
1.694153541
1.692763004
1.683157467
1.683218974
1.682000309
1.682487223
1.683026189
1.684567678
1.683237127
1.692029592
1.69169683
1.691565341
1.690138093
1.68764753
1.687193853
1.689401735
1.690008486
1.69080211
1.689978071
1.689537108
1.689160118
1.694976372
1.694976004
1.696091852
1.695446573
1.696617054
1.694825009
1.695469012
1.696636423
1.695803528
1.693921721
1.696109932
1.683677736
1.683174801
1.683741909
1.68540468
1.684742588
1.692066814
1.690850679
1.691568318
1.690069137
1.687167268
1.688568966
1.688994172
1.68927611
1.692721135
1.691856067
1.690907265
1.689835568
1.694828887
1.694448102
1.696172742
1.694829292
1.696700779
1.695443287
1.696471925
1.69617316
1.696900996
1.696294715
1.695260375
1.696133014
1.685211751
1.685042364
1.686212272
1.68592029
1.690429986
1.69019745
1.689212112
1.687015836
1.688045601
1.688880205
1.688642953
1.694553443
1.693683942
1.69238768
1.690575918
1.694355976
1.693794333
1.694721549
1.695390654
1.69731669
1.695273713
1.696511337
1.697455305
1.695367106
1.695248699
1.695921009
1.695476013
1.68584545
1.686176269
1.688717396
1.68843695
1.687833824
1.686981691
1.688715994
1.690645378
1.688100534
1.695687386
1.694983409
1.693602043
1.693919133
1.693329972
1.693506643
1.693577351
1.69796677
1.697585562
1.695241181
1.696679348
1.698013483
1.693580935
1.693929031
1.695256206
1.685158162
1.685865297
1.687865497
1.687505917
1.686786271
1.692988148
1.6892187
1.691495991
1.688627394
1.695599177
1.69545776
1.694809813
1.693607945
1.694996919
1.692920748
1.692337729
1.692586683
1.698155193
1.698156413
1.697775868
1.69689964
1.697919264
1.697884602
1.692321785
1.693160505
1.694033176
1.684833265
1.68595883
1.6881834
1.687317945
1.687064685
1.693779102
1.690629075
1.692586907
1.690133426
1.694609381
1.694753189
1.694436317
1.696285471
1.693791533
1.695262357
1.693050837
1.691942676
1.692486487
1.698071196
1.698067563
1.697759213
1.69718039
1.697701974
1.697625669
1.697652328
1.691811988
1.692010902
1.692244072
1.692776033
1.686292647
1.688613026
1.689132441
1.693770096
1.692582246
1.691631679
1.693135584
1.69330101
1.693418346
1.696436466
1.695668607
1.694480372
1.693943426
1.693198902
1.693320131
1.697663815
1.697482817
1.69706261
1.696541479
1.698055487
1.697628335
1.698000889
1.697322653
1.697093468
1.691738561
1.69269376
1.691742243
1.691691678
1.689137428
1.690805321
1.693459432
1.693135082
1.692433499
1.691576412
1.691843948
1.692735549
1.696068926
1.695530137
1.695032658
1.694790242
1.694435532
1.696768921
1.696294998
1.695757209
1.695461451
1.698983839
1.698772357
1.697335304
1.69782965
1.69676449
1.696158451
1.692298112
1.693736272
1.691843708
1.691131172
1.691678508
1.693220191
1.693184495
1.690570172
1.691428611
1.690846423
1.692431124
1.695588624
1.695646614
1.695749441
1.695383014
1.695756789
1.695486961
1.69477712
1.694189408
1.694586875
1.699908343
1.700306078
1.699984011
1.698887757
1.696982394
1.697875679
1.696174193
1.695275863
1.693854912
1.692775948
1.691625247
1.692761527
1.693127723
1.691149884
1.691645367
1.691444614
1.692721256
1.695954597
1.69491035
1.695399073
1.695968369
1.696380937
1.694388738
1.693588175
1.693499009
1.693076893
1.693588146
1.699068265
1.699706982
1.699945501
1.699631474
1.700016639
1.69870424
1.697204033
1.696054127
1.695372532
1.695106525
1.69405878
1.693025769
1.693271748
1.692483731
1.692378836
1.693274187
1.696909311
1.696873674
1.694049374
1.694965771
1.696077122
1.696564071
1.694380206
1.693780657
1.692817744
1.693259575
1.692698798
1.699193054
1.698074137
1.699872968
1.699969564
1.699509622
1.697066941
1.698417299
1.69937671
1.695931287
1.696912039
1.696279359
1.69528501
1.694310176
1.694173044
1.693601341
1.693956979
1.694909087
1.697447922
1.697522989
1.693561519
1.693050698
1.696863216
1.695677964
1.694684321
1.693157088
1.695326779
1.694976967
1.694110788
1.693099558
1.693095627
1.694847273
1.694066288
1.69852025
1.697164761
1.699797473
1.700011693
1.699927631
1.699360253
1.698294036
1.699315227
1.698483775
1.696831802
1.697625458
1.6981482
1.69688158
1.695869723
1.695231962
1.694915538
1.695388069
1.695676633
1.697428195
1.697589937
1.696882095
1.693466234
1.695654925
1.694532641
1.694487954
1.695888397
1.696865336
1.695187518
1.696542869
1.694186097
1.694679425
1.695637321
1.697653589
1.696322165
1.699968016
1.700071859
1.699095817
1.699976466
1.699665403
1.698991073
1.698828809
1.699554502
1.69808653
1.699917463
1.698189245
1.698738381
1.699040853
1.699227613
1.696562318
1.695606828
1.695440454
1.695741669
1.696781235
1.697123725
1.69647351
1.695861395
1.694781378
1.695869502
1.697425898
1.696944387
1.697924075
1.697117342
1.696796288
1.698106605
1.695486147
1.696575955
1.697780148
1.695537872
1.696079825
1.696900781
1.697794626
1.698615372
1.697117831
1.698090845
1.696168865
1.695551507
1.700112962
1.700123336
1.699554497
1.699911575
1.699658311
1.700123148
1.699242751
1.699840363
1.699017365
1.69920955
1.699733966
1.699530649
1.699786794
1.695917226
1.695375434
1.695309651
1.696166045
1.696722647
1.696821019
1.696715804
1.69827232
1.696693823
1.698398173
1.698943024
1.698084998
1.698825759
1.698476229
1.698810233
1.698952296
1.696620928
1.699225883
1.698555038
1.697751189
1.69676761
1.697078321
1.697833791
1.699504407
1.698529467
1.699290027
1.698713063
1.696873844
1.697820755
1.694822616
1.695730744
1.6959762
1.700216678
1.700134588
1.699955304
1.699997023
1.700281475
1.700086805
1.699697844
1.699565039
1.699380482
1.69963284
1.699921429
1.700105211
1.699977476
1.700099538
1.699425879
1.695534692
1.695543076
1.696309404
1.696818308
1.697141654
1.697279576
1.699294381
1.698268714
1.69794673
1.700068736
1.699909918
1.6996047
1.699419433
1.699513378
1.699725121
1.697503248
1.699664935
1.699098397
1.698279121
1.697607358
1.698065493
1.698490851
1.700227983
1.700042702
1.699086087
1.699264983
1.699901081
1.698385742
1.697444523
1.69666883
1.694125314
1.695055934
1.69345633
1.695475926
1.699216574
1.700266042
1.700173319
1.700169243
1.70035924
1.700297137
1.700043862
1.69988133
1.700051445
1.700171323
1.700243713
1.700233106
1.70020046
1.700210613
1.700268667
1.700162628
1.700238628
1.696562795
1.697565132
1.697991868
1.698109342
1.700050847
1.699278986
1.699398863
1.700510015
1.700487666
1.700317809
1.699977074
1.700148061
1.698147143
1.700004508
1.699605569
1.699195159
1.698737674
1.698357694
1.698585565
1.698962484
1.698984349
1.699810077
1.699423564
1.69904267
1.700828562
1.700691013
1.700525848
1.699782417
1.700472202
1.700975742
1.697080248
1.697914436
1.698566038
1.696095192
1.694416528
1.693572135
1.692809759
1.694858405
1.699801921
1.699470913
1.698917724
1.700317805
1.700305291
1.700403392
1.700401219
1.70030767
1.700152146
1.700117363
1.700447782
1.700219096
1.700217446
1.700198908
1.700214699
1.700315457
1.700270851
1.700286689
1.700347041
1.700364092
1.700524307
1.700615122
1.700707014
1.69835468
1.699375515
1.700348081
1.699372605
1.700724588
1.700538876
1.700437179
1.70119452
1.700839171
1.700877535
1.700161355
1.700225034
1.700233186
1.700248788
1.700174675
1.700308607
1.700235297
1.698761732
1.700060362
1.699876083
1.699597068
1.699236214
1.698926711
1.698879471
1.69923911
1.699306166
1.699835192
1.699550427
1.701120576
1.701203622
1.701114385
1.700919129
1.700494743
1.700761794
1.701215855
1.696085988
1.696702887
1.697567661
1.698217198
1.695171124
1.693877996
1.692913371
1.692180611
1.694196908
1.699952471
1.699652298
1.699233631
1.700393264
1.700400941
1.700459968
1.700250324
1.700412418
1.700295579
1.70047375
1.700178051
1.70020284
1.700202
1.700255074
1.700154334
1.7001421
1.700174947
1.700332153
1.700387408
1.700421104
1.700907283
1.700775412
1.700832024
1.699940158
1.700737746
1.70150963
1.700887874
1.700943768
1.701086582
1.70151024
1.701632876
1.701046
1.701131292
1.700973188
1.700279919
1.700307478
1.700363868
1.700210468
1.700661841
1.700258027
1.700379434
1.700304572
1.6993254
1.700147334
1.699953292
1.699680219
1.699353455
1.699467628
1.699511396
1.699590425
1.699958002
1.699837589
1.701286279
1.701252582
1.701333675
1.701129504
1.701147875
1.701091621
1.701363963
1.701055923
1.698607468
1.695580308
1.696214287
1.697156706
1.697656239
1.694570545
1.691555299
1.693179829
1.692099613
1.693544968
1.700071625
1.700619494
1.700129191
1.699807757
1.700457772
1.700457024
1.700493715
1.700301417
1.700413477
1.700957229
1.700487924
1.700085599
1.700114114
1.700130427
1.700242661
1.700085853
1.700110229
1.700445811
1.700155214
1.700343575
1.700406029
1.700906283
1.700895614
1.700873227
1.700700613
1.701438387
1.701351687
1.701001117
1.701139482
1.70132235
1.701478837
1.701551358
1.701377224
1.701012861
1.700888219
1.701008565
1.700427381
1.700263714
1.700303724
1.700380182
1.700340332
1.700283408
1.700137493
1.700068664
1.700730342
1.700343423
1.70045669
1.700502076
1.700621807
1.700286822
1.699759452
1.700234926
1.700032632
1.69970134
1.699908403
1.69990656
1.699731954
1.699800436
1.700118135
1.700083785
1.700364551
1.701209538
1.701305552
1.701362706
1.701109526
1.701379067
1.701417289
1.7014475
1.701295887
1.701055533
1.6994639
1.695016506
1.695700108
1.69664685
1.693948465
1.690936555
1.692484685
1.691394643
1.692896957
1.702658913
1.703423719
1.700980266
1.702793863
1.702729448
1.701898379
1.705681048
1.700469577
1.700490001
1.700491252
1.70050579
1.700502866
1.7021223
1.700999382
1.703406613
1.701428426
1.700046049
1.700060924
1.700204372
1.700269522
1.70046581
1.700405769
1.700070811
1.700113618
1.700446154
1.700165758
1.700322708
1.70002542
1.700915928
1.700867827
1.700840622
1.700973934
1.700677171
1.700943671
1.701116382
1.701306475
1.701414662
1.701349991
1.701008997
1.700903609
1.700963009
1.70080572
1.700808254
1.700850756
1.700415125
1.700486108
1.700195169
1.700288122
1.700227995
1.700062919
1.700021034
1.700163429
1.700935813
1.700440843
1.700548968
1.70077688
1.700582837
1.70087614
1.700623385
1.700127772
1.700481655
1.700298934
1.700158397
1.700090961
1.700189746
1.700225674
1.700029145
1.700500037
1.700401698
1.700658041
1.701216709
1.701285519
1.701047476
1.701451054
1.701417053
1.701355509
1.701413166
1.701451667
1.7012763
1.70138934
1.701182315
1.69880832
1.701970816
1.694397326
1.697093743
1.695045297
1.693280801
1.690310745
1.69188595
1.691067286
1.692230242
1.706668449
1.705753784
1.706284838
1.703880135
1.704885255
1.708161253
1.70967495
1.700485109
1.700504294
1.700498683
1.701073802
1.705506249
1.707550964
1.706045873
1.703927009
1.704114988
1.700045442
1.700229046
1.700470907
1.700339529
1.700400933
1.700093357
1.700144425
1.700445781
1.700193138
1.700282124
1.700065194
1.700043913
1.700891593
1.700849895
1.700982606
1.699802866
1.700216206
1.701097654
1.701259502
1.701274056
1.700438795
1.701040381
1.701056229
1.700890743
1.700818683
1.700860772
1.7008154
1.700747345
1.700766585
1.700240906
1.70035284
1.700144813
1.700418266
1.711087351
1.700118018
1.700041119
1.700137196
1.700019103
1.700032608
1.700062992
1.701119793
1.702921568
1.700611307
1.711169722
1.725766279
1.704333486
1.70503228
1.700361397
1.70042622
1.700479913
1.700467867
1.700491686
1.713796193
1.711041114
1.707522299
1.701117099
1.701195609
1.700949638
1.70145804
1.701441369
1.701409104
1.701325306
1.701215615
1.701372804
1.701405776
1.701349625
1.701270094
1.690674938
1.700365335
1.698923748
1.704691492
1.693729317
1.69836917
1.695972137
1.697413883
1.692786722
1.69065937
1.691353259
1.692454745
1.692188988
1.710571421
1.710215312
1.708074949
1.713174547
1.714574812
1.700487821
1.701763807
1.702354399
1.704906838
1.71058701
1.711242546
1.713826655
1.709933566
1.709069801
1.700242909
1.700472237
1.700339555
1.700404328
1.700135429
1.700188043
1.700447574
1.700235795
1.700282692
1.700328664
1.700109914
1.700084799
1.700900461
1.700899558
1.700949299
1.698571765
1.699402603
1.701072712
1.701181377
1.701001717
1.699741036
1.700550516
1.700762485
1.700785746
1.700722971
1.700802962
1.700738919
1.700323977
1.700253559
1.700186142
1.700058415
1.700111237
1.719923137
1.73289782
1.700031755
1.700071423
1.700025434
1.700026025
1.700026243
1.700023923
1.705760726
1.709867562
1.723041193
1.742683707
1.738005882
1.732664986
1.713677899
1.729215762
1.710437062
1.717933187
1.720084036
1.722970776
1.718768876
1.70098375
1.701049369
1.700708657
1.700818378
1.702590407
1.701407034
1.701408908
1.701375425
1.703346314
1.701325858
1.701263253
1.701000861
1.701112445
1.701319652
1.701256029
1.70132126
1.701262939
1.705860793
1.692647566
1.702788423
1.701529968
1.710933838
1.707140236
1.694666213
1.700421394
1.696802355
1.699299468
1.694808958
1.694681955
1.692836106
1.693906853
1.695366062
1.714858576
1.714609431
1.716070231
1.719292438
1.719638544
1.702290983
1.706383318
1.706358161
1.71196248
1.71989808
1.719815941
1.719587883
1.721045085
1.701749069
1.700368405
1.700415708
1.70038248
1.700131193
1.700188432
1.700235929
1.700497358
1.700277372
1.700316946
1.700355547
1.700146195
1.700157341
1.700923253
1.700949612
1.701009248
1.697344691
1.698489039
1.70100724
1.701054682
1.70068127
1.700183115
1.698899041
1.699696345
1.700687055
1.70066404
1.700712109
1.700867249
1.700783147
1.700896405
1.723065788
1.70418906
1.704512052
1.700064121
1.736794332
1.742700484
1.700038223
1.700040008
1.700050446
1.700037243
1.700066016
1.70011365
1.700034264
1.700044498
1.711253303
1.715873824
1.737760324
1.748119
1.747696147
1.744336348
1.742374408
1.721036795
1.739105674
1.732549474
1.732295885
1.730254775
1.725936065
1.700859719
1.700891247
1.700706625
1.707241658
1.708202833
1.701316771
1.705145568
1.702623244
1.701152703
1.700941717
1.701117697
1.700915597
1.701602795
1.701208437
1.701190063
1.701157444
1.711190317
1.695908377
1.69780253
1.705814326
1.704429575
1.710834891
1.699199457
1.697888324
1.702168025
1.700318511
1.698051313
1.697605674
1.696343398
1.698783999
1.719423162
1.71674274
1.723921481
1.724413008
1.724211853
1.720926936
1.70786167
1.712800878
1.726876129
1.727509099
1.727910217
1.726700306
1.700174041
1.700423781
1.700389924
1.700187045
1.700207947
1.700243832
1.700273106
1.702959985
1.710165471
1.700301349
1.700330635
1.700354099
1.700186937
1.700165524
1.700213962
1.70086576
1.700893955
1.696133955
1.697487743
1.700600758
1.699631402
1.698676841
1.700198525
1.700713291
1.700650462
1.700700485
1.700676334
1.700788769
1.70085511
1.700844941
1.728982462
1.712554303
1.751217527
1.744290781
1.70007324
1.714826414
1.701104269
1.70009574
1.700068007
1.70011093
1.700083336
1.700134573
1.700096723
1.715629927
1.720082157
1.742994967
1.74555533
1.750290702
1.747513271
1.75274618
1.724871499
1.741473008
1.738353745
1.735264435
1.730131912
1.700742671
1.700792342
1.700831328
1.700824864
1.700659047
1.706083977
1.71118622
1.709624897
1.706440685
1.701067972
1.701013083
1.700873033
1.706322843
1.703695646
1.70109328
1.714824817
1.699429722
1.700497033
1.708553169
1.70655514
1.713938292
1.702740687
1.702327724
1.702925671
1.704182903
1.704460567
1.700489927
1.700736542
1.701561229
1.702177037
1.722837317
1.719899437
1.7291262
1.728973094
1.728285748
1.721065068
1.732581213
1.732938183
1.731191212
1.726785236
1.700415976
1.704495945
1.700358896
1.700381658
1.700205992
1.700236723
1.700261219
1.700240406
1.700270158
1.712946639
1.717968976
1.700289766
1.700305235
1.700303308
1.700178295
1.700166507
1.700219954
1.700176817
1.699998079
1.695043878
1.696883156
1.699323866
1.698102385
1.700471175
1.699457102
1.699904447
1.700654137
1.700633685
1.700718242
1.700699386
1.700761795
1.700816975
1.700847149
1.700725861
1.700355176
1.729053077
1.733226073
1.754176092
1.74745904
1.70558315
1.719403728
1.700111976
1.709922568
1.700115018
1.700145152
1.700131343
1.755692965
1.719335885
1.723727161
1.744478835
1.749497775
1.747521768
1.751689159
1.741623402
1.728006328
1.738624026
1.733338856
1.700674425
1.700727722
1.70376369
1.700742683
1.700627441
1.700637756
1.708921232
1.713085863
1.71054746
1.716187248
1.703730116
1.702565953
1.706376432
1.710003259
1.707993158
1.706381537
1.719034423
1.702545051
1.711524436
1.708944427
1.71829231
1.704816179
1.706180507
1.70702567
1.702720263
1.704272989
1.704020758
1.704072323
1.725676241
1.724897467
1.733124249
1.732915279
1.731376513
1.72054442
1.735698535
1.725744795
1.735046476
1.731422743
1.70038042
1.70505985
1.700109922
1.700313588
1.700313306
1.706023583
1.711334645
1.700214499
1.70017348
1.700097242
1.700204151
1.700211833
1.700215895
1.715304395
1.700221005
1.700214433
1.700191547
1.700124453
1.700101267
1.700135494
1.698948349
1.698652879
1.693964546
1.695184489
1.696333674
1.697984706
1.697003137
1.699664949
1.69965773
1.699080184
1.698309222
1.700621473
1.700660051
1.700632478
1.700760476
1.700784382
1.700723837
1.700804786
1.700789094
1.700596267
1.699056416
1.700061402
1.740301883
1.757960644
1.752604263
1.723987503
1.715598897
1.700144254
1.700103922
1.700067893
1.754442825
1.759112078
1.761008972
1.722824769
1.726831547
1.747105623
1.744655451
1.748911389
1.740291145
1.73099793
1.735766037
1.707961767
1.700774517
1.704360892
1.701440017
1.712117721
1.713687172
1.71687905
1.71129033
1.708905177
1.712275059
1.713490833
1.711633235
1.720425395
1.723688575
1.705133607
1.714610163
1.711195316
1.723385334
1.707459674
1.708547133
1.710313804
1.708050317
1.705413968
1.705505391
1.730138898
1.731672149
1.736841884
1.736470371
1.735274452
1.719568438
1.738290988
1.725764697
1.730665076
1.73569251
1.704643771
1.700183164
1.705802339
1.710501064
1.700008387
1.700024324
1.70001506
1.699991943
1.699784772
1.700086624
1.700037632
1.700045333
1.712010498
1.700023842
1.70000402
1.699935059
1.699939688
1.699771151
1.699878621
1.699805979
1.697441509
1.697395864
1.693020161
1.694252641
1.69529472
1.69657777
1.695767381
1.698511719
1.697624506
1.696870405
1.70194964
1.700645907
1.700684311
1.700768851
1.700765012
1.700771044
1.700743122
1.700726826
1.700702808
1.700443562
1.698131996
1.699241643
1.699976063
1.742326069
1.756922073
1.725804678
1.733273861
1.720702742
1.713852775
1.700824824
1.751825921
1.75822601
1.764557445
1.763563438
1.72678224
1.730284337
1.74599641
1.743241279
1.738387585
1.733971077
1.711719486
1.708082038
1.704390959
1.704211843
1.715170191
1.715723171
1.717616109
1.715698303
1.714875313
1.71812557
1.717086984
1.720756502
1.724447522
1.727428381
1.707232531
1.71470085
1.717924011
1.72891223
1.711464923
1.715217949
1.711813158
1.708354472
1.70755755
1.736425861
1.739410307
1.740126993
1.739477646
1.739661607
1.717958255
1.739314013
1.724596544
1.730606343
1.735539992
1.704549899
1.706491235
1.706629151
1.70083628
1.699719677
1.699753349
1.705640234
1.699585753
1.699329828
1.699345025
1.699243072
1.699507394
1.699571179
1.69953741
1.710836362
1.699488581
1.702702051
1.698997048
1.696189835
1.69581404
1.692135641
1.693547704
1.694305485
1.695043026
1.696881095
1.696134501
1.695490281
1.697064117
1.69572071
1.703488123
1.701417249
1.70069336
1.700726179
1.70072731
1.700763607
1.700742504
1.700752018
1.700528538
1.700591494
1.700203466
1.697344157
1.699325306
1.697900836
1.698449609
1.699671792
1.743556766
1.75563997
1.737191288
1.72908123
1.720631517
1.748639431
1.765186705
1.756104864
1.763930221
1.768803283
1.73121778
1.734342836
1.741718216
1.737482455
1.745608313
1.711580324
1.707159277
1.715905956
1.705646919
1.720515114
1.718525681
1.720598336
1.722292947
1.723065273
1.72774695
1.708835304
1.709792754
1.719873848
1.721637628
1.734207518
1.716459494
1.720545435
1.714611838
1.712600131
1.744874812
1.745286098
1.745745131
1.742310458
1.740569481
1.717143809
1.738483037
1.723803879
1.733670251
1.729320645
1.717950312
1.737994747
1.700539013
1.699311265
1.699328751
1.73077388
1.70273597
1.705730711
1.698968945
1.714228222
1.705328011
1.711414951
1.698741271
1.699556105
1.698586358
1.698575909
1.709680135
1.698492554
1.724672923
1.712100218
1.694880516
1.69416435
1.692218178
1.69128777
1.692779392
1.693505395
1.695327436
1.694690501
1.693981086
1.694333767
1.696117745
1.694832604
1.701579701
1.703122529
1.700733901
1.700643103
1.700681128
1.70074576
1.70074706
1.700316206
1.700421461
1.699874696
1.696831612
1.698910422
1.698122534
1.699245039
1.749772619
1.760210118
1.745835443
1.738216555
1.75319297
1.770392635
1.762746543
1.77138636
1.735415136
1.739733861
1.742286126
1.749847849
1.719753455
1.709279783
1.713484554
1.70516504
1.723543864
1.722648084
1.72658753
1.724488786
1.728316752
1.725071408
1.732089476
1.710173856
1.713243749
1.725033785
1.741820433
1.726294671
1.720766759
1.719280411
1.754090503
1.757938045
1.746564908
1.740659311
1.737133863
1.713938159
1.732071718
1.721974932
1.726693597
1.698810611
1.698827822
1.744618336
1.740656017
1.700427323
1.703211814
1.698286215
1.724566612
1.723244875
1.723144119
1.697866787
1.716471025
1.700082643
1.708906517
1.703355715
1.705580336
1.697853268
1.737612096
1.690478743
1.725528865
1.693357739
1.692591186
1.691263111
1.691896407
1.693769768
1.693135765
1.692406194
1.692858194
1.702842449
1.693354577
1.69533045
1.693981049
1.695945676
1.701416487
1.700510547
1.700690714
1.700028683
1.70018938
1.699615474
1.697486086
1.698501082
1.700168562
1.772739066
1.765985982
1.756407715
1.763956692
1.751390362
1.759998071
1.776612412
1.777418911
1.769462406
1.741039226
1.748157935
1.758168778
1.717098727
1.721253305
1.707297957
1.710381105
1.704181111
1.727675249
1.727913485
1.729018655
1.726059084
1.732918108
1.72932798
1.73751493
1.712170309
1.718294502
1.743592059
1.728063615
1.731321465
1.726918344
1.725108117
1.753191462
1.763936504
1.742153077
1.730730352
1.738736662
1.705612835
1.713199465
1.724556134
1.717046639
1.698239542
1.726697453
1.753626827
1.752215446
1.70210588
1.700493947
1.700193764
1.698969657
1.735821929
1.735042224
1.70352191
1.719230437
1.71237791
1.709490471
1.703316073
1.703807379
1.749724709
1.689699104
1.736729831
1.691766146
1.691035957
1.690399361
1.691275345
1.69221601
1.691552725
1.690909611
1.691834097
1.702646154
1.692477019
1.694632135
1.693218739
1.697952724
1.701666408
1.701292921
1.700854963
1.701784935
1.700449972
1.776970234
1.770912283
1.761427948
1.769391034
1.782579266
1.77962717
1.748759956
1.769455196
1.759459219
1.70408622
1.714525886
1.718014023
1.708591598
1.705850671
1.721177929
1.73144796
1.73350108
1.726739089
1.743023825
1.744312557
1.735395752
1.70354641
1.71545284
1.744639434
1.733818506
1.732800656
1.73084491
1.752990515
1.764818662
1.735667871
1.726362714
1.704767739
1.706329846
1.714794217
1.728167212
1.765575139
1.763813791
1.703305584
1.702877562
1.748151653
1.746734841
1.71003566
1.730548076
1.721126192
1.715458879
1.70611596
1.707855977
1.764327452
1.688941459
1.710007404
1.74781736
1.739563943
1.690225832
1.689564835
1.689472629
1.690271847
1.689883504
1.69070376
1.689964194
1.690935635
1.702858397
1.691853208
1.696388048
1.694428137
1.700164269
1.702908503
1.702494084
1.702973063
1.781311174
1.78926301
1.776821406
1.797101064
1.778380105
1.786128313
1.761753572
1.778024056
1.704920022
1.714180152
1.710818236
1.706814003
1.719277452
1.7316933
1.737866666
1.724794908
1.758022488
1.749119845
1.739603291
1.742743355
1.704427907
1.7039427
1.723187376
1.734859199
1.738551464
1.734702243
1.740376033
1.753160898
1.75198837
1.72104387
1.727435306
1.712315259
1.706383463
1.706543218
1.777348518
1.707221122
1.760659232
1.758331113
1.73302429
1.715466848
1.722946308
1.712135731
1.713857029
1.7781614
1.791299429
1.68816428
1.71612846
1.721539632
1.759457199
1.746123116
1.688677728
1.688458259
1.689354227
1.688914979
1.689131937
1.688217102
1.690596962
1.690120809
1.704453798
1.693353121
1.698156394
1.696400649
1.702211996
1.705490856
1.704493868
1.808147064
1.799349848
1.811817654
1.801150233
1.786757778
1.786773421
1.774182016
1.705592907
1.712851382
1.708209915
1.718760859
1.728580586
1.713075643
1.759427467
1.729725448
1.749247562
1.742699094
1.705271188
1.705066869
1.70647404
1.735256818
1.749362224
1.730526729
1.734488575
1.744431917
1.730482883
1.73589178
1.715907875
1.709545509
1.711914342
1.705816876
1.731961712
1.771840653
1.722660053
1.721279414
1.794057593
1.812078508
1.687200268
1.729757348
1.739569152
1.782803379
1.771381036
1.757892421
1.687350564
1.68706805
1.687184535
1.688241221
1.687871568
1.690216493
1.692261598
1.691688669
1.706682834
1.695208136
1.705956847
1.69905823
1.703675155
1.833440709
1.830454737
1.813652085
1.797917779
1.783429422
1.706293519
1.708366237
1.706127106
1.708831307
1.719205247
1.722328802
1.713974315
1.772976013
1.728035422
1.749471981
1.738408867
1.706270896
1.707977218
1.708410582
1.773042869
1.754040377
1.726420831
1.752790901
1.722483762
1.721506778
1.713829247
1.708212521
1.708138996
1.716360393
1.818340944
1.686039217
1.738633609
1.751796845
1.793112082
1.776604498
1.839973127
1.686042343
1.686969233
1.686557177
1.692108452
1.688342792
1.690857679
1.693482557
1.707043673
1.696890795
1.703230615
1.700208136
1.693458677
1.859610779
1.848010814
1.83624958
1.820334086
1.797154169
1.707431629
1.706621935
1.708454357
1.707375773
1.709452385
1.786967949
1.722716095
1.718303949
1.713999891
1.726153279
1.7546658
1.735174005
1.710228839
1.708254245
1.712692049
1.796745751
1.773906873
1.769057585
1.812031428
1.72569361
1.71525545
1.723997829
1.710446783
1.714051809
1.726337713
1.834204325
1.845384051
1.814481984
1.685356941
1.755282106
1.770269144
1.792673083
1.845817247
1.687530869
1.689134411
1.689368087
1.692297633
1.690661602
1.69516157
1.701191635
1.698107992
1.694892159
1.693729488
1.877599313
1.870717264
1.853318586
1.857298539
1.823532476
1.708718579
1.71020524
1.708674947
1.710145115
1.774947728
1.719164476
1.713224994
1.729011722
1.709500792
1.705380735
1.701432263
1.709440322
1.715390811
1.815523803
1.763219328
1.850448786
1.725329919
1.720243738
1.738842005
1.722636846
1.743606608
1.843808858
1.830317971
1.866105465
1.828837934
1.837274385
1.814096054
1.77649627
1.687939967
1.777344711
1.800779022
1.839179938
1.690037317
1.691372581
1.691891984
1.693093077
1.698710971
1.696547453
1.694676077
1.695106604
1.881342166
1.88157739
1.876035967
1.862397761
1.80779669
1.711324582
1.714037703
1.713760739
1.712635264
1.715342476
1.728308921
1.71765721
1.702886585
1.699439875
1.70415868
1.709485203
1.716367133
1.71394806
1.783332531
1.735920764
1.819900158
1.7715224
1.793608459
1.758976285
1.768229543
1.801407931
1.813181657
1.824350808
1.820515926
1.801519993
1.822948136
1.884159217
1.870061734
1.825307382
1.861414812
1.689979253
1.820077902
1.880085857
1.692449424
1.693935144
1.695856157
1.69657159
1.696146073
1.916759669
1.876053828
1.806623388
1.738839248
1.717281188
1.715524008
1.718873988
1.721944458
1.697722079
1.699471384
1.701351538
1.704422933
1.709513259
1.716014382
1.773547852
1.824993392
1.778923269
1.828872647
1.781590817
1.844281286
1.824972809
1.841480199
1.802587095
1.829318039
1.830175298
1.842257726
1.861936243
1.915679915
1.962175899
1.930955704
1.901150618
1.938622283
1.855966903
1.813552912
1.691818137
1.891708973
1.911432725
1.693359064
1.696639505
1.698513031
1.69821695
1.890709031
1.806066322
1.766271789
1.740178004
1.715584671
1.714566684
1.719038871
1.69931102
1.701210658
1.703118158
1.706565769
1.710187635
1.711287162
1.715136482
1.838551161
1.864612825
1.8479477
1.830323006
1.896158706
1.906117847
1.893867962
1.855745856
1.80414135
1.808261711
1.855796091
1.909711596
1.873561711
1.862172458
1.89884977
1.89944546
1.87289463
1.835659814
1.940780581
1.942283062
1.695365284
1.698684739
1.701639273
1.701983853
1.816848972
1.75411964
1.735549362
1.719751839
1.716305453
1.702287461
1.703678554
1.705475178
1.709821275
1.715095287
1.718322574
1.902609023
1.911361356
1.935801401
1.88403217
1.89747479
1.927151128
1.966390328
1.929983378
1.831975931
1.823277049
1.933472986
1.817527798
1.915030183
1.93508321
1.89442373
1.899900784
1.902499282
1.898651227
1.805222998
1.941573505
1.807980366
1.698038644
1.701761652
1.706686212
1.747997245
1.731974489
1.730094445
1.726104274
1.708063367
1.707468566
1.71360784
1.723132084
1.980081656
1.955572282
1.934902096
1.900225352
1.897976479
1.934807711
1.958566691
1.95358086
1.889503554
1.859774012
1.956377879
1.84413003
1.940801774
1.904270768
1.827237294
1.875611271
1.92220282
1.832204152
1.757547883
1.828756353
1.701527695
1.705226918
1.706490793
1.71081538
1.756271299
1.761519959
1.750755477
1.734348961
1.714031294
1.714168385
1.717137741
1.719795176
1.959055729
1.989635752
1.905867296
1.895763387
1.918471123
1.919633198
2.009803257
1.904306953
1.984060879
1.991130471
1.886401336
1.885080729
1.903299902
1.827769925
1.838238794
1.89815275
1.777093162
1.791447664
1.810415297
1.706557444
1.709296149
1.716251812
1.778955633
1.74844859
1.727125869
1.724433072
1.721492849
1.918227508
1.948273365
1.924997496
1.909750775
1.919662747
1.841278526
1.988582886
1.951359115
1.987655902
1.894961005
1.881967038
1.892140124
1.884317137
1.858522278
1.893320218
1.777998839
1.784015784
1.7735185
1.713673461
1.71775611
1.728189444
1.740332179
1.740657764
1.74430884
1.732025141
1.936563336
1.957129061
1.95694082
1.922474463
1.857534856
1.788086095
1.963577363
1.987874303
1.937379008
1.950252333
1.921138105
1.877964546
1.891586868
1.911500025
1.913903123
1.926432955
1.757142122
1.762022556
1.720847412
1.727074303
1.738665179
1.74245508
1.761811098
1.774833235
1.763104885
1.95028556
1.944511962
1.962699223
1.933651276
1.826088465
1.794053487
1.969600535
1.961100787
1.924254972
1.928190767
1.921567912
1.9339473
1.945161663
1.926214858
1.931788738
1.939210448
1.752539795
1.73609653
1.758644679
1.770082055
1.770860476
1.784175767
1.791271225
1.769204052
1.977012309
1.96806174
1.975727832
1.88980328
1.81931816
1.958008229
1.93713211
1.929069286
1.940695305
1.939740031
1.922472282
1.960129361
1.963453906
1.796112451
1.777284188
1.744216428
1.770928085
1.79380779
1.78048106
1.781520906
1.960799442
1.978824248
1.845373718
1.905005886
1.960417421
1.956360244
1.965873246
1.966619997
1.976706401
1.970192801
1.940173873
1.793011301
1.793790753
1.746888301
1.764766357
1.772937972
1.820846937
1.971954501
1.971998818
1.819099624
1.906548544
1.979163784
1.964970739
1.951575309
1.964024505
1.963871018
1.947643018
1.932170582
1.777140701
1.759225419
1.763785098
1.849943069
1.772077665
1.983681903
1.940973409
1.865869205
1.969502495
1.938264677
1.932591686
1.939553142
1.9326139
1.926288325
1.759213174
1.789939162
1.848801427
1.757910411
1.772955073
1.958209012
1.931427854
1.938947309
1.910542302
1.930878273
1.918947812
1.920532055
1.775036391
1.885275746
1.78044147
1.751088191
1.949099568
1.926459106
1.900215627
1.910945114
1.909799745
1.906589867
1.745239607
1.813143293
1.758344722
1.973955463
1.906742063
1.893749651
1.8956491
1.875004654
1.762912007
1.754515304
1.811248125
1.865692805
1.93006432
1.897907722
1.900089917
1.813582587
1.795392074
1.83908348
1.849670232
1.886073924
1.892493176
1.885404555
1.849641236
1.846183027
1.841694333
1.850586804
1.948452018
1.909360813
1.859076547
1.844395805
1.90657269
