1.687219004
1.687219004
1.687219004
1.688206352
1.687219004
1.689554614
1.687219004
1.68872868
1.687591328
1.686091008
1.688398724
1.689738793
1.687219004
1.689149149
1.684769839
1.683924869
1.683277079
1.687219004
1.687219004
1.687219004
1.687170587
1.683489272
1.688106144
1.689281851
1.681831048
1.681396444
1.682280553
1.682274964
1.683549649
1.689532153
1.689666372
1.687219004
1.684562831
1.681594277
1.685920056
1.687365277
1.682553533
1.681585625
1.681036005
1.684391118
1.685275749
1.688752121
1.687219004
1.689752986
1.687219004
1.687219004
1.682215949
1.68097196
1.683238021
1.68488142
1.684038463
1.685332527
1.683117476
1.682072482
1.68690091
1.686998339
1.686746049
1.689572564
1.686342725
1.689434994
1.689309785
1.687219004
1.687219004
1.687219004
1.687219004
1.681027439
1.681679246
1.682472725
1.687351749
1.686570194
1.687048499
1.685376321
1.683146432
1.686816474
1.687076088
1.687219004
1.683015457
1.687379922
1.684043722
1.688140158
1.689763327
1.689905586
1.689428374
1.682059531
1.681565708
1.681287911
1.687648866
1.686471663
1.688478107
1.688656548
1.689011117
1.686691193
1.68909457
1.684981418
1.684720211
1.685111088
1.685499306
1.689148923
1.687219004
1.681550904
1.683842208
1.685891941
1.687350546
1.687715713
1.688025723
1.683680988
1.682593699
1.681589995
1.685598891
1.687574446
1.688587162
1.689473237
1.68893647
1.688944886
1.687961259
1.686820072
1.684006199
1.684211296
1.684346061
1.684848687
1.687219004
1.689118351
1.689153946
1.687219004
1.687219004
1.681413452
1.682291501
1.683205377
1.683813633
1.6845461
1.686548151
1.685815594
1.684370253
1.682408685
1.685433549
1.6855523
1.686755519
1.687126647
1.687426838
1.688109007
1.688681147
1.688515223
1.683682695
1.683358115
1.685094276
1.685561501
1.686360055
1.687219004
1.689676763
1.689234378
1.688509409
1.685890783
1.681803405
1.681629135
1.681396845
1.681408994
1.682663608
1.687977357
1.688037497
1.684062309
1.687065813
1.683753319
1.684106618
1.684640528
1.685908973
1.688263983
1.688991589
1.683477793
1.68283158
1.687403189
1.685463793
1.687685178
1.687261735
1.687797971
1.687495674
1.687448901
1.687378204
1.682293508
1.684078889
1.683150609
1.682172969
1.681125052
1.680783726
1.689064185
1.688808575
1.686302683
1.688278022
1.68253665
1.682558659
1.683363956
1.685457352
1.687059772
1.687759333
1.684421501
1.683691928
1.68858358
1.689023518
1.689132797
1.687290342
1.687495313
1.687845163
1.688008645
1.68380236
1.684445207
1.681275302
1.682003637
1.682758058
1.68557807
1.684115689
1.682472109
1.682939301
1.688070142
1.688523305
1.688755687
1.683023573
1.68267857
1.683325282
1.683374396
1.684475966
1.685142982
1.685482748
1.68696178
1.686056571
1.688947026
1.689817165
1.690001232
1.686988681
1.686616806
1.686431114
1.686820141
1.687495902
1.682296207
1.682565877
1.682722834
1.688108132
1.686807185
1.685671889
1.684776244
1.686402134
1.688322848
1.689359125
1.684938903
1.685425993
1.683384787
1.6845066
1.683389866
1.683111371
1.683479074
1.689587992
1.688780635
1.688581014
1.690049629
1.690711706
1.68624364
1.68640444
1.686047939
1.685926413
1.686365445
1.684617283
1.684595943
1.689352439
1.6884453
1.687212766
1.686317239
1.68559156
1.682955098
1.687586013
1.688747216
1.688071485
1.687162845
1.683885283
1.685916961
1.68314234
1.682236572
1.68241647
1.69071951
1.690242736
1.685555594
1.687924452
1.689130908
1.689834294
1.687115185
1.687148111
1.687930966
1.68637735
1.687382781
1.685699232
1.684973242
1.686964046
1.688858421
1.688136076
1.687298833
1.68458853
1.682652924
1.686087195
1.686925488
1.689448825
1.688368631
1.686086537
1.684760455
1.683942428
1.68318645
1.68996385
1.690059622
1.684661213
1.684590494
1.686407014
1.687229275
1.68785243
1.688306073
1.688135005
1.68830991
1.687217612
1.686239054
1.685493461
1.686558621
1.68699857
1.686632871
1.683428225
1.682766459
1.684104632
1.684847701
1.689781526
1.689128439
1.68834305
1.687401757
1.685926693
1.684136988
1.689023232
1.688325731
1.684844132
1.6845107
1.684906262
1.685312402
1.685901023
1.688587804
1.688668708
1.688012341
1.68805406
1.68829665
1.687711428
1.68685708
1.684646559
1.684928106
1.682734871
1.683183148
1.683768886
1.68459065
1.68998589
1.688651734
1.690427915
1.69028494
1.689181952
1.687095681
1.68657024
1.686549176
1.685838074
1.684676446
1.684830357
1.684928681
1.688004771
1.688883404
1.687996877
1.689406233
1.687398712
1.687485
1.68731745
1.689573211
1.689230186
1.688314844
1.684245495
1.684073113
1.683781821
1.684021465
1.684612622
1.687349225
1.685957634
1.689999374
1.687781748
1.690804553
1.690741693
1.689612306
1.689179135
1.685023822
1.685374742
1.686826535
1.68616289
1.685754611
1.685214583
1.687149163
1.687010934
1.688891846
1.687443737
1.689693159
1.68742311
1.687411957
1.690120235
1.690004418
1.689142612
1.689964218
1.685602743
1.685621861
1.685999678
1.688065208
1.687415469
1.688849324
1.686373267
1.689483619
1.689852906
1.688882734
1.689114905
1.68466838
1.684595912
1.688489728
1.687971383
1.687188819
1.686035455
1.686775228
1.686365663
1.688175183
1.6866666
1.688861668
1.687367855
1.688133855
1.688136398
1.689521165
1.689061728
1.689863204
1.689441277
1.687275953
1.687434294
1.68837059
1.687948099
1.686143072
1.687358069
1.687912956
1.688255968
1.688229926
1.684782143
1.684308092
1.68974591
1.689388478
1.688499932
1.686930732
1.686508384
1.685957804
1.686590173
1.687386159
1.688669898
1.687592337
1.688300479
1.688723506
1.687608041
1.687788707
1.689743876
1.688400674
1.687531301
1.687624711
1.684929721
1.685845849
1.686728237
1.687302689
1.685033655
1.687288887
1.684558218
1.69002928
1.69006757
1.689504603
1.686616864
1.685940274
1.686047221
1.686189833
1.688933446
1.689063702
1.688200648
1.688882015
1.688687682
1.686285053
1.686680402
1.688251023
1.686503599
1.686652373
1.684928153
1.685619543
1.686256167
1.689237658
1.686122528
1.688346345
1.685781994
1.689209053
1.689875107
1.6900227
1.686963882
1.688623704
1.686408252
1.685912708
1.686144575
1.688809772
1.689251938
1.689574281
1.689650549
1.688313459
1.688414266
1.685742798
1.686197712
1.687062927
1.686037137
1.686172939
1.685892675
1.686047838
1.686485092
1.689838757
1.687726586
1.689234783
1.687370062
1.688016138
1.688881273
1.689498793
1.689745934
1.687920781
1.689428952
1.687464434
1.686435614
1.68706675
1.688862887
1.689373681
1.689813633
1.690028802
1.688128561
1.688210409
1.68839888
1.685742156
1.686926105
1.685766607
1.686194461
1.686829494
1.68726814
1.68700507
1.689679987
1.689109189
1.688294941
1.686889193
1.687741598
1.688608404
1.690100271
1.690014719
1.689181042
1.689021972
1.688518977
1.688746088
1.688757269
1.68915118
1.689453099
1.689697263
1.688467933
1.688253566
1.688593959
1.688150121
1.688211015
1.686216676
1.687898664
1.685874714
1.685834958
1.687862408
1.687965932
1.689120047
1.688790292
1.688315055
1.686114171
1.686850525
1.687925994
1.690008233
1.690297475
1.690275918
1.690231924
1.689835316
1.688364605
1.68852195
1.688666042
1.689033583
1.689078352
1.689117326
1.688265078
1.688729038
1.688038283
1.687908085
1.68718174
1.688918935
1.686623512
1.68611723
1.688033203
1.688166573
1.688021765
1.685969828
1.686677814
1.68641141
1.687214931
1.689841686
1.690371966
1.690705474
1.690281482
1.690744289
1.687837992
1.687773761
1.687788792
1.688587999
1.689485523
1.689464651
1.689199266
1.689338223
1.688375281
1.689005402
1.688081174
1.687829214
1.688824979
1.687846949
1.687147324
1.68739633
1.687353083
1.68695775
1.686701901
1.686968016
1.686998902
1.690222627
1.689195496
1.689761301
1.690243959
1.690512742
1.687639496
1.687443078
1.687601278
1.687332845
1.687798407
1.689126398
1.689199934
1.689393336
1.689591119
1.689549745
1.689503229
1.688913794
1.688439299
1.688492419
1.689579072
1.689004847
1.688503327
1.687144614
1.688005253
1.687290407
1.687352556
1.690149151
1.690184595
1.688151052
1.688743874
1.689432237
1.689062615
1.688255448
1.688103088
1.687229957
1.687747744
1.687008502
1.689138742
1.689299416
1.689283971
1.689618735
1.689731944
1.689226617
1.689615039
1.689153918
1.689347876
1.689524584
1.690007747
1.689699206
1.689196083
1.68784215
1.688422357
1.688092944
1.689131434
1.689616974
1.689830134
1.687352565
1.687050265
1.688441335
1.68790303
1.687738308
1.687362264
1.689254335
1.689144086
1.688506394
1.68764923
1.687577218
1.688502349
1.68813374
1.689217677
1.689544286
1.689228695
1.689413338
1.689642987
1.689825606
1.68980106
1.68913224
1.689228241
1.689998562
1.690136712
1.689989762
1.689793551
1.689581581
1.688532322
1.68872423
1.688772963
1.68905584
1.688930594
1.688854582
1.687956157
1.686972377
1.687418775
1.687205738
1.6879555
1.688993467
1.690145908
1.689281798
1.690061588
1.688529315
1.688731899
1.689141487
1.689425407
1.689789842
1.689229794
1.689435736
1.689885641
1.689615739
1.6897935
1.689980453
1.689171328
1.689123725
1.689320075
1.689129211
1.690423389
1.69018882
1.690280511
1.689999986
1.688918939
1.688410031
1.68835698
1.688421645
1.687971803
1.687838012
1.687561937
1.687692417
1.687471916
1.688461474
1.689335466
1.68967048
1.690090876
1.689594776
1.689272063
1.69054375
1.689431772
1.690072407
1.690531698
1.689387775
1.689563263
1.689827277
1.690202159
1.690342107
1.689577802
1.689327258
1.689840672
1.69000262
1.689270755
1.689468017
1.689832876
1.689676979
1.689804616
1.689152826
1.689094731
1.689076139
1.689128441
1.690384783
1.689855266
1.689937183
1.689711917
1.687923375
1.687907554
1.687918772
1.687616367
1.687518333
1.687581964
1.688022457
1.689558689
1.688568361
1.689920207
1.69002268
1.689994697
1.690275441
1.690044873
1.690681632
1.690584992
1.690047005
1.690638955
1.690680386
1.690545428
1.690023779
1.690049649
1.690322973
1.690426466
1.690435832
1.690481047
1.689202118
1.689656945
1.689410133
1.690186375
1.689962286
1.689904004
1.689321933
1.689485189
1.689629214
1.689560696
1.689191062
1.689057127
1.689042351
1.689034523
1.689066323
1.690207756
1.689733746
1.689287528
1.689505366
1.689376516
1.690058931
1.687811426
1.687967002
1.688080453
1.687872873
1.687843438
1.688149239
1.689871562
1.688938652
1.689076901
1.690192037
1.690269496
1.690307172
1.690346797
1.690450074
1.690304302
1.690402963
1.690483613
1.690713756
1.690666825
1.690358874
1.690458304
1.690504113
1.690422617
1.690473402
1.69057194
1.690535446
1.690524278
1.689298198
1.689529505
1.689728948
1.690342754
1.690133405
1.69047579
1.690039686
1.689107637
1.689327723
1.689423697
1.689371594
1.689175299
1.689078278
1.688998119
1.688978455
1.689634894
1.689118292
1.689112006
1.688760385
1.689140324
1.689034318
1.689175936
1.690016319
1.690138872
1.688612739
1.688714612
1.688559553
1.688588365
1.689907306
1.689298502
1.689651567
1.690188404
1.690300083
1.690379677
1.690094423
1.689552274
1.690591004
1.690211665
1.690579765
1.69072161
1.690725713
1.690598898
1.690588464
1.690664752
1.690636526
1.69059899
1.690621677
1.690619938
1.690276548
1.690358852
1.690417846
1.690580339
1.690443392
1.690240305
1.689645265
1.689441367
1.689286848
1.689895032
1.690282122
1.690451296
1.690586222
1.69019256
1.68898664
1.689060149
1.68921225
1.689241335
1.689209639
1.689102372
1.689053763
1.688998494
1.688964543
1.688934595
1.68899159
1.688969307
1.688649181
1.688446847
1.688426868
1.688916853
1.68866156
1.688850495
1.688952246
1.68903301
1.689841081
1.689904204
1.689980368
1.689310058
1.689358893
1.689553416
1.689217559
1.689700477
1.68975162
1.689687917
1.689549361
1.690066669
1.69019211
1.689751634
1.6893719
1.689670966
1.688790856
1.689947657
1.689599147
1.690532109
1.690710412
1.690228606
1.690441996
1.690638656
1.690733883
1.690711809
1.690686105
1.690701185
1.690673718
1.690615397
1.690653682
1.689989764
1.690023961
1.690097856
1.690275031
1.690451134
1.690339866
1.690058265
1.689911494
1.689769916
1.689565722
1.689413921
1.690130351
1.69039669
1.690567156
1.690680268
1.690339471
1.688953237
1.68902562
1.689146066
1.689086906
1.689015342
1.688963845
1.688897855
1.688949812
1.688930135
1.688895392
1.688280607
1.688440039
1.688474477
1.688483021
1.688273522
1.688249883
1.688303245
1.688674197
1.688807492
1.688868969
1.689737949
1.689625223
1.68962573
1.689492971
1.689499977
1.689387549
1.689581877
1.689388668
1.689474881
1.68925037
1.689105624
1.68986038
1.68967812
1.689501084
1.689081957
1.689250543
1.689207532
1.688374991
1.690384821
1.689942698
1.689596707
1.690525194
1.690727772
1.690230972
1.690474701
1.690651554
1.690724171
1.690706198
1.690691446
1.690669873
1.690612378
1.690642136
1.689828082
1.689757816
1.68979873
1.689416908
1.690130568
1.690131
1.689835273
1.690133059
1.689333501
1.690050028
1.689916516
1.689705387
1.689595746
1.690272457
1.690759856
1.690525538
1.690689601
1.690467345
1.688924251
1.690851279
1.689811305
1.688993039
1.688927009
1.6888537
1.688847734
1.688871893
1.688873385
1.689396998
1.688825416
1.688009095
1.688108266
1.688184087
1.688397979
1.688134503
1.688203402
1.688732393
1.688270788
1.688580765
1.68867557
1.689286768
1.689334925
1.689300473
1.689216628
1.689281934
1.68906872
1.689030877
1.689103909
1.689159882
1.689000635
1.68895553
1.688988945
1.689119552
1.689077677
1.68929958
1.689234141
1.688670666
1.688879017
1.688870977
1.688826901
1.688653014
1.688092774
1.68794197
1.690342691
1.689933994
1.689598846
1.689233104
1.69039082
1.69053233
1.690656495
1.690230354
1.690489798
1.6906788
1.690616787
1.690633882
1.690674483
1.690658843
1.69058506
1.69059837
1.690501947
1.689422716
1.689535958
1.689508463
1.689155216
1.68981741
1.68951382
1.689462802
1.68984178
1.690101045
1.690674274
1.690191688
1.690059512
1.689863487
1.690402952
1.690830278
1.690635916
1.690777438
1.69057816
1.693286645
1.693396022
1.689734936
1.691598734
1.692196992
1.690974724
1.695014608
1.688758127
1.688801534
1.688732956
1.688768575
1.688769398
1.690667618
1.68933862
1.691787604
1.689683148
1.688015116
1.688069018
1.688332364
1.688407621
1.688693211
1.688585607
1.688163944
1.688249899
1.688620858
1.688319354
1.688459068
1.688041668
1.688974738
1.6890024
1.688814816
1.688825659
1.689020921
1.68908522
1.68882148
1.688893071
1.688838198
1.688912364
1.689086413
1.688910958
1.688899661
1.688685547
1.688687698
1.688856708
1.688854796
1.688846813
1.688272685
1.68847961
1.688343007
1.687892679
1.687975798
1.688070852
1.690176348
1.689912354
1.689532555
1.68903259
1.689120087
1.690192699
1.690376546
1.690481325
1.689990795
1.690252829
1.690498095
1.690564879
1.690532874
1.690538179
1.690610806
1.690410294
1.690482348
1.690327032
1.689195217
1.68919182
1.688906088
1.689526581
1.689523495
1.689210066
1.689218554
1.689219089
1.689798753
1.689488841
1.689897384
1.691332466
1.693615298
1.690331059
1.691385161
1.690220084
1.690524889
1.690889586
1.690717726
1.690812116
1.69067648
1.696495069
1.69675327
1.696669974
1.692531757
1.693799858
1.697210637
1.699199478
1.688674205
1.688714755
1.688670221
1.689278948
1.694013331
1.695967001
1.694368951
1.692201567
1.692335377
1.688118949
1.688369863
1.688627967
1.688470155
1.688531636
1.688274158
1.688361778
1.688577476
1.68841292
1.688440043
1.688238183
1.688190563
1.688717321
1.688588699
1.688703618
1.689285643
1.68935371
1.688658295
1.688739662
1.688833521
1.689344379
1.689024945
1.68904612
1.68866301
1.688666759
1.688679082
1.68849113
1.688516927
1.688532037
1.688278203
1.688507427
1.687987915
1.688501727
1.69910304
1.688010888
1.687868212
1.688025474
1.687953574
1.688144982
1.687851407
1.68992432
1.691779796
1.68962295
1.699635516
1.713774571
1.693481069
1.694119113
1.690329733
1.690195832
1.69027568
1.690344167
1.690414026
1.703066202
1.700359593
1.696840518
1.688893955
1.688942376
1.688683395
1.689217201
1.689224897
1.689209037
1.689044517
1.688893372
1.68898312
1.688945501
1.689512408
1.689629595
1.691945593
1.693597171
1.693729823
1.696901266
1.690461944
1.694424231
1.692120228
1.694445466
1.690860017
1.691107184
1.691065009
1.691601843
1.693360195
1.700758328
1.701313947
1.696840872
1.702450839
1.704501065
1.688635071
1.68993588
1.690510905
1.693099374
1.699219626
1.699657239
1.702418456
1.698233901
1.697318444
1.688463505
1.68860768
1.688491249
1.688543548
1.688433173
1.688522359
1.688591012
1.68857639
1.688595302
1.688613987
1.688420881
1.688383191
1.68855022
1.688537952
1.688581205
1.689768255
1.689686575
1.688644404
1.688755312
1.689047843
1.689654096
1.689334941
1.688501781
1.688496083
1.688464248
1.688445446
1.688434406
1.688241011
1.688203757
1.68801526
1.687814712
1.687871435
1.707755146
1.72067348
1.687818865
1.688362182
1.687833568
1.688090746
1.687878276
1.687887401
1.694071995
1.698278642
1.711512989
1.73036846
1.725865209
1.720756795
1.702236017
1.717633975
1.699596041
1.706969096
1.709062602
1.711542706
1.707324839
1.688663444
1.688683837
1.688389041
1.688487009
1.690406867
1.688908254
1.688967816
1.688876333
1.690899755
1.688665697
1.688875878
1.688566504
1.688709725
1.688666344
1.688781072
1.68878432
1.688606836
1.693782578
1.694635092
1.696800602
1.696967334
1.703093618
1.700092308
1.692448198
1.697164154
1.694653168
1.697144134
1.696722641
1.693886474
1.693488354
1.694019124
1.696823775
1.705511455
1.706202913
1.705152748
1.70901436
1.710035692
1.69044344
1.6945732
1.694548863
1.700234471
1.708879385
1.708484489
1.708076829
1.709522721
1.689916698
1.688575002
1.688610963
1.688696866
1.688601126
1.688647168
1.688733046
1.68870791
1.688773956
1.688801689
1.688823951
1.688732313
1.688631672
1.688697668
1.688813854
1.68864727
1.690146071
1.690004479
1.688940115
1.68891896
1.689307125
1.689572894
1.689968428
1.689718587
1.688385373
1.688346424
1.688390146
1.688609071
1.688455575
1.688959789
1.710794807
1.691962255
1.692223861
1.68778888
1.724448879
1.730327321
1.687911085
1.687791524
1.688091244
1.687993251
1.688348281
1.688594724
1.688117407
1.688149915
1.699158495
1.703833519
1.725785968
1.735667672
1.735262415
1.732025781
1.730172873
1.709057235
1.727066046
1.72089076
1.720571919
1.718396542
1.713980741
1.688479581
1.68846239
1.688353884
1.69481623
1.695548412
1.688633275
1.692451431
1.689840252
1.688631092
1.688452815
1.688649978
1.688382116
1.688823525
1.68863017
1.68853116
1.688402494
1.69877161
1.698626608
1.70033413
1.700579835
1.700654202
1.70431619
1.699317435
1.697027292
1.699729377
1.699016272
1.700209762
1.69814516
1.697365816
1.700536892
1.710613447
1.709157303
1.713452586
1.714559129
1.71509375
1.709425145
1.696096219
1.701080653
1.716164891
1.716578499
1.71685664
1.715569264
1.688783854
1.688731629
1.688877254
1.68893313
1.68883052
1.688941491
1.688969703
1.691304093
1.698536984
1.689015942
1.689032401
1.689058192
1.689089478
1.688945221
1.688994864
1.689205929
1.689144803
1.690420432
1.690273469
1.689386777
1.689843497
1.690092365
1.689672574
1.689430298
1.688319489
1.688393868
1.688379048
1.688533082
1.688707423
1.689159421
1.71663474
1.700239048
1.738734355
1.731874903
1.688270554
1.702580418
1.689048878
1.688534617
1.688300078
1.688636424
1.688461121
1.688760618
1.688568222
1.703223126
1.707732444
1.730731114
1.733182759
1.737763077
1.735077664
1.740193792
1.712555817
1.729135481
1.726222235
1.72305737
1.717865711
1.688345997
1.688345375
1.688289582
1.688329448
1.688298226
1.69324253
1.698534476
1.69682156
1.693612436
1.688448073
1.688452733
1.68828575
1.693489691
1.690934163
1.688410856
1.702172845
1.702694459
1.703396914
1.704065481
1.703662187
1.708193377
1.703019003
1.703284908
1.702604328
1.703310083
1.702797065
1.702904073
1.702200833
1.703619225
1.705173281
1.714625622
1.713023808
1.719026209
1.719567933
1.719704886
1.709620947
1.722258736
1.722438
1.720551778
1.715954928
1.688907829
1.693014331
1.689129503
1.68906152
1.689245644
1.689123368
1.6891575
1.689286071
1.689261836
1.701728498
1.706659529
1.689274863
1.689293082
1.689347413
1.689340852
1.689159444
1.689320861
1.689654357
1.689781426
1.690599843
1.690421522
1.689999903
1.690273892
1.689675759
1.690038517
1.689885903
1.688356308
1.688315668
1.688499172
1.68848928
1.688561184
1.6888101
1.688960385
1.689392666
1.689782948
1.716821784
1.720875077
1.74172406
1.735069927
1.693940964
1.707413612
1.688839477
1.698669961
1.688795028
1.688948791
1.689056119
1.743176445
1.706717081
1.711131302
1.732020631
1.736898493
1.735001556
1.73906911
1.729103215
1.715453183
1.726167422
1.72082763
1.688270993
1.688270474
1.691215395
1.68824038
1.688290091
1.688271425
1.696051754
1.700276744
1.697669914
1.703383475
1.691051436
1.689932159
1.693780791
1.697154632
1.695202242
1.693659751
1.706242592
1.706223043
1.707814949
1.706980298
1.713320204
1.706221897
1.706676092
1.706451443
1.705304417
1.706417658
1.707487944
1.707143944
1.718084367
1.718760674
1.723455661
1.724029604
1.723402672
1.709703142
1.725801906
1.715325607
1.724964519
1.721179348
1.689093206
1.693768583
1.68920139
1.689310433
1.689288737
1.695027537
1.700625649
1.689515604
1.689547924
1.689745706
1.689500907
1.689523333
1.689544138
1.704814811
1.689550256
1.689566512
1.689586908
1.689505497
1.689693987
1.689726187
1.690165043
1.690285307
1.690708198
1.690627166
1.690535884
1.690351436
1.690480687
1.690033574
1.690087055
1.690209453
1.690410813
1.688351528
1.688418155
1.68837367
1.688682296
1.688912017
1.688615607
1.688942567
1.689218264
1.689599169
1.690292563
1.689988916
1.728133081
1.745614069
1.740359067
1.712382351
1.704643028
1.689199866
1.689488311
1.689531235
1.741862481
1.746689632
1.748784946
1.710035979
1.714073732
1.734439109
1.732045285
1.736222949
1.727633898
1.718275665
1.723084456
1.695447373
1.688354761
1.691899218
1.689130474
1.6992373
1.700797067
1.703992051
1.69873185
1.696252538
1.699500159
1.700670572
1.698919872
1.707545734
1.710812599
1.709149645
1.711794522
1.710325782
1.719262142
1.709281598
1.709624328
1.710718336
1.710459865
1.708227791
1.709055212
1.723242537
1.726312246
1.727675068
1.728186859
1.727983675
1.709407608
1.72888718
1.715842553
1.7209372
1.726124183
1.694088598
1.689510722
1.69520354
1.70034556
1.689709801
1.689746219
1.689795787
1.689981668
1.690166278
1.689839065
1.689896151
1.68987333
1.702340325
1.689873235
1.689859427
1.6899599
1.689930902
1.690171733
1.690096693
1.690149529
1.690489775
1.690528147
1.690783954
1.690724996
1.690660142
1.690575249
1.690635229
1.690405755
1.690557011
1.690626248
1.68976695
1.688487667
1.688558082
1.68917918
1.688835983
1.689107731
1.688788951
1.689408749
1.689453381
1.689772038
1.690509646
1.690284976
1.690064425
1.730517566
1.744929904
1.714906162
1.722122859
1.7101949
1.703719473
1.690800524
1.739185378
1.74575749
1.752563423
1.751307563
1.713909849
1.717435836
1.733255235
1.730504083
1.725599566
1.72114908
1.699274145
1.695689578
1.692044982
1.691994247
1.702292098
1.702905249
1.704733359
1.703226401
1.702266127
1.705419839
1.704410909
1.707870361
1.711558469
1.714541957
1.711569307
1.714719543
1.716091497
1.725703751
1.713087485
1.71641117
1.714347189
1.711524973
1.711386104
1.730309053
1.734895151
1.733604969
1.730898528
1.732062164
1.708447201
1.730495925
1.715207088
1.721374872
1.726617205
1.694372756
1.696803176
1.697094866
1.691058534
1.689969138
1.690004384
1.696469361
1.690144992
1.690444193
1.690457411
1.690511458
1.690359433
1.690251285
1.690307709
1.701855224
1.69024905
1.693555562
1.690564896
1.690667479
1.690681708
1.6908305
1.690778008
1.690749388
1.690718853
1.690677335
1.690719912
1.690745169
1.690674161
1.690780257
1.691447491
1.689409231
1.688691756
1.688788013
1.689383623
1.689044881
1.689322051
1.689007383
1.689711928
1.689666907
1.689976351
1.690653995
1.690302553
1.690595572
1.690490831
1.690226198
1.732247411
1.744139737
1.726652543
1.719010869
1.711032215
1.735944135
1.753578558
1.743586617
1.751676109
1.756838176
1.718329871
1.721470084
1.728913699
1.724635061
1.732872481
1.699284543
1.694923959
1.703594574
1.693589066
1.7077045
1.705764338
1.708093638
1.709720488
1.710234964
1.714917426
1.713468508
1.713960918
1.720685108
1.720805187
1.73199249
1.718691217
1.722536863
1.717691535
1.71630366
1.739678854
1.741736056
1.740053948
1.735487911
1.732678814
1.708261226
1.73037606
1.714997958
1.72533374
1.720702006
1.708905544
1.727944299
1.691348844
1.690170737
1.690212692
1.721764587
1.694074647
1.697229772
1.690375087
1.705865065
1.697539416
1.703485668
1.690502749
1.692067263
1.690611363
1.690583154
1.701361214
1.690519368
1.716174302
1.705001013
1.690764652
1.690788153
1.690831964
1.690852569
1.690821458
1.690804088
1.690788725
1.690804097
1.690819322
1.690836019
1.690767544
1.690829158
1.68978497
1.691306463
1.688949829
1.689607958
1.689549602
1.689286415
1.689222234
1.689937887
1.68988413
1.690178332
1.690730957
1.690443218
1.690591893
1.69039634
1.739125746
1.74931732
1.735800056
1.728669715
1.740632971
1.759103294
1.750480261
1.759593543
1.722582405
1.726921389
1.729501065
1.737234463
1.707442979
1.697173087
1.701376641
1.693303762
1.710958595
1.70998101
1.714180793
1.712112514
1.715614471
1.712388505
1.719380486
1.715077517
1.717700339
1.726874227
1.740220976
1.726418872
1.72391107
1.723375816
1.749816849
1.754970509
1.740786005
1.733595582
1.729800823
1.705866921
1.72442904
1.713886231
1.718850167
1.690306821
1.690360227
1.735630943
1.732229287
1.692505335
1.695428806
1.690504752
1.716807096
1.71643827
1.715976704
1.690623495
1.710082635
1.693074293
1.702371629
1.69679642
1.698121038
1.690776851
1.72982146
1.690864075
1.719269537
1.690829307
1.690841055
1.690856548
1.690849668
1.690843124
1.690849349
1.690855146
1.690860083
1.691272572
1.690857709
1.690820672
1.690851968
1.690799599
1.68993651
1.689821966
1.689573547
1.690142688
1.690079708
1.690527449
1.690757959
1.690563834
1.691930892
1.762346435
1.755824795
1.746436593
1.754525624
1.741975386
1.74769009
1.765757399
1.766150905
1.757607418
1.728343814
1.735526557
1.745808745
1.704996783
1.709097388
1.69543804
1.698507232
1.69261242
1.715235293
1.715440813
1.716802939
1.713892527
1.720411449
1.716829722
1.725003032
1.717326598
1.723091322
1.743010862
1.730819193
1.73238568
1.730699328
1.72981788
1.748831972
1.761714897
1.736861673
1.723926323
1.732321576
1.698872136
1.705880706
1.717592428
1.709942972
1.690462122
1.720891021
1.745132575
1.744421871
1.695252024
1.693816302
1.693187595
1.691883993
1.728782274
1.728755163
1.697203264
1.713418805
1.706485422
1.703733638
1.697129846
1.697681007
1.742680921
1.69086884
1.731327566
1.690858849
1.690862572
1.690865413
1.690860325
1.690862228
1.690863477
1.690863777
1.690859692
1.691500787
1.690858823
1.690844329
1.690855295
1.692371573
1.690808586
1.691006188
1.691445369
1.693363086
1.693149146
1.76746933
1.762048999
1.752611997
1.757501579
1.772490889
1.768451039
1.736314365
1.757491005
1.747191428
1.692823261
1.702630718
1.706110274
1.696953189
1.694297888
1.709299451
1.719211487
1.721263195
1.714792229
1.730820324
1.732353434
1.72315174
1.692823882
1.720821497
1.744881983
1.73623291
1.737084235
1.736017485
1.74954139
1.763762264
1.7314368
1.720578136
1.699528493
1.700411205
1.708686913
1.722812601
1.757724591
1.756722519
1.69729677
1.696733235
1.74188388
1.741278564
1.70462918
1.725668564
1.715803164
1.710172079
1.701020633
1.702499132
1.758041026
1.690866742
1.705945372
1.743349836
1.735134527
1.690864288
1.690864825
1.690858704
1.690846621
1.690849285
1.690860182
1.690858294
1.690846183
1.692454897
1.690849112
1.692153584
1.691639877
1.694139771
1.693197087
1.693476549
1.695433838
1.773118166
1.780812243
1.769116845
1.788298053
1.766997375
1.77581869
1.74973971
1.766401863
1.693870936
1.702600075
1.699229009
1.695500284
1.707673627
1.719742893
1.725927262
1.713151269
1.746304863
1.737507505
1.72797591
1.730881958
1.694128178
1.694054294
1.728705388
1.740335904
1.740267401
1.738572078
1.7455407
1.751113836
1.752548041
1.716818276
1.724807402
1.707458591
1.702229917
1.701661541
1.770548315
1.702052766
1.755229131
1.753745091
1.728877164
1.710653205
1.718159345
1.707913324
1.70938064
1.772594621
1.785039235
1.690860881
1.713067752
1.71837175
1.755963699
1.742685652
1.69085717
1.69084783
1.690829313
1.690834059
1.690846576
1.690841314
1.691174981
1.692168231
1.69519372
1.692096806
1.693664183
1.693399297
1.696095669
1.697383046
1.696664328
1.801062165
1.792430044
1.804396752
1.79199031
1.776174364
1.775944566
1.762872414
1.694923513
1.701598842
1.697078628
1.707468764
1.717068117
1.702194033
1.74840451
1.718615792
1.73799429
1.731363963
1.69545115
1.695775084
1.697899489
1.74072432
1.755032629
1.733881841
1.73946923
1.750187522
1.733401908
1.735808456
1.714357045
1.706482345
1.709153599
1.702361248
1.72858263
1.767415191
1.718433207
1.717522082
1.789302751
1.806654891
1.690854499
1.727804616
1.737181217
1.779366161
1.768971265
1.755634675
1.690848547
1.69084545
1.690838699
1.690949388
1.690830136
1.693328501
1.692714883
1.693711733
1.698939069
1.693681819
1.699301963
1.695055492
1.697859083
1.827900916
1.824488242
1.805557405
1.788293397
1.773016827
1.696042023
1.697711945
1.696853364
1.698665088
1.708287841
1.711767763
1.703601883
1.762900821
1.717592786
1.739005052
1.727607799
1.697663437
1.700988197
1.700678601
1.778736847
1.759281707
1.731735085
1.75894105
1.724761363
1.726186744
1.714410391
1.70732609
1.706613031
1.71480403
1.814394926
1.690867467
1.737903845
1.750765923
1.79082211
1.775355546
1.836434819
1.690864948
1.691343366
1.69138623
1.69498111
1.692189372
1.694607663
1.694314471
1.701183427
1.695064121
1.698590967
1.69663481
1.695978157
1.855703283
1.843867608
1.829750864
1.812333772
1.787968077
1.698476478
1.697186369
1.700608032
1.69947982
1.699914698
1.778155035
1.712828056
1.708182375
1.704500306
1.716664284
1.745347904
1.725223725
1.703636591
1.70310653
1.706926369
1.802217309
1.778326327
1.77538163
1.814529615
1.732079702
1.718504388
1.729692792
1.712050945
1.714850227
1.726724136
1.834622514
1.845361614
1.812542306
1.69090339
1.756132933
1.770432
1.792329029
1.844211605
1.693015484
1.693979395
1.694765956
1.696383617
1.695260462
1.695695423
1.698421875
1.696628278
1.697041749
1.697517345
1.875946096
1.868781154
1.849126483
1.851385153
1.816264673
1.700451419
1.703283122
1.70143557
1.701680478
1.767058852
1.710084559
1.704909419
1.720486002
1.705061862
1.702167082
1.699516765
1.706187233
1.710612397
1.820479344
1.769886761
1.853587737
1.731637732
1.7250068
1.74469892
1.725872483
1.746649631
1.845335168
1.830439541
1.867700514
1.828699282
1.841772826
1.814076522
1.778097617
1.693883194
1.78047902
1.802448637
1.840154704
1.695878868
1.696727824
1.697653279
1.698148825
1.698695878
1.697381717
1.699387699
1.698415755
1.88186937
1.880492716
1.872841476
1.857448201
1.801793979
1.704275309
1.708571872
1.708137689
1.705620265
1.708596058
1.721642908
1.710045358
1.701484839
1.700202531
1.703348579
1.70735098
1.712401023
1.711242952
1.788678412
1.742995266
1.823245084
1.777354831
1.798798221
1.764821152
1.773552304
1.802498062
1.812731913
1.825766729
1.824362077
1.800972374
1.830310859
1.890920327
1.877439197
1.831186736
1.859217458
1.696153206
1.823814326
1.882731446
1.698538022
1.699778911
1.701338494
1.699271378
1.70072894
1.91833843
1.876308428
1.803425803
1.734822899
1.712206899
1.711834727
1.713862019
1.716874253
1.700921531
1.701674955
1.702520639
1.704907864
1.708841813
1.714265963
1.778883873
1.831980003
1.781630709
1.834832946
1.786439982
1.849676334
1.825100588
1.840384355
1.803226505
1.832050628
1.828891078
1.850061541
1.869502231
1.922278886
1.968856618
1.937576122
1.908045468
1.945372064
1.861139503
1.8129244
1.698152016
1.896520259
1.915293687
1.699836829
1.702750286
1.704071796
1.703010789
1.893599518
1.807783161
1.765786824
1.738423394
1.712650596
1.712996531
1.716598688
1.703249754
1.704229381
1.705269024
1.708203057
1.712245957
1.711760144
1.715440793
1.84307247
1.87089705
1.849195079
1.836633625
1.901890051
1.911766974
1.899608951
1.854232191
1.804133252
1.810642858
1.85385601
1.916169718
1.880814127
1.869300239
1.905392466
1.906098266
1.879720717
1.840965915
1.946285081
1.947052061
1.70195722
1.705045776
1.707593106
1.707227033
1.820684771
1.756477848
1.736975633
1.720484525
1.716408176
1.706856279
1.707627148
1.708552032
1.713047784
1.717503563
1.720370057
1.905707956
1.91090027
1.93897932
1.890334388
1.901714608
1.933303251
1.972210444
1.927787915
1.831318878
1.824983708
1.931413066
1.821698525
1.921518919
1.941430711
1.902527129
1.907157617
1.909151385
1.90552402
1.811958525
1.947070834
1.813047638
1.70467354
1.708200568
1.712478755
1.752193015
1.735629539
1.733440185
1.72908062
1.713254018
1.711900983
1.717773511
1.726859785
1.980598655
1.953850371
1.936358586
1.904810756
1.900484386
1.939440805
1.963336546
1.951124029
1.889084495
1.86189742
1.954806729
1.849216028
1.947317324
1.910534157
1.835120035
1.882824148
1.929021289
1.839518604
1.762501611
1.833666462
1.708104894
1.711680152
1.712764527
1.716890687
1.761039708
1.766284496
1.755498186
1.738997081
1.719677957
1.719383551
1.72269154
1.724962096
1.958120246
1.987331633
1.906009395
1.897851246
1.921184892
1.922761054
2.007668781
1.907530502
1.984676024
1.990758249
1.892040928
1.891677955
1.909510329
1.835446583
1.845300768
1.905871741
1.781597151
1.796175665
1.813656148
1.712903383
1.715660029
1.722437988
1.783852341
1.753540959
1.732463929
1.730342478
1.727032626
1.916495041
1.945921284
1.92447609
1.910011532
1.920369533
1.8422775
1.987246861
1.954170279
1.988982527
1.900714604
1.888454235
1.898295129
1.891827956
1.865433983
1.901182822
1.781486286
1.788010317
1.774907681
1.719589964
1.723722001
1.734026322
1.744149054
1.745062248
1.749194266
1.737402522
1.93454215
1.954930763
1.95535168
1.921160681
1.856382441
1.787156248
1.962420292
1.988497645
1.941631922
1.953493687
1.927890368
1.884467786
1.897692668
1.918978511
1.920829955
1.934345468
1.759305265
1.76174784
1.725794554
1.732278568
1.743472732
1.743719282
1.764135763
1.777962911
1.766905007
1.948588397
1.942225104
1.960394791
1.931279657
1.823642946
1.791861796
1.969646441
1.963506089
1.930109067
1.933246371
1.929566793
1.940014208
1.951678502
1.933329804
1.939155492
1.945250078
1.751457633
1.739290549
1.761915155
1.771991959
1.770872549
1.7852025
1.793063194
1.76692818
1.976357399
1.966095451
1.973568803
1.887399006
1.81671867
1.959463093
1.941246257
1.936502076
1.94742994
1.947414004
1.929037871
1.967111822
1.9694188
1.794199157
1.775857716
1.745637251
1.772064806
1.793425877
1.781044609
1.780149811
1.960480685
1.978079184
1.844604994
1.904004197
1.96297919
1.961719994
1.973572696
1.974441052
1.983693457
1.976595898
1.946053856
1.792641636
1.793394124
1.748533118
1.766320807
1.773574795
1.821914983
1.97383343
1.973708416
1.820923663
1.908340225
1.983915869
1.972223528
1.959242939
1.971564357
1.970782113
1.954000724
1.93796077
1.779051872
1.76298707
1.766916933
1.85389567
1.776263657
1.988312718
1.945708806
1.870533432
1.976663762
1.945957774
1.939670463
1.946337022
1.938871428
1.931995636
1.764012166
1.796554142
1.855412183
1.764897636
1.779597065
1.965598304
1.9387799
1.946405847
1.917418762
1.937382023
1.92507893
1.926180014
1.782239417
1.892961223
1.788082242
1.758460331
1.956339592
1.933174611
1.90657696
1.916954201
1.915435631
1.913585157
1.75186999
1.820107283
1.765144538
1.980561029
1.913046339
1.89968588
1.901335554
1.881723861
1.769571898
1.761209419
1.817897816
1.872226282
1.93637509
1.903904335
1.905847773
1.820320325
1.80203795
1.845640358
1.856042379
1.892178532
1.898406972
1.892171888
1.856263943
1.852663678
1.847961919
1.856717672
1.955378422
1.91600345
1.865538251
1.850792615
1.913247293
