1.683497905
1.683497905
1.683497905
1.686000945
1.683497905
1.687287562
1.683497905
1.688237143
1.687668567
1.687639569
1.689113733
1.68840029
1.683497905
1.687239758
1.687198075
1.686003967
1.685139725
1.683497905
1.683497905
1.683497905
1.688966577
1.686207065
1.688930842
1.688272511
1.683498126
1.682889939
1.682652377
1.682677261
1.682328542
1.687887178
1.687250753
1.683497905
1.687147576
1.683625494
1.687893132
1.6886978
1.681468462
1.681005763
1.680746155
1.682526588
1.683206003
1.689303897
1.683497905
1.68841611
1.683497905
1.683497905
1.684367991
1.681430804
1.68554817
1.687292235
1.681378834
1.682845926
1.680421918
1.680011649
1.685183763
1.685356599
1.688757326
1.688689323
1.688115603
1.687825377
1.687265375
1.683497905
1.683497905
1.683497905
1.683497905
1.681218574
1.683031041
1.684578883
1.685341661
1.682850948
1.684023999
1.681536373
1.680441068
1.686822955
1.686910446
1.683497905
1.685259044
1.688618284
1.686216118
1.688929085
1.688801085
1.688167781
1.687870714
1.680727521
1.681293926
1.681751195
1.687059736
1.687287995
1.686889907
1.685235588
1.686490214
1.68289734
1.686448484
1.681743305
1.685807957
1.686098768
1.68643291
1.687283617
1.683497905
1.682871655
1.686197133
1.688057378
1.688968713
1.688953977
1.688922914
1.681077981
1.680519035
1.680459494
1.68706742
1.688092211
1.688689052
1.688690236
1.688613027
1.687775774
1.68486784
1.68353467
1.685346989
1.684441632
1.684628648
1.683958801
1.683497905
1.688740101
1.687033645
1.683497905
1.683497905
1.682147254
1.684113772
1.685482367
1.686275112
1.687143923
1.688722745
1.682313528
1.681052245
1.680528028
1.681969243
1.687567276
1.688593527
1.688792743
1.68868275
1.6883445
1.686797649
1.68588912
1.683681242
1.684729516
1.683329868
1.684559708
1.684627656
1.683497905
1.689102467
1.687682911
1.686646416
1.688375948
1.681283588
1.682006564
1.682446831
1.683276895
1.685398477
1.684529262
1.684998825
1.68135672
1.683890306
1.685813944
1.686433681
1.686988971
1.687805579
1.688450729
1.68793931
1.682813233
1.683001709
1.684716423
1.682893023
1.68443407
1.686089948
1.686121354
1.68788333
1.688855549
1.688136182
1.684733857
1.686556283
1.681033398
1.680490615
1.680280382
1.681521515
1.687610431
1.6871026
1.683058965
1.685917331
1.68328796
1.683854927
1.685180022
1.687289449
1.688289584
1.688598942
1.68212496
1.68169756
1.686753131
1.68633354
1.685708244
1.683537273
1.687172679
1.687129184
1.687319184
1.685844176
1.686504859
1.681557181
1.683315206
1.684135619
1.682014911
1.680626328
1.679993883
1.680952344
1.688615741
1.688212546
1.686211766
1.681603585
1.682378423
1.684506653
1.682376046
1.686132471
1.686995544
1.687509338
1.682874188
1.682092912
1.687569227
1.687537702
1.686157199
1.686855162
1.68676937
1.686218938
1.686642712
1.68720341
1.682598181
1.681629568
1.682343656
1.68443112
1.682767944
1.682167471
1.682188407
1.688172169
1.688571544
1.687982797
1.681648921
1.682322873
1.683548375
1.682422689
1.684238933
1.684541561
1.685560736
1.685126127
1.684147653
1.687903795
1.688216883
1.687896861
1.68598357
1.685814651
1.685598474
1.685707804
1.686419352
1.682730275
1.682599312
1.686811867
1.685457955
1.684451739
1.684009195
1.687705679
1.684795109
1.688815769
1.688867571
1.683753186
1.683374613
1.682448292
1.682752839
1.682074216
1.682123224
1.682206258
1.687252893
1.68647067
1.685689901
1.687784186
1.68843582
1.688496616
1.686259324
1.686443024
1.687410099
1.685316957
1.686253681
1.684590734
1.684239208
1.685135784
1.688034507
1.686795364
1.68584321
1.686860336
1.683768438
1.688073296
1.688238785
1.685601325
1.684426515
1.682409478
1.681423611
1.681101872
1.681524868
1.68751476
1.688132475
1.683765302
1.684246712
1.686710096
1.687316145
1.687533539
1.68757067
1.688018335
1.688604283
1.685472625
1.684167043
1.683306776
1.686371283
1.687535472
1.686669382
1.685254835
1.682719262
1.686013821
1.686300668
1.68664709
1.685023432
1.683653194
1.682628122
1.681896672
1.6817299
1.687567031
1.687544386
1.682848579
1.683089186
1.684754917
1.685094558
1.685584008
1.689023677
1.687569218
1.689280352
1.689464168
1.686163773
1.684863204
1.683705091
1.685269249
1.685740429
1.682836263
1.683879933
1.68435069
1.682103411
1.687231303
1.687571221
1.68659799
1.685727589
1.684486724
1.683035226
1.686198038
1.686153537
1.682925142
1.682846461
1.683321906
1.68370671
1.689675223
1.689281876
1.689777522
1.688625088
1.689598852
1.689619561
1.689548729
1.687677406
1.686444307
1.685010339
1.683953699
1.68408752
1.68244308
1.683143341
1.683684076
1.683674974
1.683065875
1.688125393
1.687397687
1.688156979
1.68744362
1.685795264
1.685996217
1.68410307
1.685025419
1.683544375
1.683113936
1.682909662
1.682783179
1.689424493
1.689300034
1.68998112
1.689723003
1.689873445
1.689742582
1.689444082
1.689308595
1.688105823
1.686184802
1.688784141
1.68420428
1.68345045
1.684220079
1.684955246
1.68489769
1.688292035
1.686463437
1.688538884
1.688000403
1.686726359
1.687354614
1.683070071
1.68415177
1.685183406
1.684465489
1.683672823
1.682954488
1.688809075
1.688640068
1.690179047
1.689134428
1.690343666
1.688887444
1.689946902
1.690310887
1.690126472
1.689800124
1.687930661
1.689574082
1.685982525
1.685629003
1.686532468
1.68683391
1.686587265
1.687454657
1.687507836
1.687269458
1.68741302
1.682748633
1.683767641
1.687251889
1.686362282
1.685125521
1.683701989
1.688057692
1.687928396
1.68908324
1.689573607
1.690501816
1.688456902
1.689563097
1.691046439
1.689513929
1.689479617
1.689409535
1.689678325
1.687337942
1.687351509
1.685015913
1.685959413
1.686697806
1.687164095
1.682816798
1.684200466
1.683289777
1.689158443
1.688283897
1.686851146
1.687535365
1.687512185
1.687921978
1.688084049
1.691111911
1.690586527
1.688507589
1.68970176
1.691359013
1.688215716
1.688712743
1.689843592
1.687095797
1.686911235
1.684255407
1.685359683
1.686298769
1.686829293
1.683565689
1.685682467
1.683917278
1.690054229
1.689792696
1.68929834
1.687362852
1.688627603
1.687081788
1.68691366
1.686977479
1.691429106
1.691408636
1.691098124
1.690399995
1.691166199
1.691321171
1.687155721
1.688241022
1.689250706
1.686317439
1.686223297
1.684736797
1.685574508
1.68608653
1.688557302
1.685388013
1.687522282
1.685628446
1.68999092
1.690381637
1.690315631
1.690331503
1.68775397
1.689472216
1.687236496
1.68645376
1.686802981
1.691683638
1.691903106
1.691893912
1.691742416
1.690843487
1.691133712
1.691523635
1.686696819
1.686503415
1.687470554
1.688427192
1.686483475
1.686741457
1.685966702
1.689647406
1.687962365
1.687403211
1.689386749
1.69015567
1.690462332
1.691341192
1.690593956
1.688851153
1.688354205
1.687548721
1.68776062
1.691947462
1.692272253
1.692409316
1.692333012
1.69093594
1.691029094
1.691214302
1.691258606
1.691612724
1.686515168
1.687129623
1.686956998
1.687672769
1.687736014
1.687597636
1.689893574
1.689137868
1.688606591
1.688576008
1.689575765
1.690184773
1.691976961
1.690819645
1.690076065
1.689669048
1.689072286
1.691966979
1.692212297
1.692325777
1.692376048
1.691542537
1.691734442
1.691168343
1.691431319
1.691269657
1.691447083
1.686910363
1.688175632
1.686958288
1.687285083
1.688890712
1.689889388
1.689346434
1.68799341
1.689339283
1.688480397
1.689692775
1.692214564
1.691960429
1.691714917
1.690121669
1.691184563
1.691607092
1.691680973
1.691766948
1.692206949
1.69230126
1.692733465
1.692677207
1.692086976
1.691266222
1.691723293
1.691190786
1.691164498
1.688251144
1.687727608
1.687624251
1.689222417
1.689501612
1.688016701
1.689068628
1.688633826
1.689360485
1.690520522
1.692437731
1.692607849
1.692522069
1.691926004
1.691084633
1.691001471
1.691509664
1.690900198
1.69179605
1.692427091
1.692703519
1.692905448
1.692628425
1.692932054
1.692321095
1.691622375
1.691312852
1.691276248
1.689556719
1.689057539
1.688907468
1.689309527
1.689048101
1.689191983
1.689568015
1.692047282
1.691350495
1.692167045
1.692523405
1.692591649
1.692386682
1.691071192
1.690893518
1.690925531
1.690710055
1.691001937
1.692509605
1.692297815
1.692865609
1.693099391
1.692875712
1.691909147
1.692441492
1.692591705
1.691884518
1.69218725
1.69086402
1.690521716
1.690252684
1.690121942
1.689960292
1.69017646
1.690962205
1.692249811
1.692031919
1.691577138
1.690803738
1.692096347
1.691817594
1.691915093
1.690565786
1.691681185
1.691501093
1.69105589
1.690654875
1.690659705
1.691072506
1.690860895
1.692351171
1.69228253
1.692811814
1.693030769
1.693164607
1.693007053
1.692692219
1.692538896
1.692329919
1.692561191
1.69293571
1.692955552
1.691807649
1.691458024
1.691234274
1.691020545
1.691420108
1.691570307
1.692140553
1.692213815
1.691750291
1.690641107
1.691217284
1.691082429
1.690742643
1.69148124
1.692643656
1.691628279
1.692461996
1.691066971
1.69122311
1.691574567
1.692273408
1.692329129
1.692871638
1.693094048
1.693081165
1.693212965
1.693199217
1.693219533
1.692371261
1.692598988
1.692256125
1.692734276
1.693398718
1.693458726
1.693728938
1.693466057
1.691909934
1.691607091
1.691373214
1.691491725
1.691584892
1.6916505
1.691195114
1.690919531
1.690646677
1.691109168
1.691863326
1.692138031
1.692694016
1.692081226
1.691740666
1.69341913
1.691781013
1.692472894
1.693244212
1.691750891
1.691957742
1.692290693
1.69280591
1.693115777
1.692259109
1.692225279
1.692321969
1.692404309
1.692960218
1.693164744
1.693287535
1.693281623
1.693405749
1.692822398
1.692400021
1.692612846
1.692293003
1.693916664
1.693786791
1.693684237
1.693517174
1.69126652
1.691029866
1.690982634
1.690914273
1.691067254
1.691097304
1.691102601
1.692214196
1.691257766
1.692541122
1.692767576
1.692601372
1.69306845
1.692694518
1.693852539
1.693888325
1.692451747
1.694050227
1.693691228
1.693207663
1.692455553
1.692532245
1.692951318
1.693436505
1.693224951
1.693474915
1.692209478
1.692240688
1.692186524
1.69247935
1.692349603
1.692308865
1.693059419
1.693222706
1.693323134
1.693374056
1.692930709
1.692662684
1.692474197
1.692346213
1.692252581
1.69403845
1.693822801
1.6934484
1.6935248
1.693344279
1.693004687
1.690718621
1.690619064
1.690813195
1.69086686
1.690997223
1.691208676
1.692830412
1.691827854
1.691821773
1.693434642
1.693372625
1.693260461
1.69327089
1.694123166
1.69416627
1.692979816
1.694215759
1.693988545
1.693498126
1.692944383
1.693153463
1.693310694
1.693700747
1.693720767
1.693560313
1.693557678
1.693778865
1.692154389
1.692164621
1.692228663
1.692553127
1.692416404
1.692621245
1.692345911
1.692174621
1.693118355
1.693240946
1.693257438
1.692968719
1.692773553
1.692523042
1.692348867
1.693850715
1.693375571
1.693119877
1.692899531
1.693198643
1.693146707
1.69313821
1.69341485
1.693521823
1.690934282
1.691289995
1.691340062
1.691485064
1.693241099
1.692269424
1.692688071
1.693699906
1.693714501
1.693673806
1.694177206
1.6938636
1.693349668
1.694251451
1.694206233
1.694013159
1.693746199
1.693406998
1.693449487
1.693682461
1.693642115
1.693895785
1.693766859
1.693628921
1.693908832
1.693906052
1.693917952
1.693830498
1.693963859
1.694001937
1.692165579
1.692120834
1.692117264
1.692262003
1.692478767
1.692577482
1.692682237
1.692404679
1.692257186
1.692155744
1.692096409
1.693088853
1.693108882
1.692934969
1.692802941
1.692636347
1.69248741
1.692358359
1.692762343
1.693309418
1.692841878
1.692451963
1.692324778
1.692908136
1.692660676
1.692872701
1.692909694
1.692964338
1.693528821
1.693663384
1.693756945
1.691843867
1.692152272
1.692741922
1.69210185
1.693492976
1.693303651
1.69306373
1.693181579
1.693848129
1.693894352
1.694039653
1.693770022
1.694023347
1.693182595
1.694170468
1.69400274
1.694032961
1.693711489
1.694268843
1.694273281
1.694189207
1.694002836
1.693764472
1.69369012
1.693859019
1.693823144
1.693955276
1.693888746
1.693937916
1.693999333
1.693983881
1.694039599
1.694024177
1.694100517
1.694035398
1.692250671
1.692180306
1.692109658
1.692082568
1.692354341
1.69252345
1.692638533
1.692735342
1.69247076
1.692232313
1.692132535
1.692074266
1.692958044
1.692907367
1.692770681
1.692337649
1.69261557
1.692478787
1.692589883
1.692440445
1.692656314
1.692645962
1.692322978
1.692203753
1.691986337
1.691966255
1.692588707
1.692706366
1.69274448
1.693762294
1.693588165
1.693660354
1.692574519
1.692781607
1.693059841
1.69287368
1.693411882
1.69336112
1.693128918
1.692860491
1.693869961
1.693808478
1.693663598
1.693558424
1.693732363
1.693725554
1.692668841
1.694136724
1.694195188
1.694019776
1.694108492
1.694010791
1.69429203
1.694294294
1.694199212
1.693980083
1.693997572
1.693967609
1.693954956
1.694043281
1.694044781
1.693935935
1.693886441
1.693943804
1.693653707
1.694088501
1.694116882
1.693987704
1.694141997
1.692051607
1.692295185
1.692217811
1.6921258
1.692091416
1.692413991
1.692780651
1.69259075
1.692711601
1.692535347
1.692212434
1.693630627
1.692751816
1.692113934
1.692753487
1.692678471
1.692570075
1.692293559
1.692436231
1.69286286
1.69244213
1.691821611
1.692013953
1.692103991
1.692091425
1.691716106
1.691654448
1.692512199
1.691702388
1.692368144
1.692472649
1.693393007
1.693517394
1.69344863
1.692685987
1.692902594
1.692661716
1.69313634
1.693158818
1.693132161
1.692883292
1.692719576
1.692524719
1.693397555
1.693313711
1.693547616
1.693760401
1.693117622
1.693377632
1.693406697
1.693348418
1.693116976
1.692152097
1.691708736
1.69417827
1.694209389
1.694034711
1.693769759
1.694198938
1.694144215
1.694200843
1.694306397
1.694305801
1.694128659
1.694230785
1.694185037
1.69409514
1.69407696
1.694139621
1.694168572
1.694196639
1.693676717
1.693776524
1.693777068
1.693451179
1.694007513
1.693802305
1.693785334
1.694042484
1.694159307
1.69324817
1.692351873
1.692267591
1.692166795
1.692477528
1.692819936
1.692653077
1.692760147
1.69259551
1.695934109
1.696191829
1.693012188
1.694806033
1.695149646
1.694084966
1.697955316
1.692507234
1.692534723
1.692413194
1.692378763
1.692427233
1.694026452
1.69286384
1.695202547
1.693214995
1.69151336
1.691607161
1.691745206
1.69198839
1.692382774
1.692238736
1.691409752
1.691427975
1.692242938
1.691494899
1.692026585
1.691258452
1.693117675
1.693191541
1.692969996
1.692892924
1.692446017
1.692421443
1.69282704
1.692831011
1.692563075
1.692403882
1.692328378
1.693154308
1.693170974
1.69283456
1.69280745
1.693079249
1.693405351
1.693410292
1.692554363
1.692944503
1.692712309
1.691651266
1.69125513
1.692276974
1.694192598
1.694212779
1.694000398
1.693593098
1.693680557
1.69421737
1.69423005
1.694313256
1.694243985
1.69431696
1.694296319
1.694268055
1.694264542
1.694232255
1.694192678
1.694280468
1.69424215
1.694252321
1.693511393
1.693523181
1.69320495
1.693847987
1.693861446
1.693556507
1.693583508
1.69360466
1.694044166
1.69385414
1.694107905
1.693699549
1.696072914
1.692417642
1.693557866
1.692338724
1.692544023
1.692851012
1.692697339
1.692770425
1.692652794
1.699278395
1.69928269
1.699321747
1.695784568
1.696908734
1.700208248
1.702017381
1.692284905
1.6923123
1.692202634
1.69280257
1.697296957
1.699247278
1.697727684
1.695639522
1.695758482
1.691301286
1.691629256
1.692176332
1.691893293
1.691988525
1.691237359
1.691287523
1.692016278
1.691364915
1.691584385
1.691148166
1.691082753
1.692780491
1.692551648
1.692681831
1.692299554
1.692322495
1.692455392
1.69247507
1.69226428
1.69225321
1.692129948
1.692223109
1.692864426
1.692829569
1.692873592
1.692326461
1.692533414
1.692534676
1.692644713
1.693003515
1.692123757
1.693007268
1.703619807
1.692039799
1.691447244
1.692163472
1.691178621
1.691029052
1.691613067
1.694132086
1.695996627
1.694062349
1.704199566
1.718331699
1.697618409
1.698506692
1.694326851
1.694310429
1.694317732
1.694316424
1.694323646
1.707253199
1.704499783
1.700948145
1.693210648
1.693274524
1.692916327
1.693614961
1.69363316
1.693640059
1.693403701
1.693230341
1.693364155
1.693346594
1.693891919
1.693977156
1.693879456
1.695854292
1.695844505
1.69924525
1.692488346
1.696458758
1.694159566
1.696436946
1.692833645
1.693046554
1.693006264
1.693545877
1.695271888
1.70340149
1.703777646
1.699945301
1.70529259
1.707151129
1.692092753
1.693389113
1.693881964
1.69646382
1.702329782
1.702846108
1.705480905
1.70148572
1.700577146
1.691433769
1.691981384
1.691669908
1.6918023
1.691152089
1.691213995
1.691833515
1.691283582
1.691364735
1.691441404
1.69107546
1.691011669
1.692029236
1.692243084
1.692409419
1.692435347
1.692374759
1.692148983
1.692162635
1.692041863
1.692299499
1.692158809
1.692547073
1.692565811
1.692453519
1.69209247
1.692230386
1.692637279
1.692555548
1.692207751
1.691541274
1.691834038
1.712156322
1.725094982
1.69118159
1.690953595
1.691298274
1.690982159
1.691084873
1.691120419
1.698460338
1.702667524
1.716064301
1.734783646
1.730389351
1.725330579
1.706609597
1.722179048
1.703929016
1.711308774
1.713392311
1.715965752
1.711727802
1.692901607
1.692955043
1.692290615
1.692574017
1.694859046
1.693321722
1.693393089
1.693309584
1.695353709
1.693034467
1.693224728
1.692777362
1.692998951
1.693026293
1.693123025
1.693148064
1.692926728
1.69824489
1.69653862
1.69895781
1.699025127
1.705403198
1.702325149
1.694418929
1.699157554
1.696612164
1.699097431
1.698603782
1.695813325
1.695398547
1.695930352
1.698704227
1.70801324
1.708554764
1.708010062
1.711658516
1.712539006
1.693723028
1.697841467
1.697741447
1.703379914
1.711706699
1.71140022
1.711038447
1.712412598
1.693094047
1.691590565
1.691659493
1.691498939
1.691014336
1.69113491
1.69120867
1.691737891
1.691277533
1.69134159
1.691406566
1.691015759
1.691066723
1.691840172
1.691867492
1.69199856
1.692629999
1.692494636
1.691917325
1.691982372
1.692013102
1.692147574
1.692415068
1.692266863
1.692239637
1.692043622
1.692041012
1.691838992
1.691915024
1.691761987
1.715038091
1.696174509
1.696208522
1.691497618
1.728661952
1.734600039
1.691005345
1.691216718
1.690869025
1.690953885
1.690908868
1.690963839
1.690905003
1.690874531
1.70364574
1.708334442
1.730360381
1.739849819
1.739576569
1.736482476
1.734706282
1.713568709
1.73163694
1.725432006
1.725104372
1.722933687
1.718509144
1.692588146
1.692576922
1.692234235
1.699288654
1.699957296
1.693011785
1.696836474
1.694122966
1.692916081
1.692591334
1.692929381
1.692458054
1.693071274
1.692935177
1.692804327
1.692617579
1.703260325
1.70049469
1.702188657
1.702665702
1.702662187
1.706479898
1.70121074
1.698944881
1.701687017
1.700941835
1.702065367
1.700032388
1.699247628
1.702396006
1.712990211
1.711398483
1.716088367
1.717062743
1.717480904
1.712242995
1.699132649
1.70412691
1.71880807
1.719236946
1.71950138
1.718187297
1.69108494
1.691568413
1.691470235
1.691111554
1.691143077
1.691210537
1.691272852
1.694121669
1.70137209
1.691332434
1.691388121
1.691442561
1.6911618
1.691072626
1.691168383
1.69180707
1.691845894
1.692802499
1.692633234
1.691979803
1.692235153
1.69243888
1.692000858
1.691833734
1.691958857
1.691867044
1.691797293
1.69172121
1.691732778
1.69173151
1.720633158
1.703959819
1.742704068
1.735860843
1.690823475
1.705917451
1.691963749
1.690841549
1.690836014
1.690942068
1.690885282
1.690982542
1.690876548
1.707725286
1.71225079
1.735262783
1.737649573
1.741964132
1.739466898
1.744168684
1.717087007
1.733661433
1.730786681
1.727614441
1.722410504
1.692254724
1.692299923
1.692217928
1.692293649
1.691987041
1.697409565
1.702954651
1.701117377
1.697864664
1.692638678
1.692619201
1.692255
1.697590837
1.69505533
1.69259578
1.70660585
1.704529499
1.705228893
1.706100247
1.70563215
1.710292304
1.704906047
1.705156414
1.704504916
1.705223904
1.704730236
1.704743049
1.704061813
1.7054641
1.706992023
1.71690601
1.715190436
1.721527783
1.721959486
1.721998831
1.712333729
1.724755885
1.724923343
1.723019355
1.718424896
1.691543493
1.695683103
1.691501092
1.691517284
1.691267357
1.691256588
1.691320029
1.691365235
1.691399491
1.704242631
1.70925859
1.691446847
1.691500053
1.691572764
1.691295688
1.691161257
1.691338782
1.692059229
1.69208369
1.692926646
1.692707103
1.692282972
1.692524042
1.691909823
1.692209503
1.692081972
1.691748431
1.691767519
1.691638702
1.69159674
1.691627972
1.691633865
1.691670416
1.691760928
1.691938932
1.720075867
1.724524897
1.745393802
1.738691929
1.696295844
1.710207725
1.69094058
1.700763763
1.690925567
1.691025323
1.691063303
1.746873845
1.711169549
1.715594513
1.736478182
1.741090542
1.73936095
1.743035542
1.733554908
1.719932364
1.730671845
1.72531891
1.691960216
1.692045131
1.694964664
1.69199171
1.691740827
1.691741983
1.700144788
1.704565599
1.701806215
1.707681315
1.695082567
1.693934743
1.697551821
1.70112502
1.699195699
1.697654119
1.71057083
1.708028292
1.709813466
1.708922969
1.71537373
1.708082017
1.708559061
1.708359482
1.707131738
1.708257344
1.709285126
1.708951844
1.720290578
1.720872792
1.725845784
1.72632821
1.725622168
1.71212813
1.728185219
1.717672262
1.727333789
1.72352922
1.691568541
1.69629016
1.691140455
1.691601997
1.691632635
1.697410263
1.702949195
1.691710105
1.691466138
1.691609082
1.691476717
1.691524197
1.691576464
1.707098736
1.691619904
1.691669253
1.691722193
1.691379604
1.691543766
1.691628228
1.692351313
1.692407783
1.693004926
1.692893507
1.692766755
1.692530952
1.692675706
1.692145377
1.692155138
1.692301774
1.692478292
1.691539634
1.691590285
1.691568761
1.691548537
1.691538272
1.691509101
1.691581353
1.691671793
1.691813388
1.692316073
1.692047343
1.731172647
1.748931142
1.743509818
1.714695277
1.706584361
1.691139761
1.691351623
1.691373339
1.74556053
1.750083423
1.751851929
1.714366084
1.718421369
1.738604007
1.736383929
1.740180106
1.731992895
1.722638147
1.727459528
1.698983945
1.691869964
1.695401824
1.692367601
1.70320796
1.704874792
1.708080094
1.702281354
1.700058791
1.703324352
1.704470697
1.702724941
1.711676783
1.714952736
1.710924412
1.71376536
1.712244897
1.721283387
1.711130483
1.711494247
1.712607417
1.712289896
1.710043728
1.710839991
1.725392055
1.728387482
1.729973897
1.730412204
1.73014815
1.71166418
1.731180451
1.718101723
1.723201525
1.728399982
1.695930179
1.69174457
1.697467664
1.702562959
1.691876666
1.691879151
1.691892794
1.691844821
1.692043394
1.691755345
1.691838764
1.691851018
1.704520209
1.691886942
1.691909471
1.69179048
1.691747663
1.692035233
1.691992707
1.692073053
1.692612274
1.692618629
1.693056804
1.692960688
1.692864317
1.692724056
1.692811133
1.692437329
1.692594089
1.692691303
1.692723008
1.691427804
1.691457336
1.691598324
1.691491031
1.691535254
1.691445811
1.69169438
1.691685651
1.691882202
1.692514727
1.692284435
1.692080118
1.733044562
1.747644537
1.716827045
1.724161219
1.712021213
1.705518277
1.692605009
1.742871105
1.749136791
1.755265764
1.754363487
1.718062308
1.721614295
1.737182034
1.734669948
1.729780691
1.72533314
1.70258586
1.698955292
1.695288884
1.694982643
1.706155899
1.706626559
1.708576552
1.706525341
1.705831133
1.708973776
1.707996698
1.711738815
1.71548961
1.718434015
1.713312279
1.716624067
1.718042097
1.727704333
1.714944806
1.718285461
1.716173702
1.713323305
1.713150131
1.73241922
1.736947537
1.735733281
1.733127283
1.734235612
1.710640668
1.732722745
1.717415574
1.723593741
1.728833285
1.69656147
1.698966989
1.698937552
1.693198703
1.692080721
1.692086356
1.698625527
1.692213976
1.692446944
1.692442914
1.69250774
1.692348046
1.692272492
1.692312053
1.704025282
1.692303955
1.695458155
1.692655021
1.692763083
1.69280457
1.693083586
1.692992087
1.692932911
1.692872676
1.692703114
1.692776723
1.692831172
1.69268455
1.692822272
1.694151537
1.692090044
1.69137855
1.691407715
1.691627971
1.691478266
1.691568586
1.691432559
1.691821448
1.691766773
1.691992167
1.692650119
1.692276353
1.692572784
1.692470445
1.692188668
1.734375763
1.746395086
1.728479972
1.720805011
1.712854821
1.739614944
1.755911069
1.74695254
1.754663416
1.759474034
1.722246695
1.725411259
1.732844486
1.728574579
1.736512782
1.702317497
1.697901438
1.70660949
1.696296602
1.711324584
1.709317807
1.711378318
1.713039554
1.713866897
1.718531838
1.715175834
1.715696961
1.722578299
1.722741096
1.733980142
1.720532784
1.724392861
1.71949598
1.718071341
1.741764182
1.743775384
1.742164482
1.737630129
1.734859274
1.710440821
1.732559301
1.717183634
1.727521233
1.722891532
1.710815425
1.729739417
1.693489015
1.692297222
1.692323809
1.723672926
1.6962464
1.699412255
1.692521397
1.707926444
1.699748065
1.705653697
1.692678122
1.694346358
1.692808074
1.69278625
1.703551448
1.692740251
1.718192774
1.707357221
1.692877701
1.692928312
1.693047572
1.693084047
1.693012482
1.692970211
1.69284947
1.692889129
1.692928908
1.69291015
1.6927929
1.692887964
1.692219557
1.69374685
1.691385026
1.69170738
1.691648855
1.691520559
1.691467072
1.691939655
1.691879958
1.6921284
1.692730467
1.69239354
1.692553624
1.69232646
1.741001094
1.751285151
1.737592579
1.730495685
1.7439732
1.761223233
1.753430074
1.762037784
1.726224303
1.730554265
1.733147444
1.740569592
1.710418743
1.699921027
1.704101948
1.695771786
1.714233367
1.713312362
1.717212411
1.715145123
1.718961693
1.71571352
1.722713598
1.716742338
1.719406602
1.728744105
1.742216846
1.7283442
1.725717775
1.725117404
1.751896914
1.757032052
1.742915768
1.73574993
1.731967781
1.708061876
1.726606055
1.716074496
1.721034202
1.692483992
1.692532575
1.737541875
1.73425427
1.694737837
1.697667897
1.692756097
1.719004113
1.718855619
1.718315018
1.692956773
1.712579101
1.695450524
1.704835467
1.699247167
1.700378445
1.693132465
1.732001804
1.693070043
1.721795456
1.6929607
1.692994147
1.693051344
1.693023126
1.69293419
1.692957458
1.692979986
1.692957073
1.693515224
1.692945759
1.692865247
1.692928816
1.692826203
1.692128013
1.691818026
1.691634947
1.692078361
1.692010917
1.692444848
1.692734141
1.692504929
1.693857608
1.764231837
1.757639293
1.748230613
1.756384026
1.743818867
1.750631876
1.767700462
1.768264001
1.760099776
1.731664206
1.738782286
1.74875185
1.707696792
1.711843769
1.697891921
1.700965234
1.694837363
1.718265636
1.718471369
1.719573842
1.716630234
1.723442599
1.719859364
1.728020886
1.718940634
1.724754647
1.745000574
1.73265757
1.734298708
1.732474793
1.731501768
1.750946438
1.763789114
1.739023293
1.726111292
1.734484243
1.70118619
1.708116852
1.719794215
1.71216813
1.692714115
1.723495726
1.747135042
1.746593511
1.697599516
1.696222617
1.69553074
1.694229162
1.731145414
1.731281915
1.699681661
1.716011788
1.709052943
1.706304661
1.699540973
1.700173464
1.745038191
1.693045836
1.734009209
1.692998568
1.693015354
1.693031092
1.692960355
1.692968804
1.692979202
1.692986183
1.692959541
1.693538114
1.692957346
1.692910409
1.692947366
1.69438754
1.692781517
1.692925493
1.693352478
1.695280454
1.695103849
1.769311195
1.763972051
1.754544188
1.759996983
1.774314215
1.770523003
1.739254313
1.76002184
1.749962111
1.694897367
1.705101204
1.70858175
1.699211623
1.696494733
1.711744668
1.721982171
1.724010173
1.717293472
1.733487317
1.734813102
1.725872008
1.694755427
1.72237358
1.746867565
1.738109338
1.738832325
1.737631219
1.751681818
1.765842866
1.733642209
1.722797339
1.702025239
1.702778507
1.710965452
1.725484768
1.759875434
1.759064257
1.69976186
1.699201466
1.744415366
1.743961607
1.707234797
1.728405085
1.718465405
1.712819511
1.703576861
1.705086818
1.76056835
1.693006657
1.708594441
1.746171566
1.737939313
1.692992324
1.692996346
1.692953946
1.692929627
1.692925463
1.692961274
1.692955066
1.692941892
1.694355394
1.692953852
1.694212286
1.693731834
1.696145086
1.695073409
1.695373555
1.69737881
1.775177544
1.782812217
1.771299528
1.790239331
1.769151247
1.777662416
1.752245455
1.768652567
1.69586174
1.704807902
1.70144652
1.697564891
1.709903847
1.72224015
1.728403012
1.715414581
1.74859256
1.739740959
1.730241135
1.733280412
1.696001208
1.695921666
1.73018001
1.741859202
1.742218274
1.740377809
1.74719288
1.75328246
1.754619272
1.719105321
1.727069142
1.709799822
1.704805599
1.704095552
1.772958457
1.704635995
1.757924085
1.756565939
1.731688682
1.713340929
1.720884056
1.710593676
1.712073647
1.77527328
1.787574708
1.692950302
1.715800298
1.721168897
1.758900528
1.745584278
1.69293903
1.692889406
1.692884469
1.692872246
1.692902907
1.69285579
1.693262004
1.694196285
1.697071229
1.694207829
1.695722579
1.695494229
1.698106184
1.69930901
1.698598481
1.803392064
1.79480695
1.806645659
1.793875111
1.778055349
1.777889647
1.76496198
1.696831498
1.703634476
1.699063264
1.709536364
1.719254225
1.704118399
1.750386112
1.720632653
1.740068246
1.733478654
1.697307157
1.697650975
1.69980909
1.742096092
1.756503444
1.735767614
1.741179024
1.751734479
1.735378637
1.737998861
1.716693311
1.708895281
1.711832945
1.704892585
1.731435326
1.770273597
1.721200575
1.720302539
1.792132961
1.809368071
1.692859488
1.73064838
1.740092499
1.782344918
1.771987522
1.75861051
1.692834093
1.69278393
1.692774801
1.692941153
1.692811787
1.695287762
1.694810707
1.695740221
1.700888474
1.695802017
1.701308525
1.697140012
1.699894629
1.830605218
1.827092935
1.807640699
1.790133338
1.774885574
1.697904824
1.699594733
1.698729344
1.700520594
1.710227073
1.713652236
1.705461063
1.764754362
1.719472032
1.740889206
1.729546349
1.699585156
1.70299425
1.702652922
1.780057912
1.760514317
1.733444772
1.760380016
1.72686524
1.728042414
1.716707253
1.709793057
1.709202746
1.717517325
1.817354973
1.692724837
1.740747237
1.753718864
1.793894556
1.778389975
1.839454249
1.69269447
1.693195337
1.693193221
1.696958413
1.694089943
1.69650864
1.696409661
1.703249592
1.697194033
1.700689172
1.698741732
1.697981726
1.858700685
1.846837358
1.832224651
1.814438255
1.789862046
1.700388627
1.699053214
1.702628735
1.701471545
1.70179424
1.780124336
1.714691502
1.710035648
1.706388825
1.718555719
1.747249088
1.727080853
1.705703764
1.705226884
1.709075677
1.803400804
1.779372306
1.776671881
1.815374769
1.733623445
1.720627501
1.73148339
1.714423153
1.717408732
1.729424777
1.835388508
1.846169295
1.815659225
1.69262758
1.758952482
1.773391851
1.795385397
1.847368326
1.694721167
1.695760986
1.696463912
1.698247533
1.697065216
1.697808422
1.700582713
1.69877244
1.699071206
1.699412313
1.87913477
1.871961594
1.852085617
1.853992066
1.818555229
1.7024499
1.705420829
1.703503623
1.703684429
1.769213554
1.712021951
1.706961562
1.722506894
1.707240285
1.704343675
1.701705127
1.708421725
1.712849335
1.821510871
1.771068485
1.854447455
1.733001547
1.727066605
1.746299761
1.728212233
1.749169786
1.846139397
1.831253305
1.868560363
1.829568361
1.842649
1.817165799
1.780926565
1.695504971
1.78309942
1.805345371
1.843203321
1.697486631
1.69841335
1.699255126
1.699877332
1.700845802
1.699500686
1.701161514
1.700361974
1.884981477
1.883702299
1.875938361
1.860260321
1.804373737
1.706442908
1.7108751
1.710372788
1.707842795
1.710912094
1.724047184
1.712238848
1.703696719
1.702340222
1.705573203
1.70962744
1.714720987
1.713553514
1.789616675
1.743988896
1.824063347
1.778459561
1.800182923
1.766804789
1.775717889
1.803323163
1.813630862
1.826674998
1.825261089
1.801935088
1.831185601
1.892033277
1.878357544
1.832059704
1.862361554
1.697689721
1.826381279
1.885518814
1.700053086
1.701345468
1.702969747
1.701280459
1.702519259
1.921324802
1.879445053
1.806448415
1.737675233
1.714601408
1.714238492
1.716348375
1.719487037
1.702885451
1.703724015
1.704660977
1.707109928
1.711124156
1.716636811
1.779679578
1.832755811
1.782410241
1.835717405
1.787858819
1.851521375
1.825999832
1.84138922
1.804215652
1.832999183
1.829987543
1.850917745
1.870369915
1.92346378
1.970018796
1.938754289
1.909056394
1.946486439
1.862004796
1.816017831
1.699612521
1.898698445
1.917716032
1.701222954
1.704217546
1.70567039
1.704765313
1.896227049
1.810588894
1.768791453
1.74127371
1.715179638
1.715445482
1.719265443
1.705125415
1.706216547
1.707346596
1.710351367
1.714370835
1.714026052
1.71777519
1.84375106
1.871502842
1.850016653
1.837407274
1.902417318
1.912832707
1.900963679
1.855311206
1.80522502
1.811623043
1.855072006
1.917420804
1.881614679
1.870188579
1.906600299
1.907229396
1.880726964
1.841772447
1.947892774
1.948893904
1.703260406
1.70639523
1.709079417
1.708877317
1.822802982
1.758979637
1.739563466
1.723018175
1.718868707
1.70862528
1.709486542
1.710538407
1.715013226
1.719609029
1.722564597
1.906355314
1.911871964
1.939579336
1.890919288
1.902212106
1.934026104
1.973093749
1.929018287
1.832503261
1.826000633
1.932726999
1.822516168
1.922749543
1.942737335
1.903267995
1.907966318
1.910262746
1.90648305
1.812626332
1.948119828
1.814336528
1.705876798
1.709467406
1.713978436
1.753928689
1.737569708
1.735469679
1.731162796
1.71486399
1.71365377
1.719554496
1.728728612
1.9814524
1.95502451
1.937083452
1.905291737
1.901080257
1.939947197
1.963901072
1.952491158
1.890285559
1.862852722
1.95614507
1.849901164
1.948521783
1.911886772
1.835764281
1.883589239
1.930001792
1.840067616
1.763514028
1.834289578
1.709209983
1.712815965
1.714049303
1.718226655
1.762257506
1.767638403
1.756984247
1.740569814
1.721097939
1.720875084
1.723915335
1.726375561
1.959189073
1.988693027
1.906915415
1.898467619
1.921734714
1.923257054
2.009108485
1.908343024
1.985777154
1.99199467
1.89261057
1.892818422
1.910888448
1.836035181
1.846109997
1.906347573
1.782184271
1.79686564
1.814131271
1.71391604
1.716738873
1.723567341
1.784637828
1.75441594
1.733488619
1.731461908
1.728014179
1.917773976
1.947414722
1.925528721
1.910914508
1.921169072
1.842987843
1.988654179
1.954986677
1.989987287
1.901222515
1.889666352
1.899700723
1.892427245
1.866339914
1.901630765
1.781965083
1.788545362
1.77553315
1.720498824
1.724649518
1.734948212
1.744676699
1.745691902
1.749914842
1.738218656
1.935959439
1.956475599
1.956671946
1.922393009
1.857520173
1.788172155
1.9638289
1.989610298
1.942246441
1.954204815
1.928309275
1.885672977
1.899122474
1.919602712
1.921752554
1.934837128
1.759853381
1.762591418
1.726606887
1.73309198
1.744233515
1.744356819
1.76472239
1.77857419
1.767572177
1.950100431
1.943782262
1.961929409
1.932770027
1.825048929
1.793096342
1.970858126
1.964318552
1.930536568
1.933706003
1.929969516
1.941459799
1.95287466
1.934138042
1.939821478
1.946688281
1.752409619
1.740057058
1.762649272
1.77276685
1.771666706
1.78593093
1.793788613
1.768175334
1.977694004
1.967650491
1.975135292
1.888949227
1.818198007
1.960423523
1.941794184
1.936838091
1.94773861
1.947928056
1.930198083
1.967980533
1.970902964
1.795550379
1.776919738
1.746483983
1.77294826
1.794368042
1.781927313
1.781379469
1.961754083
1.97942461
1.845922622
1.905374665
1.963754049
1.962114927
1.973847939
1.974845553
1.984518317
1.977839409
1.947566176
1.793885183
1.794510598
1.749480596
1.767301797
1.774600618
1.823053824
1.974746957
1.974694503
1.821994108
1.909368159
1.98440743
1.972496233
1.959604312
1.97203461
1.971605465
1.955238156
1.939497355
1.78012168
1.763939453
1.767919172
1.854828076
1.777239043
1.988884645
1.946362821
1.871305022
1.976977069
1.946275362
1.940225654
1.947159355
1.940130704
1.933550975
1.764975316
1.797435882
1.856110032
1.76577247
1.780416154
1.965976362
1.939279513
1.946754495
1.918001966
1.938326615
1.926373661
1.927745593
1.78307383
1.893513742
1.788783631
1.759266004
1.956759895
1.933808767
1.907575657
1.918292493
1.916994983
1.914161614
1.752766219
1.820793351
1.765959855
1.981306311
1.91408942
1.901067347
1.902859406
1.882464055
1.770526812
1.762255283
1.818767959
1.873164975
1.937479553
1.905268824
1.907367102
1.821486034
1.803121589
1.846698375
1.857212512
1.893531301
1.899874923
1.893350826
1.857450901
1.853870671
1.849283426
1.85811089
1.9564741
1.917216919
1.86680527
1.852089224
1.91444137
