1.899432794
1.893517751
1.923716654
1.909022902
1.885706435
1.883043129
1.925945878
1.913307784
1.893517741
1.929326243
1.886645636
1.939175005
1.887366038
1.883361343
1.906539502
1.927724288
1.882457149
1.928377568
1.923112146
1.906232138
1.892937533
1.931108104
1.93034479
1.939818675
1.947624238
1.932283336
1.890080528
1.88871364
1.884135386
1.886756802
1.900483986
1.925235472
1.891255019
1.934857761
1.93199228
1.920401302
1.928157463
1.906479809
1.93145892
1.9322956
1.934025323
1.937717028
1.942121061
1.863412725
1.871822139
1.887343135
1.894431702
1.865934929
1.901740024
1.903598596
1.916364555
1.933568454
1.936944345
1.938161875
1.933629717
1.946274205
1.935705431
1.939369059
1.944534472
1.948438388
1.953413251
1.961925605
1.957277135
1.834253867
1.837433348
1.869771528
1.876547542
1.894656145
1.910542175
1.846821272
1.927564692
1.947219873
1.938468848
1.940713864
1.945049445
1.94997549
1.957902733
1.945673337
1.949619405
1.949751681
1.95071943
1.955788361
1.964543683
1.959148586
1.968746471
1.972787493
1.815990222
1.810328469
1.828221447
1.857576107
1.887340165
1.913507016
1.93687965
1.831757228
1.961974482
1.948268836
1.944076358
1.949233435
1.951348827
1.957288393
1.960479281
1.968452484
1.954873458
1.955432192
1.957862641
1.962628365
1.966953646
1.972400523
1.973305171
1.971782729
1.975663011
1.977570465
1.982672485
1.804600928
1.795912032
1.80072844
1.869559638
1.844318865
1.901670243
1.92901136
1.965068978
1.823194809
1.953173203
1.959216018
1.955055923
1.958336797
1.962285972
1.968703971
1.973831893
1.969201153
1.964461442
1.968509684
1.976356026
1.979237048
1.98645195
1.983114325
1.98069022
1.981120617
1.981886047
1.98417834
1.982729655
1.978832985
1.928942844
1.967452759
1.96057425
1.79992255
1.790078006
1.78855086
1.851013087
1.882487684
1.826564509
1.914724891
1.953555639
1.809725231
1.964305713
1.965041848
1.971162553
1.967513692
1.973585037
1.97306186
1.978753669
1.980965035
1.97260262
1.961278669
1.976635901
1.983545305
1.991869883
1.993382947
1.992645204
1.992647818
1.987449014
1.986364077
1.983962049
1.973171324
1.965100479
1.912346865
1.931725178
1.946655029
1.960629025
1.955282399
1.908568754
1.794482207
1.792087914
1.787449746
1.872412523
1.840233723
1.897440332
1.816005466
1.932540659
1.801798319
1.978046754
1.976910844
1.975735771
1.981711373
1.980234074
1.981301085
1.983603917
1.982140161
1.975080631
1.952507283
1.934069322
1.98769122
1.992088743
1.993935091
1.99469272
1.992038002
1.989512635
1.985101301
1.980672581
1.97227598
1.963222553
1.957076045
1.905766722
1.917413621
1.951507919
1.939428091
1.954350929
1.910559202
1.919158121
1.925570117
1.794003537
1.794146272
1.797403374
1.875819421
1.854251653
1.826635323
1.906412233
1.805727368
1.796535967
1.988362518
1.986092134
1.986289098
1.981915879
1.989444453
1.989313949
1.991879717
1.962900701
1.943356108
1.91556093
1.899415146
1.990761076
1.988122554
1.98785303
1.981189763
1.977828467
1.974447397
1.969133539
1.967900615
1.960608471
1.954670701
1.9519651
1.908673096
1.903627374
1.926033108
1.94959181
1.941944244
1.9121791
1.922150413
1.923137712
1.925037392
1.79464492
1.798119577
1.926792448
1.798355864
1.880953165
1.861709586
1.839721346
1.815894701
1.801190246
1.794740458
1.995698164
1.99607161
1.995057163
1.989162772
1.962823564
1.99474079
1.992092132
1.98673622
1.928215333
1.908689101
1.883423659
1.871951693
1.980666169
1.980284575
1.97369986
1.968924226
1.965533178
1.961271087
1.958222018
1.952037006
1.949806124
1.946951924
1.901880185
1.914347985
1.90105368
1.931332484
1.93955902
1.913226862
1.919520573
1.934459044
1.794017462
1.80373321
1.80181379
1.93334521
1.803993985
1.86269364
1.846089628
1.827611944
1.80784867
1.796820741
1.792836472
1.997617393
1.999103021
1.989460893
1.995073667
1.972722178
1.926151731
1.989992097
1.984200643
1.975548389
1.883855355
1.858336133
1.84955296
1.972376615
1.968236136
1.963960985
1.960990386
1.956917152
1.954481774
1.94966776
1.948934329
1.946836368
1.906219986
1.894445202
1.920748751
1.898863733
1.933144928
1.937310412
1.908339335
1.926198497
1.948189376
1.949621953
1.791632131
1.802247583
1.948677741
1.952098419
1.943142644
1.80062453
1.842285019
1.827882458
1.814457812
1.801358335
1.796431979
1.79148957
1.988028603
1.995313469
1.992529374
1.967682588
1.989176095
1.939354034
1.891747232
1.98360634
1.975661826
1.970240061
1.857199026
1.833931802
1.828189479
1.96828014
1.96255158
1.960270189
1.955406476
1.94934466
1.946839925
1.943331529
1.923984342
1.90197774
1.888603892
1.893734829
1.932936385
1.934935094
1.923366744
1.94264283
1.954717886
1.790965703
1.796546154
1.951730901
1.945087105
1.934279674
1.934165183
1.94072728
1.934470141
1.790301529
1.823820504
1.813211802
1.806619453
1.799673245
1.795046645
1.789955339
1.991363488
1.961247529
1.994192733
1.988464363
1.92997463
1.982678498
1.9032126
1.856275442
1.981326911
1.976756956
1.978002092
1.833260238
1.816555331
1.812557331
1.974205835
1.975063623
1.967940341
1.956762811
1.95258116
1.944425078
1.931375543
1.911871213
1.887946473
1.882752258
1.901377198
1.934299765
1.939946426
1.926792521
1.944627996
1.942211304
1.78730021
1.788103997
1.936203016
1.930896299
1.934767389
1.944915372
1.943493565
1.930607426
1.780623736
1.809390568
1.804940124
1.79778386
1.7950527
1.79166264
1.994772685
1.977257633
1.925683895
1.990434014
1.985014669
1.886971008
1.987244013
1.862211522
1.829418478
1.985938655
1.989355167
1.989859653
1.814938024
1.807693784
1.803818723
1.995779724
1.985985658
1.973788567
1.963900564
1.957894357
1.91440823
1.934069805
1.892663229
1.875791581
1.880897408
1.9014455
1.935850377
1.957129631
1.922309664
1.928224012
1.923209215
1.788311211
1.786902089
1.916425749
1.932481341
1.954653253
1.949685148
1.910808082
1.774064149
1.803772688
1.803632086
1.80113772
1.799070198
1.795408874
1.983004077
1.988143268
1.942559904
1.891374161
1.986383321
1.989295315
1.853537897
1.991446911
1.832075218
1.807653118
1.993499135
1.995656567
2.007504499
1.798213364
1.795862486
1.798568275
2.00561603
1.998240394
1.982237908
1.983338295
1.894835624
1.92845167
1.874035988
1.867972383
1.87911294
1.905288351
1.958369265
1.979110423
1.916410543
1.911540518
1.922902513
1.783016052
1.792454424
1.912438744
1.949692412
1.963124248
1.895461833
1.909976109
1.775800671
1.788849036
1.770876072
1.800532364
1.802104226
1.802353052
1.797951385
1.799760346
1.955962262
1.973663465
1.980813991
1.909540272
1.86128619
1.981587506
1.981542499
1.83263236
1.822938696
1.980697719
1.805396081
1.989003478
2.000234538
2.0104692
1.784190643
1.782962294
1.788750989
2.013933023
2.002148703
2.000025343
1.874740825
1.94703212
1.858935531
1.862982378
1.886026784
1.908664573
1.979836939
1.999473043
1.905412039
1.904597231
1.931742595
1.784340037
1.9152893
1.952773388
1.887007759
1.9212875
1.772541319
1.786018557
1.777088848
1.853968659
1.766280304
1.795334816
1.797820459
1.797175492
1.796496001
1.788346637
1.915486216
1.949572388
1.970048928
1.974537212
1.872206701
1.8358941
1.971389578
1.968036828
1.810106429
1.800278109
1.972917747
1.97989936
2.002965323
1.987938931
2.00975226
1.774391185
1.775198106
1.785706885
2.007101939
2.004552101
1.868126875
1.855728808
1.970008277
1.873712879
1.901310414
1.907501658
1.994991652
2.005542201
1.900136572
1.909165348
1.931709309
1.774778179
1.916595851
1.894017256
1.942073359
1.767547901
1.776157212
1.785641022
1.770607507
1.852532189
1.866868167
1.759220481
1.791867809
1.792689831
1.789408356
1.785396138
1.776158623
1.916031967
1.881797124
1.948094851
1.965723923
1.965254692
1.843401588
1.812889835
1.962716033
1.963492347
1.794827242
1.96830066
1.977053679
1.99727215
1.989461292
2.003242528
1.768075418
1.779709074
1.768627336
2.01003116
1.874461093
1.855253285
1.976563276
1.894189131
1.899201535
1.895488964
1.994415867
2.0098672
1.913106017
1.920004698
1.763545544
1.768011178
1.907828062
1.944331423
1.772833183
1.779669538
1.788290318
1.767817511
1.849741682
1.860159869
1.881290203
1.754721183
1.74960257
1.789430737
1.787316107
1.778883172
1.771278848
1.764327922
1.925635523
1.888252616
1.855544656
1.943720749
1.961097163
1.960279742
1.824254421
1.801193448
1.956751358
1.958771716
1.963390112
1.972539639
1.980712683
1.998590047
1.764660366
1.773589821
1.763246209
2.007780789
1.880585437
1.859275614
1.969561894
1.890812465
1.885895753
1.901330467
1.990646559
2.003718683
1.9170487
1.755939904
1.914886788
1.940363108
1.775512018
1.78161353
1.790055516
1.801158792
1.769106599
1.849505389
1.847392755
1.863313028
1.877732623
1.743270557
1.739020901
1.783403872
1.772956396
1.764746908
1.757428425
1.754151773
1.909144165
1.928635404
1.87361464
1.840598534
1.933538682
1.941180226
1.942448484
1.949034476
1.812525683
1.94965912
1.949740046
1.956622301
1.964308591
1.990608859
1.764378701
1.764276567
1.761117679
1.991861424
1.861772424
1.892657691
1.964781483
1.87461814
1.880436852
1.896574397
1.986127281
1.990534497
1.747067326
1.928210394
1.944994921
1.792106648
1.781857532
1.798439063
1.802366487
1.807661662
1.77340764
1.84240665
1.851098697
1.851776227
1.864168217
1.868895856
1.784927747
1.858927148
1.738324929
1.733933001
1.730867551
1.7664702
1.758666529
1.749600036
1.747295801
1.746070424
1.92271172
1.895129934
1.931093936
1.858751411
1.829825073
1.931116228
1.931236372
1.93445595
1.942407439
1.943895589
1.944411183
1.948865626
1.969651437
1.766552762
1.75752411
1.763249759
1.975307766
1.870320085
1.89944131
1.967431885
1.863317898
1.873199412
1.979134594
1.981613058
1.9293901
1.947398238
1.801608007
1.794826488
1.80524536
1.807073546
1.812620223
1.825303655
1.774849169
1.841990617
1.841125109
1.850499895
1.858416035
1.855617469
1.78271489
1.77396207
1.848349441
1.854449942
1.730894984
1.736305182
1.727196276
1.725019897
1.752962917
1.746484365
1.741250562
1.740777526
1.740514354
1.914110496
1.928187612
1.878692632
1.931822524
1.844566324
1.932905506
1.930434534
1.931570516
1.933217924
1.93978583
1.939418968
1.95156357
1.767481669
1.755760059
1.764044619
1.95977928
1.879295179
1.904144735
1.963387554
1.858178231
1.979362946
1.972538027
1.917721496
1.940823424
1.799718916
1.78725535
1.805832916
1.806606713
1.817901445
1.834935485
1.768600983
1.839390538
1.849133623
1.840490657
1.844016589
1.864974131
1.769618187
1.767102516
1.759162442
1.850085531
1.843765035
1.853578783
1.728895895
1.726085394
1.732153578
1.722610918
1.721075101
1.747034828
1.741418637
1.735574234
1.733476348
1.898338068
1.927045134
1.939239462
1.863569858
1.94383017
1.938817919
1.932064697
1.928534754
1.928711782
1.935591372
1.939798195
1.932488276
1.763208531
1.751797063
1.755478739
1.948948043
1.877011166
1.884980042
1.889516673
1.967120275
1.854663922
1.971938784
1.950612819
1.907922149
1.938008131
1.778937638
1.787825947
1.793700755
1.811463082
1.831698456
1.856832337
1.756740156
1.844441166
1.835384186
1.856479194
1.836619744
1.757295536
1.764774651
1.754102563
1.747407403
1.851571165
1.84287995
1.724345844
1.724829748
1.722620824
1.726781903
1.719286192
1.717905684
1.744349462
1.73624831
1.729639498
1.923106773
1.888776632
1.948088657
1.951920455
1.943639763
1.936420192
1.927816008
1.926050713
1.926348635
1.930091432
1.752853284
1.747164853
1.744521979
1.931740336
1.863706396
1.874268198
1.868891803
1.877115968
1.944517605
1.859629022
1.947556276
1.931809643
1.897121202
1.916267837
1.77424178
1.783508239
1.80166799
1.822734341
1.845544286
1.876098248
1.747901775
1.852272068
1.837582958
1.83749364
1.751674783
1.759324479
1.769180878
1.746740508
1.739539996
1.857385314
1.850107468
1.843046645
1.721303626
1.71907651
1.719670383
1.719642861
1.723937677
1.715026799
1.7163674
1.737457115
1.730185582
1.911138415
1.949081641
1.965744371
1.958901416
1.948394507
1.93585198
1.928218251
1.923571212
1.922770873
1.741276799
1.737087825
1.734807927
1.919260905
1.854628389
1.862529592
1.851998026
1.850352371
1.864078925
1.900106852
1.919087941
1.866387969
1.92370824
1.912957138
1.881077412
1.781248271
1.801651672
1.831460853
1.866361766
1.910100382
1.737358823
1.843392522
1.838510506
1.759509848
1.750226662
1.770595383
1.781744868
1.740915776
1.733584053
1.861994652
1.851356874
1.843610054
1.717685186
1.718453575
1.716467039
1.715429256
1.715284124
1.724208365
1.712730756
1.709787565
1.712182643
1.715388046
1.719042138
1.714105219
1.71282533
1.71356355
1.728654066
1.949193233
1.966397118
1.966931925
1.957405695
1.945829092
1.935913834
1.928369728
1.918842707
1.73294969
1.729196768
1.728216321
1.907619509
1.84169304
1.84305287
1.831228521
1.834996982
1.851705772
1.878713273
1.867656851
1.896023662
1.865156497
1.895090768
1.891505411
1.799277974
1.826658959
1.864832056
1.908447808
1.944107343
1.730436934
1.844400325
1.756618732
1.769424335
1.741741623
1.783927485
1.795555047
1.733674455
1.728889847
1.85795056
1.850196749
1.846245721
1.714866081
1.715162732
1.713301647
1.722266577
1.711450118
1.710539815
1.708916844
1.70889254
1.707796297
1.71116478
1.712277826
1.718349678
1.714657164
1.711999921
1.712243949
1.710863061
1.710287255
1.723197632
1.960352905
1.960297665
1.948739158
1.940446194
1.934055428
1.929002881
1.921505518
1.72766203
1.725235946
1.723774001
1.912670773
1.892881895
1.835444552
1.847354535
1.824635025
1.817509551
1.824873219
1.847663121
1.8496785
1.861136599
1.873144794
1.856422565
1.866257874
1.864877474
1.818783697
1.856086523
1.893566179
1.923597896
1.942265632
1.726103757
1.743634254
1.760659651
1.775689138
1.733848281
1.791380541
1.815342981
1.72755243
1.725177802
1.853295068
1.849499384
1.850540632
1.712480644
1.709616325
1.706867291
1.70777064
1.707526553
1.706161427
1.851022174
1.834270512
1.716024119
1.789673486
1.710169074
1.720713166
1.711646068
1.713609931
1.709507089
1.710528882
1.708797917
1.70810969
1.723042334
1.950845053
1.940995736
1.926475362
1.919470372
1.913173807
1.918110472
1.721558109
1.719780636
1.899453167
1.875230726
1.835975765
1.847929163
1.815217195
1.807455449
1.81446672
1.830707369
1.84037217
1.850702933
1.851234539
1.845289925
1.847231844
1.845686938
1.87546015
1.910867896
1.930503074
1.930083011
1.721495283
1.734053276
1.749609526
1.769866148
1.727488851
1.811786182
1.841589398
1.721886524
1.717880641
1.85144742
1.852297755
1.708157277
1.705024475
1.705696512
1.705976838
1.706691601
1.706412785
1.704935038
1.848670448
1.814661478
1.815297792
1.718576607
1.716298384
1.809275095
1.787149623
1.715458449
1.703549171
1.70413904
1.709577138
1.718390465
1.711766227
1.714623929
1.707312956
1.708398547
1.706567057
1.705532372
1.929568106
1.921220762
1.907543928
1.894884064
1.895110673
1.7150004
1.714267476
1.87217713
1.849944359
1.827407513
1.84370743
1.805580265
1.789511002
1.801166387
1.800766821
1.818613416
1.827794025
1.846613355
1.820976787
1.822184151
1.874509539
1.902939543
1.917492521
1.920756732
1.909885147
1.728094736
1.740704797
1.758621663
1.722516713
1.833145219
1.85856645
1.717360728
1.713800433
1.852014259
1.848930213
1.70759138
1.703779439
1.703909453
1.704319381
1.704938307
1.705774417
1.843006306
1.79291709
1.793413655
1.715444141
1.827918931
1.803488882
1.777268516
1.711946757
1.702130565
1.70257917
1.705643105
1.703775164
1.703370385
1.712290976
1.77323517
1.733526094
1.70979138
1.711591561
1.712259675
1.71036754
1.705186489
1.703900932
1.702576473
1.702932103
1.905898641
1.899924114
1.881978609
1.871246318
1.710630466
1.847811935
1.826500106
1.809417543
1.832729778
1.788864279
1.775860893
1.782616805
1.779817107
1.795320315
1.801560241
1.836285815
1.794753132
1.795491732
1.877758266
1.892480228
1.893383078
1.900708247
1.897040034
1.887447809
1.724501209
1.747979254
1.71948532
1.854613959
1.715320619
1.711817111
1.844963499
1.835870339
1.707728039
1.701969853
1.701792778
1.702196907
1.835695927
1.771429209
1.841879387
1.812594175
1.789123859
1.765254317
1.710126808
1.701001522
1.700808082
1.701998719
1.707924011
1.705959437
1.703844677
1.701470766
1.708878572
1.762064402
1.755468305
1.729007087
1.736650851
1.701076931
1.71833337
1.700478065
1.710257619
1.708345634
1.708318589
1.706936082
1.701669759
1.702733055
1.701765289
1.701399409
1.701452135
1.880044768
1.86352401
1.854753245
1.708747082
1.827948669
1.803896418
1.813808411
1.796351646
1.776269344
1.762814036
1.769123324
1.769885372
1.777116966
1.823632705
1.76952291
1.775671285
1.875116087
1.863439625
1.871996939
1.876181716
1.881454134
1.879500946
1.862456626
1.724367375
1.744073454
1.713660493
1.710448727
1.828356509
1.815526399
1.700918311
1.701050417
1.701154436
1.701320488
1.822355073
1.751765712
1.845081478
1.819862647
1.794941284
1.774902465
1.757164213
1.700630044
1.700731533
1.701830973
1.708171224
1.706145058
1.703913727
1.70671316
1.747548555
1.758126205
1.741501176
1.731925258
1.716769781
1.720631331
1.70045807
1.700521649
1.700400976
1.70091203
1.706047131
1.706300397
1.707518921
1.705155538
1.70532155
1.701564016
1.701328153
1.701469988
1.701126907
1.701194257
1.842387356
1.83560738
1.709337929
1.810939891
1.7910027
1.778031082
1.799954941
1.78194326
1.762796518
1.751548088
1.748549368
1.755896452
1.802342232
1.749643512
1.756315098
1.852584948
1.857398033
1.85382987
1.862150426
1.869029551
1.851666119
1.726029306
1.741341904
1.71271218
1.811885974
1.801256111
1.700789838
1.700905382
1.802083409
1.736976788
1.841664829
1.820837882
1.800823036
1.783540199
1.76541354
1.752556892
1.70058202
1.700640667
1.701598085
1.704935514
1.703354931
1.706391422
1.737188235
1.742870276
1.746622855
1.731666718
1.732643859
1.71675691
1.721236061
1.70044108
1.700483058
1.700418127
1.700409077
1.703700524
1.701880613
1.705132885
1.703432514
1.708485598
1.703910986
1.701172553
1.70103546
1.701219817
1.700954513
1.817765999
1.825768741
1.711515981
1.795596111
1.779098857
1.762295033
1.784141213
1.765554835
1.752454313
1.745654839
1.737932138
1.733248532
1.777786665
1.735132756
1.72970326
1.742557334
1.835401127
1.835451663
1.838652942
1.848101526
1.844201758
1.726221616
1.732429612
1.740628595
1.748719521
1.715511027
1.790789426
1.783506079
1.700700804
1.700767932
1.779651727
1.727057952
1.820014168
1.803698329
1.790128692
1.772077253
1.757778564
1.700527153
1.700570634
1.700608486
1.70045262
1.702501293
1.701345753
1.707286604
1.739034769
1.733701424
1.742309073
1.727470128
1.720605527
1.700439311
1.700464911
1.700452973
1.700452823
1.701807916
1.701848343
1.700564735
1.703693824
1.705460793
1.706557262
1.700795379
1.701007344
1.708619757
1.746067853
1.702288916
1.711042876
1.701014877
1.700824115
1.700862939
1.701059853
1.803688486
1.820844218
1.715238336
1.781502389
1.768184778
1.750480188
1.76680084
1.756003998
1.747747703
1.746729971
1.724105792
1.758677789
1.756962655
1.726868757
1.722316583
1.732693516
1.815000808
1.817614047
1.815756745
1.820829935
1.829663665
1.725583954
1.732200387
1.740522112
1.74572434
1.751251897
1.719582525
1.76684168
1.766756009
1.700621011
1.700664433
1.722411097
1.805367175
1.799925651
1.792139891
1.776473703
1.759728829
1.700489876
1.70052788
1.700548291
1.700526689
1.70072801
1.700698436
1.750256089
1.735126658
1.726807347
1.700460085
1.700470806
1.700505031
1.70051469
1.700956194
1.70111515
1.700674984
1.702420562
1.704120863
1.710711334
1.70742267
1.700906369
1.700883966
1.713941096
1.746365569
1.760596039
1.700935986
1.745142086
1.802625767
1.700597959
1.720099582
1.757765694
1.701147668
1.809735266
1.712727794
1.74055455
1.701334748
1.717492726
1.700855503
1.700713171
1.700755128
1.790686433
1.809455798
1.722019536
1.768328874
1.756733155
1.757332665
1.751242548
1.748251985
1.755804236
1.718729064
1.753334668
1.744746403
1.721063621
1.718554888
1.725593178
1.803329542
1.797318751
1.792023724
1.725884139
1.731491769
1.737543274
1.742734033
1.748456635
1.757439455
1.700544857
1.70059287
1.722262042
1.792131262
1.786909973
1.777837721
1.762984139
1.700479964
1.700646978
1.700860034
1.700827817
1.731926924
1.700493636
1.700579181
1.701070327
1.7007905
1.70220368
1.70489701
1.716613931
1.708878518
1.701029131
1.719647403
1.746717541
1.735124315
1.763798405
1.700826095
1.737671014
1.700670117
1.716026645
1.716726288
1.71571435
1.756086969
1.70129721
1.701231011
1.793900859
1.797106861
1.713939576
1.717694029
1.732993042
1.744981541
1.733229509
1.700746813
1.70282103
1.781106238
1.792328754
1.701420813
1.701533572
1.723970565
1.700706924
1.700626169
1.700650652
1.782193301
1.729099534
1.752605687
1.769297767
1.760115523
1.751634873
1.749214232
1.750808402
1.719782301
1.716013443
1.748383434
1.74378909
1.736733176
1.715399511
1.726267514
1.718830898
1.786414767
1.78471783
1.781006984
1.781513145
1.732573127
1.737478422
1.734354891
1.741705807
1.752141966
1.700494895
1.700509533
1.700529983
1.727057922
1.781374773
1.775079593
1.764668053
1.700496001
1.700764607
1.70098448
1.700940021
1.700575032
1.700704992
1.701183798
1.700888962
1.705608856
1.721856756
1.70943487
1.70113577
1.747346555
1.736685782
1.751487836
1.759079074
1.700729712
1.712923482
1.712665434
1.712102702
1.711597038
1.752372002
1.701362033
1.701313875
1.782264716
1.781855663
1.716867905
1.712009741
1.713796784
1.719585599
1.735519548
1.742425394
1.731808021
1.730176067
1.70276714
1.770117183
1.773108932
1.78032463
1.751684364
1.765761999
1.714458314
1.770688162
1.701450346
1.701512854
1.701578711
1.725914834
1.700616838
1.700584397
1.700548342
1.76867669
1.728454835
1.741437033
1.758277171
1.745810093
1.746847961
1.726949433
1.719104901
1.714354091
1.742129502
1.736984321
1.721237914
1.731378834
1.71389304
1.777970222
1.774866285
1.768319991
1.770782885
1.729768456
1.736424306
1.732281941
1.744091592
1.753360976
1.700496081
1.700496173
1.700500391
1.76128615
1.700563723
1.700851271
1.70108607
1.70101497
1.700701496
1.701264451
1.706000321
1.721778362
1.709536266
1.701212546
1.739896684
1.744884084
1.733305202
1.747289348
1.753405923
1.700647003
1.712719692
1.708849107
1.709111794
1.708713829
1.710767526
1.746787834
1.701402811
1.70135572
1.769331896
1.769481525
1.716766094
1.71142811
1.711143745
1.731667773
1.728060711
1.727776474
1.70268344
1.76078864
1.759809001
1.773528654
1.746880364
1.759552596
1.712109463
1.768343222
1.759390671
1.715279263
1.750574049
1.700505753
1.754766942
1.706788904
1.700509996
1.701492909
1.701445226
1.701535046
1.701551456
1.701522237
1.723990469
1.700528588
1.700547614
1.700506932
1.756254755
1.725331665
1.738967436
1.73248421
1.737692997
1.741805753
1.727588665
1.723724706
1.717522429
1.726088942
1.714642121
1.719816924
1.709505232
1.768787529
1.767432212
1.760386953
1.758256912
1.727751393
1.731599907
1.738102991
1.74522937
1.750288431
1.70054374
1.70052583
1.700518514
1.700671691
1.700837047
1.701006502
1.701141394
1.701308321
1.705750785
1.721058825
1.718383305
1.70840359
1.701245662
1.73770152
1.740503811
1.74194777
1.733124794
1.745898277
1.741495705
1.746146695
1.700575934
1.714137017
1.705898204
1.705542618
1.708506822
1.711054952
1.740843123
1.701399835
1.701358559
1.75643998
1.712312573
1.708465607
1.732083271
1.727402128
1.725300448
1.7254975
1.701481252
1.702297455
1.75186259
1.749649774
1.766487193
1.741990078
1.753378661
1.707981701
1.709842403
1.760863069
1.752035083
1.716756516
1.714230856
1.744574604
1.748219211
1.748502657
1.705892437
1.704644846
1.700554496
1.700583592
1.700502118
1.700600097
1.740676085
1.728615207
1.743192902
1.701477691
1.701442659
1.701402802
1.701450952
1.701415543
1.721633894
1.7193956
1.700491544
1.70049335
1.700510104
1.743362461
1.724009427
1.734953305
1.730602243
1.724250546
1.737278817
1.73239067
1.734658769
1.729327627
1.724266546
1.718938282
1.711276513
1.706743527
1.717651184
1.761451006
1.761349193
1.754126044
1.744704334
1.727532528
1.733287707
1.738809478
1.742175803
1.745019466
1.700639129
1.700605203
1.700803078
1.700979382
1.701137435
1.701310198
1.704695895
1.701787389
1.705223516
1.701242027
1.733856928
1.737917864
1.739299396
1.738850641
1.741536633
1.737547768
1.739094016
1.71347858
1.701702286
1.702716775
1.702280401
1.709387393
1.73608318
1.701363411
1.701325442
1.707820578
1.711664363
1.709876514
1.704700972
1.723935157
1.725677759
1.722887259
1.723136947
1.701328247
1.701360646
1.742287647
1.760251483
1.735083633
1.747413189
1.706068148
1.704094039
1.75396354
1.747574601
1.716541524
1.713806171
1.736531485
1.741931356
1.741342445
1.702635663
1.704441386
1.706416019
1.700634573
1.7005278
1.700703667
1.700710695
1.700581802
1.700697675
1.732540128
1.734093854
1.728850577
1.725631036
1.735457605
1.700500634
1.732681014
1.736285835
1.737894519
1.727137666
1.735874119
1.747187552
1.701899195
1.706950219
1.720682816
1.735302846
1.726032501
1.701373611
1.701353537
1.701296908
1.701268397
1.718844771
1.721583648
1.700499576
1.700478113
1.700465715
1.731971469
1.732380083
1.725083825
1.724363389
1.721470389
1.712830558
1.732471904
1.729887099
1.729628626
1.724709228
1.71900281
1.702167606
1.707328222
1.700274672
1.75431833
1.757118615
1.751113316
1.729496652
1.733528426
1.736627569
1.740119686
1.743415686
1.700789265
1.700974771
1.701121476
1.701286889
1.701232378
1.701190327
1.701224026
1.733074067
1.737382796
1.737439715
1.735564157
1.733451104
1.734060446
1.732602428
1.713373787
1.70061326
1.700504004
1.700368502
1.700473898
1.708679945
1.732166887
1.70130302
1.701268422
1.703585708
1.709026405
1.710724429
1.701046865
1.721382034
1.722937521
1.720544146
1.701163259
1.701153125
1.732668372
1.753725347
1.721641422
1.739415457
1.70185038
1.70101233
1.748844275
1.716921366
1.713947338
1.723712503
1.700661098
1.702849885
1.70434149
1.700778689
1.700831969
1.700870866
1.700601125
1.700730186
1.700855789
1.724078292
1.719061494
1.722589949
1.7267258
1.722927066
1.730190967
1.729362628
1.732610984
1.713867147
1.735151764
1.74428232
1.701045242
1.703559807
1.705520554
1.718633608
1.719310256
1.727540126
1.723288204
1.726467056
1.701002654
1.738986043
1.723383961
1.701229058
1.700947621
1.700876721
1.700735825
1.701243369
1.701128933
1.720024995
1.723273414
1.700482328
1.700539096
1.70044556
1.718480021
1.726426876
1.707861249
1.700236749
1.727578345
1.729069892
1.723851033
1.71963486
1.700409009
1.700631513
1.749564315
1.751042603
1.746762436
1.729129557
1.732103403
1.7355158
1.739623657
1.744752463
1.701002706
1.701152406
1.701236434
1.701214038
1.700970604
1.731827702
1.735727923
1.734735449
1.732021739
1.727823908
1.728677226
1.729075724
1.727801456
1.715805114
1.711868451
1.700836375
1.700824098
1.700736907
1.700891332
1.705769993
1.707670791
1.728849575
1.701193463
1.701158098
1.700865936
1.707269449
1.711641728
1.708517669
1.700875301
1.700807729
1.720244437
1.717776968
1.701016631
1.700933496
1.718237201
1.74878909
1.700473133
1.70933167
1.735395307
1.700817726
1.715013472
1.717971657
1.70088251
1.701467578
1.700959023
1.701024737
1.700616644
1.700881534
1.700974026
1.707944409
1.708113349
1.701012666
1.713005488
1.703003415
1.719220456
1.720464952
1.720687275
1.726216514
1.722949095
1.720940032
1.700861065
1.733412091
1.741128183
1.700856911
1.702898345
1.717293001
1.716622952
1.717588114
1.716455302
1.723882554
1.720860692
1.700814204
1.735483666
1.709103535
1.701126453
1.701070017
1.70066393
1.700682006
1.700721325
1.70082632
1.705631851
1.700686456
1.700994299
1.718549416
1.733728058
1.727039335
1.71123839
1.705954398
1.705839047
1.706289434
1.701071522
1.70097861
1.720665235
1.724374478
1.700526498
1.700463302
1.700823867
1.700432766
1.700578468
1.700582736
1.723199946
1.729400383
1.724168199
1.72156845
1.718752741
1.700858563
1.701083228
1.745549698
1.745556189
1.741826194
1.727721665
1.731542155
1.73771553
1.74147092
1.701156221
1.701197388
1.701170925
1.701096774
1.700756385
1.73131028
1.733439658
1.731091436
1.728250845
1.723532601
1.724554047
1.724947051
1.723593146
1.715382276
1.711856425
1.701070266
1.701052787
1.701113087
1.701249194
1.701533376
1.724825997
1.70101718
1.700998983
1.700590725
1.704441295
1.712841289
1.709350212
1.700652942
1.700572845
1.717163312
1.714558734
1.715769141
1.700865214
1.700793447
1.703552781
1.701803511
1.744443544
1.701098801
1.70099448
1.734923311
1.729097081
1.716095616
1.70110288
1.70128413
1.701059907
1.701040055
1.701124589
1.700647103
1.70089437
1.700952863
1.700986751
1.701423289
1.701380153
1.701489076
1.712814341
1.707139299
1.715659684
1.718553349
1.736392918
1.700600717
1.700731792
1.701029787
1.714872546
1.714558079
1.714325061
1.70456157
1.721643032
1.71753351
1.719256906
1.700681165
1.700675203
1.734355731
1.702014642
1.70097835
1.700521663
1.700750198
1.700827192
1.702054848
1.715844471
1.732134143
1.726914663
1.704584954
1.702474922
1.700502447
1.706951378
1.702713269
1.705650796
1.709799349
1.70142183
1.702154456
1.719657578
1.701235817
1.731148483
1.700852881
1.719825011
1.723270875
1.700518215
1.700616446
1.701383895
1.700973151
1.719473238
1.719701668
1.728758569
1.724243343
1.721147225
1.718177174
1.701246862
1.70139004
1.741748364
1.740867154
1.741001898
1.737554798
1.72731103
1.736253515
1.7388041
1.70113497
1.701093436
1.700962336
1.700523969
1.729570725
1.731359694
1.729256782
1.727045827
1.724013395
1.720032386
1.719978008
1.721157951
1.720628127
1.714433808
1.7109804
1.701332949
1.701300231
1.701367409
1.701490013
1.701455803
1.720540512
1.700820872
1.700806565
1.700403083
1.700427925
1.700575206
1.71101537
1.700413299
1.712211914
1.712774223
1.711089254
1.700676339
1.70180483
1.702149649
1.701996721
1.740187691
1.701543858
1.701398601
1.701276019
1.729400744
1.723323174
1.71489224
1.701427189
1.70106102
1.700968269
1.7010452
1.700846017
1.700887324
1.700843416
1.70172624
1.701749834
1.701611492
1.702316269
1.702475514
1.702439187
1.704648239
1.712734622
1.732320773
1.700471533
1.700558999
1.710791484
1.712546075
1.713670289
1.71556488
1.716669653
1.700565185
1.700555489
1.733456046
1.70225783
1.700792118
1.700738385
1.700680378
1.700733632
1.700349389
1.730166684
1.726168
1.702251341
1.702396729
1.700157222
1.700090511
1.701299886
1.705682519
1.705519966
1.701545074
1.701535065
1.716371937
1.71696194
1.701433424
1.730315819
1.733660456
1.70148326
1.701990021
1.700640716
1.722702842
1.700628443
1.718612997
1.722436016
1.700607254
1.701712695
1.701403144
1.715426773
1.727328043
1.722466871
1.717951389
1.714842311
1.701520926
1.701612335
1.736960919
1.738417192
1.736423721
1.736441895
1.726347985
1.734570081
1.700992027
1.700891998
1.700766674
1.700324727
1.700434644
1.728239715
1.726895535
1.724835775
1.719427677
1.716055772
1.716521572
1.716885374
1.717350106
1.710375195
1.70154712
1.701516382
1.701579137
1.701686502
1.70160989
1.701569177
1.715854056
1.700610621
1.700599886
1.700290971
1.700273367
1.700313984
1.700328637
1.709741387
1.70782351
1.708926
1.709660716
1.709799125
1.707821551
1.700442388
1.70213567
1.702004179
1.702236909
1.702368057
1.735578435
1.701809833
1.701678043
1.701548483
1.720023931
1.724349447
1.713669449
1.700910755
1.700742368
1.700842189
1.700694344
1.700647353
1.701849484
1.70194157
1.701982626
1.70240348
1.702460222
1.702459448
1.701705623
1.707570522
1.727681742
1.700320137
1.707309168
1.710267963
1.712633689
1.700407747
1.731508898
1.700580251
1.700669279
1.700631198
1.700523587
1.7001169
1.724740518
1.702208763
1.700002868
1.699869941
1.699910101
1.699871627
1.703437578
1.70445534
1.701626387
1.701643231
1.714015167
1.712850864
1.701608922
1.728346362
1.729930314
1.701649424
1.701777383
1.700412735
1.70034977
1.717594701
1.719893
1.712996465
1.701635334
1.717680483
1.700511898
1.721684323
1.700564776
1.700411714
1.717065261
1.721653452
1.700637907
1.701935549
1.701646002
1.710456841
1.723371725
1.716522864
1.711088414
1.701732238
1.701801168
1.732234854
1.733991076
1.731280092
1.731321779
1.724710827
1.729949401
1.700730903
1.700602374
1.700249894
1.700168584
1.724301375
1.720719285
1.713956023
1.712850862
1.713099303
1.713404328
1.712458432
1.704984182
1.701702718
1.701656566
1.701749935
1.701836668
1.701699087
1.701693723
1.711034174
1.700397288
1.700380091
1.700178236
1.700166322
1.700198497
1.700087983
1.707036061
1.70557989
1.704926284
1.706262201
1.706659805
1.705433045
1.700250029
1.700234589
1.702216483
1.702336915
1.702126508
1.702444402
1.702426218
1.730126794
1.702004384
1.701890961
1.701770307
1.711153424
1.718516306
1.709210634
1.700645219
1.700419953
1.700557633
1.700387471
1.702053955
1.702164209
1.702389352
1.70133694
1.701418378
1.722268853
1.705084141
1.708325366
1.706229129
1.727015161
1.700366553
1.700578114
1.700437984
1.700257563
1.69991003
1.720435064
1.701692263
1.702099285
1.699818238
1.699713788
1.699735785
1.699710812
1.699703753
1.701683702
1.710387596
1.710214174
1.701729509
1.723673107
1.723873905
1.701785026
1.700181522
1.700079936
1.700053885
1.711943156
1.713948163
1.715677798
1.709718246
1.701622476
1.71339765
1.711547928
1.700239898
1.700361521
1.70036079
1.699640829
1.709231103
1.70020044
1.712151965
1.718816735
1.700564985
1.702111244
1.70184572
1.70767763
1.706763876
1.715984272
1.715785855
1.718145248
1.708117848
1.708234299
1.70169196
1.702799365
1.701904182
1.701942131
1.726685977
1.728395923
1.72514484
1.724938235
1.724573478
1.700383135
1.700082244
1.700054331
1.712952622
1.708264415
1.709155018
1.709434397
1.709684603
1.708414356
1.701818117
1.701760321
1.701881037
1.701743948
1.70730431
1.700189575
1.700171554
1.700033205
1.700042398
1.699890878
1.699662308
1.703582352
1.704087519
1.703231848
1.703863924
1.703798049
1.703578034
1.70007337
1.702337995
1.702275061
1.70240227
1.702362524
1.702385877
1.721846046
1.70214442
1.702056277
1.701954399
1.703643997
1.701056789
1.711932669
1.703560304
1.699597067
1.700334845
1.700102049
1.70000842
1.702207752
1.702287161
1.702120001
1.701043859
1.701154094
1.711837641
1.704987882
1.720285666
1.700161956
1.700397613
1.700184861
1.699990346
1.699745407
1.70168844
1.701300447
1.699653423
1.69963137
1.699602731
1.701662296
1.707460821
1.717024521
1.699898495
1.69983001
1.699826482
1.707559658
1.708843572
1.710155938
1.706644899
1.701567079
1.708671216
1.707324321
1.699997421
1.70014465
1.700153783
1.699604829
1.70705703
1.70622406
1.700787496
1.699977713
1.702241276
1.69978547
1.700030203
1.699553381
1.70692866
1.71126925
1.700375914
1.702225333
1.701999576
1.705017113
1.709334848
1.709484512
1.703653097
1.702828072
1.701488815
1.701388407
1.70201882
1.70194752
1.702012181
1.718994701
1.720644701
1.715295991
1.700107603
1.699956035
1.699895786
1.707149713
1.705654876
1.704939119
1.706443076
1.705124747
1.701875879
1.70180489
1.70171787
1.699998835
1.699990294
1.699892697
1.699759305
1.699577219
1.70237774
1.702426651
1.701847245
1.701822799
1.703148761
1.701998818
1.699951028
1.702377282
1.702351987
1.702366728
1.702050572
1.702247472
1.709987352
1.706458655
1.702217399
1.702161097
1.702084674
1.700627647
1.700664271
1.699548504
1.699571292
1.699849076
1.699879523
1.699794119
1.699775163
1.702293654
1.702324417
1.70166425
1.700656252
1.7009223
1.700337683
1.702697114
1.708759362
1.699981061
1.700155083
1.699903135
1.699661844
1.701163339
1.699621136
1.699602068
1.70156627
1.699743623
1.699728577
1.699720941
1.705887115
1.70496331
1.706186764
1.704556178
1.703989098
1.703468058
1.699970321
1.699981455
1.704696181
1.705356781
1.704015075
1.699878027
1.701228633
1.699708057
1.699683781
1.699734728
1.700559909
1.700866813
1.701954119
1.699871501
1.699529429
1.69954846
1.699547469
1.699545097
1.700102777
1.702263975
1.702095774
1.70268064
1.704622361
1.704247303
1.701224216
1.701283113
1.70137759
1.701227119
1.702073863
1.701879964
1.702028359
1.703122125
1.700001233
1.699841989
1.699858941
1.699836788
1.699772252
1.699775801
1.703861245
1.703189236
1.703535431
1.703315408
1.70370767
1.702466828
1.701798639
1.701627775
1.699863253
1.699855283
1.699681392
1.699615745
1.700902173
1.700851952
1.70130268
1.700943766
1.7023332
1.702193741
1.701834008
1.699666778
1.699753344
1.702199232
1.702148311
1.700330719
1.699591058
1.699746969
1.699740666
1.699763066
1.699759206
1.699755627
1.702288785
1.701348008
1.700272377
1.700675427
1.700125554
1.699996948
1.699524413
1.699855963
1.699920929
1.699649451
1.700911365
1.69963769
1.699660621
1.701422896
1.699782029
1.699810318
1.699783836
1.703074985
1.703165884
1.70111259
1.701067967
1.699809475
1.702958526
1.699777489
1.700877352
1.699760988
1.699638499
1.699703882
1.699725966
1.70025551
1.700857024
1.70181489
1.701908223
1.699502562
1.699779882
1.699784733
1.69978433
1.699604995
1.699519015
1.699547479
1.699585809
1.699630906
1.699511429
1.699805767
1.702215169
1.702116403
1.701809018
1.701055541
1.70115347
1.701625884
1.701122099
1.701215778
1.701050289
1.701683119
1.701984654
1.699511699
1.699749898
1.69973686
1.699770279
1.699699657
1.699715679
1.701357918
1.701761757
1.701254371
1.701636099
1.70152355
1.701241034
1.70112967
1.701343472
1.699778453
1.699776874
1.699677588
1.699663922
1.699690774
1.700921087
1.700892061
1.700835934
1.701002135
1.700967095
1.702027594
1.701342749
1.699581878
1.702139822
1.699974379
1.699842733
1.699784219
1.699946998
1.699948613
1.702106342
1.701935277
1.700002911
1.700363213
1.699495015
1.699488467
1.699707467
1.700601525
1.700020534
1.700076196
1.700003751
1.700946531
1.700986622
1.700991759
1.700921787
1.699752946
1.699729732
1.700862752
1.699967101
1.699671142
1.699599732
1.699864138
1.699946216
1.699971531
1.701619671
1.701699795
1.701782611
1.699533055
1.699756573
1.70087782
1.699498113
1.699753681
1.699744791
1.699757446
1.699665939
1.699701026
1.699584816
1.699723744
1.699578768
1.702039456
1.702035246
1.701141596
1.701083526
1.700880741
1.700936957
1.701019835
1.70084617
1.701360587
1.701835953
1.699476305
1.699744629
1.699592391
1.69990921
1.699875118
1.699739151
1.699702996
1.699731464
1.700825851
1.700911809
1.700969199
1.701051243
1.700852635
1.701160917
1.70110979
1.701058452
1.699756151
1.699746746
1.699753279
1.700893159
1.700936115
1.700828753
1.701026298
1.700997959
1.701402825
1.701954563
1.700190868
1.700032636
1.700322851
1.700317601
1.701692937
1.700048674
1.699514286
1.699796841
1.700306049
1.700422357
1.700463993
1.700315069
1.700869928
1.700819397
1.700806128
1.700765664
1.699839666
1.699757758
1.700860798
1.70028934
1.699822886
1.699571443
1.700117594
1.699740929
1.699700176
1.699767223
1.701362539
1.701509254
1.701565958
1.699582853
1.699826111
1.700590994
1.699519326
1.699477821
1.701046605
1.701271741
1.700941939
1.699787141
1.699792827
1.699777285
1.69981192
1.699768909
1.699669084
1.699800365
1.699825139
1.699481203
1.70169057
1.701785574
1.701143006
1.701091993
1.700736612
1.700728919
1.700783854
1.700634536
1.700924537
1.701488076
1.699480499
1.699568634
1.700241952
1.700310168
1.700075894
1.69978691
1.699822872
1.699836019
1.700770485
1.700838261
1.701032336
1.701108939
1.699878829
1.699858818
1.700903447
1.700955277
1.70082828
1.701014102
1.700945294
1.701560604
1.70066693
1.700489601
1.700786143
1.700772293
1.701121324
1.699744897
1.700021972
1.699553479
1.700865684
1.70073486
1.700694047
1.700610442
1.70068441
1.700605062
1.699872083
1.700872218
1.70059898
1.700044141
1.699666272
1.700383891
1.699569973
1.701087952
1.701155294
1.699646819
1.699980983
1.700228733
1.699479041
1.701086495
1.700911958
1.700798139
1.700930521
1.700809888
1.699902377
1.699904477
1.699903837
1.699870712
1.699757111
1.699956987
1.699547489
1.70113011
1.701291241
1.701120363
1.700681971
1.700572108
1.700487759
1.700564411
1.700630602
1.700943398
1.699481176
1.699520599
1.699486189
1.700819752
1.700592445
1.700851896
1.700367989
1.699949184
1.699966961
1.70000746
1.700965667
1.701038279
1.699974689
1.700924934
1.70098135
1.700835946
1.70104714
1.700277412
1.700984235
1.701140411
1.701002793
1.701194921
1.701137466
1.700541543
1.699561153
1.699763389
1.699627411
1.701125919
1.700975543
1.700487888
1.700409848
1.700433418
1.700049996
1.700889261
1.700791467
1.700257209
1.699847312
1.700568643
1.699493345
1.700651329
1.700725068
1.699734641
1.700277754
1.700088562
1.69990052
1.70108767
1.700540087
1.700657563
1.700788486
1.700388367
1.700130781
1.700081596
1.700013811
1.699853192
1.699986861
1.70011393
1.699737262
1.700452573
1.700624653
1.701064483
1.700519947
1.70039071
1.700373461
1.700291235
1.70036185
1.700393991
1.699564969
1.699582584
1.699488128
1.701388206
1.701194094
1.700930713
1.701325396
1.700712965
1.70016013
1.700239071
1.700862088
1.700936271
1.70093352
1.701009145
1.70085197
1.701049807
1.699719994
1.699959326
1.700365447
1.70145392
1.701436417
1.701406628
1.701308726
1.699485247
1.699570356
1.699755004
1.701160205
1.701000467
1.700304364
1.700259995
1.700304697
1.700794483
1.700041026
1.700596785
1.700415758
1.7003283
1.700378536
1.701053351
1.700278471
1.700497285
1.700655235
1.700363614
1.700184568
1.700575741
1.700178841
1.700346816
1.700144268
1.699966774
1.700358735
1.699955627
1.699903125
1.69996589
1.700991581
1.700347048
1.700221957
1.700179367
1.7001593
1.700212449
1.700004439
1.699566183
1.699727345
1.699735697
1.70166473
1.701664139
1.701723445
1.701531105
1.701314535
1.701181817
1.70075214
1.700463717
1.700594327
1.700698336
1.70083009
1.700875797
1.700950213
1.700997362
1.701029848
1.699601404
1.69952058
1.701474037
1.701598167
1.701310248
1.701184477
1.699542729
1.699951409
1.700897762
1.700760729
1.700106564
1.700564723
1.700425846
1.700072062
1.700990743
1.700114639
1.700324436
1.700498835
1.700178312
1.700208536
1.700880367
1.699958849
1.701286839
1.700337422
1.700675542
1.700575654
1.700238091
1.700070151
1.699673055
1.699737173
1.700878729
1.700165422
1.700071109
1.700001297
1.700051178
1.700004221
1.699849613
1.699757698
1.699975963
1.701614467
1.701733448
1.701905805
1.70186992
1.701840899
1.701738694
1.700808801
1.70116298
1.700684844
1.700503784
1.700904695
1.700961144
1.700965503
1.700982877
1.699586746
1.699615858
1.699544699
1.701131658
1.701397708
1.700850567
1.700726515
1.699734089
1.700361615
1.700276018
1.699980398
1.700125041
1.700069873
1.700879262
1.700135415
1.70030496
1.699844484
1.700098941
1.699904011
1.7002571
1.700084257
1.701895686
1.701750346
1.700954062
1.70108857
1.700590634
1.700918365
1.700005572
1.699707646
1.699856356
1.699843232
1.70069306
1.699978503
1.699920738
1.699914169
1.69991627
1.70007558
1.701346482
1.701164925
1.701651424
1.701908277
1.702040974
1.70207618
1.701488192
1.700492502
1.700296425
1.700925205
1.700935815
1.700864309
1.700866405
1.69978794
1.699889019
1.700830798
1.700480722
1.700097836
1.700120933
1.699895965
1.700129323
1.699626122
1.699641237
1.699923121
1.699560421
1.699594004
1.700699023
1.699433272
1.699831523
1.699921778
1.700519262
1.700087903
1.699925594
1.702124162
1.702122166
1.702088413
1.701926862
1.701337259
1.701381516
1.700962093
1.701372726
1.699739205
1.700082006
1.700143903
1.700176735
1.700220482
1.700467578
1.699907227
1.699990801
1.700031857
1.699948822
1.70010704
1.700574326
1.700595494
1.701021769
1.700383804
1.701468328
1.701807828
1.701952923
1.701714676
1.700270304
1.700900279
1.700836818
1.70064991
1.700704527
1.7002878
1.700414848
1.699980143
1.699559421
1.699248859
1.69924808
1.699058302
1.700694441
1.698914191
1.699007034
1.69899971
1.699127063
1.699041629
1.699463378
1.70005954
1.699959194
1.699924062
1.699938393
1.702016403
1.701963122
1.701715576
1.702093297
1.702020582
1.701778424
1.70118726
1.701489724
1.701778185
1.699329075
1.700759629
1.700632552
1.700592758
1.700612349
1.700480722
1.700741218
1.700406323
1.70022073
1.700018831
1.700317518
1.700164044
1.700333769
1.70009668
1.699652015
1.700641501
1.699431509
1.701136209
1.701344947
1.700783884
1.700639685
1.700481573
1.700992247
1.70103299
1.699039903
1.698697329
1.698476424
1.698508722
1.698417095
1.69839085
1.698520021
1.698695601
1.698544506
1.698741301
1.698753001
1.699090631
1.7000349
1.699942587
1.699961379
1.70004961
1.700130261
1.698811979
1.701749798
1.701431891
1.70130252
1.700865301
1.701959834
1.702015863
1.701543574
1.701702123
1.70185676
1.701930893
1.698898343
1.701362708
1.701214041
1.701216548
1.701086852
1.701105124
1.700932995
1.700763268
1.700196903
1.700304704
1.700718024
1.700522455
1.699584618
1.699141606
1.698702216
1.700149203
1.698555345
1.700374186
1.700582677
1.700337316
1.701513791
1.698284229
1.698095136
1.698022083
1.698080231
1.698109202
1.698192079
1.698300142
1.698424137
1.698529331
1.69860853
1.698649504
1.699952172
1.700031825
1.700126967
1.700010878
1.700299095
1.700428233
1.69865609
1.70092957
1.701370793
1.700445132
1.700280973
1.699759454
1.701661667
1.701702616
1.701796713
1.701752006
1.701838385
1.701819653
1.698613651
1.701594451
1.701684986
1.701566196
1.701478487
1.701449905
1.701325212
1.701175399
1.70110231
1.70011329
1.700665254
1.700907667
1.698668806
1.698604496
1.699124564
1.698267494
1.698048824
1.699259954
1.697999366
1.700329664
1.697913918
1.697923297
1.698008186
1.698071006
1.698217764
1.6983911
1.698453395
1.698586744
1.698626965
1.698691803
1.698696111
1.699978402
1.699967787
1.700370599
1.700183406
1.700088881
1.700588956
1.700749453
1.698631551
1.698809617
1.700372155
1.699810151
1.700838195
1.699302753
1.699117529
1.698649761
1.700967274
1.70128594
1.701588756
1.701622184
1.701640846
1.70151909
1.7014684
1.698528245
1.701653816
1.701609821
1.701592931
1.701556605
1.701517372
1.70143686
1.701373874
1.701211729
1.699998089
1.700095887
1.701008121
1.698175696
1.697965571
1.697944337
1.698265524
1.697858642
1.697879652
1.697918541
1.698044126
1.6982006
1.698444666
1.698484443
1.698696835
1.698886276
1.698862016
1.698931789
1.698883529
1.698873727
1.699987335
1.699948485
1.700613497
1.700399428
1.700261151
1.700088504
1.700829548
1.700973563
1.698696711
1.698859256
1.699001647
1.701139736
1.699738597
1.699178964
1.698722478
1.699910658
1.698221369
1.698114738
1.697824625
1.700340635
1.700715811
1.701179274
1.700991372
1.700979171
1.701311062
1.700743962
1.698583447
1.701249044
1.701369019
1.701314933
1.701405756
1.70143988
1.701395992
1.701357371
1.701254157
1.699932184
1.697666101
1.697698023
1.697740522
1.697815352
1.697985519
1.698226087
1.698306515
1.698606676
1.698611867
1.698903616
1.699186301
1.699173971
1.699359125
1.699453947
1.699295546
1.699273131
1.699121736
1.699998609
1.69992371
1.700778658
1.700584272
1.700421251
1.700210863
1.70093956
1.701055519
1.698732075
1.698735182
1.698936746
1.699158644
1.7011472
1.698674194
1.698797454
1.698137337
1.698219857
1.697786824
1.699232892
1.697551911
1.697539131
1.697520658
1.699647919
1.699728398
1.700601127
1.700361022
1.700047352
1.700043369
1.700585649
1.698616202
1.700803522
1.700934784
1.701120253
1.701113621
1.701207453
1.701226972
1.699873152
1.697666301
1.697788174
1.698086139
1.698232254
1.698597872
1.698988688
1.699119395
1.699438786
1.699478172
1.699748062
1.699938614
1.699862293
1.699863495
1.699649772
1.699381824
1.700060142
1.700675075
1.700800358
1.700514352
1.700302447
1.700855732
1.700928278
1.698628092
1.698394709
1.698617267
1.698890752
1.699110743
1.7008993
1.697918043
1.697799903
1.698252888
1.697500373
1.697565165
1.697411756
1.698608147
1.697472691
1.69755635
1.697866323
1.698662753
1.699043673
1.699660639
1.699679531
1.699353264
1.698993052
1.699967891
1.698464293
1.700269992
1.700500293
1.700543785
1.700767168
1.700918075
1.699939806
1.698274863
1.698807297
1.699048092
1.699502334
1.699931392
1.700017593
1.700276026
1.700291557
1.700399009
1.700368185
1.70019423
1.699906837
1.699519142
1.700170565
1.700624052
1.700517448
1.700634003
1.700377409
1.70055263
1.700585211
1.698351091
1.698077412
1.697958081
1.698345257
1.698508279
1.698953943
1.700386625
1.697667539
1.697528918
1.697474991
1.697870893
1.697475294
1.697464993
1.697655506
1.697950978
1.697977847
1.698157125
1.698629206
1.698193752
1.698694433
1.698738822
1.699036679
1.698397195
1.699390373
1.698073021
1.699709616
1.699770859
1.700093795
1.700362768
1.70005695
1.699216126
1.699762611
1.699985626
1.700380729
1.700671892
1.700657886
1.700757328
1.700685637
1.700529253
1.700209637
1.699967689
1.699489256
1.70025136
1.700384033
1.70040664
1.700356725
1.700275089
1.700089388
1.697569337
1.697684573
1.697533202
1.697745111
1.698093793
1.698620153
1.699782231
1.699815207
1.697644349
1.697636654
1.697755567
1.697732893
1.697674198
1.698030146
1.697972479
1.698411596
1.697727781
1.698889614
1.699081946
1.699614453
1.697837429
1.697994214
1.69796031
1.698210677
1.698530378
1.698852363
1.697527591
1.698935958
1.699297564
1.699649755
1.700156437
1.700153398
1.700546457
1.700687699
1.700848019
1.700831059
1.700595512
1.700410009
1.699961451
1.699411363
1.699182943
1.700236371
1.70011752
1.70021693
1.700041581
1.699475654
1.697128137
1.697137306
1.697066774
1.697114157
1.697220092
1.697537982
1.698068789
1.699100913
1.699285309
1.699601977
1.697970924
1.698200227
1.697950549
1.698422023
1.69780785
1.698807
1.698960614
1.699436051
1.697703834
1.699888653
1.700044266
1.700447316
1.69766687
1.697649249
1.69770914
1.697871771
1.698154918
1.698191506
1.697033197
1.698497142
1.698899846
1.700165069
1.700739204
1.700827556
1.700814888
1.700643443
1.700246055
1.69970003
1.69941049
1.69869867
1.698115558
1.700108701
1.69996885
1.69975518
1.698891957
1.69681533
1.696887612
1.696678066
1.696612731
1.696893733
1.696671894
1.696907164
1.698511299
1.699159322
1.698814663
1.699359855
1.698736132
1.698669408
1.699002633
1.698395768
1.699386618
1.698102296
1.699779376
1.699952201
1.700367018
1.697886179
1.700621544
1.70065535
1.700785793
1.697819445
1.697675122
1.69764447
1.69774282
1.697907881
1.696776225
1.698260722
1.70003846
1.700699182
1.700407156
1.700229042
1.699715796
1.698992653
1.698267464
1.697893687
1.697078491
1.699879483
1.699650518
1.698455009
1.696692969
1.696816549
1.69690934
1.696454546
1.696241975
1.696921263
1.696133554
1.696075874
1.698150571
1.698988208
1.698799998
1.698511094
1.699317539
1.696897031
1.699612961
1.699561522
1.69926946
1.699895125
1.698937028
1.700223524
1.698550928
1.700490442
1.700620973
1.700735242
1.698517576
1.700716682
1.700451923
1.698146004
1.697884806
1.697774038
1.697815131
1.69794975
1.696823164
1.699779576
1.699950763
1.699293322
1.698990324
1.698244635
1.697406852
1.696763219
1.69653625
1.699592109
1.698262066
1.697080713
1.697052414
1.696733183
1.697185583
1.69637464
1.69602518
1.697169042
1.695770903
1.69570094
1.698099896
1.698638595
1.69881903
1.699050889
1.698438872
1.699312972
1.700313873
1.700292028
1.700098355
1.69982653
1.700476398
1.69947922
1.700608929
1.70064078
1.7006304
1.700271928
1.698976492
1.699442435
1.700020897
1.699426681
1.698568102
1.698262059
1.698166779
1.698001443
1.697367291
1.697132538
1.699439255
1.698611177
1.697667127
1.69745629
1.696627328
1.696027103
1.69569608
1.698342483
1.697587275
1.697557782
1.697384305
1.696991022
1.697539726
1.696550747
1.696217813
1.695657964
1.695427515
1.698374955
1.698708812
1.698606057
1.698855733
1.699075394
1.698570553
1.697773746
1.700549741
1.700520494
1.700552646
1.700490191
1.700347971
1.70047541
1.700291935
1.700347384
1.700113024
1.699949721
1.699151173
1.699983621
1.699516376
1.698746681
1.697977776
1.699087587
1.698860009
1.698424146
1.697591837
1.697444097
1.699100928
1.697128724
1.696064204
1.696325422
1.695545933
1.695330885
1.698669391
1.69804601
1.69806555
1.69792945
1.697829767
1.697472837
1.697200875
1.69642243
1.69605972
1.695549941
1.698923748
1.698769365
1.69874607
1.698751975
1.698871498
1.698877272
1.698007227
1.697772222
1.699004086
1.700104886
1.700140234
1.700408315
1.700607761
1.70072024
1.700771243
1.69984032
1.700691376
1.699463026
1.69899505
1.698700831
1.697708619
1.7004071
1.700005099
1.697257528
1.696534074
1.699716305
1.699119412
1.697589838
1.697527957
1.698844599
1.695854642
1.695443672
1.695298406
1.695274039
1.699130895
1.698491058
1.698421768
1.698219002
1.698394399
1.698345462
1.697852681
1.697363238
1.696533745
1.69726573
1.695930749
1.699488289
1.699656511
1.698773549
1.698797136
1.698892614
1.699256803
1.697907177
1.697689815
1.697436832
1.699081073
1.699272471
1.69956953
1.699173016
1.699093122
1.70004315
1.700413381
1.700586145
1.700808857
1.698690506
1.700853083
1.69817182
1.697559099
1.697248815
1.696381903
1.700673231
1.700472686
1.696039053
1.695600627
1.70003861
1.697289832
1.697244236
1.69871815
1.695379824
1.695427824
1.695526189
1.69961068
1.698906074
1.698664411
1.69829018
1.699067007
1.698979248
1.698700907
1.698619056
1.698040688
1.69726758
1.696591645
1.699985126
1.700222992
1.698778517
1.698899314
1.699574931
1.697631806
1.69714031
1.697008461
1.696820773
1.699034305
1.699232069
1.699432617
1.698295142
1.698872161
1.697860353
1.697766774
1.699428218
1.699707991
1.700188664
1.700605602
1.697356764
1.700769017
1.696882965
1.696287422
1.696366423
1.695914758
1.69560728
1.700698324
1.700525528
1.695515356
1.695532593
1.696732874
1.696661402
1.696648989
1.698715799
1.695831736
1.696298803
1.699904859
1.699066686
1.698744499
1.698174185
1.699391667
1.699502036
1.699584339
1.699332988
1.698778576
1.698089619
1.697686397
1.700162663
1.70035534
1.698849929
1.699671844
1.696536826
1.697095279
1.696127201
1.696127421
1.696039065
1.699092899
1.698963608
1.699209653
1.69935633
1.697261642
1.696917027
1.697436793
1.698006116
1.696578457
1.696525954
1.698277353
1.69901046
1.69961557
1.700158247
1.696217271
1.700250519
1.695894981
1.695695898
1.695643731
1.695600539
1.695744064
1.700403719
1.695862442
1.696323232
1.695943404
1.695645943
1.69594691
1.698778238
1.697009785
1.699834462
1.698286914
1.69893196
1.697961871
1.699451177
1.699700341
1.69991582
1.699813918
1.699418195
1.699114391
1.698379433
1.699852752
1.699925674
1.698882453
1.699416318
1.695398294
1.695807732
1.695952516
1.69519064
1.695323295
1.695379334
1.6989644
1.698936642
1.698941267
1.69897877
1.696571817
1.698371617
1.696152601
1.695861096
1.696571005
1.696752207
1.695748637
1.695744127
1.697383998
1.698132036
1.699010677
1.698286902
1.699186384
1.695662783
1.699647866
1.695668277
1.695795365
1.695848959
1.696165228
1.696629291
1.6969011
1.697661848
1.695229113
1.695319834
1.695411425
1.698818423
1.699318374
1.696894339
1.697699881
1.698493521
1.698867627
1.699503374
1.699934932
1.700014708
1.699910158
1.699568868
1.699014765
1.699083022
1.698970507
1.69878798
1.694586869
1.694712165
1.694732932
1.695129541
1.694628113
1.694831077
1.694998206
1.698647455
1.698790528
1.698441761
1.695274888
1.697820357
1.698016081
1.697639358
1.6987766
1.695576305
1.695442909
1.695505973
1.695638667
1.696019471
1.695629868
1.695709166
1.696582671
1.696817128
1.697483177
1.697775813
1.698431993
1.695904986
1.696217865
1.696602985
1.696733441
1.697268511
1.697862856
1.698119513
1.695250031
1.695114617
1.695395182
1.695309806
1.698703903
1.698507002
1.696023138
1.69687964
1.697221448
1.698226577
1.698981135
1.699584567
1.699693879
1.699826938
1.699712094
1.699529119
1.697956509
1.697738579
1.69792338
1.6941886
1.694374529
1.69404128
1.69413256
1.694028981
1.694657385
1.694855986
1.698164393
1.698470791
1.69444368
1.697242579
1.697623969
1.69725435
1.697056451
1.699159763
1.695345259
1.695287245
1.695570952
1.695613618
1.6959443
1.695312257
1.69553283
1.696325423
1.696437343
1.695702292
1.696184307
1.696435474
1.697090767
1.696828316
1.697292586
1.69773345
1.697915633
1.69843872
1.698928835
1.695661377
1.695664226
1.695434511
1.695773594
1.695605442
1.698371849
1.697429937
1.695101587
1.695318207
1.696228243
1.697198923
1.697369712
1.698269996
1.698477519
1.699055413
1.699412649
1.699405987
1.699434952
1.696871064
1.696620728
1.697048924
1.69443062
1.694149126
1.694873848
1.693743894
1.693560008
1.695333377
1.698013829
1.693737577
1.696920683
1.697163211
1.697536035
1.696749521
1.696803501
1.699336004
1.696013475
1.695849275
1.695501218
1.696469048
1.696590901
1.697094706
1.695336192
1.695385284
1.697548392
1.697626648
1.695528358
1.695668538
1.696080877
1.698050624
1.698355367
1.698761805
1.698876028
1.699170152
1.696475938
1.696277515
1.696313344
1.696424477
1.696278587
1.696094848
1.697854106
1.696617207
1.69379518
1.694365
1.695134946
1.69539577
1.69624575
1.696587292
1.697450524
1.698173252
1.698293237
1.698809806
1.698805956
1.696235859
1.696013125
1.696559787
1.6953989
1.695090234
1.694362802
1.695965738
1.693712618
1.693309811
1.693139064
1.69696601
1.696945812
1.697131038
1.697422872
1.696723053
1.699079837
1.697343691
1.697184642
1.696541342
1.69604459
1.697888206
1.698012383
1.698457366
1.695930422
1.695691191
1.698791313
1.69875074
1.695781074
1.698942352
1.698995649
1.699101192
1.699154133
1.699172464
1.697310977
1.69718742
1.696839014
1.697259889
1.696649492
1.696430162
1.697292763
1.696344985
1.693183815
1.693513968
1.693678967
1.694323195
1.694585017
1.695491822
1.696374342
1.696723198
1.697542524
1.69807984
1.696254998
1.696147498
1.696620443
1.696549798
1.696790177
1.695734541
1.694767895
1.693944251
1.693595398
1.693075388
1.697088623
1.696992666
1.697353206
1.697090514
1.698596758
1.698767996
1.698742104
1.698056579
1.697395429
1.697160247
1.699265582
1.699271213
1.699469478
1.696614092
1.696242006
1.699514655
1.699410176
1.699290513
1.699197003
1.699000836
1.698688374
1.698098428
1.697910953
1.697514571
1.697085908
1.698071708
1.696671361
1.696301265
1.69694913
1.696680663
1.692862842
1.692829839
1.693098588
1.693181949
1.693807166
1.694580384
1.694976753
1.695831559
1.696669664
1.697301799
1.696891593
1.696910917
1.697150777
1.698018077
1.697410095
1.696452326
1.695445541
1.695040442
1.694113417
1.693383964
1.697435188
1.697082883
1.697851372
1.697695977
1.697486675
1.69976894
1.699419758
1.698839444
1.69855256
1.697923516
1.699896429
1.699818186
1.699638964
1.697317237
1.699285199
1.699114978
1.698699497
1.698548012
1.698062656
1.698414406
1.698739066
1.697877486
1.697282595
1.696876434
1.698948369
1.696313287
1.695601624
1.695543462
1.696937872
1.697453737
1.693126848
1.692845553
1.69299348
1.693395923
1.693736579
1.694377734
1.695122051
1.695790551
1.695952261
1.697841978
1.697970463
1.697896386
1.6987769
1.698222132
1.697286246
1.697097363
1.696113348
1.694967416
1.694513332
1.697363732
1.697804785
1.698227531
1.698164618
1.696584794
1.699863821
1.699920244
1.699720218
1.699488369
1.699037545
1.698471703
1.699538222
1.699315112
1.698673342
1.698027096
1.697968465
1.697298212
1.697196387
1.697905039
1.69857255
1.698951673
1.697126519
1.696465982
1.696163492
1.69933385
1.695096187
1.694550356
1.694380683
1.697208776
1.698320226
1.69375671
1.6933059
1.693253437
1.693438899
1.693681954
1.694074153
1.694516572
1.694626231
1.695061638
1.698662123
1.698782583
1.69847967
1.699330711
1.698902768
1.698457369
1.697174785
1.696561292
1.695563485
1.697655498
1.697965571
1.698378847
1.698087869
1.695596724
1.69780984
1.698857348
1.699401771
1.699622712
1.699521364
1.699422174
1.699160049
1.698158049
1.697747639
1.696630139
1.696283577
1.69570486
1.696623959
1.697534417
1.697770905
1.698793045
1.695814986
1.695235146
1.699453331
1.693925233
1.693937944
1.693518924
1.693199717
1.697535622
1.698741871
1.694681895
1.694179488
1.694204
1.694003143
1.693948235
1.693995512
1.694001707
1.69406768
1.694310413
1.698943901
1.698510518
1.699709896
1.699694476
1.698994076
1.698561986
1.69767625
1.69665546
1.697745949
1.697999951
1.697575397
1.694311941
1.697618672
1.697303535
1.697026988
1.697906253
1.698504084
1.698547612
1.69886347
1.698993654
1.696195691
1.695817572
1.694775335
1.69458715
1.696007765
1.694984689
1.697223221
1.695477334
1.698423946
1.694299248
1.699291706
1.692918292
1.693029514
1.693069714
1.692822926
1.692465855
1.69765503
1.698343096
1.69591092
1.695823747
1.695227114
1.694753026
1.694380563
1.694207433
1.693874332
1.693689569
1.698306316
1.697918817
1.69972193
1.699940587
1.699845027
1.699369634
1.698634098
1.697735703
1.697139524
1.696738886
1.69357566
1.697254087
1.696609998
1.695821139
1.694989024
1.696746062
1.696749567
1.697485675
1.698003465
1.694288638
1.694068375
1.693501263
1.69406567
1.693363194
1.69500933
1.696499701
1.693279439
1.697754144
1.698523198
1.692547726
1.6923871
1.692650339
1.692306121
1.692685723
1.69263272
1.692475893
1.697366962
1.69727334
1.697902746
1.696971903
1.696246035
1.695645876
1.695305463
1.694438591
1.694065562
1.693569041
1.697027278
1.696822485
1.699656899
1.699966237
1.700079983
1.699806663
1.699212878
1.696016456
1.695893487
1.693244637
1.696644654
1.695890342
1.694807024
1.694045864
1.693422089
1.695766958
1.694957967
1.696462805
1.69306239
1.693079373
1.692509098
1.694210664
1.69295074
1.695532256
1.691908192
1.696430705
1.698135388
1.69296519
1.692595487
1.692140908
1.692975537
1.691827726
1.693041705
1.692998833
1.693247513
1.69365006
1.696768735
1.695906829
1.698606116
1.699468598
1.697898448
1.697269285
1.696903753
1.695777105
1.695317779
1.694573128
1.694078142
1.695516674
1.695558297
1.698801656
1.69956415
1.699901886
1.699864559
1.694895251
1.6952294
1.695207814
1.693254048
1.69600876
1.695375508
1.693635816
1.693385024
1.693003383
1.692840188
1.694867478
1.694171799
1.69300841
1.692321928
1.693314541
1.691666105
1.693980935
1.691651962
1.695406219
1.696545192
1.693974766
1.693593459
1.692950071
1.692229958
1.693834496
1.693843626
1.694490293
1.694277014
1.69470153
1.696068919
1.694674844
1.699104878
1.699499409
1.699583472
1.698677595
1.698406673
1.697454084
1.697033936
1.69624979
1.695822243
1.694805509
1.694285208
1.694404236
1.696868583
1.6980272
1.69882229
1.699314543
1.694708449
1.694425085
1.694947586
1.694039259
1.695563217
1.695243887
1.693201313
1.693404706
1.693063213
1.693108303
1.693482769
1.693784918
1.694582468
1.691438697
1.69182562
1.692218872
1.691627924
1.693119784
1.692574792
1.694185284
1.694664024
1.6951434
1.694950784
1.694394838
1.693547613
1.694840758
1.694998773
1.69525545
1.694942473
1.69555629
1.695560614
1.693997697
1.699385517
1.699340991
1.69924205
1.69847944
1.699275847
1.698845277
1.698639156
1.698016938
1.697736365
1.696870201
1.695906689
1.693773766
1.694227466
1.695771131
1.696879629
1.697732606
1.694792496
1.694685024
1.695211125
1.695452872
1.695530065
1.695663076
1.693689444
1.693871465
1.693626469
1.693880633
1.694327257
1.695203498
1.696814673
1.691917765
1.69151279
1.691588041
1.691898332
1.693037247
1.692504301
1.694289711
1.692877919
1.693723225
1.696110249
1.695929589
1.695914514
1.695275524
1.694817853
1.695141849
1.695585839
1.694686588
1.695948388
1.695463988
1.694241577
1.698961485
1.698560306
1.699107447
1.697889394
1.696571196
1.699395673
1.699427331
1.69945915
1.69924994
1.699197649
1.698697366
1.697920391
1.694191781
1.694884583
1.694696491
1.695617447
1.695449428
1.695552175
1.695903805
1.696180696
1.696033328
1.694938501
1.69446264
1.695385697
1.69557362
1.696289408
1.697291317
1.69873151
1.692439634
1.693713654
1.692200097
1.691918437
1.691934917
1.695096541
1.692121078
1.6961306
1.692474775
1.693036073
1.696867523
1.696465691
1.696736696
1.694226936
1.693879874
1.694736576
1.694976597
1.693347708
1.695796229
1.695795656
1.69526932
1.697594003
1.697871973
1.696814397
1.6985833
1.695731356
1.694438274
1.699113687
1.699315814
1.699621716
1.699737433
1.699717286
1.699404369
1.695400898
1.696086314
1.693694452
1.696426592
1.696745154
1.696742242
1.696902146
1.696766262
1.69649297
1.696043629
1.696598775
1.697346043
1.697575198
1.698286339
1.699086579
1.699807445
1.693776946
1.694255171
1.695826623
1.693064595
1.69256319
1.692522617
1.696850244
1.692378106
1.697344355
1.692386512
1.692571608
1.696544714
1.696877419
1.697320067
1.692678001
1.693111864
1.692471522
1.693166615
1.694114722
1.690961683
1.691366229
1.695157302
1.696272881
1.696726242
1.695639599
1.695988317
1.696887015
1.694615048
1.69776874
1.693509259
1.692895601
1.698113588
1.698832141
1.699100582
1.699603468
1.699864549
1.696930108
1.697430566
1.697457167
1.69782832
1.697535818
1.697386211
1.697091415
1.69678102
1.697661342
1.697765544
1.698449138
1.699007925
1.699185892
1.699639404
1.69992122
1.699660751
1.694877707
1.695699833
1.696176332
1.697280261
1.694075143
1.693899288
1.693259623
1.697628804
1.692910667
1.697402027
1.692568536
1.692397132
1.695632058
1.696652427
1.691125173
1.690881529
1.690978945
1.691801577
1.692887969
1.689477651
1.689645785
1.689687824
1.693353301
1.696563403
1.698109739
1.694048818
1.693723898
1.694880113
1.695818787
1.69280387
1.696224921
1.69241262
1.697163044
1.69748565
1.698372493
1.699132246
1.698409008
1.698426671
1.698048839
1.698375938
1.697762829
1.697346463
1.696916913
1.696680331
1.696220458
1.698950346
1.699147925
1.699531325
1.699745681
1.699830288
1.699764411
1.69917493
1.698337483
1.695816916
1.696586219
1.69708023
1.697375847
1.697527028
1.69558849
1.694903707
1.69424421
1.697034755
1.69355374
1.694246988
1.696048056
1.693020076
1.692575085
1.69469875
1.689093152
1.689413357
1.689517276
1.690322272
1.690699687
1.689040414
1.688609725
1.68940735
1.689328082
1.691983673
1.696364128
1.698900179
1.692686526
1.693212306
1.692496353
1.693933858
1.694238123
1.69231051
1.695197399
1.695378571
1.696389727
1.697436376
1.699148318
1.698664786
1.697929389
1.698120653
1.697319576
1.696721901
1.696210512
1.695530129
1.699384573
1.699526233
1.699491758
1.699286402
1.699218019
1.698309679
1.697241119
1.696282997
1.696774041
1.696969693
1.697198969
1.697261768
1.697089374
1.696257154
1.696365346
1.695870907
1.695788042
1.695080901
1.694472948
1.695214478
1.693573185
1.693749772
1.693029133
1.688185421
1.688001365
1.688263743
1.688350606
1.68940786
1.690274969
1.689147671
1.688721734
1.690597336
1.690989222
1.690616098
1.695549284
1.698718656
1.692377614
1.692418448
1.692714162
1.692423032
1.692958302
1.693606618
1.69429938
1.695300821
1.69889692
1.697944103
1.697074394
1.697054573
1.696280937
1.695647502
1.695115704
1.694498532
1.698651045
1.698728255
1.698287088
1.697699374
1.697436903
1.695999076
1.694983712
1.694180053
1.696864268
1.69694854
1.696848912
1.696128077
1.695925221
1.695132202
1.693816199
1.696865977
1.696873901
1.696628709
1.692325839
1.695428304
1.696134518
1.694538127
1.693444014
1.687939364
1.687432881
1.687232067
1.687461792
1.688154754
1.692670981
1.690718803
1.689870141
1.692694896
1.694933671
1.688413911
1.689669008
1.694378996
1.697701073
1.693228915
1.692828016
1.692563321
1.692581123
1.692675905
1.693001761
1.69347788
1.696585842
1.695684589
1.695509581
1.694914649
1.694392963
1.694005418
1.693513171
1.697095011
1.696964351
1.696215666
1.695405364
1.695122306
1.693790051
1.693102644
1.692723885
1.696249368
1.695611421
1.696712277
1.695383379
1.69382156
1.693480849
1.692355295
1.690983478
1.696873101
1.69714722
1.697190802
1.696898725
1.696300175
1.695407002
1.694801677
1.688304286
1.687766171
1.687159275
1.687039464
1.687133402
1.692995354
1.694933671
1.694933671
1.692614158
1.690321061
1.687618487
1.688518565
1.693245759
1.695818457
1.694455163
1.693562495
1.693299541
1.692883157
1.692619526
1.692570499
1.694745968
1.694158585
1.693879561
1.693602554
1.693333323
1.693175874
1.692913786
1.694993484
1.69472246
1.693803842
1.693186843
1.693034515
1.692287878
1.692152357
1.692340028
1.695221025
1.694246218
1.693223447
1.695510149
1.692838954
1.691036028
1.69066227
1.689603679
1.696421885
1.697046538
1.697425772
1.697395555
1.696999913
1.696482629
1.696198008
1.689852497
1.688522046
1.687662744
1.687493581
1.687184749
1.694933671
1.694933671
1.692706846
1.6872495
1.687697664
1.69260483
1.693836066
1.695127331
1.694755745
1.694037999
1.693322529
1.692746378
1.693109465
1.692938533
1.692722452
1.692766802
1.692820886
1.692881345
1.692877039
1.693043136
1.692692288
1.691963891
1.691870616
1.691769493
1.691924313
1.692392264
1.693089552
1.693035107
1.692656058
1.691294758
1.690330548
1.69431498
1.69000163
1.688598925
1.688338045
1.695457481
1.695672325
1.696691655
1.697295423
1.697547011
1.697466938
1.69733893
1.696640763
1.69278752
1.690996608
1.689820589
1.689425902
1.68849111
1.687717124
1.694933671
1.687300582
1.687261329
1.692723866
1.692377256
1.696318161
1.695623029
1.694733839
1.69390129
1.692214477
1.692418508
1.692729964
1.693018504
1.693186222
1.693356145
1.691884497
1.691689579
1.691634937
1.691747589
1.692120212
1.692803472
1.693651867
1.694652838
1.690186925
1.691465405
1.689691258
1.688308224
1.688044721
1.692802768
1.687597224
1.68725749
1.693231318
1.694548918
1.695819493
1.696730299
1.697241501
1.697339422
1.697429057
1.697286665
1.692705803
1.694933671
1.692519752
1.691246385
1.689874695
1.688806951
1.687856847
1.687652521
1.693546971
1.694052223
1.691922444
1.696918793
1.696296757
1.695434156
1.692358992
1.692939943
1.693475866
1.693815701
1.693958948
1.691871764
1.691884921
1.692601961
1.692844459
1.693557777
1.694450682
1.695311586
1.696293318
1.696160202
1.688762611
1.687832253
1.689923778
1.687566132
1.686948953
1.687011893
1.690339282
1.687176722
1.691688796
1.693198677
1.694616738
1.69565668
1.696004737
1.696977829
1.697103208
1.6972802
1.694933671
1.694933671
1.692661135
1.692158722
1.690030222
1.689594599
1.688501762
1.694514611
1.694960698
1.694878125
1.692572715
1.697211298
1.696856373
1.69341935
1.694187941
1.694687772
1.69488292
1.692985752
1.693204541
1.694383487
1.69467876
1.695456589
1.696248569
1.696895149
1.697245975
1.697218269
1.687635876
1.6870065
1.68673674
1.68795771
1.686777764
1.687332481
1.687679838
1.688922539
1.690227067
1.691652913
1.6930349
1.693395157
1.694770926
1.695566784
1.696431685
1.695569749
1.696969426
1.694933671
1.694933671
1.692481202
1.692557269
1.690989289
1.689849038
1.695009692
1.695221375
1.695632503
1.695829382
1.694079773
1.69725232
1.695014607
1.695653885
1.69587725
1.694859295
1.695145089
1.696306139
1.696537906
1.697067335
1.697425207
1.697443182
1.696967048
1.697152968
1.686757064
1.68669694
1.686824572
1.687317056
1.687164761
1.68764337
1.689290114
1.687787093
1.688708736
1.690053247
1.690440952
1.691742001
1.692901771
1.693167107
1.694281868
1.695447991
1.696361386
1.694933671
1.692752619
1.692359827
1.694751072
1.694529415
1.695503785
1.6961108
1.6965519
1.6958272
1.696543645
1.696750949
1.694532652
1.696623804
1.696705674
1.69720796
1.697654954
1.697661898
1.697669719
1.697325815
1.696641065
1.695371131
1.695786057
1.686850092
1.687288749
1.687480925
1.688487463
1.689572774
1.686784612
1.68989326
1.686883844
1.687644056
1.687988139
1.688933464
1.690007166
1.690299862
1.691499535
1.692886008
1.694257889
1.694933671
1.694933671
1.692700783
1.6935309
1.693019419
1.695388503
1.696215037
1.6969315
1.697260687
1.697343542
1.692915715
1.693797872
1.697686276
1.697795091
1.697871927
1.697638453
1.697465078
1.696719611
1.695734134
1.694665429
1.692790724
1.693252893
1.688340527
1.687475896
1.689396889
1.689877907
1.691833467
1.687196533
1.686773439
1.686789795
1.687094607
1.687696895
1.687878242
1.688784311
1.690019911
1.691432563
1.694933671
1.694933671
1.691870564
1.691449153
1.691007774
1.694816079
1.69593246
1.696945431
1.697591244
1.691683581
1.690941278
1.692669814
1.697505686
1.697498396
1.696996998
1.69618095
1.69570368
1.693982013
1.693175252
1.69176512
1.690339215
1.689913476
1.689696455
1.691255507
1.689175106
1.692466578
1.69258289
1.687563442
1.687259643
1.686799536
1.686676116
1.68668216
1.686974049
1.687655578
1.688687348
1.694933671
1.689981531
1.689303832
1.689405658
1.693906908
1.695280556
1.696572185
1.689634367
1.69030275
1.689347898
1.691444663
1.695949523
1.695821401
1.694830857
1.693633269
1.693054137
1.690904412
1.690254128
1.689008701
1.687939267
1.687598641
1.692219583
1.692678231
1.694933671
1.689803982
1.68931711
1.688242981
1.687351857
1.687139161
1.686679784
1.686613983
1.686847021
1.688566921
1.689151595
1.689211776
1.692669723
1.694361964
1.688293745
1.688411955
1.688983989
1.690102047
1.69100477
1.693428125
1.69312989
1.691920043
1.690680974
1.690151882
1.688351707
1.687927656
1.68720163
1.686789456
1.686679829
1.694933671
1.694933671
1.692505217
1.692398154
1.691151345
1.689579275
1.689240931
1.688115728
1.687279738
1.686973679
1.688268585
1.689136937
1.690480013
1.691713797
1.689929617
1.687679565
1.687531003
1.687988384
1.692867361
1.694933671
1.69042984
1.69016384
1.689078711
1.688190724
1.687847471
1.687045656
1.68692212
1.686930093
1.687298735
1.687499499
1.694933671
1.694933671
1.692578872
1.692369342
1.691109919
1.689530212
1.689006545
1.688431581
1.689976394
1.690764075
1.692691687
1.688860426
1.687709933
1.68748667
1.687053529
1.694933671
1.692846766
1.687973767
1.687799996
1.687169954
1.686990466
1.686969936
1.687377976
1.687584053
1.688369617
1.689451899
1.689652883
1.694933671
1.694933671
1.69257116
1.692142351
1.690322007
1.688789591
1.692663046
1.694933671
1.687126411
1.686887641
1.687612912
1.686852551
1.686869594
1.687237091
1.687567045
1.688225975
1.689428024
1.689742125
1.69122658
1.692351414
1.692578096
1.694933671
1.694933671
1.692936193
1.691606769
1.689683016
1.694933671
1.686944757
1.687665843
1.687383471
1.68766438
1.689182463
1.689730066
1.691226136
1.692478408
1.692643037
1.694933671
1.694933671
1.694933671
1.692669596
1.68986631
1.688369524
1.689529404
1.689782092
1.692240338
1.692659777
1.694933671
1.694933671
1.694933671
1.692706585
1.690888764
1.692670304
1.692446564
1.694933671
1.694933671
1.694933671
1.694933671
