1.682010125
1.682010125
1.682010125
1.684773457
1.682010125
1.68587136
1.682010125
1.687436168
1.687138201
1.687869455
1.688771218
1.687259565
1.682010125
1.686036882
1.687962532
1.686661027
1.68592178
1.682010125
1.682010125
1.682010125
1.68919288
1.687329854
1.688744435
1.687347362
1.684521278
1.684000494
1.683088538
1.683168829
1.682037288
1.686721415
1.685813381
1.682010125
1.688096683
1.684920569
1.688452207
1.688815654
1.681458284
1.681409399
1.681417864
1.681856711
1.682244775
1.688931739
1.682010125
1.687287437
1.682010125
1.682010125
1.685625623
1.682386641
1.686674801
1.688139333
1.680631573
1.681781431
1.679941139
1.67998853
1.683885534
1.684008025
1.689141859
1.687723633
1.688486949
1.686659246
1.685980611
1.682010125
1.682010125
1.682010125
1.682010125
1.682094561
1.684114594
1.685721858
1.683862815
1.681313948
1.682467727
1.680294019
1.680017047
1.685746412
1.685744093
1.682010125
1.686333496
1.688651571
1.687087088
1.688693425
1.687764073
1.686861877
1.686676313
1.680906497
1.681857304
1.682572238
1.685757019
1.686430921
1.685299126
1.683349638
1.684668541
1.681387356
1.684664113
1.680739237
1.685200722
1.68536782
1.685666345
1.686026435
1.682010125
1.683899966
1.68714378
1.688588768
1.689080067
1.688871278
1.688659199
1.680499736
1.680298454
1.680708746
1.686556756
1.687087691
1.687497706
1.687205047
1.687366627
1.686342979
1.683218794
1.682065126
1.68504915
1.683641093
1.683701235
1.682774069
1.682010125
1.687897926
1.685677582
1.682010125
1.682010125
1.682996949
1.685130274
1.686472236
1.687206203
1.687964582
1.689040049
1.680985176
1.680069732
1.680362791
1.680691219
1.687315788
1.688182969
1.688327005
1.68808895
1.68738525
1.685241905
1.684174633
1.683097052
1.684694232
1.682073144
1.68301211
1.682943214
1.682010125
1.688071342
1.686426551
1.685405042
1.688851365
1.681636847
1.682668861
1.683362985
1.684425347
1.686548878
1.682709983
1.683245263
1.680572195
1.682301412
1.685982218
1.686668733
1.687167418
1.68765443
1.687440475
1.68647892
1.68226461
1.682884306
1.682863354
1.68155771
1.682598954
1.684161062
1.684195532
1.687367195
1.688710345
1.687774869
1.685828521
1.68729425
1.680616899
1.680422222
1.680674844
1.68243155
1.686022399
1.685488304
1.68162471
1.684254121
1.683437523
1.684175258
1.685498403
1.687219522
1.687765101
1.687833135
1.681158267
1.681014255
1.68487149
1.684396917
1.683735941
1.681775244
1.685343224
1.68535421
1.685767985
1.686383102
1.686999867
1.682228236
1.684106802
1.684757683
1.680680794
1.679657089
1.679661203
1.680670053
1.687697588
1.686984244
1.684415447
1.681227568
1.682356252
1.684718273
1.6821196
1.686246392
1.687025148
1.687495737
1.681179747
1.680639633
1.685990068
1.685804253
1.684090097
1.685246045
1.685042726
1.684523107
1.685305521
1.686092843
1.682949788
1.681701332
1.682505458
1.682539768
1.681106123
1.680916036
1.681384698
1.68789035
1.687532071
1.686375265
1.680582684
1.681277212
1.683580771
1.681799893
1.68444206
1.684926433
1.685994798
1.683044003
1.682191506
1.686806524
1.68674815
1.686149372
1.683921582
1.683710428
1.684068868
1.684702854
1.685798538
1.682114622
1.681990033
1.684974131
1.683748219
1.683095104
1.682976468
1.687690166
1.685307186
1.688201316
1.687789104
1.682024984
1.681962115
1.682117895
1.68172286
1.681981081
1.682399741
1.682447581
1.685379514
1.68461681
1.685407611
1.687130891
1.687569934
1.68740819
1.683503941
1.683611852
1.684025143
1.683159281
1.683337067
1.682997926
1.683375141
1.684110067
1.686749584
1.685575746
1.684806474
1.687134357
1.684233873
1.687988425
1.687842657
1.683876765
1.682879186
1.681293471
1.680622512
1.680558656
1.681364195
1.686147294
1.686874626
1.683129819
1.684050941
1.686541913
1.687059189
1.687110088
1.684029717
1.684429195
1.684718113
1.682739599
1.682086619
1.681730046
1.685771382
1.686959777
1.686068029
1.685708668
1.682948951
1.68632948
1.68633431
1.685149465
1.683392707
1.682020443
1.681133017
1.68079956
1.68124729
1.686689412
1.686939619
1.68178507
1.682525402
1.684728805
1.685071918
1.685489497
1.685027429
1.684012096
1.685066254
1.685131485
1.682980572
1.682075108
1.681429912
1.685090273
1.685572611
1.683064896
1.684065204
1.684311155
1.681449833
1.685872431
1.686901987
1.684910508
1.683880675
1.682752754
1.681716853
1.686025389
1.685995763
1.68132942
1.682229071
1.682917988
1.683460077
1.685389828
1.685352523
1.685708218
1.684837928
1.684667676
1.68483967
1.684274346
1.684039904
1.683105335
1.682224601
1.683425184
1.68374907
1.682054811
1.682664607
1.682930418
1.682280221
1.681903023
1.68704884
1.687063102
1.686743748
1.685829801
1.6841398
1.684388711
1.683970155
1.68501052
1.681637013
1.681689694
1.681782232
1.681968166
1.68477628
1.685030841
1.686056586
1.685777224
1.685967891
1.683995892
1.6838854
1.685484696
1.684563451
1.683249341
1.685367918
1.682933951
1.682304666
1.682882094
1.683319424
1.683253796
1.687721054
1.686402207
1.68770258
1.686755614
1.685093023
1.686014425
1.68263116
1.68406088
1.682690507
1.68226727
1.681777329
1.681480896
1.683996458
1.684398118
1.68633471
1.685203505
1.686537547
1.683452251
1.6838729
1.683981821
1.68642277
1.686331232
1.684804981
1.686274548
1.684178734
1.683873906
1.684747511
1.684987791
1.686549436
1.68701644
1.686657954
1.68564861
1.686130656
1.681852182
1.683465671
1.684306524
1.683544054
1.682512883
1.681552873
1.683249465
1.683666826
1.6852705
1.685883491
1.684219519
1.682959424
1.68361638
1.684560711
1.685975931
1.686133874
1.68621601
1.686456633
1.685458572
1.68558487
1.684713384
1.68534295
1.6856581
1.685696358
1.681493399
1.681658601
1.682278095
1.685939084
1.684995609
1.683585831
1.682587233
1.683208988
1.68394003
1.684306563
1.684732028
1.684287557
1.682780141
1.683611797
1.685040763
1.684661346
1.68539912
1.686662181
1.685231528
1.685151448
1.683202197
1.684100544
1.684760054
1.683429241
1.68140423
1.682465089
1.681902218
1.686704797
1.686211749
1.685542496
1.682284477
1.682808157
1.682423647
1.682789885
1.682595944
1.685099003
1.684974704
1.684665206
1.684074727
1.685046943
1.685083799
1.683375612
1.684857916
1.685897428
1.684063295
1.684160423
1.682722941
1.683561872
1.683572996
1.684714205
1.682300613
1.683781694
1.682637292
1.686471818
1.686639606
1.686360936
1.68407098
1.682305014
1.683428028
1.682041619
1.6818183
1.681813344
1.685280274
1.685383375
1.685347712
1.685263299
1.684696609
1.684842692
1.685145032
1.682667999
1.681566203
1.683708404
1.684733268
1.683529386
1.683642742
1.683115361
1.685570181
1.684107203
1.683809847
1.685651405
1.686285201
1.686386101
1.684998885
1.684392562
1.682960896
1.682533029
1.681898031
1.682017994
1.685461836
1.685741862
1.685936894
1.685990588
1.684363294
1.684555386
1.684335842
1.684804473
1.685138611
1.68195539
1.681686836
1.682654597
1.683559389
1.684214746
1.684071273
1.685738129
1.685090279
1.684730866
1.684554049
1.685487956
1.685967749
1.685741372
1.684584326
1.6838308
1.683408306
1.682911512
1.685495624
1.685832569
1.686125892
1.686330425
1.68424652
1.684251826
1.684476958
1.684282663
1.684688081
1.684951108
1.681745892
1.682313593
1.682053049
1.682671932
1.684999678
1.68562775
1.685193439
1.683517084
1.684953387
1.683684153
1.685192506
1.686109492
1.685715239
1.685330133
1.683815215
1.684751313
1.685251506
1.685554798
1.685938798
1.686410074
1.68426428
1.68428464
1.684282289
1.684246636
1.68434811
1.684239531
1.684446168
1.68460872
1.682423107
1.682270228
1.682389919
1.684848837
1.68496497
1.682764904
1.684156916
1.683302569
1.684325381
1.68427308
1.686534479
1.686511851
1.686251948
1.685574877
1.684749047
1.684985764
1.685897499
1.685148601
1.68623765
1.684279055
1.684281048
1.684283679
1.684270465
1.684284482
1.684243928
1.684214973
1.684276851
1.684237207
1.683522673
1.683162637
1.683047648
1.684091759
1.68318099
1.683527263
1.683875973
1.685828745
1.685137242
1.68650782
1.686667604
1.686546313
1.686422212
1.684324495
1.684406072
1.685357732
1.684595675
1.68555715
1.684279243
1.684279491
1.684281978
1.684287142
1.684276412
1.684196406
1.684239039
1.684279555
1.684172709
1.684192867
1.684665316
1.684303025
1.683999101
1.683923587
1.683732499
1.683883638
1.684542024
1.686129674
1.685815778
1.686051463
1.685196352
1.686157073
1.686062443
1.686282596
1.684652425
1.684180518
1.684197793
1.6843312
1.68463036
1.6846634
1.684232796
1.684349551
1.684279338
1.684280025
1.684280976
1.684284388
1.684287209
1.68427817
1.684243013
1.68427926
1.684279419
1.684186844
1.684222873
1.684245468
1.685526032
1.685120108
1.684541628
1.684469884
1.684979619
1.68524552
1.685957846
1.686103615
1.685718048
1.68500189
1.685350599
1.685417067
1.684320456
1.68417915
1.684182407
1.684211335
1.684179328
1.684317072
1.684254631
1.684183308
1.684279852
1.684280208
1.684281262
1.684284803
1.684273773
1.68428746
1.684286481
1.684275565
1.684279305
1.684279561
1.684279723
1.684279955
1.684242777
1.684271801
1.684282268
1.684284439
1.68570816
1.685100656
1.685160954
1.685351738
1.685469833
1.685515447
1.685001672
1.684611334
1.684570989
1.684242265
1.684168424
1.684165423
1.684185436
1.684164315
1.68415817
1.684230227
1.684205158
1.684187745
1.68421488
1.684201842
1.684185242
1.684174742
1.68419251
1.684208739
1.684280061
1.684279814
1.684280188
1.684280199
1.68428223
1.684285742
1.68428595
1.684288402
1.684288704
1.684280652
1.684279218
1.68427945
1.684279424
1.68428436
1.684293677
1.684291212
1.684290104
1.685211555
1.684914179
1.684947334
1.68476545
1.684825469
1.684718905
1.684391142
1.684178019
1.684225601
1.684183407
1.684201841
1.684183145
1.684209425
1.684188787
1.684253745
1.684264371
1.68419013
1.684266695
1.684241101
1.684212531
1.684189517
1.684187625
1.68420191
1.684234231
1.684214212
1.68423229
1.684279686
1.684280156
1.684279994
1.684280163
1.684280197
1.684280199
1.68428354
1.684286501
1.684288279
1.68428841
1.684281731
1.684279593
1.684279208
1.684279258
1.684279448
1.684291964
1.684293981
1.684288142
1.684289762
1.684287137
1.684223453
1.684596649
1.68446847
1.684352187
1.684353126
1.684347354
1.684290325
1.684215647
1.684190582
1.684173325
1.684254741
1.684245486
1.684231261
1.6842263
1.68427922
1.68428996
1.684204591
1.684280375
1.684258905
1.684227801
1.684202827
1.684211394
1.684219546
1.684258621
1.68425461
1.684234269
1.684235978
1.684254042
1.684279906
1.684280144
1.684280204
1.684280123
1.684280171
1.684280094
1.684280192
1.68427964
1.684284357
1.684286288
1.684286213
1.684282268
1.684280358
1.684279177
1.684279193
1.684293098
1.684286802
1.684283991
1.684281636
1.68428482
1.68428409
1.684284177
1.684265438
1.684266555
1.684221526
1.684218819
1.684197224
1.6841877
1.684261352
1.684209903
1.684222139
1.684275141
1.684270626
1.684261743
1.684290827
1.684291521
1.684220829
1.684288022
1.684275266
1.684259305
1.68424195
1.68422394
1.684226586
1.684239532
1.684237839
1.684257111
1.684246964
1.684237541
1.684280584
1.684275066
1.684270693
1.684253967
1.684270837
1.684283426
1.684280214
1.684280105
1.684279943
1.684280223
1.684280136
1.684280099
1.684280076
1.684280157
1.684279336
1.684279616
1.6842799
1.684283801
1.684283953
1.684281967
1.684280747
1.684279676
1.684279208
1.684279184
1.68428055
1.684285564
1.684281383
1.684279331
1.684278834
1.684281751
1.684280101
1.684281515
1.684281749
1.684282211
1.684283986
1.684285955
1.68428635
1.684245126
1.684244678
1.684262821
1.684217996
1.684290761
1.684282222
1.684273253
1.684291994
1.684286944
1.684284619
1.684290629
1.684289608
1.684289941
1.684283968
1.684289119
1.684288911
1.684268582
1.684240153
1.684286628
1.684281381
1.68427149
1.684257705
1.684243383
1.68423945
1.68424966
1.684248501
1.684259768
1.68425367
1.684290506
1.684289425
1.684288534
1.684282018
1.684273049
1.684280217
1.684288793
1.684280218
1.684280231
1.684280194
1.684280097
1.68428017
1.684280108
1.684280078
1.684280066
1.684280118
1.684279341
1.684279615
1.684279866
1.68428219
1.684281715
1.684280633
1.684279191
1.684279709
1.684279266
1.684279689
1.684279705
1.684280453
1.684280292
1.684278928
1.684278614
1.684278441
1.684278517
1.684279689
1.684280328
1.684280535
1.684290573
1.684290991
1.684290653
1.684292347
1.684289638
1.68429091
1.684286436
1.684290684
1.684292564
1.684287818
1.684281914
1.684291285
1.684291103
1.684289796
1.684286736
1.684287398
1.684286732
1.684280634
1.684279306
1.684288679
1.684288364
1.684272344
1.684258106
1.684286237
1.684280555
1.684271047
1.684256352
1.684257925
1.684256799
1.684256973
1.684264879
1.684263447
1.684290815
1.684291654
1.684290612
1.684289267
1.684287571
1.684286939
1.684290587
1.684286764
1.684280072
1.684280188
1.684280212
1.684280216
1.684280177
1.684280131
1.684280063
1.684280082
1.684280065
1.684280089
1.684279346
1.685887485
1.684982093
1.684279607
1.684280555
1.684280149
1.684279675
1.684279211
1.684279264
1.684839429
1.684279331
1.684278264
1.684278434
1.684278506
1.6842786
1.684278482
1.684278705
1.684279504
1.684278772
1.684279088
1.684279356
1.684288816
1.684288745
1.684288718
1.684286035
1.684287917
1.684279621
1.684284865
1.684285848
1.684286159
1.684281635
1.684279074
1.68427807
1.684286178
1.684285712
1.684288211
1.68428656
1.684283162
1.684284614
1.684284314
1.684284122
1.68428302
1.684279101
1.684278198
1.684281775
1.68428829
1.68428798
1.684286298
1.684280579
1.68427336
1.684270749
1.684285998
1.684280176
1.68426615
1.684273221
1.684270533
1.684264628
1.684264407
1.684270763
1.684271471
1.684276425
1.684289354
1.684290378
1.684289915
1.684286589
1.684290368
1.684289788
1.68428937
1.684289392
1.684287251
1.685487848
1.684280147
1.684280174
1.684280196
1.684280097
1.684280063
1.684280068
1.684280062
1.684280071
1.688208974
1.688473789
1.685113197
1.686964365
1.687403407
1.686280004
1.690238228
1.684279533
1.684279589
1.68427928
1.684279257
1.684279331
1.686093008
1.684813776
1.68726177
1.685207004
1.684278578
1.68427853
1.68427886
1.684278698
1.684279254
1.684279005
1.684279048
1.684279207
1.684279048
1.684279245
1.684278777
1.684279055
1.684284221
1.684284757
1.684282334
1.684281721
1.684277248
1.684278376
1.684280846
1.684280764
1.684278468
1.68427817
1.684278875
1.684283707
1.684283679
1.684281213
1.684280935
1.68428305
1.684284157
1.684284014
1.684280393
1.684281834
1.684280974
1.684278346
1.684278961
1.68427966
1.68428602
1.684288045
1.6842875
1.684509497
1.684285537
1.684285788
1.684281671
1.684280432
1.684287398
1.684285475
1.684279182
1.684276455
1.684277204
1.684275988
1.684271933
1.684281701
1.684278625
1.68428316
1.684287246
1.684287194
1.684283887
1.684289573
1.684289118
1.684287326
1.684287411
1.684287546
1.684289227
1.684288728
1.684288824
1.685864823
1.688304405
1.684280108
1.685581967
1.684280128
1.684280074
1.684280066
1.684280062
1.684280063
1.684280062
1.691587338
1.69156058
1.691624304
1.687935131
1.689134105
1.692496135
1.694349584
1.684279118
1.684279161
1.684279102
1.684844957
1.68945604
1.691438286
1.689874052
1.68772409
1.68789228
1.684279144
1.684279136
1.68427906
1.684278974
1.684279026
1.684279567
1.684279659
1.684279093
1.684279644
1.684279374
1.684279625
1.684279626
1.684280682
1.684279462
1.684279973
1.684279425
1.68427986
1.684278743
1.684278482
1.684278471
1.684280001
1.684279434
1.684279181
1.684281302
1.684281108
1.684281348
1.684278778
1.684279539
1.68427943
1.684280749
1.684282017
1.684279438
1.684282016
1.694880493
1.684279134
1.684278638
1.684279354
1.684279094
1.684279626
1.684278983
1.684288456
1.68613939
1.684287627
1.69478695
1.709443075
1.687684638
1.68865249
1.684284086
1.684286021
1.684284903
1.68428368
1.684300409
1.697293894
1.694530593
1.690976967
1.684283985
1.684284625
1.684281634
1.684287503
1.68428739
1.684287141
1.68428577
1.684284202
1.684285323
1.684285182
1.68428873
1.684288787
1.685286901
1.687967936
1.68782101
1.691442238
1.684280079
1.688318603
1.686010481
1.688209028
1.684503184
1.6845127
1.684535518
1.685127834
1.686711681
1.69573185
1.696063332
1.692206622
1.697647943
1.699510362
1.68427912
1.685538023
1.686135804
1.688681507
1.694616008
1.695125024
1.697814683
1.693750699
1.69286205
1.684279636
1.68427919
1.684279362
1.6842793
1.684279932
1.68427999
1.684279359
1.684279991
1.684279942
1.68427989
1.684279981
1.68427998
1.684278796
1.684278674
1.684278774
1.684280523
1.68428039
1.684278666
1.684278641
1.684279728
1.684280376
1.684280132
1.684279734
1.684279812
1.684279258
1.684278642
1.684278864
1.684280677
1.684280433
1.684279672
1.684279058
1.68427924
1.703811759
1.716709592
1.684279294
1.684279999
1.68427881
1.684279616
1.68427932
1.684279192
1.68879909
1.692964302
1.706573986
1.726425324
1.721635705
1.716225697
1.6968481
1.712666389
1.694012334
1.701412719
1.703494063
1.70623665
1.701982314
1.684281607
1.684281989
1.684279062
1.684279889
1.685512174
1.684284952
1.68428543
1.684284717
1.68627041
1.684282973
1.684284147
1.684281079
1.68428241
1.68428284
1.684283347
1.684283589
1.684282188
1.688818226
1.68793347
1.691002509
1.69093958
1.697604057
1.694460145
1.686120263
1.690953667
1.688311701
1.690799423
1.690027992
1.687402841
1.686879161
1.687454467
1.690158718
1.700335465
1.700805092
1.700387057
1.704044792
1.70488672
1.686083779
1.690162398
1.690143735
1.695761202
1.704118171
1.703823905
1.703480542
1.704910823
1.685555391
1.684279641
1.684279633
1.684279942
1.684280166
1.684280168
1.68428019
1.684318958
1.684280182
1.684280165
1.68428014
1.684280227
1.68428018
1.684279319
1.684279465
1.684278904
1.684280312
1.684280331
1.684279672
1.684279501
1.684280243
1.684280415
1.68428033
1.684280394
1.684278889
1.684278847
1.684278781
1.684279212
1.684278884
1.684279888
1.707055091
1.688239511
1.688652491
1.684279165
1.720749629
1.726570941
1.684279571
1.684279327
1.684279826
1.684279625
1.684280012
1.684280162
1.68427978
1.684279854
1.694256628
1.69892514
1.721233109
1.731997
1.731452328
1.727981778
1.725916699
1.7041419
1.72249786
1.715919041
1.715593217
1.713476711
1.709095791
1.684280001
1.684280055
1.684278989
1.690200795
1.691208869
1.684282796
1.688137844
1.685676881
1.684281961
1.684280252
1.684281994
1.684279924
1.684686531
1.684282099
1.684281449
1.68428071
1.694186724
1.691888418
1.693606971
1.69463504
1.694499825
1.698558691
1.692753444
1.69054727
1.693410791
1.69257799
1.693503793
1.691546862
1.690731473
1.693856402
1.705274354
1.703568586
1.708501473
1.70943533
1.709790081
1.704785448
1.691655851
1.696599253
1.711252513
1.711711222
1.712005935
1.710722912
1.684280231
1.684279924
1.684280141
1.684280266
1.68428025
1.684280274
1.684280266
1.686787818
1.693986529
1.684280261
1.684280248
1.684280235
1.684280264
1.68428026
1.684280277
1.684280243
1.684280171
1.684280105
1.684280172
1.684280354
1.684280387
1.684280275
1.684280345
1.684280362
1.684278867
1.684278937
1.684279035
1.684279301
1.684279542
1.684280167
1.713075929
1.696748802
1.735195558
1.728329947
1.684280005
1.69906088
1.68533643
1.68428016
1.684280025
1.684280176
1.68428011
1.68428023
1.684280182
1.698667534
1.703165214
1.726454228
1.729103805
1.734073099
1.731163275
1.736644831
1.708004302
1.724852417
1.721669319
1.718512965
1.713319667
1.684279105
1.684279282
1.684279401
1.684279401
1.684278868
1.689234367
1.694220335
1.692714802
1.689536313
1.684280636
1.684280552
1.684279488
1.689523054
1.68690549
1.684280502
1.697896609
1.695932552
1.696652656
1.697993155
1.697388809
1.702288307
1.69644381
1.696660736
1.696077575
1.696831186
1.696391819
1.696186233
1.695540786
1.696923729
1.698425651
1.709127995
1.707280705
1.713925835
1.7142914
1.714247056
1.704927919
1.717179319
1.717370668
1.715490583
1.710934098
1.684280112
1.688357939
1.68428023
1.684280205
1.684280256
1.684280275
1.684280272
1.684280257
1.684280261
1.696868745
1.701869603
1.684280254
1.684280243
1.684280228
1.684280235
1.684280251
1.684280249
1.684280389
1.684280379
1.684280025
1.684280093
1.684280326
1.684280163
1.684280356
1.684280267
1.684280294
1.684279092
1.684279032
1.684279425
1.68427948
1.684279513
1.684279832
1.684279982
1.68428028
1.684280301
1.713279488
1.717405671
1.738257874
1.731605186
1.689770342
1.703624845
1.684280217
1.694094852
1.684280232
1.684280256
1.684280245
1.739697459
1.702447005
1.706883259
1.727954796
1.73320336
1.731120935
1.735511293
1.725027181
1.71120834
1.721940409
1.716595264
1.684278893
1.684279022
1.687280511
1.684279079
1.684279044
1.684279049
1.692128115
1.696211391
1.693738284
1.699340787
1.687049707
1.685930292
1.689864143
1.693287369
1.691283123
1.68970405
1.702206816
1.699443621
1.701629134
1.700602002
1.707285816
1.699570878
1.700088072
1.699946219
1.698580273
1.699720685
1.70071884
1.700395181
1.712437048
1.712875956
1.718198535
1.718594763
1.717790333
1.704653895
1.720556778
1.710106486
1.71972165
1.715934352
1.684280192
1.688960614
1.684280222
1.68428022
1.684280211
1.690017078
1.695467338
1.684280192
1.684280202
1.684280161
1.684280218
1.684280215
1.684280209
1.699557753
1.684280203
1.684280194
1.684280184
1.684280199
1.684280169
1.684280169
1.684280227
1.684280159
1.684280025
1.684280028
1.684280044
1.684280116
1.684280062
1.684280225
1.684280197
1.684280168
1.684280098
1.684279379
1.684279398
1.68427937
1.684279788
1.684280049
1.684279766
1.684280044
1.6842802
1.684280288
1.684280122
1.684280222
1.724529973
1.742111664
1.736807282
1.708171918
1.699776488
1.684316269
1.684280196
1.684280183
1.738370643
1.743191718
1.745175814
1.70603969
1.710084844
1.730749905
1.728179107
1.732654621
1.723715351
1.714296576
1.719116957
1.691538036
1.684397704
1.687964653
1.685103045
1.695405325
1.696931219
1.700142956
1.694847133
1.692355338
1.69565842
1.696868938
1.695054699
1.703701076
1.706992362
1.702355881
1.70549987
1.703847198
1.7131081
1.702608579
1.702999998
1.70414153
1.703753285
1.701494903
1.702283203
1.717449116
1.720300567
1.722255783
1.722591947
1.722221555
1.704037639
1.723473431
1.710428148
1.715502179
1.720693414
1.688867097
1.684280187
1.68996186
1.69492158
1.68428015
1.684280145
1.684280138
1.684280118
1.684280092
1.684280146
1.684280134
1.684280135
1.696741609
1.684280131
1.684280129
1.684280121
1.684280124
1.684280091
1.684280101
1.684280093
1.684280051
1.684280041
1.684280037
1.684280025
1.684280023
1.684280029
1.684280025
1.684280087
1.684280039
1.684280018
1.685601728
1.684279697
1.684279758
1.684280181
1.684280022
1.684280178
1.684280019
1.684280263
1.684280248
1.684280247
1.684280057
1.684280119
1.684280181
1.726526339
1.74112532
1.70999159
1.717456261
1.704941756
1.698183766
1.685177896
1.735681051
1.742247801
1.748746303
1.747698857
1.710114844
1.713649761
1.729682363
1.726802118
1.721860061
1.717383975
1.695339246
1.69172188
1.688045039
1.687873419
1.698522662
1.699137798
1.700993475
1.69931343
1.698410362
1.701624422
1.700591882
1.704148211
1.70784219
1.710861294
1.704760698
1.708175958
1.709699266
1.719443392
1.70643234
1.709789608
1.707639371
1.704777101
1.704602054
1.724377746
1.728769372
1.727702425
1.72531599
1.726313058
1.702841232
1.724913291
1.709616103
1.715792647
1.721006422
1.688920765
1.691174073
1.691195386
1.685416847
1.684280102
1.684280099
1.690673532
1.684280081
1.684280063
1.684280061
1.684280059
1.684280064
1.684280071
1.684280067
1.696054073
1.684280069
1.68746256
1.684280054
1.684280015
1.684280013
1.684280055
1.684280035
1.684280028
1.68428002
1.684280018
1.684280014
1.684280018
1.684280027
1.68428003
1.68711601
1.685023049
1.684279974
1.684280042
1.684280231
1.684280173
1.684280227
1.684280172
1.684280233
1.684280223
1.684280183
1.684280034
1.684280107
1.684280045
1.684280062
1.684280122
1.727739878
1.73982299
1.72143348
1.713443197
1.705174517
1.732426514
1.749367417
1.740062193
1.74803036
1.752970562
1.714674054
1.717833522
1.725326225
1.721021401
1.729339391
1.695238069
1.690822508
1.699563672
1.689287878
1.703989491
1.70201358
1.704209338
1.705879082
1.706556823
1.71127579
1.706643999
1.707160698
1.714096947
1.714332893
1.725639081
1.712008401
1.715876845
1.710958202
1.70953252
1.733616129
1.735507401
1.734027366
1.729594141
1.726936088
1.702483989
1.724624047
1.709252813
1.719579952
1.714962635
1.702789003
1.722372619
1.685512024
1.684280073
1.684280071
1.715642839
1.688126795
1.691280765
1.68428006
1.699537422
1.69112406
1.697078776
1.684280056
1.685643092
1.684280055
1.684280055
1.695414699
1.684280056
1.709875629
1.698525738
1.684280024
1.684280032
1.684280057
1.684280069
1.68428005
1.684280041
1.684280028
1.684280034
1.684280042
1.68428005
1.684280034
1.684280048
1.685146469
1.686708261
1.684280163
1.684280217
1.684280216
1.684280226
1.684280226
1.684280174
1.684280173
1.684280122
1.684280038
1.68428007
1.684280046
1.684280076
1.734018613
1.744436925
1.730223663
1.722801111
1.737088771
1.754581798
1.746802889
1.755542828
1.718981184
1.723351903
1.725953744
1.733672097
1.703415232
1.6929377
1.697147908
1.688773645
1.707134193
1.706216896
1.710241403
1.708146018
1.711918328
1.708657338
1.71571783
1.708234196
1.710885613
1.720233862
1.73382684
1.719888218
1.717184957
1.716590776
1.743648155
1.74869348
1.734744398
1.727698963
1.723908868
1.69991205
1.718545643
1.707995177
1.712955831
1.684280062
1.68428006
1.729517328
1.725918561
1.686392168
1.689335702
1.684280058
1.710367471
1.709942286
1.709489762
1.684280061
1.703611575
1.686671886
1.695923792
1.690394618
1.692018878
1.684454683
1.723381975
1.684280078
1.712783442
1.684280049
1.684280058
1.684280072
1.684280066
1.684280053
1.684280059
1.684280066
1.68428007
1.686406352
1.684280068
1.684280049
1.684280065
1.684280049
1.684957912
1.684280174
1.684280209
1.684280121
1.684280127
1.684445315
1.684338878
1.68428005
1.685679861
1.757101523
1.750369229
1.740831695
1.748660433
1.736057088
1.743992961
1.760851473
1.761605404
1.753580082
1.724717254
1.731922229
1.742095285
1.700768495
1.704935042
1.690920217
1.694020494
1.687757672
1.711330832
1.711572572
1.71271886
1.70975716
1.7166101
1.713000701
1.721233511
1.710459209
1.71625537
1.736558609
1.724135321
1.725809925
1.723950717
1.722997586
1.742658734
1.755392072
1.730746375
1.717925031
1.726309301
1.692707321
1.699831912
1.711573535
1.703897419
1.684280059
1.714431473
1.738845413
1.737980844
1.689035096
1.687501043
1.686941862
1.685608092
1.722278504
1.722251752
1.690830966
1.706977931
1.700065829
1.697349666
1.690887722
1.691335845
1.736171591
1.684280084
1.724881014
1.684280072
1.684280077
1.68428008
1.684280082
1.684280074
1.684280078
1.684280081
1.684280081
1.686246862
1.684280079
1.684280063
1.684280075
1.68586453
1.685335368
1.685244037
1.685423661
1.687129095
1.686760911
1.761650383
1.755914164
1.746437223
1.75346536
1.767024348
1.76382243
1.732543381
1.753466832
1.743350224
1.687688632
1.698184796
1.701691774
1.692210216
1.689441481
1.704876138
1.715160922
1.717231802
1.71046708
1.726821454
1.728148037
1.719149358
1.687288554
1.713921341
1.738397396
1.729594993
1.730322432
1.729157199
1.743302408
1.757387651
1.725240196
1.714463072
1.693278605
1.694216785
1.702556798
1.716387682
1.751289696
1.750211993
1.691011347
1.690421042
1.73537218
1.734814644
1.698274922
1.71928462
1.709398712
1.703793384
1.69474621
1.69617094
1.751523271
1.684280086
1.69970811
1.736983732
1.728783349
1.684280083
1.684280085
1.684280086
1.684280086
1.684280086
1.684280084
1.684280086
1.684280085
1.686734855
1.684280083
1.685600272
1.685069074
1.687647443
1.687197107
1.687339532
1.689054878
1.766782434
1.774564748
1.762657509
1.782194842
1.76251211
1.770511179
1.745644594
1.762054155
1.688574276
1.697844965
1.694455624
1.690430654
1.702988905
1.715446482
1.721652818
1.708549709
1.741934301
1.733019804
1.723442599
1.726572155
1.688361014
1.688109009
1.72176022
1.733420398
1.733722227
1.731878857
1.738719858
1.744817159
1.74612895
1.710618012
1.718560147
1.701269316
1.696000315
1.695453847
1.764021918
1.695753147
1.748757428
1.747356776
1.722567666
1.704320038
1.711802051
1.701654069
1.703088835
1.766103513
1.77850685
1.684280085
1.706889889
1.712176894
1.749705538
1.736443861
1.684280086
1.684280085
1.684280085
1.684280085
1.684280086
1.684280084
1.684625479
1.685633258
1.689063283
1.685533219
1.687116945
1.68683687
1.689597653
1.691050418
1.690306103
1.794580727
1.785902069
1.797967584
1.786043341
1.771051934
1.770973059
1.758214554
1.689380495
1.696543718
1.6918679
1.702521619
1.712387708
1.696861415
1.743471274
1.713633445
1.733204259
1.726613346
1.689480485
1.689635635
1.691618676
1.733707952
1.74808677
1.727286002
1.73272177
1.743310959
1.726914055
1.729487776
1.708127177
1.700279645
1.702994065
1.696162772
1.722358243
1.761037149
1.712133034
1.71127225
1.782878127
1.800165679
1.684280082
1.721717997
1.731059868
1.773110627
1.762851801
1.749530985
1.684280082
1.684280081
1.684280081
1.684409087
1.684280082
1.686796214
1.686175215
1.687185455
1.692554048
1.687125649
1.692835309
1.688500499
1.691340167
1.821395608
1.817990158
1.799261686
1.782573308
1.767718654
1.690273671
1.692172613
1.690712404
1.692876283
1.703065051
1.706346563
1.69795953
1.757356406
1.712158878
1.733666279
1.722452542
1.691368887
1.694540639
1.69427677
1.77168103
1.752152536
1.725029744
1.752003815
1.718402148
1.719663733
1.708182151
1.701174796
1.700490725
1.708719642
1.808067917
1.684280078
1.731924372
1.744792234
1.784728934
1.769385509
1.830169245
1.684280078
1.684774976
1.684803426
1.68846094
1.685639931
1.688069867
1.687792723
1.694665171
1.688515838
1.692050833
1.690086174
1.689468907
1.849389231
1.837530574
1.823277253
1.806039608
1.782024676
1.692264287
1.691078732
1.694240162
1.693090971
1.693884737
1.772069782
1.707050345
1.702461196
1.698484523
1.710754153
1.739423499
1.719553119
1.697159397
1.696577392
1.700429473
1.795042316
1.771003324
1.768340066
1.806910935
1.725306344
1.712234574
1.723233141
1.705941804
1.708837606
1.720771288
1.826777826
1.837462329
1.806513001
1.684280077
1.750301273
1.764602065
1.786491853
1.838250781
1.686392635
1.68739675
1.688146326
1.689844889
1.688693275
1.689185995
1.69189127
1.690097398
1.690544659
1.690996031
1.870000228
1.862799304
1.842801886
1.844923771
1.809855189
1.69412156
1.696844385
1.694981999
1.695396327
1.760750852
1.703983939
1.698619675
1.714289521
1.698547401
1.69566067
1.693012382
1.699708078
1.704130589
1.813149
1.762788047
1.846003552
1.724844588
1.718853808
1.738290279
1.719891248
1.740842061
1.837589158
1.822602814
1.859821735
1.82085065
1.833861151
1.808318518
1.772376332
1.687215186
1.774822073
1.796821859
1.83455812
1.689210081
1.69010911
1.690986817
1.691560262
1.692216355
1.690895891
1.692827001
1.691919379
1.876259474
1.874666082
1.8666761
1.851080459
1.795386515
1.697854884
1.702141993
1.701678415
1.699216335
1.702210453
1.715253112
1.703688622
1.695017777
1.693754809
1.696921172
1.700924475
1.705974452
1.704835528
1.781270052
1.735797355
1.815580257
1.770496256
1.792409481
1.758861433
1.76784625
1.794676091
1.804879246
1.81793059
1.816486905
1.793158842
1.82227092
1.883014204
1.869264845
1.823227333
1.853250756
1.689436642
1.818324385
1.877298483
1.691812622
1.693097143
1.694702573
1.692803341
1.694186482
1.912876495
1.870724861
1.797327159
1.728626583
1.705819882
1.705471169
1.707523145
1.710563073
1.694459526
1.695241484
1.696112363
1.698535431
1.702494531
1.707950207
1.771313358
1.824622833
1.773791264
1.827921885
1.780316987
1.843970468
1.817169527
1.83251843
1.795454053
1.824260381
1.821114201
1.841973184
1.861325646
1.914384073
1.960897067
1.929638739
1.899832159
1.9372625
1.853251711
1.807220878
1.691383373
1.891028881
1.909892871
1.693011734
1.696000662
1.69742216
1.696465864
1.88821983
1.802346951
1.760096786
1.732488234
1.706404425
1.706771959
1.710487076
1.696778112
1.697817021
1.698890175
1.701882808
1.705973946
1.705493781
1.709256506
1.835272216
1.86335082
1.841159656
1.82974899
1.894285185
1.905415956
1.893609402
1.84627351
1.796442177
1.802946375
1.846086721
1.908268183
1.872777789
1.861076832
1.897407253
1.898011706
1.871521392
1.833130829
1.94050439
1.941418868
1.695058937
1.698196395
1.700872105
1.700631092
1.81516288
1.750981841
1.731329861
1.714628371
1.710357542
1.700355119
1.70119576
1.702183914
1.706720777
1.711291627
1.714267206
1.897656659
1.902760629
1.930920457
1.883160091
1.893853451
1.926482935
1.965658023
1.919835955
1.823702198
1.817391285
1.923714576
1.813996675
1.913492299
1.933501181
1.89441082
1.898914014
1.900997321
1.897282789
1.80401367
1.940739542
1.806964839
1.697669602
1.701274324
1.705785789
1.746411023
1.72985584
1.727564562
1.723067604
1.706672634
1.705455165
1.711408772
1.720622603
1.972355847
1.945710982
1.928095784
1.897165242
1.892340197
1.931971954
1.956096628
1.943269366
1.88155937
1.854368627
1.947239823
1.841481409
1.939181231
1.902561566
1.826950002
1.874527597
1.920739668
1.831513387
1.756061957
1.82664222
1.700980328
1.704599589
1.705864044
1.710065081
1.75474298
1.760001136
1.749194308
1.732638415
1.712968521
1.712783078
1.715856168
1.7183891
1.949832792
1.979297863
1.897648935
1.889642095
1.913155506
1.914866362
2
1.899989194
1.977239265
1.983351354
1.884283266
1.883424206
1.901486015
1.827199728
1.836938863
1.897806799
1.774389191
1.789157572
1.805815144
1.705638016
1.708511282
1.715386183
1.776904057
1.746611936
1.725589901
1.723336203
1.719937956
1.90827383
1.938074296
1.916115978
1.901657798
1.912051834
1.833993642
1.979797463
1.946723683
1.981645361
1.892961223
1.880196846
1.890236226
1.883517741
1.857052373
1.893081675
1.773743436
1.780477769
1.766697328
1.712139107
1.716330636
1.726674418
1.736490203
1.73755643
1.741716389
1.729946932
1.926428486
1.947208969
1.947124565
1.912887959
1.848083257
1.778855479
1.955002607
1.981200777
1.934089145
1.946073435
1.9199837
1.876169943
1.889607812
1.910633774
1.91243112
1.92609496
1.751261311
1.753496207
1.718091245
1.724642436
1.735750077
1.735614319
1.756164423
1.770059573
1.759022939
1.941097132
1.934365047
1.952461582
1.923296844
1.815611192
1.783767557
1.962360338
1.956165116
1.922349835
1.925604946
1.921413861
1.931900337
1.943338801
1.924899534
1.930732257
1.937125721
1.743308631
1.731293786
1.753937482
1.763910067
1.762758788
1.777117961
1.784987342
1.758998211
1.969036055
1.95856174
1.966013409
1.879780321
1.809018366
1.952176347
1.93372678
1.928442572
1.939491841
1.939033818
1.920625624
1.95863422
1.961281213
1.786542213
1.767870043
1.737526704
1.764018466
1.785408499
1.77300309
1.77241104
1.953207602
1.970757474
1.837163738
1.896628129
1.955613526
1.954009684
1.96544118
1.966072431
1.975180653
1.968215202
1.937939454
1.785095322
1.785590321
1.740571427
1.75842372
1.765703312
1.814319799
1.966504162
1.966359525
1.813440337
1.900938426
1.97630003
1.964197064
1.950852341
1.963120377
1.962256928
1.945603687
1.929884351
1.771340777
1.755188145
1.759148474
1.84626735
1.768572049
1.980718242
1.938097962
1.862905
1.96868639
1.937631023
1.93117113
1.93780611
1.930493766
1.923971728
1.756258655
1.788742654
1.847563538
1.757035342
1.77175042
1.957616347
1.930827665
1.938073961
1.908913461
1.92890254
1.916754664
1.918217172
1.774214264
1.88482048
1.779994291
1.750388813
1.948006751
1.924684133
1.898149892
1.90871055
1.907530776
1.905224226
1.743625878
1.811811298
1.756885448
1.972105808
1.904685664
1.891546134
1.893480802
1.873327092
1.761273753
1.752945792
1.809543506
1.863872806
1.928102313
1.895837743
1.898052772
1.812216407
1.793824746
1.837394276
1.847877798
1.884189221
1.890647421
1.884250874
1.848224005
1.844608384
1.840034104
1.848964792
1.947499025
1.908119717
1.857648656
1.843012054
1.905415253
