1.679341636
1.679341636
1.679341636
1.681415446
1.679341636
1.681408484
1.679341636
1.683867197
1.684474514
1.686977953
1.685709444
1.682765241
1.679341636
1.68201774
1.68847753
1.687673271
1.687804311
1.679341636
1.679341636
1.679341636
1.687404149
1.689128466
1.686036432
1.683402124
1.687914042
1.687845122
1.685890286
1.686133107
1.683941354
1.682502126
1.681374857
1.679341636
1.688896799
1.68859014
1.687986263
1.687000268
1.684307281
1.685148026
1.685671843
1.682967813
1.68266124
1.685788718
1.679341636
1.682968853
1.679341636
1.679341636
1.688748984
1.686710128
1.688886629
1.688839124
1.682176418
1.682161437
1.682321265
1.68333126
1.682859864
1.682925185
1.688070024
1.683656118
1.687787227
1.682592294
1.681931129
1.679341636
1.679341636
1.679341636
1.679341636
1.686414536
1.687863174
1.688755833
1.682455512
1.6805567
1.681300954
1.680611621
1.682386285
1.684899997
1.684678076
1.679341636
1.688865451
1.686924867
1.688639429
1.686198194
1.683509205
1.682333885
1.682547959
1.684300631
1.685731628
1.686726835
1.684164481
1.686058887
1.682900271
1.680692486
1.681738037
1.68049125
1.681607788
1.681410852
1.686667871
1.686215797
1.686199201
1.682045069
1.679341636
1.687834018
1.688919465
1.688385109
1.687411943
1.686752164
1.686120843
1.682377102
1.683200184
1.684584018
1.687165904
1.685672343
1.685116346
1.683932487
1.684597242
1.683470231
1.681152024
1.681019642
1.687429143
1.685898141
1.685512993
1.684883736
1.679341636
1.68412912
1.681594985
1.679341636
1.679341636
1.687087184
1.688415051
1.688870859
1.688955884
1.688914102
1.687946564
1.680858356
1.681308263
1.683492272
1.680953417
1.688039214
1.687717757
1.687467192
1.68686077
1.685393006
1.682538612
1.68157299
1.686218325
1.687905618
1.684448908
1.684173848
1.684104304
1.679341636
1.683704338
1.682283473
1.681802073
1.688329013
1.685379351
1.686580575
1.687449942
1.688421171
1.689251679
1.680576849
1.681071213
1.682162463
1.681045682
1.688725717
1.689010292
1.688890148
1.688002738
1.685279143
1.683528111
1.6859205
1.687045306
1.683712461
1.683963851
1.683458999
1.684391145
1.684581751
1.684737614
1.686537212
1.685486862
1.68881774
1.688453106
1.683084193
1.68379351
1.684982299
1.686980344
1.682951246
1.682615175
1.681102554
1.68186506
1.687792398
1.688370629
1.688701339
1.688085129
1.686918309
1.686191477
1.684479153
1.684968281
1.685104726
1.684365831
1.683675713
1.683046496
1.686022402
1.686180282
1.686877844
1.687431947
1.687645801
1.686274328
1.687353654
1.687160216
1.680846088
1.681187365
1.682696186
1.683243641
1.685637473
1.684406214
1.681581441
1.685682715
1.686866634
1.6881419
1.686191192
1.688297249
1.688224103
1.688155571
1.682797614
1.683015253
1.686342845
1.685428895
1.683454309
1.687236361
1.687118265
1.687259786
1.687726484
1.687956147
1.685708856
1.684559919
1.685119578
1.680336917
1.680134211
1.681006311
1.682298247
1.687478599
1.685166563
1.683028772
1.683815276
1.684128225
1.687302273
1.685212612
1.687877081
1.688338636
1.688721821
1.68276528
1.682590199
1.687732197
1.686348301
1.685170521
1.686773673
1.68663713
1.687334634
1.688094235
1.688796997
1.683056938
1.68304376
1.681657008
1.681300353
1.681811717
1.68253091
1.688095866
1.688599333
1.686637748
1.68511882
1.68301447
1.683647432
1.685852226
1.684262837
1.686154307
1.687000786
1.686833797
1.684409462
1.684071966
1.68914092
1.688737421
1.688130931
1.687385745
1.6859249
1.685915702
1.68586779
1.686242663
1.685627686
1.686679339
1.687658407
1.683114277
1.683977483
1.683492524
1.683524526
1.688659795
1.688056439
1.687998404
1.687004301
1.683987713
1.683777135
1.683712453
1.683867459
1.684256643
1.685413685
1.686087259
1.686702122
1.687654826
1.688612465
1.689533352
1.689360013
1.688927532
1.685665537
1.686064674
1.686427462
1.685200688
1.685348102
1.685574135
1.685247802
1.686024374
1.685471953
1.68858377
1.686984092
1.688416555
1.687588951
1.685189878
1.683734757
1.682774682
1.68243563
1.683065204
1.684648864
1.687594479
1.688421315
1.686121252
1.687109837
1.68901072
1.689031268
1.689018196
1.686684446
1.68541042
1.687161261
1.68741947
1.684620191
1.68412493
1.684098859
1.686415982
1.686695029
1.68703247
1.687280618
1.68678197
1.684415701
1.685816985
1.688163485
1.684286475
1.683158477
1.682706344
1.683086698
1.689070257
1.689060038
1.684759375
1.686612666
1.687200545
1.687728594
1.68796208
1.68688702
1.688437662
1.68582996
1.687890083
1.688110162
1.688206541
1.684779021
1.683980405
1.683679234
1.6853454
1.685895058
1.685277416
1.685341537
1.684905649
1.683349109
1.683707599
1.687059924
1.68908123
1.685916139
1.684847996
1.683795089
1.684294649
1.688214188
1.689018836
1.684160837
1.684711447
1.685141405
1.685824615
1.688637271
1.689071372
1.687941332
1.689395863
1.687090594
1.687957373
1.688201902
1.686092879
1.684991097
1.684018144
1.685938918
1.683964279
1.683999288
1.683991634
1.683730281
1.683806743
1.688775821
1.689603778
1.688109165
1.686600326
1.685190901
1.686279745
1.68704421
1.688668412
1.683803734
1.683690393
1.683803255
1.68451384
1.688661174
1.689379902
1.68934241
1.689915159
1.688906371
1.688055722
1.688119113
1.688082665
1.687985588
1.68831796
1.685126739
1.687598184
1.684178738
1.684137795
1.684896105
1.685225616
1.689947216
1.689279168
1.688251461
1.686314575
1.687166501
1.686075061
1.688281279
1.684470262
1.683811326
1.683410644
1.683766456
1.688469449
1.68936914
1.690259935
1.690061206
1.688388164
1.687570012
1.687816467
1.688791641
1.689852529
1.689648842
1.686976778
1.689073274
1.685806609
1.686566877
1.689047987
1.688809283
1.688184555
1.687451578
1.685452066
1.683542422
1.686747651
1.686184276
1.684901352
1.683706702
1.687986819
1.689168115
1.689789138
1.689979748
1.689042022
1.688205546
1.687016114
1.687420143
1.68979334
1.690106192
1.690185194
1.689373836
1.687079761
1.687334795
1.687367699
1.687609106
1.687582564
1.683744093
1.684328245
1.683427708
1.68515792
1.688147969
1.686669271
1.685575943
1.687546559
1.686734344
1.688218557
1.68899956
1.688649037
1.68986819
1.689101286
1.688216938
1.687291283
1.690529799
1.690516517
1.689547812
1.690176089
1.690056492
1.68678784
1.686964381
1.685894215
1.686591434
1.686179653
1.684640601
1.683770597
1.684048943
1.68442677
1.68939752
1.68837199
1.687112483
1.687135568
1.686872566
1.686708509
1.687077341
1.687740274
1.687240087
1.69010348
1.689491194
1.688775798
1.688266265
1.690718245
1.690689027
1.690613302
1.68893153
1.687097892
1.689673986
1.689999772
1.685818211
1.685593319
1.685257991
1.685772707
1.684465236
1.684846496
1.689886955
1.689278639
1.68810437
1.687755666
1.687158006
1.686495887
1.68628355
1.686146787
1.686074562
1.690373193
1.690018991
1.689637176
1.689185243
1.690575683
1.69062342
1.690483731
1.690675587
1.690684192
1.687956243
1.686434243
1.688739376
1.689353965
1.685738115
1.685438155
1.6865001
1.685933205
1.685922025
1.689672654
1.689443927
1.688353512
1.688469771
1.687105523
1.686483468
1.686176889
1.686050973
1.690611351
1.690463987
1.690260109
1.689840664
1.690626598
1.690547819
1.690477881
1.690306837
1.690524475
1.690560456
1.687000595
1.686197224
1.687595852
1.688342307
1.686559304
1.687456668
1.686933411
1.68892797
1.689068085
1.688567306
1.68842944
1.68886697
1.688120727
1.687589066
1.68654772
1.687073279
1.690543126
1.690472343
1.690391422
1.690045581
1.691097345
1.691776446
1.692243383
1.690558529
1.69018042
1.690158941
1.690122303
1.690067836
1.686304657
1.686794538
1.68730544
1.687420527
1.687807933
1.687661817
1.688474668
1.687958597
1.688105812
1.686995122
1.6897089
1.689380344
1.68887672
1.688056944
1.689917252
1.689808018
1.690169281
1.689641717
1.690301582
1.692263902
1.692270598
1.692027998
1.691070808
1.691687904
1.690403444
1.689843314
1.689700194
1.689312456
1.68670263
1.686749589
1.686986963
1.687590824
1.687399395
1.687879976
1.687844012
1.688593943
1.687887879
1.690427321
1.69032265
1.689796913
1.690011331
1.689020705
1.688738045
1.689710633
1.68879053
1.690080449
1.692299786
1.692105632
1.692226335
1.691709135
1.691015978
1.689623224
1.690199811
1.69231343
1.688922798
1.689424586
1.687591276
1.687524723
1.687614371
1.687698553
1.68774056
1.687933899
1.688428709
1.689412448
1.689071959
1.690545988
1.689772458
1.690382928
1.690469347
1.690665086
1.688998674
1.688492106
1.68820223
1.688278963
1.688762188
1.688838537
1.688275295
1.688421119
1.692198237
1.691962433
1.692293672
1.692092146
1.691696448
1.690917921
1.690142208
1.692328501
1.692192389
1.688979856
1.689595539
1.690095165
1.688963083
1.688789009
1.688581322
1.688583525
1.689476393
1.689585423
1.690344264
1.690286977
1.690548852
1.689689846
1.690217296
1.690149426
1.688543347
1.688265945
1.68875726
1.688118233
1.688453822
1.688205922
1.688162142
1.688166809
1.692045646
1.691869394
1.692307304
1.692078342
1.690791681
1.691791816
1.691325359
1.690757747
1.692251024
1.692347021
1.692111311
1.692376983
1.689817438
1.69058398
1.690830599
1.691101626
1.69027872
1.689948307
1.69034666
1.690503963
1.690956636
1.69083059
1.690187142
1.689394952
1.689145516
1.688502011
1.688516726
1.688356857
1.688674704
1.688403024
1.688340591
1.689511336
1.688115383
1.688381625
1.689092103
1.688098604
1.688176051
1.688354254
1.688668837
1.689020249
1.691966408
1.692095815
1.691869746
1.69182946
1.692272912
1.692049107
1.691300897
1.691704592
1.691512121
1.69236616
1.692311192
1.692386954
1.692245292
1.690878411
1.691835433
1.691545509
1.691818372
1.690908096
1.690693668
1.690770034
1.690818461
1.690729968
1.6902809
1.689378068
1.688859727
1.688692795
1.688770846
1.689054446
1.688698526
1.689076855
1.68881526
1.689967731
1.690308904
1.688330777
1.690399749
1.689604274
1.688925893
1.688340281
1.688421718
1.688727087
1.68950545
1.689040634
1.689450842
1.692161124
1.691925114
1.692032264
1.691816563
1.691842064
1.691853959
1.692226217
1.692034675
1.691821505
1.691979652
1.692342104
1.692408802
1.692367149
1.692320844
1.692256783
1.691428302
1.692100631
1.692477503
1.692199497
1.692255739
1.689485187
1.690716063
1.690689669
1.690485993
1.690367358
1.690129651
1.689630021
1.689556357
1.689496248
1.68904344
1.690074329
1.689774284
1.689452663
1.689363444
1.69096017
1.691385441
1.688691844
1.691015056
1.690090133
1.689222921
1.688668184
1.688873899
1.689077966
1.690055631
1.689964731
1.6894253
1.689495167
1.689955387
1.692077081
1.691958308
1.691891502
1.691827461
1.691823832
1.691854012
1.691827656
1.692191308
1.692222664
1.692128937
1.692206793
1.692353381
1.692406515
1.692407477
1.692349632
1.692290157
1.692658986
1.692472747
1.6927549
1.692491052
1.692595039
1.692408248
1.690463118
1.690387668
1.690535202
1.69032755
1.690061431
1.689789197
1.690395969
1.689939288
1.689840697
1.690612916
1.690385564
1.690116945
1.691787273
1.692427147
1.689041519
1.691627721
1.690764704
1.690094684
1.689567644
1.689111992
1.689194069
1.689496349
1.689465478
1.690015501
1.689723849
1.689466947
1.690793004
1.690588664
1.690464273
1.68992878
1.690486549
1.691022596
1.691903008
1.691979957
1.692059361
1.69184134
1.691826002
1.691854868
1.691894362
1.69181888
1.692298095
1.692202607
1.692083557
1.692309349
1.692352736
1.6924074
1.692420803
1.692426645
1.692408344
1.692370991
1.692452756
1.692803431
1.692839392
1.692770113
1.692698682
1.692578219
1.692695299
1.692629045
1.692541756
1.692486582
1.691125734
1.69121477
1.691205098
1.690875719
1.69058263
1.690609082
1.69019877
1.691431071
1.690974675
1.690721463
1.691452631
1.691169563
1.690966789
1.692243884
1.692613161
1.692357354
1.69292532
1.692018305
1.692443
1.690412034
1.689505052
1.691595811
1.69115497
1.690583058
1.6900273
1.689587731
1.689481619
1.689766262
1.689738722
1.690094685
1.689895689
1.691494794
1.691503492
1.691323282
1.690998486
1.690576732
1.690953179
1.691475655
1.691834241
1.691855432
1.691908028
1.691967492
1.69181641
1.691842173
1.691892834
1.691942301
1.69183087
1.692299369
1.692203863
1.692101393
1.692429047
1.692478392
1.692474531
1.692375865
1.692443775
1.692417015
1.69246463
1.692932669
1.692930698
1.692886682
1.692640577
1.692761097
1.6926115
1.692544516
1.69263763
1.692577667
1.692541585
1.691770774
1.691750511
1.691861971
1.691622252
1.691488924
1.69185553
1.691112515
1.692052524
1.691812463
1.692123892
1.692295162
1.691673479
1.691976558
1.692142872
1.692843559
1.692738433
1.692787487
1.693008936
1.690915143
1.692044913
1.692452943
1.690566475
1.690034757
1.691607295
1.691099892
1.690552381
1.689966635
1.690023534
1.689984306
1.689994396
1.690268245
1.690215647
1.691830993
1.691917001
1.691896356
1.692307124
1.691394653
1.69143261
1.691873843
1.691463562
1.691985006
1.691812956
1.691818785
1.691851194
1.691880991
1.691819339
1.691997886
1.691878245
1.69195381
1.691859199
1.692300139
1.693616544
1.692803303
1.692206264
1.692496845
1.692525107
1.692485026
1.692365157
1.692424972
1.692940878
1.692448189
1.692717149
1.692775577
1.692771933
1.692554919
1.692499585
1.692380206
1.692540813
1.692359058
1.692581415
1.692565831
1.692244635
1.692295302
1.692279638
1.692208588
1.692088429
1.69231309
1.692486153
1.692382439
1.692275433
1.692410715
1.692432915
1.692357632
1.69258167
1.692567072
1.692409208
1.692768613
1.693008852
1.692945946
1.692969114
1.69298338
1.69301761
1.692897201
1.69269075
1.691076577
1.692065309
1.692453449
1.692767873
1.691011893
1.690619173
1.690526211
1.691613762
1.691069997
1.690329445
1.690649955
1.690515502
1.690262496
1.690249558
1.690506266
1.690537892
1.690779944
1.69232217
1.692219436
1.69226567
1.692570392
1.691928388
1.692275946
1.692343951
1.691919846
1.691555697
1.693111984
1.691808074
1.691800193
1.691809924
1.691840158
1.692056925
1.69192768
1.692018457
1.69190124
1.695860416
1.69620324
1.693122018
1.694929652
1.695223722
1.694193558
1.698042323
1.692516994
1.692500258
1.692489541
1.692450182
1.692472165
1.694140936
1.692943093
1.695334033
1.693338555
1.692438487
1.692468731
1.692338509
1.69246803
1.692498984
1.692494308
1.692198292
1.692133563
1.692471087
1.692130869
1.692453985
1.692175523
1.692565991
1.692580833
1.692703885
1.692636888
1.692329118
1.692251111
1.692608576
1.692524361
1.692492166
1.692380348
1.692226035
1.692707419
1.692739555
1.692793894
1.692772052
1.69272922
1.692986731
1.692993005
1.693022944
1.693086286
1.693063301
1.692686891
1.692236992
1.69300837
1.69145118
1.692095951
1.692515611
1.693224148
1.692841819
1.691458448
1.691098282
1.69108444
1.691973932
1.691569655
1.691006575
1.690812178
1.690861259
1.69078105
1.690565606
1.691126461
1.690906035
1.691242173
1.692558223
1.692569212
1.692754428
1.692288911
1.692303793
1.69256137
1.692562912
1.692575468
1.692003709
1.692354142
1.691894713
1.693408963
1.695869241
1.691821139
1.693092074
1.691800482
1.691878667
1.692121795
1.691980014
1.692053679
1.691955472
1.699299668
1.699144706
1.699267192
1.695922428
1.697037888
1.700325159
1.702070723
1.692459141
1.692448834
1.692414053
1.692972533
1.697454867
1.69942773
1.69790856
1.69580488
1.695960529
1.692139978
1.692208255
1.692424734
1.692341198
1.692364949
1.691927478
1.691893965
1.692351777
1.69192334
1.692109571
1.691872924
1.691853388
1.692715258
1.692737458
1.692676453
1.692065335
1.692048669
1.69261617
1.692549656
1.692382964
1.692032698
1.692178189
1.692209874
1.692842384
1.692815706
1.69282954
1.69271387
1.692808428
1.692793536
1.693073612
1.693093493
1.692966936
1.693095067
1.703695584
1.692882176
1.692522314
1.69296828
1.692184049
1.691843154
1.692674233
1.691875234
1.693737809
1.692419693
1.703329755
1.718241002
1.695088535
1.696634969
1.691406878
1.691659082
1.6914908
1.691340564
1.691225161
1.704799829
1.701933751
1.698309041
1.692773138
1.692746512
1.692849225
1.692581004
1.692579582
1.692606147
1.692686033
1.692777927
1.692734828
1.692765322
1.692352548
1.692237674
1.693199141
1.6954807
1.69533542
1.698961128
1.691854292
1.695871737
1.693560275
1.695813732
1.692157351
1.692350273
1.692312218
1.692863405
1.694622659
1.703356911
1.703605018
1.700097394
1.705371007
1.707124183
1.69236614
1.693622303
1.694162795
1.696709204
1.702500275
1.703047898
1.705657542
1.701710807
1.700820666
1.691944259
1.692306063
1.692141678
1.69221074
1.69168664
1.691666473
1.692202308
1.691689657
1.691759053
1.691822577
1.691616682
1.69158529
1.692491898
1.692623516
1.692670662
1.691866246
1.691898392
1.692477531
1.69239559
1.692113432
1.69188602
1.691993859
1.692831262
1.692847719
1.692817345
1.692619778
1.692712381
1.693101334
1.693082171
1.693001724
1.692644802
1.692838024
1.712635819
1.725538722
1.692308508
1.691542866
1.692419819
1.691848855
1.692160897
1.692190048
1.696840662
1.700983293
1.715044113
1.735250972
1.730439692
1.724933723
1.70480765
1.721105159
1.701849135
1.709262031
1.71131539
1.71431555
1.710010107
1.692861246
1.692868378
1.69278936
1.692859891
1.693864683
1.692790857
1.692757324
1.692813743
1.694790486
1.692888541
1.692789578
1.692887369
1.692858315
1.692889967
1.692837246
1.692839732
1.692898409
1.697136295
1.695921442
1.698503355
1.698472927
1.705101295
1.701949861
1.693760831
1.698547969
1.695965526
1.698463828
1.698018294
1.695153295
1.694746503
1.69527934
1.698111058
1.707879634
1.708296251
1.708107624
1.711639031
1.712415147
1.694041452
1.698119082
1.698038779
1.703633563
1.711804906
1.711555094
1.711229231
1.712592293
1.693429892
1.692000249
1.692036128
1.691810594
1.691365482
1.691457113
1.691456343
1.692068439
1.691496097
1.691544024
1.691598118
1.691229634
1.691394713
1.692254794
1.692184534
1.692393084
1.691827162
1.691826883
1.692117252
1.692172098
1.691924402
1.691845395
1.691804463
1.691840206
1.692764877
1.692675316
1.692638093
1.692324445
1.692500104
1.69200096
1.715808896
1.696976112
1.697228648
1.692627139
1.729484695
1.735337325
1.692040414
1.692365105
1.691722053
1.691910465
1.69150731
1.691312983
1.691740775
1.691672576
1.702637915
1.70731756
1.729923473
1.74070651
1.740231753
1.736799579
1.734711715
1.712543288
1.73117042
1.724343328
1.723996522
1.721912986
1.717536572
1.692873112
1.692880374
1.692785458
1.698740908
1.699849769
1.692908018
1.69677935
1.694324659
1.692885948
1.692893386
1.692879893
1.692876682
1.693328727
1.692890702
1.692909832
1.69291465
1.702756066
1.699954998
1.701663605
1.702150708
1.702075326
1.706043393
1.700604108
1.698307159
1.701065642
1.700312899
1.701530182
1.699427603
1.69864955
1.701850987
1.712758527
1.71103795
1.716073328
1.716945609
1.717261566
1.712400149
1.699424138
1.704387894
1.718808993
1.719258172
1.71952405
1.718201908
1.691257608
1.691853975
1.691624258
1.691131212
1.691279348
1.691246532
1.691294517
1.694358388
1.701587345
1.69132226
1.69137647
1.691420383
1.691022448
1.691069095
1.691136162
1.691850698
1.69192192
1.691869036
1.691825379
1.691852274
1.691756467
1.691768554
1.691698559
1.691713541
1.692641348
1.692521705
1.692484466
1.692304782
1.692174408
1.691829119
1.721662258
1.705103812
1.743751425
1.736903368
1.691486774
1.707057284
1.692913531
1.691232361
1.691473716
1.691242761
1.691362448
1.691159015
1.691239251
1.707263787
1.711769686
1.735232257
1.737910856
1.742789501
1.739969148
1.745199347
1.716630435
1.733617409
1.730337616
1.727174416
1.721964432
1.692800773
1.692824524
1.692811748
1.692830014
1.692674929
1.697860446
1.702878528
1.701380269
1.698190956
1.692905172
1.692898264
1.692833077
1.698123408
1.695514846
1.692906597
1.706579061
1.704057651
1.704751402
1.705542317
1.705027301
1.709793442
1.704324286
1.704599287
1.703907207
1.704619828
1.704116343
1.704245934
1.703518269
1.704957414
1.706540715
1.716583905
1.714753993
1.721414387
1.721745338
1.721688051
1.712449905
1.724643544
1.724804882
1.722889405
1.718305901
1.691682117
1.695807289
1.691426101
1.691512999
1.690984182
1.691108647
1.691154722
1.691070941
1.691146591
1.704212737
1.709293369
1.691197913
1.691252506
1.691297361
1.690910707
1.690941911
1.690994048
1.691746808
1.691690035
1.691943742
1.691845148
1.691710357
1.691761172
1.691610259
1.691648614
1.691632523
1.692466101
1.692510458
1.692270911
1.692245447
1.692213851
1.69202038
1.691932358
1.691684997
1.691567516
1.721191728
1.725695604
1.74655837
1.739865967
1.696769297
1.711076147
1.691019409
1.700825345
1.691051837
1.691005729
1.69093255
1.748017988
1.711145844
1.715600529
1.736755416
1.741906846
1.739909157
1.744053468
1.733815074
1.7199412
1.730708347
1.725346197
1.692675106
1.692725221
1.695704538
1.692709409
1.692508146
1.692518542
1.700724498
1.704882517
1.702355591
1.708021969
1.695624601
1.694496439
1.698297761
1.701817277
1.699832009
1.698258623
1.710909498
1.707612222
1.709230519
1.708321183
1.714831298
1.707558575
1.708001591
1.707772549
1.706664695
1.707772206
1.70887882
1.708525636
1.719888847
1.720376444
1.725629897
1.72601735
1.72522623
1.711970636
1.7279612
1.717405909
1.727093057
1.723265314
1.691549656
1.696288861
1.690864089
1.691381035
1.691448963
1.697245548
1.70268377
1.69131491
1.690899115
1.690855866
1.690973529
1.691016481
1.691069203
1.706770388
1.691128234
1.69118554
1.691245408
1.690826974
1.690826041
1.690912052
1.691683715
1.691676085
1.692037174
1.691955007
1.691874812
1.69174564
1.691822564
1.691601779
1.691578418
1.691638952
1.691684787
1.692300305
1.692295511
1.692310631
1.692053715
1.691862206
1.692073098
1.69187446
1.691739284
1.691583192
1.691614737
1.691533312
1.732229994
1.750079398
1.744614482
1.715124669
1.706354066
1.690895152
1.690808394
1.690784311
1.746687415
1.751229882
1.752893483
1.714755531
1.718815971
1.73942887
1.736951275
1.74118441
1.732483744
1.723043174
1.727879269
1.699808803
1.69266552
1.696216613
1.693158005
1.703932932
1.705519125
1.708735021
1.703119857
1.700805321
1.704101323
1.705286262
1.703494409
1.712319401
1.715620187
1.710559052
1.713174206
1.711666463
1.720715112
1.710641744
1.710972345
1.712064557
1.711839273
1.709608822
1.710458172
1.724921972
1.727850004
1.729656127
1.730010848
1.72967946
1.711271221
1.730847561
1.717702324
1.722810068
1.728033955
1.69536432
1.691378859
1.697119995
1.702099301
1.691354483
1.691305215
1.691256757
1.690898703
1.690946328
1.690958922
1.691015311
1.691069653
1.703946022
1.69113208
1.6911941
1.690839254
1.690812337
1.690922997
1.690971435
1.691027211
1.691772047
1.691772278
1.692123325
1.692035932
1.691957306
1.691850192
1.6919205
1.691666729
1.691747178
1.691823453
1.693425705
1.692098261
1.692072474
1.691706374
1.691881194
1.691704285
1.691877368
1.691616004
1.691575224
1.691525861
1.691705096
1.691587818
1.691517969
1.733698021
1.748487644
1.716548811
1.724128368
1.711421787
1.704667891
1.691685485
1.74398345
1.750269939
1.756092897
1.755404646
1.718755745
1.72231186
1.738183614
1.735477297
1.730536469
1.726055619
1.703429877
1.699783991
1.696097891
1.695717546
1.706977502
1.707492048
1.709428644
1.707384202
1.706684122
1.709864273
1.70886788
1.712595598
1.716332689
1.719323021
1.712995789
1.716084487
1.717463738
1.727130964
1.714460668
1.717795737
1.71574571
1.712929919
1.712806591
1.73189755
1.736389103
1.735209869
1.732714945
1.733757898
1.710090282
1.732290108
1.716904353
1.72311543
1.728363694
1.696051803
1.698346493
1.697799384
1.692536342
1.691352385
1.691298914
1.697901691
1.691304769
1.691192115
1.691160595
1.691176795
1.69117168
1.691226735
1.691198392
1.703333727
1.691295714
1.694188038
1.691356683
1.691888887
1.691921409
1.692205328
1.692103008
1.692047525
1.691988455
1.691835491
1.69190954
1.691968287
1.691828544
1.691985751
1.694722996
1.692620436
1.691890063
1.691841192
1.69157415
1.691700429
1.691564162
1.691685314
1.691512201
1.69149196
1.691491749
1.691803944
1.69157062
1.691743151
1.691671846
1.691526415
1.734500003
1.746709089
1.727909312
1.719923344
1.711738863
1.740713233
1.756329751
1.748069826
1.75566644
1.760246297
1.723156567
1.726336951
1.733828484
1.729526459
1.737596967
1.703099985
1.698648626
1.707398471
1.696888371
1.712252947
1.710237705
1.712254168
1.713933343
1.714820031
1.719516522
1.714907212
1.715397137
1.722089768
1.722195383
1.73342289
1.720101597
1.723963844
1.71911662
1.717738146
1.741211513
1.743219405
1.741609283
1.737095395
1.734366015
1.709796923
1.732040186
1.716589434
1.726977672
1.722329321
1.709522308
1.728853655
1.692702981
1.691443682
1.691409574
1.722369747
1.695424017
1.698620886
1.691495567
1.7065423
1.698398172
1.704274166
1.69153998
1.693060688
1.691558927
1.69158364
1.702796858
1.69164046
1.716800171
1.706063208
1.692020279
1.692079333
1.692214276
1.692279892
1.692179834
1.692128381
1.69201308
1.692065641
1.692122392
1.692140354
1.691958033
1.692109314
1.692540804
1.694096712
1.691683809
1.69147694
1.691461074
1.69154348
1.691539636
1.691466444
1.691443733
1.69149623
1.691890678
1.691617155
1.691723068
1.691572975
1.740538171
1.751039717
1.736700637
1.729368375
1.745070863
1.761325292
1.754400997
1.762619081
1.727240988
1.731603174
1.734216934
1.741649261
1.711203595
1.700559979
1.704737586
1.696171546
1.71513629
1.714246982
1.718043011
1.715966843
1.719933033
1.716664615
1.723708608
1.716521218
1.719150052
1.728323978
1.741691678
1.72784948
1.725360492
1.724836183
1.751340116
1.756500102
1.742348928
1.735196664
1.731397002
1.707338519
1.726013738
1.715421343
1.72040912
1.691583829
1.691561154
1.736243229
1.73284767
1.693831716
1.696814407
1.691716616
1.717602805
1.717573498
1.716976564
1.691839446
1.711409125
1.694282804
1.70368108
1.698157287
1.699566844
1.692077224
1.730579605
1.69234708
1.720616337
1.692167254
1.692221386
1.692300056
1.692264886
1.692178465
1.692221185
1.692269145
1.692289592
1.693640451
1.692267679
1.69207918
1.69222975
1.692027329
1.692165666
1.691424673
1.691423236
1.691467493
1.691438287
1.69170921
1.691894752
1.691681799
1.693048606
1.763647371
1.756853298
1.747312883
1.755269441
1.742653941
1.751583584
1.767422894
1.768342158
1.760708371
1.732687454
1.739826812
1.749689152
1.70832352
1.712514791
1.698294362
1.701384432
1.694964118
1.719110948
1.719330746
1.720277956
1.717308827
1.724331136
1.720735308
1.728925845
1.718766207
1.724548028
1.744527659
1.732303749
1.733865995
1.73218397
1.731290413
1.750391874
1.763293517
1.738448533
1.725497222
1.733894522
1.700402431
1.707392183
1.719147617
1.711477372
1.691736944
1.722418934
1.745730922
1.7451555
1.696727341
1.695239613
1.694596457
1.693239021
1.729796204
1.730067179
1.698669674
1.714965506
1.708030348
1.705350296
1.698731001
1.699227234
1.743667757
1.692408925
1.7329988
1.692305942
1.692346344
1.692376405
1.692425607
1.692325076
1.692359738
1.692389868
1.692408288
1.693347637
1.692380488
1.692191521
1.692335243
1.693581672
1.692426425
1.692370443
1.692647313
1.694478174
1.694259985
1.768224962
1.762654315
1.753198113
1.760599178
1.773517431
1.770520343
1.740147131
1.760641048
1.750776014
1.694793896
1.705543522
1.709034903
1.699411635
1.696608949
1.712179583
1.722697488
1.724721132
1.717793743
1.734171366
1.735301897
1.726581251
1.694344545
1.722241812
1.746452333
1.737764818
1.738598598
1.737477544
1.751163521
1.765417051
1.733105804
1.722186865
1.70132481
1.702068131
1.710307023
1.724513928
1.758422072
1.757671124
1.698915863
1.698300363
1.743180639
1.742912274
1.706365779
1.727545999
1.717531403
1.711928483
1.702858123
1.704261422
1.759309161
1.692463025
1.708035047
1.745373178
1.73716949
1.692419588
1.692444684
1.692482879
1.692522236
1.692517872
1.692443744
1.692475214
1.692508062
1.693818917
1.692466765
1.693486489
1.693112676
1.695330233
1.694362364
1.694606765
1.69653553
1.77375391
1.781430385
1.769837
1.788946889
1.769295784
1.77700825
1.752812252
1.76894701
1.69562107
1.70496848
1.701608342
1.697490866
1.710102694
1.7227397
1.728890496
1.715661093
1.748896319
1.739952719
1.730484718
1.733695522
1.695417291
1.695233842
1.730083757
1.741749409
1.741896896
1.740151178
1.747042112
1.752853025
1.754312165
1.718579415
1.726650752
1.709222997
1.7042531
1.703492509
1.771589584
1.703873018
1.756857255
1.75571683
1.731008157
1.712566903
1.720075905
1.709985869
1.711393695
1.774152254
1.786283719
1.692510619
1.715410443
1.720742111
1.758336225
1.745056607
1.692510363
1.692548173
1.692596097
1.692587783
1.692542216
1.692576934
1.692925148
1.693995793
1.696291825
1.69372935
1.694998806
1.694888225
1.697296861
1.698469358
1.697756354
1.80199118
1.793396848
1.805232297
1.792688201
1.777577844
1.777571141
1.764965484
1.696395108
1.703532304
1.69885819
1.709493139
1.71940369
1.703776396
1.750153511
1.720491509
1.740017486
1.733500506
1.696586649
1.696854299
1.698973392
1.742015294
1.756415716
1.735569848
1.741043659
1.751638718
1.735232594
1.737739072
1.71640401
1.708494829
1.711498278
1.704454784
1.730942096
1.769448338
1.72052937
1.719746894
1.791200152
1.808249944
1.692552087
1.730462744
1.739817782
1.781775638
1.771693008
1.758360385
1.692567395
1.692588535
1.692606695
1.692766563
1.692615983
1.695180263
1.694498213
1.695567997
1.700047057
1.695334222
1.700502531
1.696474385
1.699112948
1.829440451
1.825845745
1.806247149
1.789135271
1.774281674
1.697298255
1.699124445
1.697914761
1.699866209
1.709929915
1.713164974
1.704866918
1.763969023
1.718930187
1.740332837
1.72920409
1.698730868
1.702186524
1.701810214
1.77997691
1.76042479
1.73336305
1.760306524
1.726783869
1.728031266
1.716611316
1.709653208
1.709034145
1.717380151
1.816631095
1.692562043
1.740789469
1.753733161
1.793632622
1.778376881
1.838840408
1.692578067
1.693106177
1.693116954
1.696868296
1.693998401
1.696455338
1.696169176
1.702493609
1.696730748
1.700017544
1.698140791
1.697893074
1.857975753
1.846035897
1.830903701
1.81307289
1.788718959
1.699529873
1.698233894
1.70178596
1.700620445
1.70098501
1.778931074
1.713920495
1.709342854
1.705540619
1.717656937
1.746225406
1.726301043
1.704930351
1.704550215
1.708388272
1.803284384
1.779208157
1.776578306
1.81504334
1.733597812
1.720713549
1.731600352
1.714536403
1.717555534
1.729595911
1.834944952
1.845759051
1.815497448
1.692538954
1.759282422
1.773658455
1.79559348
1.847308165
1.694666722
1.695724761
1.696435838
1.698238573
1.697046005
1.697580289
1.700104383
1.698379492
1.698986268
1.699416076
1.879076027
1.871812803
1.851277171
1.852785465
1.817230597
1.701564639
1.704635423
1.702675714
1.702778399
1.767993574
1.711068203
1.706012192
1.721416644
1.706665384
1.703875924
1.701344919
1.708009401
1.712296274
1.821316724
1.77092939
1.854112949
1.732993559
1.72737651
1.7465273
1.728576157
1.749691938
1.845721865
1.830833837
1.868221118
1.829213876
1.842285666
1.8174817
1.781420958
1.695442405
1.783770529
1.805939244
1.843770343
1.697453585
1.698411284
1.69924444
1.699901549
1.700647919
1.699345017
1.701205841
1.700374529
1.88547843
1.883804079
1.875441142
1.859343532
1.803334257
1.705636885
1.710285071
1.709742866
1.707026695
1.710096132
1.723051884
1.711243871
1.7034407
1.702254632
1.705423825
1.709384792
1.714316649
1.713288811
1.789309749
1.743724769
1.823606129
1.7783773
1.800435608
1.767356266
1.77647286
1.802820848
1.813204189
1.826376967
1.824925984
1.801629026
1.830678005
1.891782745
1.877710264
1.831623912
1.86222635
1.697631593
1.827254324
1.88636711
1.700020113
1.701350713
1.703008051
1.701296509
1.702591067
1.922050844
1.879949216
1.806120764
1.737250016
1.71408823
1.713928935
1.715854634
1.718932037
1.702962268
1.703772214
1.704674441
1.707135107
1.711101708
1.716568423
1.779162505
1.832284056
1.781755733
1.835529911
1.788309813
1.852293574
1.825399671
1.840973359
1.803987777
1.832751712
1.829737127
1.850335631
1.869689344
1.923214229
1.969694055
1.938450179
1.908390652
1.945968981
1.861631823
1.816358381
1.699546385
1.899609472
1.918653654
1.701142044
1.704210628
1.705725319
1.704873149
1.897136415
1.811401561
1.769239392
1.741454743
1.715052158
1.715486247
1.719285218
1.705267052
1.706370109
1.707483805
1.710536168
1.714652185
1.714193885
1.718021397
1.842971308
1.870795414
1.849186106
1.83717441
1.901584859
1.913024892
1.901432014
1.85477022
1.80509554
1.81147276
1.854837852
1.917159923
1.881062321
1.869458898
1.906230944
1.906724217
1.880059068
1.841431307
1.948525749
1.949640697
1.703150618
1.706343608
1.709120624
1.708993786
1.823647326
1.759831225
1.740286005
1.723564425
1.719222466
1.708806906
1.709712628
1.710772622
1.715324477
1.719989717
1.72302521
1.905322473
1.91100847
1.938450992
1.890371706
1.901127278
1.933737526
1.973009599
1.928526099
1.832462094
1.82596098
1.93258982
1.82231324
1.922329839
1.942445964
1.902607234
1.907185289
1.90966587
1.905746821
1.812126068
1.948218097
1.814671025
1.705713997
1.709384294
1.714064842
1.754575704
1.738282009
1.736150728
1.73175578
1.715041303
1.713930394
1.719913637
1.72918308
1.980354723
1.954243355
1.935826129
1.904307018
1.899791916
1.939062832
1.963184117
1.952149483
1.890341815
1.86286035
1.956160161
1.84962601
1.9479655
1.911550064
1.835014589
1.882735106
1.929223101
1.839467042
1.7635446
1.833752896
1.708978603
1.712636445
1.714001794
1.718248154
1.762495861
1.767979796
1.757385465
1.740961166
1.721218793
1.721085695
1.723957648
1.726620003
1.958137463
1.988096784
1.9056347
1.897089148
1.920431187
1.922027014
2.009000551
1.908298858
1.9859035
1.992165744
1.892275562
1.892109196
1.910492797
1.835184121
1.845193125
1.905657755
1.781525646
1.796435736
1.812954671
1.713598278
1.716523727
1.723437849
1.784365852
1.754257655
1.733461891
1.73137673
1.727848437
1.916873794
1.947073166
1.92429458
1.90956227
1.91978368
1.841605367
1.988789696
1.955036016
1.990182781
1.900867885
1.888966041
1.899263905
1.891504317
1.865420064
1.90088569
1.78091911
1.787747266
1.774219137
1.720062304
1.724268091
1.734601119
1.74387526
1.745112293
1.749425778
1.737784774
1.935218264
1.95628243
1.955719869
1.921337319
1.856407154
1.787039387
1.963985622
1.989859689
1.942134363
1.95423831
1.927757065
1.884916456
1.898652352
1.918639299
1.920807255
1.933931644
1.758708683
1.761477512
1.726012172
1.732543222
1.743622762
1.743317642
1.76382597
1.777782342
1.766836191
1.950180127
1.943399448
1.961443791
1.932224986
1.824450453
1.79240092
1.971131985
1.964456889
1.930138155
1.933441174
1.929139967
1.940952039
1.952058037
1.93311898
1.938766458
1.946160629
1.751561044
1.739309372
1.761903801
1.772027897
1.770826813
1.785122603
1.793005497
1.767753702
1.977952946
1.967689953
1.975169527
1.888934056
1.818107087
1.960658348
1.941689952
1.93609261
1.947126865
1.946880028
1.929283125
1.966916833
1.970369664
1.79552625
1.776400864
1.745797225
1.772369193
1.79380011
1.781329075
1.781254045
1.962078448
1.979738221
1.846163565
1.905667862
1.963885233
1.961789262
1.973037619
1.973791978
1.983409033
1.976977543
1.94706856
1.794010402
1.794299032
1.749077059
1.766973333
1.774297178
1.823124015
1.974977142
1.974954611
1.822175857
1.909611297
1.984236243
1.971827309
1.958556992
1.970934393
1.970494958
1.954362806
1.939055067
1.780044847
1.763758029
1.767769758
1.854832122
1.777179697
1.988789423
1.946298762
1.87126783
1.97640304
1.945315291
1.939121786
1.946063753
1.939294776
1.933181555
1.764842776
1.79723213
1.855817913
1.765500321
1.780150993
1.965440134
1.938821008
1.945819701
1.916917644
1.937337126
1.925620821
1.92745669
1.782614186
1.892858361
1.788217448
1.758738518
1.955854298
1.932764121
1.906670188
1.917653221
1.916776708
1.913257294
1.752063016
1.819982391
1.765214468
1.9803246
1.913270708
1.90055977
1.902691409
1.881544856
1.769757847
1.761550035
1.817916007
1.872325437
1.936765151
1.904835859
1.907261063
1.820975468
1.802463695
1.845994777
1.856621365
1.893172706
1.899790754
1.89305011
1.857002009
1.853403066
1.84897925
1.858014225
1.956225466
1.916950998
1.866534
1.851946002
1.91423643
