1.679280078
1.679280078
1.679280078
1.680969903
1.679280078
1.68074422
1.679280078
1.683094275
1.683824314
1.686352877
1.684840192
1.681956969
1.679280078
1.681385283
1.687957144
1.687323325
1.687557488
1.679280078
1.679280078
1.679280078
1.686608318
1.688787791
1.685221298
1.682626892
1.687911455
1.687946656
1.685948257
1.686174988
1.683929322
1.681762618
1.680712129
1.679280078
1.68842374
1.688627824
1.687378303
1.686235469
1.684443887
1.685408423
1.686016527
1.682890429
1.682437976
1.684893548
1.679280078
1.682155905
1.679280078
1.679280078
1.688693098
1.687011084
1.688658008
1.688340576
1.682225661
1.681964174
1.68254869
1.683692815
1.682327598
1.682350603
1.687329509
1.682826074
1.687154963
1.681885356
1.681301242
1.679280078
1.679280078
1.679280078
1.679280078
1.68674734
1.68798414
1.688681768
1.681846282
1.68028232
1.680857029
1.680575751
1.682643577
1.684169498
1.683903836
1.679280078
1.688704131
1.686200017
1.688333637
1.685406612
1.682663251
1.681552905
1.681815117
1.684623998
1.68604949
1.687030972
1.683319551
1.685217864
1.682021375
1.680007173
1.680874388
1.680225415
1.680747867
1.681414537
1.686028109
1.685622272
1.685525288
1.681392164
1.679280078
1.688015077
1.68862645
1.687780871
1.686629707
1.685946175
1.685293031
1.682569253
1.683545372
1.68500898
1.686323366
1.684659656
1.683966291
1.682740326
1.68342919
1.682437572
1.680579662
1.680710363
1.686765402
1.685325968
1.685039388
1.684148491
1.679280078
1.683274213
1.680969548
1.679280078
1.679280078
1.687346903
1.688410314
1.688663506
1.688624168
1.688436671
1.687181301
1.680782912
1.681481714
1.68385024
1.680950692
1.687086709
1.686581952
1.686289602
1.68570253
1.684291482
1.681680122
1.680873818
1.685590332
1.687230138
1.683545751
1.683459394
1.683012054
1.679280078
1.682772573
1.681559297
1.68125091
1.687619931
1.685686856
1.686816847
1.687650032
1.688521939
1.689038396
1.680105949
1.68054001
1.682308081
1.680706808
1.687918001
1.688122217
1.687941012
1.686959655
1.68417514
1.682514529
1.685239012
1.686396214
1.682243774
1.682914423
1.681878922
1.683127329
1.682976256
1.68407189
1.685708361
1.684759873
1.688681547
1.688022743
1.683317227
1.684144082
1.685413139
1.68728472
1.682006555
1.68176581
1.680902874
1.681198512
1.687143133
1.687695132
1.687914296
1.687097377
1.685830434
1.685096562
1.683587636
1.684173458
1.683105684
1.682327957
1.681675939
1.681571172
1.684307151
1.684221605
1.684683148
1.687118797
1.687209926
1.686529275
1.687371361
1.687049136
1.680806832
1.681388436
1.683056412
1.683450501
1.68457539
1.683409324
1.680849031
1.684971546
1.686182068
1.687370079
1.685383578
1.687402686
1.687288036
1.687223361
1.68139224
1.681771871
1.684018498
1.683029999
1.681247017
1.685187964
1.685225314
1.685233089
1.685594506
1.68568903
1.685784313
1.684707348
1.685178996
1.679849226
1.679907542
1.680900933
1.682228531
1.686501235
1.684118692
1.682014136
1.682749178
1.682913771
1.686500879
1.684162091
1.687107514
1.687652826
1.688027695
1.68069656
1.680690949
1.68529305
1.683767191
1.682555835
1.684827556
1.684625754
1.685339968
1.686082658
1.686668209
1.68293485
1.682931012
1.680779415
1.680623452
1.681309609
1.682125548
1.68718502
1.687988876
1.685542641
1.683970516
1.681212308
1.681994391
1.684934814
1.682881096
1.685416296
1.686473783
1.686307466
1.681832733
1.681592763
1.687167401
1.686322309
1.685517308
1.684660515
1.683813294
1.68382303
1.683556898
1.684247604
1.683446732
1.684808189
1.68590121
1.682526498
1.682923484
1.682618176
1.68280578
1.687822992
1.687481799
1.686985623
1.685950655
1.6816735
1.681751396
1.682326182
1.682846817
1.683457622
1.684767421
1.683363901
1.683941655
1.686008954
1.686927061
1.687354591
1.687003608
1.686427912
1.683200636
1.683732728
1.683892147
1.683078349
1.683473376
1.683904212
1.684470246
1.685059835
1.684633599
1.687881515
1.686392731
1.687643195
1.686792845
1.682593666
1.681503683
1.680896661
1.680888494
1.681883405
1.683825116
1.684866138
1.685803954
1.684613719
1.685631379
1.687236341
1.687151065
1.686951118
1.683889224
1.682807249
1.684593264
1.684635908
1.682235222
1.682001223
1.682273969
1.685799008
1.685982113
1.686463127
1.686693758
1.686187947
1.683526156
1.683079313
1.685444615
1.681666975
1.6807643
1.680697388
1.681618246
1.686774502
1.686759001
1.683213364
1.685209763
1.685695073
1.686094623
1.684899213
1.683852597
1.685145614
1.682837968
1.685023406
1.685079209
1.684875729
1.681946942
1.681438084
1.681552618
1.684823389
1.685336894
1.684604774
1.684715611
1.684259012
1.681820648
1.682592779
1.684170308
1.686463338
1.683010793
1.682137541
1.681553175
1.682129739
1.6864541
1.687025553
1.6825148
1.683238911
1.683730878
1.684426704
1.685352697
1.685641233
1.684520296
1.68581518
1.683641764
1.684578697
1.684545944
1.682771455
1.682030846
1.681676276
1.682841298
1.68324038
1.683061708
1.68306768
1.682025861
1.682388714
1.685942786
1.68725914
1.685225372
1.683868195
1.683022874
1.683812175
1.685557248
1.686907321
1.681820212
1.68194288
1.682258139
1.683121281
1.685119513
1.68578303
1.685597347
1.686178981
1.685104273
1.684221421
1.683969581
1.684012333
1.684317569
1.684733697
1.682406355
1.684263421
1.683003613
1.682791344
1.683022733
1.683522639
1.68758956
1.686726691
1.685741208
1.684166519
1.684801756
1.684695584
1.686623851
1.682042623
1.68167257
1.681591525
1.682260602
1.684762685
1.68562615
1.686378213
1.686126898
1.683844273
1.683594972
1.683599901
1.684055258
1.685996443
1.685948556
1.683866788
1.685567231
1.684241335
1.684622737
1.687104904
1.686694428
1.685992583
1.68530349
1.684090556
1.681977
1.685270219
1.683286957
1.682339955
1.681561165
1.684137372
1.685310173
1.68585724
1.68606281
1.684111366
1.683583293
1.682889477
1.683073322
1.684583904
1.686292242
1.686509138
1.685912213
1.68536604
1.685391924
1.685710345
1.685770461
1.685624357
1.681660987
1.682904819
1.681646953
1.683694722
1.684913072
1.683713015
1.682879171
1.68357513
1.682507467
1.684244245
1.685137063
1.684694187
1.684614698
1.684113343
1.683491162
1.682785395
1.685030056
1.685039188
1.68581558
1.686572441
1.6865496
1.685031294
1.685123702
1.684303519
1.684845252
1.684391275
1.682242968
1.682118952
1.681972655
1.682783417
1.686015654
1.685176049
1.684184056
1.682636354
1.682714096
1.682295424
1.682962868
1.683889149
1.683225187
1.684824999
1.684445411
1.683935418
1.68355449
1.685043151
1.685111934
1.685201174
1.685263961
1.683246925
1.686091118
1.686482194
1.6839628
1.683744885
1.683555815
1.683207564
1.682405839
1.682945077
1.686472836
1.686039902
1.685139743
1.683129253
1.682599426
1.682121651
1.681971229
1.681994775
1.681923148
1.6851675
1.685023603
1.684820329
1.684493737
1.684700364
1.684947462
1.684652183
1.685203446
1.685431683
1.68423882
1.682432642
1.685109096
1.685827257
1.683716617
1.683501176
1.683946503
1.683659028
1.683798669
1.686294643
1.686260402
1.685471108
1.683833836
1.682506118
1.681959565
1.681708364
1.681660644
1.685594039
1.685681131
1.685676874
1.685342254
1.684372359
1.684379005
1.684936962
1.684574584
1.685254657
1.685573565
1.683112003
1.681968809
1.683833697
1.684772044
1.684380616
1.684854421
1.684580171
1.685566823
1.685966138
1.685253022
1.685543319
1.684277369
1.68347102
1.682900064
1.681968202
1.682384456
1.685859941
1.686098419
1.686257398
1.685749718
1.684251088
1.684262142
1.68428433
1.684306517
1.684816111
1.684437968
1.685089717
1.685415866
1.682080977
1.682823375
1.68356585
1.685005677
1.685155893
1.684048831
1.685295876
1.684445833
1.685081828
1.682371205
1.685262162
1.684765226
1.684122196
1.683266463
1.685683039
1.685985103
1.686313256
1.686138253
1.686331868
1.68428336
1.684285001
1.684277286
1.684248669
1.684263725
1.684262113
1.684471154
1.684797528
1.684810838
1.682300212
1.682535135
1.682915489
1.684722562
1.683466761
1.684310782
1.684455982
1.68381898
1.683196477
1.686220194
1.685828731
1.685098359
1.685376315
1.685094404
1.685292599
1.686298554
1.685610086
1.686538489
1.684283851
1.684279996
1.684284261
1.684263925
1.684233485
1.684368656
1.684237709
1.684284208
1.684460587
1.684319478
1.682978038
1.682967356
1.683153889
1.68403634
1.683562477
1.683904864
1.683690364
1.684672657
1.68424601
1.686573244
1.68627579
1.685857604
1.686180888
1.686418527
1.685778968
1.684601275
1.684718013
1.685102054
1.685680876
1.685718362
1.684937316
1.685213771
1.684280992
1.684279212
1.684285305
1.684279906
1.684262346
1.684223614
1.684209833
1.684283765
1.684280679
1.684281482
1.684199285
1.684205097
1.684036341
1.683846076
1.684028901
1.683915768
1.684363021
1.684414028
1.68528083
1.685490397
1.686037551
1.686181449
1.686178568
1.686296953
1.685215819
1.684672057
1.684284939
1.684700825
1.684363157
1.685075017
1.684913985
1.684658386
1.684279589
1.684279424
1.684285587
1.684279005
1.684215443
1.684265891
1.684241261
1.684206802
1.684281447
1.684284217
1.684279748
1.684285764
1.684174439
1.68419318
1.684193436
1.684219933
1.685010519
1.684702096
1.68491438
1.68508402
1.685687603
1.685955323
1.685882795
1.685551272
1.685617945
1.684905375
1.684468619
1.684414734
1.684283144
1.684416956
1.684511499
1.684181581
1.684639746
1.684389611
1.684226474
1.684641022
1.684535777
1.68440063
1.684286689
1.68422317
1.684279407
1.684279582
1.684279579
1.684279754
1.68428475
1.684277178
1.684236717
1.6842599
1.684244281
1.684286075
1.684282037
1.684284823
1.684280818
1.684191038
1.684247906
1.684237003
1.684256736
1.685430323
1.685091948
1.685171169
1.685358818
1.685566969
1.68557873
1.685186592
1.68435624
1.684826855
1.684274378
1.684233074
1.684284825
1.684218518
1.684251922
1.684185624
1.684178067
1.684405295
1.684193225
1.68420523
1.68424642
1.684400462
1.684365979
1.684280826
1.684185756
1.684226261
1.68419209
1.684279969
1.684279391
1.684279321
1.684279971
1.684279729
1.68427967
1.684283207
1.684275002
1.68426329
1.684267736
1.684285877
1.684285605
1.684283306
1.684281852
1.684280841
1.684217443
1.684258755
1.684281453
1.684271842
1.684277599
1.684211099
1.685059794
1.684861294
1.684776969
1.684914137
1.685004772
1.684924935
1.684220573
1.684454917
1.684487933
1.684191159
1.684182796
1.684181719
1.684186747
1.684206272
1.684214507
1.684294058
1.684208355
1.684194871
1.684218914
1.68429531
1.684257117
1.684230432
1.684178276
1.684180038
1.684200391
1.684194301
1.684184413
1.684279525
1.684279255
1.684279455
1.684280095
1.684279925
1.684280156
1.68427984
1.684280106
1.684281927
1.684276769
1.684277823
1.684285525
1.684286332
1.684284365
1.684282324
1.684264368
1.684285996
1.684285592
1.684291402
1.684285492
1.684287998
1.68428453
1.684193575
1.684187362
1.684423096
1.684402842
1.68446062
1.684499349
1.684187221
1.684248179
1.684212069
1.684197034
1.684186127
1.684177518
1.684235901
1.684268203
1.684240908
1.684230873
1.684205015
1.684196758
1.684204144
1.684233269
1.684223816
1.68420801
1.684207817
1.684189203
1.684193985
1.684204801
1.684198481
1.684190951
1.68418855
1.68418612
1.684190904
1.684207868
1.684279342
1.684279304
1.684279543
1.684279672
1.68428006
1.684280143
1.684280169
1.684280007
1.684281395
1.684280215
1.684279595
1.684283455
1.684283821
1.684286133
1.684286437
1.684285668
1.684284157
1.684282833
1.684286656
1.684288178
1.684291739
1.684290036
1.684288723
1.684288594
1.684290115
1.684289354
1.684287971
1.684287113
1.684215658
1.684220161
1.684219435
1.684217169
1.684213572
1.684197691
1.68423607
1.684232108
1.684208329
1.684197407
1.684242388
1.68421845
1.684206987
1.684256742
1.684274983
1.684261369
1.684289617
1.684247252
1.68426454
1.684192701
1.684209285
1.684231476
1.684216988
1.684202937
1.68419761
1.684206409
1.684209445
1.684201459
1.684199553
1.684191539
1.684194856
1.684231526
1.684229979
1.684221883
1.684207298
1.684194286
1.684206954
1.684227942
1.684279713
1.684279543
1.684279378
1.684279437
1.684279962
1.684280133
1.684280168
1.684280163
1.684280117
1.684281384
1.684280238
1.684279646
1.684286324
1.684287094
1.684287013
1.684282908
1.684285766
1.684284352
1.684285981
1.684290383
1.684291439
1.684291538
1.684287865
1.684288661
1.684286056
1.684285215
1.684288908
1.684288266
1.68428783
1.684247198
1.684248363
1.684252555
1.684241291
1.684243781
1.68427054
1.684218047
1.6842679
1.684260105
1.684282882
1.684290723
1.684242106
1.684256009
1.684264817
1.684283207
1.684277052
1.684277812
1.684291057
1.684206477
1.684248823
1.6842647
1.684197621
1.684199074
1.684232732
1.684216347
1.684203174
1.68419926
1.68419924
1.684198159
1.684196744
1.684194657
1.684196479
1.684246099
1.684251707
1.684248361
1.684270989
1.684223457
1.684225567
1.684246295
1.684226975
1.684279435
1.684279903
1.684279771
1.684279572
1.684279554
1.684280092
1.684280146
1.68428017
1.684280162
1.684280168
1.684281409
1.685888066
1.684982307
1.684280292
1.684287249
1.684287383
1.684286251
1.684282646
1.684284344
1.684841597
1.684284921
1.68428634
1.684287627
1.684288137
1.684285692
1.684283905
1.684282631
1.684286895
1.684282505
1.684287101
1.684287147
1.684274609
1.684272832
1.684273994
1.684290599
1.684285445
1.684289464
1.684286488
1.684286035
1.684285154
1.684290198
1.684290446
1.684285755
1.684282489
1.684283425
1.684276368
1.684276388
1.684288534
1.684284655
1.684283659
1.684284716
1.684287104
1.684288768
1.684285577
1.684212422
1.684249936
1.684264571
1.684275862
1.684211027
1.684200524
1.684203232
1.68423356
1.684216072
1.684201072
1.684206094
1.68420344
1.684199643
1.68419829
1.684199901
1.684201697
1.684205649
1.684270731
1.684265165
1.684266122
1.684281233
1.684247628
1.684265424
1.684267441
1.68424675
1.684230749
1.685488357
1.684280053
1.684279958
1.684279795
1.684280162
1.684280125
1.684280172
1.684280141
1.68428018
1.68820955
1.688474364
1.685113703
1.686964497
1.687403597
1.686279711
1.690238468
1.68428649
1.684286335
1.684285627
1.68428476
1.684285363
1.686094119
1.684816576
1.68726336
1.685209807
1.68428296
1.684283347
1.684282394
1.684284231
1.684285694
1.684285169
1.684280863
1.684280463
1.684284776
1.684280508
1.684284045
1.68428064
1.684286861
1.6842855
1.684288537
1.6842895
1.684288168
1.684282265
1.684290471
1.684290665
1.684287873
1.684283812
1.6842804
1.684286876
1.684287361
1.684289077
1.684289465
1.684288249
1.684283751
1.684283309
1.684289674
1.684287958
1.684288916
1.684285275
1.684281132
1.684287663
1.684226642
1.684251318
1.684266736
1.684508822
1.684278028
1.684227263
1.6842147
1.684216958
1.68424708
1.684232475
1.684215145
1.684209604
1.684210842
1.684208042
1.684203355
1.684217168
1.684209963
1.684220271
1.684280023
1.684279409
1.684287219
1.684263636
1.684263519
1.684277989
1.684276855
1.684276592
1.68424983
1.684264931
1.68424471
1.685865055
1.68830475
1.684280149
1.685581951
1.684280105
1.684280186
1.684280104
1.684280157
1.68428013
1.684280167
1.691587941
1.69156101
1.691624885
1.687935488
1.689133803
1.692496122
1.694350163
1.684284681
1.684284548
1.68428372
1.684847581
1.68945657
1.691438813
1.689875127
1.687725848
1.687893865
1.684280445
1.684281052
1.684283887
1.68428258
1.684282858
1.684279398
1.684279296
1.684282667
1.684279418
1.684280249
1.684279221
1.684279201
1.684289807
1.68428864
1.684289379
1.684278211
1.684278513
1.684287324
1.684287215
1.684282402
1.684278515
1.684279297
1.6842797
1.684289303
1.684289178
1.684289293
1.684286821
1.684288486
1.684288708
1.684287991
1.684287169
1.684286809
1.684286596
1.694884716
1.684287264
1.684283383
1.684287664
1.684280808
1.684279271
1.684284158
1.684243676
1.686167319
1.684263254
1.694784103
1.709445858
1.687721047
1.688666888
1.684227383
1.684235933
1.684230155
1.684225029
1.684357733
1.697326369
1.694567265
1.691016569
1.684287276
1.684285747
1.684289308
1.68427586
1.684274994
1.684275043
1.68428243
1.684286277
1.684283249
1.684283462
1.68426409
1.684258698
1.685286903
1.687968015
1.687820998
1.691442417
1.684280189
1.6883187
1.68601058
1.688209122
1.684503266
1.684512718
1.684535554
1.685127883
1.686711684
1.695732425
1.696063664
1.692206294
1.697648487
1.69951095
1.684282878
1.685539855
1.686136914
1.688682564
1.694615718
1.695125099
1.697814343
1.693750998
1.692862403
1.684279554
1.684282052
1.684280545
1.684281147
1.684278811
1.684278817
1.68428102
1.684278887
1.684279
1.684279142
1.684278741
1.68427875
1.684282795
1.684285452
1.684287216
1.684278759
1.684278836
1.684283071
1.684282129
1.684278711
1.68427888
1.684278499
1.684288457
1.684288677
1.68428809
1.684284261
1.6842859
1.684287418
1.68428769
1.684286745
1.684283582
1.684285102
1.703818235
1.716715794
1.684281287
1.684278773
1.684282154
1.684279337
1.684280625
1.68428083
1.688808758
1.692975363
1.706573109
1.72643147
1.721639232
1.716224482
1.696861855
1.712666246
1.694031811
1.701431587
1.703513735
1.706246941
1.701993979
1.684289322
1.684289386
1.684286838
1.684288774
1.685510138
1.68428363
1.684281673
1.684283116
1.686267465
1.684286845
1.684286024
1.684289363
1.684288659
1.684287383
1.684287162
1.684286543
1.684288072
1.68881783
1.687933469
1.691002473
1.690939654
1.697604182
1.694460178
1.686120349
1.690953761
1.688311778
1.690799492
1.690027989
1.687402883
1.686879173
1.687454488
1.690158715
1.70033585
1.700805258
1.700387559
1.70404538
1.704887109
1.686084236
1.69016282
1.690143779
1.695761051
1.704118732
1.703824262
1.703480711
1.704911213
1.685555331
1.684279804
1.684279951
1.684279198
1.684278774
1.684278734
1.684278809
1.684318774
1.684278865
1.684278922
1.684278998
1.684278906
1.684278741
1.684280236
1.684279824
1.684281466
1.684279955
1.684279678
1.684279206
1.684279399
1.684278475
1.684278771
1.684279658
1.684279079
1.684286363
1.684284585
1.684284109
1.684280806
1.684282361
1.68427909
1.707061319
1.688245628
1.688656589
1.684283201
1.720755472
1.726577257
1.684280279
1.68428154
1.684279381
1.684279813
1.684278824
1.684278855
1.684279079
1.684279094
1.69425508
1.698923907
1.72123127
1.732002524
1.731458641
1.727987015
1.725919819
1.704141021
1.722495528
1.715919048
1.71559355
1.713475635
1.709094254
1.684288916
1.68428891
1.684286544
1.690197847
1.691212146
1.684286993
1.688142098
1.685683776
1.684288674
1.684289102
1.684288886
1.684288435
1.68469401
1.684288449
1.684288652
1.684288517
1.694184317
1.691888426
1.693606978
1.694635089
1.694499919
1.698558653
1.692753455
1.690547305
1.69341086
1.692578031
1.693503796
1.691546868
1.690731474
1.693856402
1.70527455
1.703568614
1.708502061
1.709435724
1.70979029
1.704785999
1.691655662
1.696598994
1.711253135
1.711711872
1.71200658
1.710723548
1.684278915
1.684279323
1.684279083
1.684279097
1.684278921
1.684279034
1.684279062
1.686788444
1.693987078
1.684279122
1.684279155
1.684279207
1.684279315
1.684279171
1.684279142
1.684278492
1.684278374
1.684280343
1.684280164
1.684278524
1.684279426
1.68427995
1.68427923
1.684278845
1.684283951
1.684282423
1.684281982
1.68428035
1.684279762
1.684278852
1.713079985
1.696750994
1.735199383
1.728333869
1.684279189
1.699061306
1.68533637
1.684279067
1.684278998
1.684278958
1.684278875
1.684279008
1.684278942
1.698665607
1.703162791
1.726456917
1.729108661
1.734078819
1.731169328
1.736648767
1.708002147
1.724854987
1.721667209
1.718511031
1.713317638
1.6842868
1.684287252
1.684286883
1.684287317
1.684284435
1.6892421
1.694223735
1.692721356
1.689543589
1.68428883
1.684288895
1.684287247
1.689530585
1.68691346
1.684288639
1.697900322
1.695932562
1.696652665
1.697993248
1.697388879
1.702288359
1.696443813
1.696660731
1.696077588
1.696831208
1.69639186
1.69618624
1.695540785
1.696923735
1.698425661
1.709128057
1.707280687
1.713926237
1.714291617
1.714247128
1.704928706
1.717179729
1.717371075
1.715490983
1.710934535
1.684279188
1.688358722
1.684279308
1.68427925
1.684279488
1.684279294
1.684279321
1.684279494
1.684279455
1.696869363
1.701870291
1.684279473
1.684279503
1.684279583
1.684279622
1.684279448
1.684279563
1.684279086
1.684279367
1.684280349
1.684280307
1.684279792
1.68428025
1.68427934
1.684279871
1.684279651
1.684281803
1.684282281
1.684280259
1.684280143
1.684279766
1.684279273
1.684279033
1.684279095
1.684279604
1.713279727
1.717407426
1.738259829
1.731606851
1.689771263
1.703625049
1.684279289
1.694095453
1.684279186
1.68427925
1.684279404
1.73969966
1.702450485
1.706886807
1.727959832
1.733209094
1.731127057
1.735515275
1.725032164
1.711211739
1.721943893
1.716598723
1.684284418
1.684285295
1.687284527
1.684285038
1.684282308
1.684282536
1.692135347
1.69621793
1.693745796
1.699347202
1.687056812
1.685937216
1.689868413
1.693293368
1.691289486
1.689710555
1.702213145
1.699443629
1.701629212
1.700602042
1.707285897
1.69957088
1.700088069
1.69994623
1.698580283
1.699720694
1.700718848
1.700395191
1.712437027
1.712876012
1.718198754
1.718594838
1.717790316
1.704654292
1.720556996
1.710106705
1.719721858
1.715934547
1.68427931
1.688961269
1.684279578
1.684279545
1.684279527
1.690017501
1.695467606
1.684279786
1.684279823
1.684279992
1.684279759
1.684279779
1.684279799
1.69955792
1.684279808
1.684279831
1.684279856
1.684279815
1.684279965
1.684279977
1.684280115
1.684280284
1.684280236
1.684280301
1.684280349
1.684280334
1.684280361
1.684279907
1.684280001
1.68428013
1.684280388
1.684280708
1.684280479
1.68428066
1.684279274
1.684279021
1.684279398
1.684279018
1.684279047
1.684279436
1.684280199
1.684279932
1.72452961
1.742112187
1.736807261
1.708172767
1.699776858
1.68431663
1.684279815
1.684279863
1.738372954
1.743192601
1.745175785
1.706046081
1.710091031
1.730755541
1.728185337
1.732658663
1.723721487
1.714302625
1.719122942
1.69154015
1.684399437
1.68796641
1.685103184
1.695411178
1.696937965
1.700149569
1.694849391
1.692359864
1.695662977
1.696873248
1.695059085
1.703707831
1.706998998
1.702355887
1.705499922
1.703847211
1.713108166
1.702608587
1.702999999
1.704141525
1.703753296
1.701494914
1.702283211
1.717449148
1.720300638
1.722255857
1.722591928
1.722221585
1.704037715
1.7234735
1.7104282
1.715502222
1.720693463
1.688867223
1.684279783
1.689962041
1.694921622
1.684279973
1.684280002
1.684280034
1.684280135
1.684280188
1.684280058
1.684280092
1.684280082
1.696741593
1.684280084
1.68428008
1.684280113
1.684280103
1.684280188
1.684280172
1.684280186
1.684280411
1.684280409
1.68428015
1.684280226
1.684280291
1.684280371
1.684280314
1.6842803
1.6842804
1.684280376
1.685601593
1.684279716
1.684279485
1.684279145
1.684279019
1.684279103
1.68427905
1.684279271
1.684279396
1.684279719
1.684280307
1.6842802
1.684280041
1.726526968
1.741125618
1.709991923
1.717456776
1.704941862
1.698183738
1.685177863
1.735683399
1.742248699
1.74874654
1.747698812
1.710121405
1.713656307
1.729686323
1.726807928
1.72186621
1.717390352
1.695339971
1.691722281
1.688045276
1.687873098
1.698527411
1.699141413
1.700997939
1.699314121
1.698412714
1.701626747
1.700594372
1.704152735
1.707847068
1.710865762
1.704760702
1.708175954
1.709699291
1.719443433
1.706432349
1.709789615
1.707639383
1.704777111
1.704602061
1.724377817
1.728769427
1.727702497
1.72531597
1.726313092
1.702841216
1.724913265
1.709616073
1.715792614
1.721006397
1.688920785
1.691174072
1.691195475
1.685416857
1.684280136
1.684280148
1.690673622
1.684280188
1.684280215
1.684280219
1.684280214
1.684280232
1.684280218
1.684280226
1.696054161
1.684280216
1.687462691
1.684280209
1.684280328
1.684280311
1.684280085
1.684280164
1.684280206
1.684280253
1.68428033
1.684280291
1.68428025
1.68428029
1.684280201
1.687116657
1.685023799
1.684279175
1.684279077
1.684279376
1.684279083
1.684279347
1.684279094
1.6842797
1.684279694
1.684279985
1.684280272
1.684280216
1.684280267
1.684280282
1.684280181
1.727740458
1.739823602
1.721433617
1.713443164
1.705174591
1.732428878
1.749368008
1.74006311
1.748030206
1.752970866
1.714678559
1.717838036
1.72533034
1.721025748
1.729341693
1.695237694
1.690822187
1.69956331
1.689288467
1.703992265
1.702015913
1.70420999
1.705880003
1.706559587
1.711278352
1.706644002
1.707160703
1.714096952
1.714332897
1.725639099
1.712008414
1.715876858
1.710958213
1.709532527
1.733616187
1.735507433
1.734027426
1.729594214
1.726936127
1.702484064
1.724624097
1.709252873
1.719580005
1.714962687
1.702789124
1.722372594
1.685512126
1.684280189
1.684280194
1.715642955
1.688126891
1.691280856
1.684280197
1.699537516
1.691124124
1.697078845
1.684280186
1.685643142
1.684280176
1.684280177
1.695414785
1.684280172
1.709875729
1.698525766
1.684280214
1.68428017
1.684280086
1.684280054
1.684280106
1.684280137
1.684280196
1.684280166
1.684280132
1.684280112
1.684280198
1.684280122
1.685147347
1.686709125
1.684279087
1.684279667
1.684279635
1.684279345
1.684279304
1.684279977
1.684279946
1.684280158
1.684280207
1.68428026
1.68428026
1.684280245
1.734018823
1.744437247
1.73022364
1.722801175
1.737089661
1.754582293
1.746802703
1.75554336
1.718983789
1.723354332
1.725956147
1.73367303
1.703414828
1.692938146
1.69714834
1.688774512
1.707134972
1.706217978
1.710241277
1.708145802
1.711919519
1.708658421
1.715718929
1.708234197
1.710885616
1.720233875
1.733826844
1.719888218
1.717184967
1.716590781
1.743648191
1.748693495
1.734744453
1.727699036
1.723908941
1.699912131
1.718545718
1.707995256
1.712955907
1.684280186
1.684280188
1.729517436
1.725918656
1.686392237
1.689335767
1.684280159
1.710367529
1.709942301
1.709489792
1.684280133
1.703611579
1.686671915
1.695923802
1.69039463
1.692018934
1.684454715
1.723382035
1.684280041
1.712783443
1.684280107
1.684280081
1.684280051
1.684280063
1.684280096
1.684280078
1.684280061
1.684280056
1.68640698
1.684280062
1.684280126
1.684280073
1.684280138
1.684958468
1.684279902
1.68427969
1.684280142
1.684280105
1.684445466
1.684338972
1.684280251
1.685680002
1.757101685
1.75036928
1.740831673
1.748660445
1.736057151
1.743992796
1.760851788
1.761605885
1.753580498
1.724718263
1.731922919
1.742095152
1.700768922
1.70493532
1.690921062
1.694021322
1.687758278
1.711330746
1.711572544
1.712718886
1.709757408
1.716610177
1.713000717
1.721233563
1.710459209
1.716255372
1.736558608
1.724135331
1.725809937
1.723950724
1.722997588
1.742658762
1.755392075
1.73074641
1.71792509
1.726309358
1.692707354
1.699831971
1.711573593
1.703897474
1.684280159
1.714431472
1.738845514
1.737980907
1.689035126
1.687501062
1.686941894
1.685608125
1.722278528
1.722251753
1.690830973
1.706977928
1.700065824
1.697349661
1.690887734
1.691335849
1.736171617
1.684280037
1.724881024
1.68428005
1.684280042
1.684280039
1.684280037
1.684280047
1.68428004
1.684280037
1.684280038
1.686247128
1.684280042
1.684280082
1.684280051
1.685864565
1.685335464
1.685243998
1.685423781
1.687129232
1.686761013
1.761650371
1.755914269
1.746437334
1.753465747
1.767024422
1.763822886
1.732543265
1.753467125
1.743350046
1.687688979
1.698185601
1.701692545
1.692210857
1.689442054
1.704876893
1.715160906
1.717231803
1.71046776
1.726821507
1.728148495
1.719149379
1.687288611
1.713921342
1.738397404
1.729595004
1.730322436
1.729157199
1.743302417
1.757387655
1.725240206
1.714463103
1.693278602
1.694216799
1.702556826
1.71638769
1.751289766
1.750212023
1.691011352
1.690421047
1.735372181
1.734814653
1.698274925
1.719284635
1.70939872
1.703793391
1.694746213
1.696170942
1.751523275
1.684280043
1.699708124
1.736983748
1.728783364
1.684280037
1.68428004
1.684280043
1.684280042
1.684280044
1.684280036
1.684280039
1.68428004
1.686734814
1.684280039
1.685600266
1.685069095
1.687647484
1.687197234
1.687339674
1.689054977
1.766782531
1.774564847
1.762657578
1.782194898
1.762512631
1.770511325
1.745644937
1.762054746
1.688574479
1.697845552
1.69445622
1.690431016
1.702989527
1.715447077
1.721653394
1.708550378
1.741934889
1.733020422
1.723443261
1.726572743
1.688360991
1.688109088
1.721760221
1.733420399
1.733722237
1.731878862
1.738719857
1.74481716
1.746128959
1.710618015
1.718560149
1.70126932
1.696000328
1.695453846
1.764021941
1.695753152
1.748757437
1.747356792
1.722567681
1.704320051
1.711802065
1.701654082
1.703088849
1.766103517
1.778506858
1.684280055
1.706889902
1.712176907
1.749705552
1.736443874
1.684280051
1.684280057
1.684280054
1.684280057
1.684280051
1.684280062
1.684625501
1.685633267
1.689063417
1.685533251
1.687116941
1.68683689
1.689597686
1.691050518
1.690306204
1.79458078
1.785902109
1.797967643
1.786043337
1.771052167
1.770973378
1.758215054
1.68938054
1.696544055
1.691868134
1.70252203
1.712388315
1.696861556
1.74347165
1.713633829
1.733204741
1.726613874
1.689480574
1.68963575
1.691618781
1.733707953
1.748086771
1.727286006
1.73272177
1.743310961
1.726914058
1.729487784
1.708127185
1.700279652
1.702994077
1.696162783
1.722358256
1.761037165
1.712133049
1.711272264
1.782878143
1.800165675
1.68428007
1.721718005
1.731059877
1.773110641
1.76285181
1.749530994
1.68428007
1.684280074
1.684280075
1.684409091
1.684280069
1.686796214
1.686175235
1.687185462
1.692554124
1.687125679
1.692835345
1.688500503
1.691340182
1.821395611
1.817990177
1.799261747
1.782573329
1.767718833
1.690273648
1.692172644
1.690712516
1.692876276
1.703065259
1.706346662
1.697959519
1.757356486
1.712158983
1.733666445
1.722452809
1.691368976
1.694540679
1.694276831
1.771681031
1.752152536
1.725029745
1.752003816
1.718402151
1.719663733
1.708182157
1.701174803
1.700490733
1.708719651
1.808067933
1.684280081
1.731924376
1.744792238
1.784728942
1.769385512
1.830169258
1.684280082
1.684774978
1.684803431
1.68846094
1.68563993
1.688069868
1.687792738
1.694665174
1.688515867
1.692050834
1.690086191
1.689468909
1.849389242
1.837530576
1.823277282
1.806039661
1.782024661
1.692264389
1.691078848
1.694240214
1.693091025
1.693884822
1.772069806
1.707050317
1.702461165
1.698484598
1.710754169
1.739423495
1.719553134
1.697159415
1.696577394
1.700429467
1.795042316
1.771003324
1.768340066
1.806910935
1.725306345
1.712234574
1.723233142
1.705941806
1.708837608
1.72077129
1.826777826
1.837462329
1.806513008
1.684280083
1.750301273
1.764602065
1.786491853
1.838250788
1.686392639
1.687396755
1.688146331
1.689844893
1.68869328
1.68918601
1.691891295
1.690097424
1.690544663
1.690996034
1.870000235
1.862799311
1.842801885
1.844923787
1.809855231
1.694121627
1.696844401
1.694982025
1.695396393
1.760750905
1.703984019
1.698619733
1.714289591
1.698547421
1.69566069
1.693012405
1.699708099
1.704130606
1.813149
1.762788047
1.846003552
1.724844588
1.71885381
1.738290279
1.719891249
1.740842063
1.837589158
1.822602814
1.859821735
1.82085065
1.833861151
1.808318518
1.772376333
1.68721519
1.774822075
1.796821861
1.83455812
1.689210084
1.690109115
1.69098682
1.691560267
1.692216368
1.690895902
1.692827007
1.691919381
1.876259475
1.874666087
1.866676105
1.851080462
1.795386528
1.697854903
1.702141998
1.701678415
1.699216351
1.702210465
1.715253134
1.703688662
1.695017794
1.693754815
1.696921183
1.700924491
1.705974468
1.704835542
1.781270052
1.735797355
1.815580257
1.770496257
1.792409482
1.758861434
1.767846251
1.794676091
1.804879246
1.81793059
1.816486905
1.793158842
1.82227092
1.883014204
1.869264845
1.823227333
1.853250761
1.689436644
1.818324386
1.877298485
1.691812624
1.693097146
1.694702577
1.69280334
1.694186487
1.912876495
1.870724863
1.797327165
1.728626591
1.705819892
1.705471183
1.707523153
1.71056308
1.694459528
1.695241483
1.696112364
1.698535433
1.702494537
1.707950215
1.771313358
1.824622833
1.773791264
1.827921885
1.780316987
1.843970468
1.817169527
1.83251843
1.795454053
1.824260381
1.821114201
1.841973184
1.861325646
1.914384073
1.960897067
1.929638739
1.899832159
1.9372625
1.853251711
1.807220881
1.691383374
1.891028881
1.909892871
1.693011735
1.696000663
1.697422163
1.696465869
1.888219831
1.802346951
1.760096788
1.732488239
1.706404435
1.706771964
1.710487082
1.696778116
1.697817025
1.698890177
1.70188281
1.705973949
1.705493781
1.709256506
1.835272216
1.86335082
1.841159656
1.82974899
1.894285186
1.905415957
1.893609402
1.84627351
1.796442177
1.802946375
1.846086721
1.908268183
1.872777789
1.861076832
1.897407253
1.898011706
1.871521392
1.833130829
1.94050439
1.941418868
1.695058937
1.698196395
1.700872106
1.700631095
1.81516288
1.750981842
1.731329862
1.714628372
1.710357542
1.700355123
1.701195764
1.702183918
1.70672078
1.71129163
1.714267208
1.897656659
1.902760629
1.930920457
1.883160091
1.893853451
1.926482935
1.965658023
1.919835955
1.823702198
1.817391285
1.923714576
1.813996675
1.913492299
1.933501181
1.89441082
1.898914014
1.900997321
1.897282789
1.80401367
1.940739542
1.806964839
1.697669603
1.701274324
1.70578579
1.746411023
1.729855841
1.727564563
1.723067606
1.706672636
1.705455167
1.711408773
1.720622604
1.972355847
1.945710982
1.928095784
1.897165242
1.892340197
1.931971954
1.956096628
1.943269366
1.88155937
1.854368627
1.947239823
1.841481409
1.939181231
1.902561566
1.826950002
1.874527597
1.920739668
1.831513387
1.756061957
1.82664222
1.700980329
1.70459959
1.705864044
1.71006508
1.75474298
1.760001136
1.749194308
1.732638415
1.712968521
1.712783078
1.715856168
1.718389101
1.949832792
1.979297863
1.897648935
1.889642095
1.913155506
1.914866362
2
1.899989194
1.977239265
1.983351354
1.884283266
1.883424206
1.901486015
1.827199728
1.836938863
1.897806799
1.774389191
1.789157572
1.805815144
1.705638016
1.708511282
1.715386183
1.776904057
1.746611936
1.725589902
1.723336203
1.719937956
1.90827383
1.938074296
1.916115978
1.901657798
1.912051834
1.833993642
1.979797463
1.946723683
1.981645361
1.892961223
1.880196846
1.890236226
1.883517741
1.857052373
1.893081675
1.773743436
1.780477769
1.766697328
1.712139107
1.716330636
1.726674418
1.736490203
1.73755643
1.741716389
1.729946932
1.926428486
1.947208969
1.947124565
1.912887959
1.848083257
1.778855479
1.955002607
1.981200777
1.934089145
1.946073435
1.9199837
1.876169943
1.889607812
1.910633774
1.91243112
1.92609496
1.751261311
1.753496207
1.718091245
1.724642436
1.735750077
1.735614319
1.756164423
1.770059573
1.759022939
1.941097132
1.934365047
1.952461582
1.923296844
1.815611192
1.783767557
1.962360338
1.956165116
1.922349835
1.925604946
1.921413861
1.931900337
1.943338801
1.924899534
1.930732257
1.937125721
1.743308631
1.731293786
1.753937482
1.763910067
1.762758788
1.777117961
1.784987342
1.758998211
1.969036055
1.95856174
1.966013409
1.879780321
1.809018366
1.952176347
1.93372678
1.928442572
1.939491841
1.939033818
1.920625624
1.95863422
1.961281213
1.786542213
1.767870043
1.737526704
1.764018466
1.785408499
1.77300309
1.77241104
1.953207602
1.970757474
1.837163738
1.896628129
1.955613526
1.954009684
1.96544118
1.966072431
1.975180653
1.968215202
1.937939454
1.785095322
1.785590321
1.740571427
1.75842372
1.765703312
1.814319799
1.966504162
1.966359525
1.813440337
1.900938426
1.97630003
1.964197064
1.950852341
1.963120377
1.962256928
1.945603687
1.929884351
1.771340777
1.755188145
1.759148474
1.84626735
1.768572049
1.980718242
1.938097962
1.862905
1.96868639
1.937631023
1.93117113
1.93780611
1.930493766
1.923971728
1.756258655
1.788742654
1.847563538
1.757035342
1.77175042
1.957616347
1.930827665
1.938073961
1.908913461
1.92890254
1.916754664
1.918217172
1.774214264
1.88482048
1.779994291
1.750388813
1.948006751
1.924684133
1.898149892
1.90871055
1.907530776
1.905224226
1.743625878
1.811811298
1.756885448
1.972105808
1.904685664
1.891546134
1.893480802
1.873327092
1.761273753
1.752945792
1.809543506
1.863872806
1.928102313
1.895837743
1.898052772
1.812216407
1.793824746
1.837394276
1.847877798
1.884189221
1.890647421
1.884250874
1.848224005
1.844608384
1.840034104
1.848964792
1.947499025
1.908119717
1.857648656
1.843012054
1.905415253
