1.901328561
1.895381115
1.925611816
1.9109065
1.887577817
1.884937868
1.927861954
1.915214764
1.895417444
1.931252065
1.888542364
1.941072928
1.889184161
1.885177422
1.908401103
1.929612192
1.884313506
1.930252685
1.924969958
1.908102967
1.894795062
1.932996878
1.932284787
1.941714733
1.949525087
1.934237327
1.891900873
1.890458867
1.885896082
1.888522753
1.902344396
1.927118555
1.893038117
1.936657141
1.933774309
1.922205407
1.929902761
1.908251231
1.933329952
1.934192181
1.935926111
1.939685025
1.944100664
1.865184399
1.873653953
1.889017287
1.896107157
1.867635002
1.903425697
1.905480813
1.918041224
1.935296908
1.93862204
1.939823173
1.935329887
1.947899346
1.93749523
1.941243378
1.94642766
1.950426518
1.955403244
1.96390888
1.959265384
1.835972638
1.839221264
1.871623892
1.87816203
1.896258098
1.912141593
1.848468186
1.929146281
1.948815346
1.940065416
1.942354776
1.946597447
1.951517514
1.959422663
1.947383333
1.951355507
1.951537005
1.952598796
1.957671769
1.966448546
1.961048332
1.970722463
1.974751743
1.817660347
1.81206591
1.830031958
1.859154007
1.888893204
1.915043711
1.938391061
1.833369223
1.963482731
1.949740509
1.945586497
1.950743727
1.952912664
1.958734366
1.961930025
1.969900983
1.956447901
1.95706267
1.95955665
1.964346736
1.968710148
1.974218363
1.975188584
1.973547598
1.977546427
1.97952546
1.984610631
1.806241219
1.797602134
1.802490321
1.871099758
1.845893856
1.903180089
1.930494387
1.966528205
1.824801959
1.954585111
1.96061451
1.956468768
1.959775112
1.963732585
1.970102767
1.975242699
1.970632362
1.965949787
1.970045932
1.977902066
1.980842258
1.988055948
1.984781119
1.982421319
1.982867883
1.983701824
1.986032864
1.984580409
1.980761278
1.930822783
1.969364749
1.962473654
1.801574044
1.791749099
1.790268683
1.852585336
1.884017741
1.828180241
1.916230289
1.955020954
1.811368884
1.9656881
1.966421518
1.972559414
1.968893202
1.974964933
1.974458001
1.9801756
1.982398567
1.974076545
1.96276187
1.978058561
1.984977992
1.993344769
1.994899885
1.994222886
1.99424023
1.989106213
1.98807335
1.985683417
1.974954089
1.966907999
1.914227481
1.933538881
1.948547452
1.962462735
1.957115454
1.910443039
1.796179242
1.793771137
1.789141693
1.874014216
1.841886196
1.899024161
1.817704274
1.934071556
1.80351617
1.979481573
1.978347716
1.977139129
1.983188035
1.981635816
1.982683552
1.984982048
1.983664817
1.976617688
1.954093071
1.9356647
1.989072544
1.993482444
1.995355908
1.99614665
1.993504594
1.991027194
1.986664944
1.982250547
1.973905598
1.964869102
1.958779545
1.907569268
1.919179664
1.953274313
1.941120989
1.956089849
1.912374408
1.921032582
1.927441923
1.795773095
1.795870096
1.799098958
1.877532884
1.855974774
1.828411366
1.908065823
1.807535308
1.798374577
1.98993231
1.987601116
1.98786702
1.983557716
1.990914242
1.990739917
1.993299758
1.964610036
1.945064816
1.91732448
1.90118084
1.99215803
1.989509876
1.989246202
1.982588385
1.979247978
1.975898211
1.970593073
1.969405513
1.962116876
1.95623412
1.953579483
1.910366713
1.905343337
1.927670264
1.951228019
1.943516379
1.913955899
1.923968738
1.924956793
1.926911148
1.796518832
1.79990775
1.928627253
1.80009129
1.882778318
1.863593033
1.841602505
1.817807791
1.803138378
1.796714674
1.997409394
1.997860236
1.996687541
1.990961051
1.964712646
1.996313001
1.993649336
1.988235316
1.930176466
1.910616793
1.885422652
1.873928374
1.982112852
1.981700539
1.975114656
1.970323743
1.966933553
1.962677676
1.959647811
1.953492136
1.951304595
1.948471156
1.903486658
1.915931015
1.902722242
1.932860715
1.941036584
1.914951645
1.921270598
1.936338198
1.796007804
1.805619629
1.80361649
1.935145059
1.805801189
1.864722242
1.848165326
1.82966247
1.809923244
1.798916921
1.794945827
1.999598842
2.000983251
1.991527216
1.99687015
1.974805527
1.928359913
1.991775791
1.985897045
1.977162242
1.886059493
1.860577288
1.851760741
1.973910299
1.969774081
1.965444276
1.962428335
1.958348617
1.955896174
1.951081924
1.950363076
1.948279424
1.907733637
1.896011465
1.922246769
1.900485828
1.934603813
1.938747083
1.909995411
1.927913347
1.950029002
1.951502527
1.793734923
1.804209683
1.950450476
1.953983678
1.945032678
1.802537467
1.844527699
1.830154537
1.816688138
1.803594972
1.798675971
1.79372894
1.990321751
1.99749795
1.994618527
1.97005372
1.991254891
1.941729124
1.89423965
1.985575717
1.977515244
1.971987092
1.859675531
1.836417496
1.830625413
1.969984983
1.964135233
1.961821937
1.956900335
1.950794932
1.948270705
1.944764259
1.925447032
1.903472419
1.890143705
1.895308638
1.934389012
1.936403094
1.924998733
1.944337549
1.956548758
1.793191521
1.798624047
1.953482661
1.946935182
1.936147076
1.936060771
1.942629823
1.936380045
1.792339468
1.826271242
1.815674704
1.80901304
1.802076454
1.797430225
1.792323175
1.993888941
1.963858972
1.996596586
1.99089037
1.93264878
1.984969899
1.905875686
1.859035862
1.9834868
1.978798206
1.979983768
1.835983918
1.819263468
1.815201042
1.976013971
1.976823249
1.969605665
1.958338486
1.954098908
1.945931371
1.932860428
1.913350749
1.889444401
1.884276517
1.902945536
1.935818844
1.941529241
1.9284168
1.946308801
1.943995977
1.789648252
1.790305163
1.937921169
1.932720988
1.936636255
1.946802966
1.945392049
1.932527316
1.782799066
1.812024522
1.807518886
1.800330526
1.797567485
1.794156166
1.997514776
1.980091347
1.928590274
1.99318869
1.987634008
1.889922484
1.989735746
1.865138911
1.832403755
1.988307298
1.991658713
1.991955311
1.817871482
1.810589074
1.80663534
1.997813413
1.987896791
1.975579553
1.965580267
1.959578805
1.915940299
1.935652338
1.894177394
1.877316409
1.882439773
1.903024349
1.937513931
1.958906639
1.923934725
1.929883176
1.924981119
1.790785579
1.789229032
1.91814443
1.934306503
1.956520468
1.951590097
1.912462602
1.776384825
1.806535162
1.806350452
1.803815087
1.801713597
1.798034162
1.986052373
1.991184297
1.945668462
1.89453212
1.989333262
1.992115495
1.856724902
1.994146334
1.835214282
1.810818465
1.996130467
1.998076271
2.009850783
1.801316381
1.798911485
1.801524622
2.007818536
2.000291607
1.984137163
1.985313942
1.896432351
1.930203961
1.875623742
1.869538619
1.880686401
1.906892125
1.96024347
1.981145661
1.918049614
1.913220725
1.92467995
1.785490402
1.795069371
1.914172329
1.9515222
1.965001404
1.897196838
1.911821485
1.778290681
1.792160992
1.773352251
1.803432876
1.804956568
1.80516395
1.800731905
1.802526484
1.959254529
1.976953081
1.984033588
1.912870184
1.864642706
1.984702276
1.984547014
1.836017948
1.826268901
1.983638186
1.808717302
1.991747467
2.002906903
2.012981264
1.78743324
1.786149241
1.791843552
2.016281536
2.004330864
2.002311091
1.876468693
1.94900811
1.860583028
1.86459517
1.887638433
1.910297168
1.981968762
2.001790143
1.907072002
1.90629619
1.933531724
1.787034029
1.91703867
1.954612871
1.88891833
1.923352159
1.775183594
1.789479274
1.780531675
1.855671028
1.768929674
1.798368944
1.800815586
1.800134601
1.79943057
1.791246326
1.918963611
1.953053109
1.973479692
1.977887814
1.875707058
1.839413493
1.974650725
1.971255902
1.813625996
1.803752712
1.976007114
1.982878183
2.005764352
1.990889494
2.012398609
1.777766789
1.778538539
1.788925908
2.009582435
2.007133207
1.870073274
1.857512811
1.972237202
1.875377103
1.902974492
1.909168351
1.99739831
2.008146001
1.901823125
1.91088234
1.933506849
1.777663584
1.918346649
1.896154305
1.944384847
1.770338576
1.77975158
1.789241569
1.77419448
1.854367892
1.868626309
1.762069417
1.795065142
1.795851677
1.792543206
1.788507321
1.779257934
1.919651551
1.885414015
1.951682082
1.969252299
1.968712921
1.847033387
1.816531235
1.966142205
1.966827886
1.798469745
1.971536175
1.980247503
2.000195454
1.992532943
2.006008945
1.771608167
1.78311452
1.772205794
2.012882671
1.876642286
1.85721762
1.979053853
1.895921851
1.900906592
1.897186918
1.997094935
2.012747069
1.914821883
1.921764662
1.766512684
1.771117566
1.910203139
1.946888936
1.776590859
1.783412655
1.79207029
1.771591995
1.851745019
1.862048316
1.883123145
1.757886472
1.75269135
1.792817995
1.790680553
1.782231625
1.774615942
1.76766128
1.929335383
1.891990085
1.859277539
1.947384432
1.964701395
1.963857857
1.828003144
1.804959558
1.960259183
1.962197827
1.966777942
1.975825427
1.983872454
2.001609219
1.76840659
1.777210511
1.767085869
2.010864648
1.882993635
1.861442265
1.972300296
1.892587283
1.887631656
1.903052747
1.993578768
2.00683794
1.918786251
1.759277358
1.917490534
1.943146144
1.779488079
1.785547365
1.794010529
1.805084414
1.77313159
1.851549703
1.849581926
1.865280325
1.879601027
1.74671823
1.742388309
1.7870216
1.776567796
1.768355535
1.761028749
1.757736461
1.912965393
1.932410646
1.877476152
1.844456441
1.937311468
1.944897251
1.946147594
1.952672116
1.816413975
1.953227567
1.953274437
1.96007222
1.967653135
1.993832831
1.768382126
1.768161889
1.765255912
1.995128902
1.864150753
1.895278743
1.967737493
1.876423162
1.882191496
1.898312026
1.98927506
1.993832465
1.750667001
1.931019816
1.947972009
1.796294954
1.786122199
1.802642367
1.806488744
1.811744264
1.7777401
1.844618104
1.853216616
1.854154625
1.866169204
1.870795563
1.789549513
1.860823026
1.742161843
1.737642972
1.734491647
1.770366997
1.762565171
1.75350511
1.751150325
1.749951803
1.92662234
1.899097645
1.934995473
1.86277519
1.833849279
1.934961456
1.935058819
1.938212851
1.946097287
1.947550879
1.947991447
1.952355188
1.973036814
1.770871471
1.761719201
1.767717823
1.978723327
1.872910645
1.902251073
1.970570559
1.865126077
1.874963762
1.982449864
1.985053671
1.932375821
1.950542383
1.806126288
1.799336496
1.809662764
1.811394303
1.816967933
1.829552494
1.77954097
1.844368376
1.843396138
1.852638358
1.860972192
1.857633188
1.787598731
1.779000055
1.850355587
1.856328386
1.734963971
1.740462967
1.731126978
1.728821919
1.757176343
1.750701095
1.745513377
1.744930534
1.744682177
1.91820448
1.932267981
1.882863067
1.935830412
1.848817349
1.936893106
1.934336776
1.935391882
1.937006213
1.943486084
1.943038119
1.955082651
1.772148175
1.760291662
1.768854155
1.96332419
1.882079773
1.907118324
1.966682931
1.859995663
1.982820977
1.976115138
1.92086306
1.944117226
1.804487198
1.792130701
1.810491884
1.811271841
1.822471953
1.839491489
1.773625994
1.841809841
1.851656335
1.842767134
1.846156091
1.867655871
1.774861721
1.7723427
1.764548988
1.852058967
1.845881829
1.855464345
1.733286607
1.730342187
1.736608266
1.72670724
1.725017579
1.751586069
1.74598631
1.740139288
1.737953961
1.902682884
1.931383538
1.943466069
1.868017673
1.948054485
1.942935634
1.936063202
1.932494339
1.932570112
1.939358462
1.943438201
1.936225264
1.768270711
1.756660391
1.760615943
1.952633285
1.879844648
1.887937928
1.892644271
1.970569136
1.856554263
1.975545833
1.954347762
1.911210664
1.941448724
1.784080821
1.792864709
1.798740452
1.816400693
1.836632753
1.861633857
1.762096438
1.847004976
1.837798405
1.8591513
1.838885676
1.762872269
1.77027937
1.759660016
1.753060877
1.85362378
1.845109513
1.728892468
1.72949989
1.727027265
1.731526819
1.723517052
1.721978266
1.749225226
1.741108365
1.734485339
1.927750525
1.893445675
1.952609367
1.95637306
1.947896912
1.940612022
1.931880952
1.930001475
1.93025656
1.933889714
1.75822957
1.752321005
1.749915555
1.935606879
1.866529487
1.877254846
1.872004753
1.880392823
1.948149516
1.861618238
1.951342623
1.935749161
1.90055343
1.91984622
1.779659125
1.788948414
1.806981033
1.828082116
1.850762353
1.881151309
1.753503464
1.854985211
1.840138071
1.839890042
1.75750354
1.765124808
1.774928263
1.752533141
1.745341368
1.859496251
1.852331206
1.84542539
1.72622929
1.723582326
1.724345619
1.724445765
1.728982938
1.719215385
1.720737847
1.742602065
1.735274651
1.916153338
1.953968264
1.970552632
1.963466412
1.952885893
1.940188295
1.932410676
1.927711207
1.926776079
1.746861344
1.742459999
1.740356987
1.923369258
1.857503548
1.865511253
1.855143538
1.853625843
1.867522303
1.903872287
1.922943755
1.868487536
1.927726871
1.917162841
1.884691233
1.787014962
1.807346426
1.837120254
1.871827595
1.915506963
1.743093895
1.84609772
1.84104935
1.765496349
1.756183682
1.776573178
1.787750754
1.74681049
1.739403907
1.864222033
1.853719975
1.846130492
1.722679
1.723588269
1.721227691
1.720137047
1.719893551
1.729416204
1.717576785
1.714702925
1.716959296
1.720318379
1.724289903
1.718500903
1.717106573
1.718137843
1.733992379
1.954469871
1.971594918
1.971859922
1.962253533
1.950500953
1.940415867
1.932802068
1.923118133
1.738624354
1.734681856
1.733811536
1.912052754
1.844583046
1.846151216
1.834537723
1.83845572
1.855351326
1.88271849
1.871491689
1.900137885
1.86738353
1.899393731
1.896031441
1.805258013
1.832622287
1.87064357
1.914212551
1.949757476
1.736178567
1.847093034
1.762609733
1.775486229
1.747658481
1.790035709
1.801686185
1.739503669
1.734590067
1.860304365
1.852699604
1.848920839
1.719950487
1.720357693
1.718228351
1.727606009
1.716482161
1.715519308
1.713775251
1.713957666
1.712820644
1.715897125
1.71738335
1.723692337
1.719936742
1.716524941
1.716651373
1.715224612
1.714961172
1.728630959
1.965929825
1.965620037
1.953975383
1.945497695
1.938921036
1.933800269
1.926092694
1.733300369
1.730736518
1.729291794
1.917422341
1.897729027
1.838527356
1.850222914
1.827940683
1.821033233
1.828553853
1.851553223
1.853775673
1.865424601
1.877562999
1.858798492
1.870891067
1.869774385
1.824926142
1.862152857
1.899606021
1.929556488
1.948168005
1.731722758
1.749471616
1.766653248
1.781747712
1.739607001
1.797509129
1.821508944
1.733182287
1.730660962
1.855787675
1.852159448
1.853391376
1.717689699
1.714752652
1.711845474
1.712589637
1.712659789
1.711256941
1.853665666
1.838658796
1.721330053
1.795646229
1.715372758
1.726084332
1.716890811
1.718869524
1.714090805
1.715011363
1.713236898
1.712793265
1.728462675
1.956545296
1.94661185
1.931917545
1.924725419
1.918363397
1.923089154
1.727025114
1.725137161
1.904595584
1.880486837
1.839267662
1.850990524
1.818751539
1.811224145
1.818405736
1.834894586
1.844990564
1.855458135
1.85378725
1.850284587
1.852504211
1.851874782
1.881647634
1.917021229
1.936632878
1.936119427
1.726887809
1.73962798
1.755400913
1.775731008
1.732987967
1.817817616
1.847733968
1.727241402
1.723096767
1.854287911
1.855348285
1.713345191
1.710081719
1.710645496
1.710835321
1.711446048
1.711575487
1.710069916
1.851484393
1.819390512
1.819783082
1.723868445
1.721538411
1.815019509
1.792839568
1.720626651
1.708655877
1.709279845
1.714785541
1.723673528
1.716967929
1.719795125
1.711931241
1.712918091
1.711087353
1.710238854
1.935492294
1.927019393
1.913174295
1.900447705
1.900478116
1.720217419
1.71945272
1.877689223
1.855552784
1.830934673
1.846985802
1.809369146
1.79354975
1.805382721
1.805278693
1.823567412
1.832889243
1.849379808
1.826323162
1.827803443
1.880675448
1.909135257
1.923688238
1.926939135
1.916016768
1.733352512
1.746191124
1.764175956
1.727702998
1.839042457
1.864572686
1.722417129
1.71878527
1.855061989
1.852207435
1.712769076
1.708809662
1.708868946
1.709214771
1.709733992
1.710932734
1.846041736
1.797958237
1.798216676
1.720635118
1.833449016
1.808865922
1.782596833
1.71695213
1.707212111
1.707701897
1.710772957
1.708896793
1.708207309
1.717391581
1.778321314
1.738672588
1.714947527
1.716681704
1.717363841
1.715407474
1.709823212
1.708510192
1.707328488
1.707716515
1.91194114
1.905859851
1.887855326
1.876959941
1.715641586
1.853629378
1.832372319
1.813203434
1.836250489
1.792926898
1.780181217
1.787123444
1.784643024
1.80057779
1.806960517
1.839302525
1.800398093
1.801354631
1.883663758
1.898551052
1.899477902
1.906856831
1.903215692
1.893608493
1.729439611
1.753143217
1.724374615
1.860308788
1.720156173
1.716641104
1.848262875
1.839407726
1.712868013
1.706982487
1.706742748
1.707098643
1.839002152
1.776734573
1.847185306
1.817725705
1.794114833
1.770205066
1.715001698
1.706107138
1.705875214
1.707111859
1.713011783
1.711043406
1.708927366
1.70631722
1.713857918
1.76714771
1.760777353
1.733794449
1.741526578
1.706069139
1.723049996
1.705582021
1.715323667
1.71325357
1.713301171
1.711849761
1.706427948
1.707412989
1.706478065
1.706272543
1.706302552
1.886154956
1.869602849
1.860722705
1.713561433
1.833957977
1.809889305
1.817602024
1.800419422
1.780610035
1.767418064
1.773908845
1.775383735
1.782743197
1.826933542
1.775342358
1.781588883
1.880899686
1.868956603
1.877831805
1.882128857
1.88750289
1.885617986
1.868593892
1.729040785
1.7487934
1.718362164
1.715180456
1.831979397
1.819357527
1.705952975
1.706044947
1.706117073
1.706225134
1.8259259
1.757258307
1.850182573
1.824766348
1.799694121
1.779547928
1.761780138
1.705722527
1.705803705
1.706912178
1.713199148
1.711175859
1.708945715
1.711552333
1.752821178
1.763154756
1.746950402
1.736519859
1.721392447
1.72524268
1.705548711
1.705613884
1.705475338
1.705942571
1.711010156
1.711240695
1.712280962
1.71002339
1.71012403
1.706369607
1.706228452
1.706318682
1.706095463
1.706140513
1.848509215
1.841698503
1.714036179
1.816993275
1.796993753
1.783971668
1.804033699
1.786283453
1.767396906
1.75641078
1.754198609
1.761640217
1.805949699
1.75546958
1.762165064
1.858026864
1.862799341
1.859435992
1.867920318
1.874946472
1.857699374
1.730555476
1.745808296
1.717357811
1.81580008
1.805350203
1.70584595
1.705935987
1.805924565
1.742554816
1.846666223
1.825545042
1.805377852
1.787994471
1.76981273
1.756973867
1.705668416
1.705718146
1.706628923
1.709903582
1.708335703
1.711130185
1.742579537
1.748117204
1.751709885
1.737163304
1.737122459
1.721358736
1.72579383
1.705517979
1.705562222
1.705467219
1.705445601
1.708596259
1.706842198
1.709875457
1.708270377
1.71317373
1.708699288
1.706133811
1.706034541
1.706171778
1.705972669
1.823820889
1.831762737
1.716171081
1.801570768
1.785014604
1.768146407
1.788480131
1.770139075
1.757266056
1.750691072
1.743665327
1.738903172
1.781705594
1.740850966
1.735379059
1.74830126
1.840584745
1.840436704
1.844051377
1.853701772
1.850026623
1.730744779
1.736898789
1.745038407
1.753074624
1.720134395
1.794988129
1.787843694
1.705769719
1.705826835
1.783751295
1.732616038
1.824615447
1.808099719
1.794443851
1.776363398
1.76208525
1.705606787
1.70564999
1.705593265
1.705451794
1.707413134
1.706268659
1.71199474
1.744352356
1.739099936
1.747511373
1.73291754
1.725184599
1.705496028
1.705529404
1.705478974
1.705464071
1.70667742
1.706678445
1.705506381
1.708453394
1.710198985
1.711317251
1.705665192
1.706018908
1.713347162
1.751364683
1.707077003
1.715731978
1.706031638
1.705875375
1.705910408
1.70607246
1.809595656
1.826629849
1.719904449
1.787350718
1.773994289
1.756227408
1.771370132
1.760779383
1.752706772
1.751858603
1.729691562
1.762979739
1.76112378
1.732472398
1.72787938
1.738322633
1.819746315
1.822614314
1.820360155
1.826052523
1.835213622
1.730162234
1.736723057
1.744977686
1.750120386
1.755600543
1.724210746
1.771264736
1.771283656
1.705699443
1.705742644
1.727866665
1.809720457
1.804192153
1.796354735
1.780701517
1.764011512
1.705560976
1.705606307
1.705506493
1.705502987
1.705617979
1.705604212
1.755489509
1.740457804
1.732146323
1.705498221
1.705522018
1.705515155
1.705507768
1.705794889
1.705925163
1.705598419
1.707205293
1.708895289
1.715482789
1.712223075
1.705768499
1.705933842
1.718679588
1.751602076
1.765808782
1.705992838
1.749460051
1.807489871
1.705566232
1.725544095
1.762935148
1.705977248
1.815001746
1.717556355
1.746203699
1.706149042
1.72220267
1.705924142
1.705790466
1.705834213
1.796427106
1.815032473
1.726698813
1.774030104
1.76243404
1.762074081
1.756144111
1.753297547
1.760957435
1.724146486
1.757906779
1.749204925
1.726553753
1.724017579
1.731102828
1.807689716
1.801886159
1.796834811
1.730519887
1.736083583
1.742073455
1.747185805
1.752845673
1.762119111
1.705629929
1.705684239
1.727560636
1.796317376
1.791077765
1.78205562
1.767284742
1.705544996
1.705590934
1.705741502
1.705730406
1.737176676
1.705521302
1.705566818
1.705920967
1.705713608
1.707017186
1.70972039
1.721413399
1.713733541
1.705902155
1.724413296
1.751867046
1.740301137
1.768940419
1.705922056
1.742099611
1.705630173
1.721393248
1.722087404
1.721068001
1.761205786
1.706140354
1.706090926
1.798960385
1.802471411
1.718828682
1.722556295
1.738549953
1.75059768
1.737738702
1.705838422
1.70767521
1.78572285
1.796625599
1.706290812
1.706399235
1.728707283
1.705820583
1.705724935
1.705758615
1.787765111
1.733781191
1.758193041
1.774846903
1.765679257
1.756488791
1.754187957
1.755889378
1.725004122
1.721314484
1.753159753
1.748459311
1.741319423
1.720754137
1.731726697
1.724201915
1.790576518
1.789020961
1.785395689
1.786334102
1.737202507
1.742017383
1.73894611
1.746202045
1.756580202
1.705569882
1.705598515
1.705632193
1.732245742
1.785535873
1.779328026
1.769014344
1.70553922
1.705707213
1.705879215
1.705857642
1.705578901
1.705673267
1.706066869
1.70582714
1.71049078
1.726675212
1.714348363
1.706042318
1.752429568
1.741784992
1.756570452
1.764179781
1.705860079
1.718166205
1.717918737
1.71735101
1.716816664
1.757448422
1.706250477
1.706226731
1.78736883
1.787221458
1.721793637
1.716945307
1.718752768
1.724478055
1.741052491
1.747959989
1.736463164
1.734748519
1.707677251
1.774694551
1.777512162
1.784477158
1.757159595
1.770084212
1.71943762
1.774967549
1.706382282
1.706429953
1.70652124
1.730690048
1.705762658
1.705716334
1.705666564
1.774053676
1.733178501
1.746901482
1.763679963
1.750720879
1.751864192
1.732061478
1.724226001
1.719548265
1.746946034
1.741728345
1.726601833
1.736832613
1.719148071
1.782135094
1.779034327
1.772514636
1.775575189
1.734451523
1.741031926
1.736926731
1.748663767
1.757881106
1.705556748
1.7055759
1.705599686
1.765713162
1.705586638
1.705809388
1.706015284
1.705961943
1.705687663
1.706201506
1.710951615
1.726642524
1.714518078
1.706171116
1.74493411
1.7499193
1.738343712
1.752354268
1.758476848
1.705808449
1.717836803
1.713996924
1.714270715
1.713823489
1.715864093
1.751827131
1.706360714
1.706339248
1.774306517
1.774664851
1.721718767
1.716442217
1.716141826
1.736440299
1.732759692
1.732401079
1.707669853
1.765199148
1.764409043
1.777684099
1.752266877
1.763761881
1.717128384
1.772648818
1.763862428
1.720239985
1.7558647
1.705622799
1.759046584
1.711856239
1.70562062
1.706481001
1.70645608
1.706506054
1.706560085
1.706546382
1.728804695
1.705685209
1.705724918
1.70564426
1.761448436
1.730107327
1.744347239
1.737878987
1.742572983
1.746788549
1.732623839
1.72874142
1.72255581
1.73146782
1.719876865
1.725117846
1.714649795
1.773068744
1.771580387
1.764530113
1.763041344
1.732494029
1.736316784
1.742792056
1.749893202
1.754906718
1.70558876
1.7055925
1.705606294
1.705680386
1.705820183
1.705980778
1.706113451
1.706314639
1.710773908
1.725926894
1.723298752
1.713443331
1.706260872
1.742697135
1.745497721
1.7469503
1.73811166
1.750949903
1.746526605
1.751182826
1.705767562
1.719143706
1.710967375
1.710606245
1.713487388
1.716059074
1.745849388
1.706439058
1.706423495
1.761427011
1.717314512
1.71352333
1.73692642
1.732192909
1.730037138
1.73016569
1.706548321
1.70735227
1.756301326
1.754260952
1.770754536
1.747275673
1.757529354
1.713050411
1.714883975
1.765335894
1.756669991
1.7216859
1.719197688
1.749746834
1.752413347
1.752800902
1.710851595
1.709656326
1.70566367
1.705665175
1.705634836
1.70573347
1.745266342
1.733478538
1.74764635
1.706531564
1.706513963
1.706493118
1.706539821
1.706528601
1.72648551
1.724282524
1.705652198
1.705681028
1.705734128
1.748356568
1.728840249
1.740233852
1.735915708
1.729552201
1.742258477
1.737293614
1.739596408
1.734293333
1.72921742
1.723879122
1.71641843
1.711816091
1.722879209
1.765912943
1.765595093
1.75832151
1.749487609
1.732344394
1.738084371
1.743591661
1.746942585
1.749777437
1.705671971
1.705661036
1.705811288
1.705979614
1.706145697
1.706388011
1.709775955
1.706889122
1.710314764
1.706308696
1.738804323
1.742878977
1.744267755
1.743829106
1.746569283
1.742572824
1.744104764
1.718402059
1.706653695
1.707709429
1.707272506
1.714284477
1.741070501
1.706483785
1.706469032
1.712874261
1.716664269
1.714900671
1.709804951
1.728738206
1.730513183
1.727648857
1.727843535
1.706477036
1.706484875
1.746603199
1.764706403
1.740257578
1.751570218
1.711150456
1.70920211
1.75859574
1.752323142
1.721489075
1.718789114
1.741614198
1.746089907
1.745561099
1.707564159
1.709349652
1.711285336
1.70574215
1.705669458
1.70576382
1.705796361
1.705747742
1.705848108
1.737157821
1.738551119
1.733760369
1.730512546
1.739793174
1.705387947
1.73767844
1.740452186
1.742913552
1.732271689
1.740808045
1.75141537
1.707032148
1.712002214
1.725469577
1.739479171
1.730953289
1.706515901
1.706508244
1.706471693
1.706465712
1.72376921
1.726495238
1.705688957
1.705696793
1.705725991
1.736872696
1.737165858
1.729984045
1.729538626
1.726671957
1.717935569
1.737459555
1.734835873
1.734548826
1.729607029
1.723882031
1.707139935
1.712370798
1.705192842
1.758952487
1.761532773
1.755502191
1.734385616
1.738411411
1.741505967
1.744975857
1.748262189
1.705824294
1.70600722
1.706166223
1.706447707
1.706375991
1.706362623
1.706337987
1.737985247
1.74232221
1.742392643
1.740531927
1.738466538
1.73906546
1.73759523
1.718229885
1.705427953
1.705352932
1.705270839
1.705294794
1.713506381
1.737147783
1.706493972
1.706483253
1.708676633
1.714056163
1.715746573
1.70620095
1.726206625
1.727789765
1.725285555
1.706378196
1.70635583
1.736902269
1.758349529
1.726624635
1.743617875
1.706966793
1.706150771
1.753602036
1.721909129
1.718951859
1.728628006
1.705492214
1.707699626
1.709146022
1.7059068
1.705903331
1.705988352
1.705810464
1.70592799
1.70605144
1.728632263
1.723687702
1.727039284
1.731053867
1.727820184
1.734392754
1.733524506
1.737621013
1.718847888
1.740067925
1.748675645
1.706222322
1.708638734
1.710581414
1.72343982
1.72414935
1.731715491
1.728216617
1.731417936
1.706225259
1.743898995
1.727585069
1.706471513
1.706050586
1.70600471
1.705993056
1.706463944
1.706375056
1.725004963
1.728249932
1.705736793
1.705787617
1.705751461
1.723244035
1.731389749
1.712838744
1.705133831
1.732562288
1.733955597
1.728712179
1.72446707
1.705226709
1.705353115
1.754322218
1.755650699
1.751357716
1.734095558
1.737064157
1.740463852
1.744560249
1.749611881
1.706078318
1.706258865
1.706421626
1.70646509
1.706179265
1.736718318
1.740657492
1.739686456
1.736990815
1.732825646
1.733679841
1.734073191
1.732794916
1.720622318
1.716668961
1.70554524
1.705573258
1.705455123
1.705523084
1.710544915
1.71243231
1.733836011
1.706447396
1.706438832
1.70597586
1.712318245
1.716682627
1.7135698
1.706068281
1.705981808
1.725113182
1.722551445
1.706273025
1.706189236
1.722467099
1.753546011
1.705167184
1.714112401
1.739787729
1.705971423
1.720046187
1.722997615
1.70564613
1.706196074
1.706150376
1.706192585
1.705898336
1.706164005
1.706256754
1.712396521
1.712731053
1.705427932
1.717342882
1.707365996
1.723512119
1.725368903
1.72498563
1.730679907
1.727133729
1.725104341
1.705695865
1.738314744
1.745720134
1.705953885
1.707974959
1.722142458
1.721453991
1.722458549
1.720621216
1.728840235
1.725795571
1.706064866
1.740466307
1.713286495
1.70643313
1.70621885
1.705819522
1.705816485
1.706051755
1.706191026
1.710695797
1.705272002
1.705430809
1.723462535
1.738666572
1.731900147
1.715606041
1.711010092
1.710903452
1.711013032
1.706351185
1.706261768
1.72569292
1.729393263
1.705863269
1.70583687
1.70532999
1.705201411
1.705255408
1.705296674
1.728181251
1.734270386
1.729005254
1.726383034
1.723557199
1.705461973
1.705625781
1.750408253
1.750329964
1.746574847
1.732738755
1.736551663
1.742698954
1.746406084
1.706334499
1.706423304
1.706450807
1.706428089
1.705977668
1.736196609
1.738354132
1.736049894
1.733233037
1.728528028
1.729554077
1.729948115
1.728593835
1.720166538
1.716620302
1.705689147
1.705717379
1.705691193
1.705763924
1.706226365
1.729829095
1.706325727
1.706331093
1.705717178
1.709510925
1.717893063
1.714407673
1.705854339
1.705753102
1.722056372
1.719369532
1.720587854
1.706154002
1.706072421
1.707798538
1.705999461
1.749309603
1.705538223
1.705492671
1.739549861
1.733719411
1.721145358
1.705788345
1.705932639
1.706304439
1.706355417
1.706381357
1.706026079
1.706318816
1.706345612
1.706396029
1.705716259
1.705706588
1.705752521
1.716995864
1.711393701
1.720169302
1.723211759
1.741155178
1.705710535
1.705828868
1.706112956
1.719745108
1.719411909
1.719217274
1.708734868
1.726602046
1.722465164
1.724205052
1.705951703
1.705916302
1.739369931
1.706200223
1.706335946
1.705677709
1.706223856
1.706349482
1.707126801
1.720757845
1.737067345
1.7317653
1.709158574
1.706895951
1.705558597
1.711996964
1.707756188
1.710359363
1.71454276
1.706091006
1.706343515
1.724644993
1.705830569
1.736181654
1.706166426
1.724872757
1.728316844
1.706004037
1.706091521
1.705733044
1.705506202
1.724438438
1.724680182
1.733627342
1.729075356
1.725961928
1.722968362
1.705721684
1.705850988
1.746691421
1.74572328
1.745907116
1.742411389
1.732354945
1.741265727
1.743792076
1.706438738
1.706440168
1.70634597
1.705736903
1.734461352
1.73626525
1.734211227
1.732026754
1.729019665
1.725028471
1.724983008
1.726179388
1.725641299
1.719200999
1.715725264
1.705878956
1.705906679
1.705875554
1.7059531
1.706079474
1.725571144
1.706159782
1.706171583
1.705543521
1.705542164
1.705656516
1.716062698
1.705589126
1.717125342
1.717627913
1.715937582
1.705975858
1.706018772
1.706350754
1.706201931
1.745139644
1.705881804
1.705782982
1.705710905
1.734192743
1.728082896
1.719937509
1.706026878
1.706416144
1.706415055
1.706430116
1.706410563
1.706401241
1.706377962
1.705989622
1.705989596
1.705910099
1.706518101
1.706797902
1.706700413
1.709374657
1.717543335
1.737186319
1.705571624
1.70565134
1.715693005
1.717425075
1.718599169
1.720508202
1.721625468
1.70581565
1.705832389
1.738489883
1.706467581
1.706183168
1.706401873
1.706294281
1.706434161
1.705411835
1.735094077
1.731022361
1.706897191
1.706911152
1.705186936
1.705103285
1.706307139
1.710695068
1.710233991
1.706216639
1.706172702
1.721349854
1.721950815
1.705989507
1.735361191
1.738587061
1.705989641
1.706756075
1.706374026
1.727713998
1.705948171
1.723658422
1.727484144
1.706275329
1.706014573
1.705823096
1.720392308
1.732212672
1.727303598
1.72275919
1.719623242
1.70593805
1.706038402
1.741975991
1.743408379
1.741369381
1.741425381
1.731397573
1.739605269
1.706399411
1.706313712
1.706186176
1.705509345
1.705658065
1.733154149
1.731844607
1.729817636
1.724468109
1.721057324
1.721541133
1.721938872
1.722386872
1.71513039
1.70606749
1.706082892
1.706051534
1.706129359
1.706222699
1.706157463
1.720922917
1.705957175
1.705974208
1.705401732
1.705414443
1.705407396
1.705398713
1.714756736
1.712748498
1.71386021
1.714537957
1.71468911
1.712708194
1.705723754
1.706360616
1.706232587
1.706469324
1.706631957
1.740591646
1.706121899
1.706017923
1.705924194
1.724890138
1.729257364
1.718685554
1.706381546
1.706290971
1.706315993
1.706342893
1.706258931
1.706125225
1.706185232
1.706242465
1.706667237
1.706892768
1.706818659
1.706574859
1.712477408
1.732631643
1.705399643
1.712224659
1.715211906
1.717586984
1.705653056
1.736555689
1.705980127
1.706476879
1.706498881
1.70640987
1.70514661
1.729615319
1.706871573
1.704995821
1.704816342
1.704867798
1.704821345
1.708393246
1.709188807
1.706316417
1.706293537
1.719000442
1.717823065
1.706148177
1.733395469
1.734916496
1.706140763
1.706619228
1.706176801
1.706222398
1.722647127
1.724912023
1.717993062
1.706366998
1.722565072
1.70611624
1.726549262
1.705991278
1.70571396
1.722081319
1.726690568
1.706536935
1.706228804
1.706027843
1.715420355
1.7282921
1.721370745
1.715896031
1.706129013
1.706220843
1.737280519
1.739025524
1.736290403
1.736352775
1.729753971
1.734998938
1.706203011
1.706062112
1.705438618
1.705298651
1.729246264
1.725707736
1.719046787
1.717868714
1.718146509
1.718476706
1.717554653
1.709758842
1.706219311
1.706222148
1.706217515
1.706288163
1.70634419
1.70629355
1.716151461
1.705727621
1.705736496
1.705252528
1.705258779
1.705262435
1.705117659
1.711993576
1.710525
1.709866105
1.711214656
1.71156868
1.710350228
1.705494708
1.705446581
1.706473321
1.70661485
1.706383427
1.706816126
1.706783904
1.735172306
1.706323671
1.706222705
1.706123158
1.716110622
1.723498202
1.714160396
1.706179888
1.705995285
1.706067129
1.706070999
1.706337135
1.706447906
1.706899179
1.706293205
1.706352691
1.727279249
1.710015112
1.713284668
1.711190905
1.732060735
1.705750178
1.706595162
1.706487769
1.706278916
1.704873611
1.725340964
1.706557397
1.706806097
1.704733286
1.704578046
1.704604826
1.704581811
1.704579804
1.70638765
1.715370968
1.715186536
1.706277793
1.728706304
1.728904402
1.706285945
1.70592549
1.705916191
1.70599738
1.717045603
1.719019204
1.720714634
1.714722703
1.706396606
1.718332528
1.716458324
1.705858016
1.70577535
1.705805863
1.704451519
1.714347883
1.705456109
1.717105516
1.72382304
1.70671026
1.706426781
1.706220014
1.712657424
1.711739823
1.72093494
1.720763123
1.723127564
1.713023374
1.713096926
1.706513252
1.707663435
1.706309998
1.706396523
1.731732668
1.733446008
1.730188438
1.729986438
1.729609624
1.705871744
1.705203357
1.70512041
1.717989519
1.713409989
1.714294565
1.714475921
1.714767487
1.713554852
1.706363768
1.706350121
1.706379327
1.706408414
1.712464177
1.705474833
1.70548184
1.705068966
1.705067873
1.704848584
1.704513736
1.70854049
1.709051056
1.70818613
1.708840542
1.708740418
1.708522096
1.705239054
1.706652693
1.706575588
1.706766918
1.706887703
1.706850931
1.726891725
1.706499054
1.70640923
1.706313628
1.708657096
1.70605935
1.716958617
1.708427208
1.704399553
1.705867354
1.705636995
1.705674485
1.706529792
1.706626253
1.706807683
1.706042617
1.70613569
1.716881641
1.709967902
1.725296875
1.705501678
1.706606859
1.706373188
1.706081954
1.704613019
1.706547618
1.706250806
1.704439789
1.70441112
1.704369721
1.706418236
1.712456965
1.72207141
1.70562859
1.70564558
1.70576426
1.712706326
1.713961775
1.715238727
1.711671335
1.706389951
1.713652313
1.712280193
1.705570487
1.705514114
1.705570673
1.704328645
1.712179403
1.71138071
1.705813193
1.705021392
1.707211751
1.705865058
1.705221732
1.704342135
1.711823279
1.716206622
1.706746548
1.706591645
1.70639394
1.710020078
1.714340927
1.714521629
1.708608289
1.707742541
1.706358214
1.706309573
1.706457684
1.706478754
1.706513961
1.724006826
1.725677526
1.720340914
1.705574553
1.705023314
1.704873874
1.7122329
1.710836105
1.710120475
1.711519949
1.710309235
1.706453223
1.706431951
1.706442375
1.705206674
1.705230634
1.704857169
1.704632089
1.704298088
1.707353766
1.707410505
1.706818467
1.706823009
1.708148115
1.706967314
1.705060756
1.70677132
1.706736798
1.706844073
1.706762204
1.706847871
1.714986834
1.711470154
1.70663399
1.706564519
1.706478417
1.705669368
1.705701116
1.704274773
1.704244078
1.705305123
1.705285813
1.705304748
1.705360526
1.7066849
1.706742691
1.706524925
1.705689414
1.705926619
1.705379542
1.707738935
1.71369829
1.705256401
1.706509299
1.706164934
1.704430791
1.706136744
1.704316156
1.704277655
1.706392721
1.705391625
1.705460552
1.705580803
1.711044915
1.710116764
1.711307126
1.709603644
1.709012832
1.70846623
1.705290845
1.705356389
1.709852462
1.710475739
1.709201672
1.704861932
1.706214382
1.705673653
1.705829649
1.706047291
1.705590418
1.705856144
1.706543991
1.704951117
1.70420836
1.704217175
1.704346903
1.704360495
1.706637925
1.706715525
1.706539399
1.707712507
1.709671653
1.709329482
1.706218956
1.706250183
1.706293734
1.70620219
1.706567471
1.706508834
1.706587061
1.708063329
1.705011697
1.705166233
1.704874781
1.704804147
1.704653573
1.704660899
1.708981746
1.708403418
1.708740475
1.708507761
1.708821056
1.707682305
1.706473668
1.70642239
1.704983585
1.705015936
1.704452227
1.704236445
1.705902863
1.705844133
1.706327034
1.705968341
1.706835465
1.706818799
1.706630538
1.704582242
1.70470193
1.706682469
1.706605233
1.705369916
1.704213709
1.705089663
1.705012648
1.705016965
1.7051155
1.705211258
1.706810417
1.706284921
1.705305023
1.705695811
1.705148571
1.705005779
1.704335352
1.705070035
1.706359207
1.7043197
1.705907819
1.704260018
1.704275349
1.706312788
1.7053116
1.705430794
1.70553262
1.708239541
1.708234593
1.706145662
1.706126497
1.705049597
1.708136173
1.704669849
1.705879242
1.705655895
1.705892738
1.70575603
1.706181445
1.705283522
1.705862676
1.706511199
1.706562488
1.7042229
1.704913949
1.704732016
1.7047757
1.704186894
1.704238513
1.704178028
1.704195938
1.704207421
1.704182236
1.706417113
1.706755839
1.70664426
1.706901951
1.706120873
1.706238868
1.706739961
1.706136388
1.706181235
1.706066747
1.706452219
1.706611916
1.704323132
1.704701928
1.704855567
1.704667824
1.70447594
1.70449754
1.70651044
1.706991086
1.706496131
1.706846952
1.706678117
1.706445709
1.706369279
1.706258944
1.704810892
1.704857282
1.704337831
1.704232863
1.704260645
1.70595266
1.705908603
1.70585267
1.706057403
1.706025096
1.706745658
1.706279823
1.704453602
1.706711084
1.704978758
1.704989811
1.7048782
1.705161379
1.705279929
1.706749722
1.706684855
1.705008422
1.705389596
1.704171929
1.704223411
1.704285024
1.705619612
1.705445692
1.705609979
1.705673785
1.706138347
1.706052021
1.706042211
1.706013155
1.704792134
1.704522291
1.705885195
1.705783517
1.705833471
1.706021336
1.705823059
1.70494069
1.704969668
1.706418923
1.706468013
1.706519712
1.704157932
1.704737132
1.705867775
1.704293425
1.704611817
1.704568848
1.7046529
1.704206021
1.704231034
1.704169139
1.704252145
1.706141129
1.706709363
1.706659207
1.706275367
1.70619143
1.706008928
1.705983721
1.706027705
1.705892507
1.70626254
1.706560828
1.704183353
1.704692801
1.704473289
1.704830574
1.704752328
1.704533322
1.704369142
1.704393652
1.706005957
1.706155828
1.706229385
1.706320295
1.706078567
1.70637092
1.706371064
1.706043064
1.704689142
1.704316012
1.704281315
1.705933478
1.706000829
1.705871845
1.706119937
1.706099977
1.706317494
1.706652705
1.70522399
1.704994642
1.705465866
1.705586556
1.706527702
1.705054939
1.704149466
1.704318368
1.705319943
1.705815209
1.705983752
1.705965285
1.705950695
1.705893068
1.705929124
1.705873241
1.704696514
1.704436097
1.705910013
1.706053087
1.705870481
1.705880108
1.706003179
1.704684089
1.704626451
1.704712792
1.706256774
1.706353364
1.706392679
1.704160115
1.704640627
1.705603582
1.704337331
1.704220289
1.706193979
1.706178445
1.70623003
1.704505103
1.704555371
1.704470762
1.704590609
1.704263624
1.704200829
1.704291588
1.704313701
1.705885726
1.706512176
1.706547828
1.706331376
1.706245036
1.705920174
1.705798445
1.70582188
1.705696158
1.705926049
1.706343408
1.704155711
1.704434607
1.704972907
1.7051163
1.704769936
1.704347545
1.704379371
1.704408745
1.706004596
1.706106415
1.706329794
1.706384591
1.704370102
1.70434628
1.705975656
1.70606001
1.705901475
1.706160762
1.705926879
1.706410287
1.705691716
1.705384766
1.705969119
1.706099904
1.706077029
1.704678566
1.705015068
1.704146189
1.706377726
1.706382971
1.70579226
1.705697796
1.705835496
1.705734586
1.704453085
1.705955606
1.70637383
1.705983205
1.705817909
1.706234091
1.704430009
1.70604519
1.706084444
1.704184117
1.704643945
1.705239073
1.704240616
1.706287248
1.705886565
1.706094961
1.706245211
1.706138179
1.70450236
1.704548057
1.70436168
1.704333052
1.704251253
1.704408657
1.705707508
1.706077935
1.706200754
1.7063665
1.705937136
1.705766181
1.705558382
1.705615318
1.705659239
1.705904501
1.704152691
1.704141345
1.704259376
1.705535832
1.705211346
1.705669998
1.704937095
1.704422161
1.704454423
1.704499681
1.70630341
1.706368753
1.704431009
1.70604026
1.706141926
1.705944456
1.706252497
1.705283918
1.705945867
1.706294738
1.705971897
1.706544206
1.706627271
1.705536454
1.704403177
1.704692986
1.704171386
1.706822437
1.706757228
1.70559474
1.705493152
1.70557011
1.704553131
1.706013082
1.706635255
1.70610434
1.705825304
1.706412251
1.70426261
1.705662071
1.705708176
1.704233597
1.704820318
1.704657665
1.70485471
1.706347225
1.705538099
1.705971297
1.706143306
1.706150596
1.704636271
1.704508114
1.704446994
1.70431728
1.704424488
1.704540392
1.705610949
1.705443787
1.705612246
1.706381844
1.705780597
1.705581364
1.705419379
1.705350975
1.705386282
1.70537437
1.704144903
1.704149364
1.704165304
1.706274494
1.705897527
1.705498398
1.70631665
1.70520575
1.704588926
1.704672431
1.706243782
1.706324038
1.706102375
1.706235567
1.70600456
1.706314633
1.704618199
1.704910811
1.70534726
1.706868506
1.70663069
1.707027772
1.707045138
1.704195887
1.704405913
1.704243864
1.707076117
1.706937585
1.705395574
1.705381252
1.704747356
1.706711945
1.705848061
1.706431805
1.70542184
1.70530812
1.704859374
1.706374919
1.705261148
1.70582033
1.706024424
1.706019253
1.70584117
1.705007236
1.704592548
1.704748765
1.704561363
1.704405696
1.704764348
1.705539577
1.704826482
1.704892443
1.706371485
1.705605231
1.705400844
1.705202421
1.70521769
1.705203893
1.704926712
1.7041504
1.704229052
1.70423156
1.706933177
1.706614047
1.706903309
1.706284258
1.705912223
1.705712311
1.705210147
1.704868235
1.70500703
1.706122404
1.706263353
1.706085675
1.706179299
1.706302723
1.706353683
1.704408432
1.704274193
1.707225459
1.707116368
1.707243954
1.707189643
1.704153974
1.704393815
1.706992086
1.706805364
1.705200376
1.706496798
1.70619971
1.705010187
1.706387258
1.705069159
1.705647037
1.70588531
1.705671581
1.705697273
1.705320075
1.704853277
1.705807812
1.704746724
1.705090071
1.704991153
1.704649586
1.705379804
1.704470321
1.704519374
1.706330519
1.705409742
1.705229728
1.705009189
1.705029194
1.70493844
1.704676138
1.704252405
1.704416017
1.707296911
1.707305007
1.707011475
1.707224294
1.706736448
1.706497578
1.705234479
1.7056523
1.706164551
1.705953912
1.706193039
1.70631368
1.706395686
1.706394708
1.704235776
1.70426825
1.704188418
1.707199007
1.70728574
1.707033294
1.706909968
1.704246233
1.706493735
1.706292876
1.705049221
1.705939315
1.705673856
1.706365558
1.705434744
1.705690114
1.70508174
1.7053847
1.704750593
1.704677705
1.705431857
1.706751625
1.706484486
1.705423314
1.705572685
1.705018993
1.705399188
1.705039629
1.704342959
1.704551042
1.704464653
1.706224871
1.705172641
1.704824869
1.704855508
1.704645479
1.70450909
1.707300734
1.707198587
1.707436324
1.707466581
1.707372848
1.707265079
1.706106119
1.706014489
1.705755088
1.706327297
1.70641569
1.706393141
1.706428736
1.704302571
1.704405278
1.706987081
1.706706825
1.706310782
1.706327852
1.706011525
1.704573093
1.705540815
1.705415051
1.704982247
1.705060701
1.704870018
1.70627754
1.704286018
1.704848677
1.704724109
1.704952817
1.705519468
1.705192675
1.707355604
1.70756621
1.707277489
1.706863187
1.705949182
1.705980245
1.70547215
1.706020724
1.70447592
1.704596609
1.704744642
1.704817769
1.704773067
1.706074751
1.705014554
1.704785626
1.704865821
1.704901798
1.704808747
1.705023214
1.706767368
1.707130743
1.706577659
1.707443624
1.70760949
1.707664807
1.706500457
1.705810062
1.706473396
1.706475563
1.706303168
1.706393289
1.704744709
1.70490044
1.706171534
1.705667057
1.705210433
1.705163644
1.704754902
1.705178188
1.704317033
1.704280418
1.703948705
1.703881694
1.703379001
1.704126147
1.705578056
1.705344069
1.7052145
1.705093463
1.707723744
1.707744124
1.707690948
1.707554089
1.707190501
1.70666045
1.705802019
1.706238791
1.706733221
1.703723703
1.705318307
1.705191707
1.705208249
1.705265662
1.705159396
1.705361116
1.706110906
1.705854191
1.705021816
1.705040197
1.705037785
1.705122703
1.706273845
1.705742774
1.706847421
1.705467343
1.707291763
1.707469933
1.706540574
1.706440403
1.706266773
1.705566084
1.705660146
1.704910314
1.7043168
1.703810209
1.703783208
1.70337047
1.702993289
1.703064073
1.702893695
1.702723563
1.702701958
1.702453481
1.70331972
1.705655053
1.705403862
1.705330642
1.705258436
1.705211336
1.702580187
1.707723373
1.707590505
1.707501281
1.70714643
1.707671447
1.707431362
1.706416728
1.70668851
1.707033679
1.707318109
1.702893676
1.706185025
1.705976804
1.706015302
1.705888775
1.705881395
1.705709578
1.705535333
1.705956496
1.705258812
1.705541106
1.705390735
1.705682854
1.705036221
1.704302578
1.706386274
1.704034719
1.70665486
1.70649377
1.706216259
1.706420013
1.703438494
1.702849399
1.702388098
1.702396901
1.702036249
1.701745611
1.701813348
1.701691881
1.701844837
1.701763756
1.701715151
1.705514488
1.705760151
1.705424796
1.705447599
1.705477864
1.705501268
1.701979272
1.707241033
1.707540923
1.70679797
1.706616402
1.706001131
1.707636512
1.707588723
1.707133349
1.70708139
1.707345854
1.707492478
1.702164001
1.706709233
1.706904061
1.706706189
1.706549542
1.706543792
1.706335952
1.706126275
1.70607508
1.705995521
1.705659776
1.705875047
1.704285166
1.704151159
1.705075041
1.703398948
1.702737513
1.705309986
1.70253321
1.706336975
1.701993903
1.701513851
1.701193765
1.701193162
1.700944588
1.700762943
1.700891757
1.700882979
1.701078075
1.701114454
1.701211053
1.705551058
1.705691095
1.705666688
1.705583142
1.705605915
1.705811983
1.70589873
1.701472721
1.700878767
1.70672914
1.706117006
1.707139075
1.705458463
1.705176577
1.704403968
1.707217071
1.707409009
1.707397536
1.707427037
1.707325584
1.707487254
1.707429838
1.701652332
1.707219007
1.707182828
1.707065514
1.707042364
1.706875272
1.706683563
1.706621292
1.706364984
1.705882416
1.70612509
1.706145461
1.703348007
1.702668982
1.702486238
1.703619675
1.701851573
1.701336302
1.701214487
1.700796331
1.700568343
1.700303174
1.700339136
1.700217503
1.700160496
1.700305976
1.700389556
1.70058877
1.700716558
1.70565453
1.705752774
1.705975671
1.705815345
1.705765628
1.705706315
1.706178088
1.706287104
1.701144598
1.700634213
1.700455233
1.706516842
1.706012439
1.705302066
1.704604357
1.706194133
1.703677609
1.703417515
1.702610102
1.706645873
1.706984925
1.707283261
1.707183488
1.707175643
1.707315918
1.706999995
1.701348516
1.70726732
1.707250725
1.707225429
1.707166546
1.707057337
1.706995895
1.706822691
1.706609527
1.70591952
1.701842298
1.70168685
1.701142281
1.701021531
1.700599128
1.700278861
1.700276322
1.700065938
1.700034586
1.699911889
1.699819223
1.699869723
1.699844891
1.699861747
1.700015696
1.70008062
1.7002994
1.705731472
1.705778934
1.706269079
1.70607205
1.705963185
1.705817108
1.706475745
1.7066051
1.700907067
1.700341623
1.700184419
1.700045438
1.706788954
1.704490355
1.704670187
1.703535251
1.703658616
1.702687591
1.705316617
1.701833923
1.701635262
1.700915309
1.705865542
1.705964867
1.706901318
1.706691491
1.706366666
1.70634289
1.706882455
1.701109958
1.707023314
1.707063809
1.707107072
1.707061946
1.707012374
1.70689697
1.705766099
1.700317881
1.700343111
1.69993515
1.699957957
1.699758666
1.699636384
1.699673526
1.699632397
1.699673076
1.699646408
1.699636409
1.699676897
1.699678817
1.699748062
1.699835003
1.705768499
1.706275244
1.706455404
1.706120808
1.705927318
1.706603551
1.706718043
1.700623618
1.699892838
1.699772031
1.699672855
1.699465352
1.706806296
1.702889272
1.702619078
1.703641858
1.701662697
1.701885649
1.7009242
1.704322701
1.700255647
1.700104311
1.699594863
1.704422774
1.705060965
1.705984547
1.706019232
1.705582019
1.70504218
1.706325924
1.700736473
1.706591841
1.70675015
1.706749027
1.706859141
1.706883784
1.705723795
1.699370883
1.699243128
1.699337507
1.699329382
1.699354891
1.699444415
1.699486989
1.699543888
1.699544378
1.699509556
1.69952528
1.699489459
1.699448781
1.70583738
1.706348378
1.706200628
1.706448087
1.706023828
1.706475038
1.70656198
1.700231817
1.699183424
1.69946934
1.699094191
1.698858206
1.69888462
1.706473859
1.701906106
1.70114025
1.700922361
1.702621548
1.70007821
1.700286892
1.699542623
1.702855425
1.699116008
1.699050935
1.698889583
1.703559844
1.704665669
1.704777303
1.705232477
1.704073619
1.705679021
1.700088144
1.706017892
1.706047431
1.706329248
1.706517332
1.70573842
1.698838729
1.698913432
1.699072875
1.699163202
1.699236196
1.699338965
1.699340562
1.699402385
1.699319674
1.699162453
1.699169141
1.699020365
1.705887545
1.706126319
1.706223231
1.706027535
1.706188273
1.706113207
1.698584195
1.698361408
1.698872386
1.698060215
1.698049097
1.698219054
1.705878813
1.705715097
1.700387277
1.701042112
1.699732152
1.699619524
1.701299822
1.698978603
1.699092912
1.698663732
1.701962591
1.698471175
1.698513182
1.698527319
1.702640089
1.703344419
1.703164822
1.703882362
1.704467594
1.704941035
1.699146661
1.70501949
1.705452578
1.705810925
1.7057538
1.698627127
1.698768671
1.698937241
1.699000807
1.699052593
1.698945792
1.698955983
1.698711532
1.698409199
1.698432651
1.705844079
1.705859259
1.705883766
1.705868631
1.705403405
1.697863298
1.69762189
1.69722214
1.698045451
1.69709614
1.697122433
1.697401493
1.705005071
1.704989258
1.705313935
1.699805465
1.699252195
1.700069315
1.698807259
1.700629061
1.698454837
1.698362359
1.698229522
1.701243486
1.698199335
1.69828545
1.698378131
1.70177436
1.701949299
1.702500926
1.703077469
1.70371903
1.703741703
1.698076486
1.704256328
1.704820522
1.705682258
1.698467687
1.698528566
1.698641793
1.698597253
1.698383094
1.698076299
1.698018536
1.697558803
1.697204741
1.705658926
1.705568388
1.705396248
1.704507607
1.696952585
1.697202834
1.696523336
1.696253448
1.69729803
1.696091371
1.696090522
1.703975083
1.704592923
1.704131455
1.704769099
1.699011013
1.699261799
1.698641462
1.699692307
1.698325436
1.700181191
1.698131799
1.698092132
1.698048129
1.700630438
1.698042902
1.698143673
1.698130222
1.700799217
1.701298313
1.701877491
1.702473398
1.702840415
1.697097257
1.703634229
1.705446391
1.698081647
1.69793544
1.697960676
1.697668404
1.6972001
1.696734111
1.69660163
1.695995218
1.705310447
1.705088554
1.703537344
1.696110777
1.696543366
1.696673764
1.695731342
1.695354555
1.696741789
1.69507114
1.694808658
1.702940997
1.704002706
1.703805752
1.703232721
1.704485749
1.696611773
1.698590476
1.698812109
1.69915854
1.698312336
1.699516097
1.698085064
1.69989052
1.697940722
1.697905575
1.697764556
1.700003285
1.697767532
1.697591901
1.700422094
1.700889798
1.701388492
1.701751402
1.702552609
1.696361011
1.705007032
1.69727578
1.696852864
1.696770673
1.696265082
1.695643283
1.695194935
1.695171599
1.704819924
1.702629307
1.696254071
1.695963813
1.695576814
1.696438092
1.695077765
1.694571258
1.696422981
1.694120218
1.694053057
1.702032642
1.703084038
1.703347281
1.703838107
1.702482313
1.704273393
1.698311657
1.698518486
1.698858323
1.699205225
1.698046476
1.699518606
1.697807047
1.697610091
1.697536915
1.697150445
1.699962237
1.699708799
1.697005019
1.696594881
1.70027618
1.700648611
1.70096121
1.701639553
1.696238878
1.695997909
1.704381178
1.696007533
1.69528768
1.695273282
1.694581708
1.694108868
1.693882288
1.701877172
1.696191828
1.696343808
1.695837176
1.695302347
1.696388447
1.69468834
1.694147737
1.693579162
1.693198814
1.701337928
1.702676383
1.7023512
1.703150178
1.703683001
1.70183024
1.696342606
1.698095796
1.69792092
1.698528891
1.698944205
1.699297194
1.69758022
1.699528552
1.697255456
1.696935171
1.696784385
1.69608942
1.699778269
1.70000735
1.695815552
1.695223239
1.700262101
1.700502948
1.700985768
1.696101016
1.695818933
1.703629605
1.694530897
1.693703946
1.693805832
1.693245648
1.693062349
1.701317554
1.696304851
1.696475528
1.696467452
1.695897988
1.695325981
1.694825088
1.693953797
1.693390155
1.692844691
1.700880045
1.702510276
1.702081824
1.701782931
1.703003136
1.701356773
1.696425955
1.696162797
1.701344414
1.697412278
1.697275257
1.697971474
1.698500985
1.698981074
1.699286802
1.696794001
1.699636883
1.696325093
1.695859001
1.695615891
1.694743732
1.699913142
1.700128268
1.694392859
1.693763104
1.700307685
1.700600771
1.695864585
1.695616656
1.702863767
1.693114802
1.692700491
1.692617735
1.692577585
1.700980725
1.696530649
1.696659138
1.696577107
1.696186734
1.695911286
1.69519675
1.694546718
1.69347489
1.694277066
1.692840159
1.700703195
1.700552812
1.702369722
1.70195898
1.701596172
1.701007609
1.696293467
1.696058245
1.695714302
1.701192773
1.700978566
1.696941876
1.696348926
1.696135273
1.697658464
1.698307528
1.698705594
1.69924962
1.695630809
1.699708698
1.695082231
1.69450153
1.694243562
1.693423422
1.700017987
1.700183739
1.693117401
1.692664443
1.700374649
1.695413285
1.695180702
1.702172646
1.69237167
1.692344551
1.692457029
1.700713724
1.696863857
1.69685173
1.696626468
1.696837189
1.696468968
1.695934768
1.695679776
1.694884567
1.693973634
1.693251164
1.70048575
1.700367315
1.701824009
1.701500711
1.700689764
1.69606472
1.69552018
1.695308256
1.694978716
1.701103356
1.7007929
1.700600508
1.695573615
1.696360814
1.694976359
1.694782607
1.697152837
1.697640929
1.698390288
1.699116872
1.694304665
1.699650806
1.693812612
1.693244473
1.693294047
1.692874518
1.692526145
1.699881762
1.700166113
1.692417458
1.692349144
1.694737436
1.694548566
1.694467407
1.701612256
1.692542976
1.692944143
1.700409407
1.697218302
1.697005294
1.69658145
1.697286437
1.697104425
1.697029059
1.696464032
1.69562783
1.69476366
1.694307603
1.700140154
1.700004448
1.701362351
1.700283208
1.694933296
1.69559276
1.694364367
1.694252114
1.693976628
1.700668002
1.701010276
1.700330791
1.7001005
1.695818714
1.694083976
1.694810692
1.695614788
1.693596052
1.693471608
1.696083399
1.697064977
1.697961111
1.698810554
1.693106364
1.699158047
1.692753298
1.692538511
1.692496633
1.692416677
1.692503283
1.699651676
1.692580752
1.692963819
1.693674651
1.693135179
1.693547409
1.701179446
1.693609377
1.69990975
1.696827972
1.697325197
1.696497352
1.69760729
1.697753973
1.697640483
1.697170962
1.696477737
1.696071036
1.695152504
1.699490297
1.699277135
1.700943638
1.699654436
1.693543243
1.694181815
1.694453897
1.693094591
1.693120284
1.6929797
1.700182406
1.700590141
1.69972024
1.699390426
1.695237642
1.698547111
1.693334346
1.692837346
1.694001339
1.694375436
1.692595994
1.692548681
1.695263687
1.69626314
1.697564942
1.6966069
1.697948132
1.692425901
1.698683293
1.692414576
1.692538155
1.692596457
1.692896151
1.693349079
1.693588454
1.694365588
1.692501757
1.692428731
1.692706504
1.700825477
1.699095402
1.695655478
1.696482574
1.697189299
1.697535859
1.697946992
1.698038238
1.69776764
1.697539745
1.696900748
1.696093249
1.698476599
1.698118616
1.698720121
1.692256193
1.692688479
1.692879719
1.693593639
1.692025791
1.692176136
1.692167239
1.699600376
1.700235575
1.698945145
1.693917686
1.698041983
1.697812327
1.697531641
1.695875351
1.692724848
1.692341634
1.692251072
1.692969113
1.693635189
1.692287124
1.692364915
1.694490433
1.69492654
1.695881396
1.696375329
1.697300442
1.692570563
1.692925845
1.693369639
1.693513594
1.694112089
1.694794957
1.695044917
1.692075874
1.691859049
1.692206353
1.692265138
1.700419194
1.698006112
1.694899529
1.695877366
1.696301218
1.697229777
1.697844871
1.698144443
1.698145985
1.697951558
1.697508025
1.697267094
1.697099333
1.696664324
1.697451453
1.691550677
1.691421029
1.691556882
1.692071681
1.692154802
1.691460946
1.691645913
1.698851515
1.699652643
1.693000999
1.697116171
1.698000407
1.696720255
1.696587342
1.696657158
1.692194716
1.692265601
1.692245899
1.692242118
1.692513393
1.692562649
1.693089947
1.692911264
1.693067349
1.693468024
1.694284005
1.694744513
1.695715432
1.693561285
1.69416952
1.694756531
1.694980003
1.695675707
1.696374425
1.692179714
1.692056124
1.691780456
1.692371617
1.692329691
1.699845817
1.696603778
1.694006452
1.694393852
1.695485972
1.696496787
1.696715652
1.697473627
1.697651291
1.697976465
1.69803552
1.697938333
1.697682697
1.695694358
1.695228847
1.696231855
1.691099932
1.690972461
1.691300634
1.691046917
1.691375478
1.691611622
1.698941908
1.692104312
1.696379108
1.697154198
1.698100013
1.695826943
1.695931929
1.697530049
1.692623744
1.692544795
1.692394252
1.693022954
1.69314073
1.693722827
1.692496093
1.692740707
1.694324863
1.694486338
1.693224296
1.693558872
1.694337231
1.695136173
1.695648448
1.696335066
1.696500083
1.697064083
1.692724627
1.692683367
1.692451772
1.692432189
1.69286722
1.692831318
1.699038615
1.695421797
1.6924054
1.69338133
1.694438601
1.694821817
1.695771918
1.696140434
1.696919636
1.697468554
1.697535266
1.697778836
1.697768995
1.694665233
1.694207443
1.695345263
1.691495241
1.691253676
1.690857481
1.691961858
1.690697917
1.690816667
1.690919726
1.69647327
1.695855539
1.697254791
1.698081796
1.695424462
1.697747011
1.693991933
1.693856278
1.693256264
1.69291348
1.694638386
1.694813662
1.695483134
1.692990275
1.693089977
1.696090022
1.696123808
1.69357531
1.696645539
1.696691321
1.697111456
1.697472438
1.697535435
1.693448753
1.69357
1.693378661
1.69320015
1.69346398
1.69347871
1.698044743
1.694744388
1.69150533
1.692306718
1.692669571
1.693632057
1.693995534
1.695057043
1.695967081
1.696294962
1.697004952
1.697395576
1.694290039
1.69394002
1.695033269
1.692353453
1.692626982
1.69164545
1.690974253
1.690562742
1.690414646
1.690433319
1.69618873
1.696788302
1.695964132
1.695535569
1.697682826
1.695831504
1.695800169
1.694946028
1.694257038
1.694138816
1.696625849
1.696697303
1.697233555
1.693772981
1.693689738
1.697630784
1.697618196
1.697781273
1.697720524
1.697800312
1.697739643
1.694340139
1.694445513
1.694304917
1.693983427
1.694073604
1.693894537
1.693901918
1.697098555
1.694747453
1.690763831
1.690936964
1.691713856
1.691912275
1.692930994
1.693967118
1.694425582
1.695391356
1.696249877
1.696844824
1.69467031
1.694482706
1.695312464
1.693893299
1.693144532
1.692197095
1.691365056
1.691052271
1.690498903
1.690252337
1.696224178
1.696393365
1.696336138
1.695999102
1.697036667
1.697554465
1.6969263
1.696096926
1.695830201
1.695182127
1.698099349
1.698152423
1.698354163
1.694678847
1.698348522
1.698197728
1.697984099
1.697834758
1.697505149
1.695244447
1.695262996
1.695015085
1.694632239
1.694267438
1.695319188
1.694001543
1.693737114
1.693771587
1.696409941
1.69537623
1.69025201
1.690564647
1.691201904
1.69208445
1.692579388
1.693539666
1.694536019
1.695359129
1.695584023
1.695624223
1.695615614
1.696015118
1.694806534
1.693987897
1.692941407
1.692705489
1.691804489
1.690952811
1.690685886
1.696267107
1.696416096
1.696593662
1.696691125
1.696309674
1.698639581
1.698253335
1.69773401
1.697421851
1.696768136
1.696084524
1.698724459
1.698627371
1.698329576
1.69786234
1.697704359
1.697125513
1.696947435
1.695449555
1.695842615
1.696109685
1.69491356
1.69437759
1.694074575
1.696040428
1.693407176
1.693050789
1.693095537
1.696069348
1.696379719
1.690403655
1.690513996
1.690940016
1.691349167
1.692041555
1.692870875
1.693648299
1.693860489
1.694579888
1.696760317
1.696787504
1.696801298
1.69555971
1.694729123
1.694094161
1.692718873
1.692159993
1.691410148
1.696283193
1.696536977
1.69696852
1.696755079
1.695351294
1.696410008
1.698542761
1.698680352
1.69852599
1.698297228
1.697875796
1.697363111
1.698133579
1.697803185
1.696799459
1.696357723
1.695601921
1.694818554
1.695497533
1.695818247
1.696361344
1.694104249
1.693554584
1.696487753
1.692385574
1.692429787
1.692163172
1.692107044
1.695976104
1.69724082
1.690944528
1.690880518
1.691118884
1.69139389
1.691808976
1.692343981
1.692402696
1.692872011
1.693557754
1.697533229
1.697184701
1.696219917
1.695869427
1.694685485
1.694126159
1.693205104
1.692343344
1.69622745
1.696853711
1.696376019
1.693760985
1.69606332
1.695932071
1.697256563
1.697901886
1.698199606
1.698097746
1.69806505
1.697853706
1.696498255
1.696075864
1.694782211
1.694378521
1.694491893
1.693524023
1.695534694
1.694110467
1.696309836
1.692795446
1.696678673
1.691228599
1.691390775
1.691507069
1.691395588
1.691251318
1.695887191
1.697321054
1.691875256
1.691952427
1.691757112
1.691728383
1.691804009
1.691885576
1.692185866
1.692273808
1.697457795
1.696940557
1.69674054
1.696249196
1.695886476
1.695124458
1.694273398
1.693430608
1.696153902
1.695555778
1.692598682
1.695645528
1.695162134
1.696048521
1.695197736
1.696847839
1.696753477
1.697217376
1.697436032
1.694327294
1.693950986
1.692804773
1.69269949
1.691862779
1.693687094
1.694993234
1.691863896
1.695917523
1.696384484
1.690432194
1.690352723
1.690736379
1.690410909
1.690902484
1.6910117
1.690951953
1.695543655
1.696575118
1.693680865
1.692978004
1.692539532
1.692238957
1.692084967
1.691772367
1.69162189
1.691546642
1.696507096
1.696014107
1.696832172
1.6968105
1.696478922
1.695872258
1.695095406
1.694961995
1.694519265
1.691503293
1.694952194
1.694224631
1.69479095
1.693915651
1.693027523
1.695583182
1.694777685
1.696139771
1.692274577
1.692070039
1.690842066
1.692852638
1.691461334
1.694102289
1.689968054
1.694844788
1.696113194
1.690483618
1.690023448
1.689645764
1.690728298
1.689539318
1.690990994
1.691162847
1.69147979
1.691734575
1.69490037
1.695219166
1.69458344
1.695610876
1.693934758
1.693416335
1.693123116
1.692304074
1.691964361
1.691511755
1.691222935
1.694945532
1.694625281
1.696493279
1.696780607
1.696696973
1.696330438
1.693526676
1.693780157
1.693434042
1.691108211
1.694125895
1.693349985
1.692890146
1.692666096
1.692006489
1.691399354
1.694332265
1.693548317
1.690983091
1.690586102
1.691773523
1.689551633
1.692447
1.688946214
1.693849995
1.694828684
1.691313894
1.69068974
1.689915351
1.689247478
1.691435023
1.691702248
1.692720088
1.692547539
1.69274506
1.694063122
1.693620421
1.695346122
1.695918423
1.696436869
1.694838433
1.694525521
1.693552188
1.69312376
1.692435083
1.69205389
1.691386159
1.693242353
1.692906595
1.695026057
1.695899964
1.696363279
1.696523762
1.692738017
1.69240295
1.69265958
1.691042042
1.693383532
1.692783924
1.691487027
1.691950188
1.691295375
1.690972785
1.690843411
1.692590745
1.691175491
1.688933175
1.689698996
1.690200888
1.688630595
1.691320699
1.689158753
1.692478638
1.692908851
1.692667251
1.692088099
1.691171431
1.690112885
1.692601691
1.693659311
1.693773509
1.693627661
1.693820625
1.6932943
1.692216678
1.696175006
1.695914324
1.696320098
1.696019541
1.695723887
1.695000601
1.694656775
1.693916198
1.69357088
1.69275915
1.691998979
1.691937537
1.691921925
1.693956211
1.69490732
1.695546419
1.692192395
1.691952507
1.692397656
1.692935333
1.692661039
1.692853427
1.691211468
1.691087054
1.691505227
1.691007708
1.691093051
1.691517941
1.69265876
1.68852938
1.688557299
1.688786889
1.68943372
1.689299909
1.690317646
1.69057743
1.690725363
1.691721931
1.693752856
1.694030775
1.693008844
1.691876184
1.694088966
1.694333959
1.694607926
1.694045278
1.69494016
1.69288113
1.691607793
1.696145309
1.695986039
1.69617233
1.695577788
1.694523888
1.696116469
1.695877704
1.695815431
1.695324584
1.695156119
1.694488156
1.693653475
1.691453192
1.691820295
1.69276047
1.693660625
1.692298578
1.692236059
1.69269622
1.693038303
1.693083352
1.691539591
1.69139519
1.691747548
1.691825733
1.692288815
1.693075965
1.694482041
1.688750293
1.689776999
1.688639444
1.688664047
1.689011681
1.691282435
1.689276793
1.692734925
1.689896198
1.69068697
1.694819151
1.694968243
1.693959389
1.694101294
1.693729888
1.694573901
1.694913516
1.69334326
1.69541635
1.693004095
1.691897826
1.69531415
1.695510072
1.694691426
1.69596715
1.693705369
1.692351841
1.696205457
1.696272598
1.696257652
1.696223135
1.695902342
1.695326658
1.691907709
1.692497211
1.691503344
1.692950583
1.693121573
1.693359538
1.693667155
1.693692368
1.693570121
1.692274989
1.692658904
1.693256019
1.693420696
1.694064982
1.694918093
1.695982451
1.68982339
1.690275439
1.692105865
1.68924257
1.688961968
1.689017245
1.693670444
1.689099269
1.694861541
1.689362971
1.689792521
1.695681682
1.695896975
1.6955852
1.693017548
1.693569242
1.692668305
1.693812781
1.694682098
1.691178245
1.691570001
1.695466061
1.693493252
1.692933432
1.693581315
1.693911014
1.694719461
1.69251636
1.695423221
1.691197391
1.690335756
1.69567034
1.696128701
1.696283227
1.69646301
1.69638088
1.693054676
1.693679239
1.693969619
1.694264476
1.694282165
1.694384581
1.694300277
1.694092306
1.69369995
1.693735541
1.694407936
1.695013246
1.695172789
1.695754239
1.696339913
1.696573392
1.691020833
1.691996822
1.692599314
1.694474913
1.69019717
1.690061922
1.689518496
1.695651823
1.689264506
1.696260588
1.689109547
1.689140365
1.695869705
1.69631729
1.691780201
1.69128074
1.69186272
1.692880085
1.693998259
1.689454494
1.689431055
1.689520855
1.694533195
1.694075841
1.694324556
1.691831802
1.691443448
1.692765657
1.69372174
1.690174489
1.694100449
1.689415542
1.69493645
1.695212107
1.695892133
1.696368349
1.694591106
1.694916321
1.694886833
1.695209361
1.694915829
1.6947717
1.694554994
1.694373169
1.694291883
1.695195883
1.695373961
1.695910107
1.696302061
1.696403487
1.696640912
1.696490705
1.695946757
1.692303064
1.693442809
1.694346108
1.694881266
1.696109406
1.692035641
1.691162168
1.690402931
1.696538246
1.689652392
1.690376302
1.69634211
1.689158065
1.688857941
1.695583038
1.689630608
1.689735917
1.690493398
1.691637789
1.692218583
1.688182021
1.688147017
1.688340334
1.688289684
1.693580095
1.69437833
1.695542428
1.689927387
1.690717281
1.689593916
1.691646299
1.69199318
1.688897629
1.693059289
1.693267545
1.694279901
1.695223696
1.695796472
1.695709026
1.69529537
1.695550026
1.694991457
1.694625335
1.694310603
1.693941624
1.696225332
1.696396128
1.696594029
1.696610812
1.696578221
1.696048387
1.695180455
1.694267721
1.694155888
1.694535944
1.695587757
1.695954981
1.696360236
1.696412947
1.693304777
1.692448138
1.692263235
1.69594351
1.690404248
1.691376228
1.694948896
1.689595453
1.688979511
1.687871527
1.688248164
1.689099528
1.689481226
1.690989086
1.688350721
1.687735294
1.687312897
1.688741993
1.689043227
1.692413749
1.694095322
1.696043855
1.688863501
1.689232579
1.689857543
1.688766611
1.690239318
1.691190584
1.692082608
1.693239051
1.696217611
1.695670016
1.694987569
1.695057642
1.694409091
1.69392404
1.693545798
1.693160942
1.696263361
1.696358825
1.696130538
1.695708893
1.695467674
1.694160099
1.693056998
1.692065671
1.695630547
1.695121861
1.695835984
1.69610183
1.696149724
1.695902612
1.695145212
1.694479165
1.694330662
1.693534751
1.694011895
1.691383301
1.692498297
1.69027612
1.689238666
1.687020401
1.687240595
1.687366281
1.688278693
1.689512652
1.690282309
1.688456961
1.687760431
1.690503957
1.692943222
1.689893363
1.691446294
1.693288777
1.695662608
1.689095067
1.688896601
1.688972946
1.689158672
1.689615645
1.690307501
1.691092219
1.694792058
1.693970264
1.693839734
1.693281434
1.6928185
1.692530864
1.692205237
1.695276716
1.695182523
1.694529213
1.693725386
1.693381179
1.691821352
1.69081381
1.690077734
1.69592584
1.695862837
1.695775314
1.695823329
1.695045907
1.694844707
1.694013514
1.692805027
1.695727231
1.69535384
1.694642455
1.693641939
1.692488194
1.691216036
1.690515964
1.686868994
1.686655485
1.686762845
1.687334747
1.687680415
1.690554671
1.692943222
1.692943222
1.690086193
1.688070625
1.688722038
1.690061136
1.692220842
1.694183172
1.690169535
1.689408477
1.68928189
1.689137103
1.689226969
1.68955031
1.69313148
1.692505334
1.692187509
1.691902213
1.691633155
1.691561595
1.691425545
1.693406015
1.693115128
1.69208064
1.691271731
1.690982154
1.689731146
1.689151192
1.688948471
1.695778461
1.695308887
1.694652606
1.695918133
1.69436292
1.692848427
1.692480039
1.691373694
1.696100537
1.696051885
1.695516862
1.694698248
1.69362573
1.692707391
1.692295595
1.687689346
1.686924009
1.686677366
1.686769587
1.687104548
1.692943222
1.692943222
1.690224774
1.687824004
1.688821901
1.691354383
1.69216337
1.690934338
1.690569132
1.689895648
1.689341029
1.689021028
1.691255869
1.690993305
1.690658378
1.690683201
1.690771156
1.690973278
1.691115725
1.691200444
1.690713194
1.689549081
1.689256608
1.688835593
1.688506715
1.688609846
1.689051576
1.694652241
1.694338111
1.693216909
1.692267432
1.695480404
1.691879666
1.69021834
1.689826103
1.696037399
1.696129653
1.696321614
1.696122758
1.695564698
1.694841434
1.69448855
1.693042231
1.690355994
1.688684959
1.687793687
1.687589248
1.687141855
1.687004669
1.692943222
1.687243647
1.687783017
1.691110808
1.690225969
1.692582336
1.691634633
1.690587243
1.689743171
1.689761301
1.689869955
1.690145543
1.690572389
1.690977958
1.691363454
1.689381704
1.688970999
1.688306771
1.68823883
1.688281084
1.688670391
1.689377905
1.690407887
1.692312777
1.693510296
1.691755566
1.690113151
1.689637942
1.694580564
1.688863901
1.687947534
1.694905054
1.695718988
1.696262558
1.69638812
1.696176978
1.695981034
1.695039795
1.694631295
1.690329712
1.692943222
1.690184619
1.689022424
1.688034409
1.687402416
1.687114678
1.687094439
1.691701875
1.692044644
1.68903195
1.693736484
1.692615127
1.691380892
1.689262036
1.689814084
1.690501131
1.691130232
1.691621016
1.68854118
1.688310239
1.688496935
1.688624373
1.689183386
1.690060981
1.691085481
1.692540116
1.692297959
1.690881303
1.689669005
1.692147323
1.689194968
1.687825708
1.687607108
1.692574209
1.687226118
1.693777847
1.694919004
1.695769776
1.696194148
1.696252644
1.696170237
1.695987872
1.695421812
1.692943222
1.692943222
1.690405393
1.689896531
1.688208832
1.687920553
1.687304266
1.692796259
1.693176432
1.69267139
1.688968387
1.694630531
1.693611106
1.689796114
1.690774711
1.691637708
1.692265525
1.688977262
1.688989422
1.689963784
1.690244104
1.691142797
1.692252401
1.693423897
1.694632328
1.694366044
1.689490128
1.68842663
1.687606842
1.689950511
1.68736276
1.686925887
1.687003295
1.6911265
1.69248669
1.693760533
1.694796677
1.695023544
1.695787596
1.696051396
1.696076512
1.695972412
1.695860064
1.692943222
1.692943222
1.690289913
1.690315747
1.688953526
1.688077462
1.693800189
1.693987049
1.693920031
1.693624216
1.690078761
1.695344466
1.691302065
1.692415994
1.693166626
1.69063528
1.690824508
1.692229912
1.692570114
1.693517012
1.694516543
1.695303652
1.695869245
1.69578002
1.687779805
1.687517586
1.68700015
1.686873316
1.688738017
1.68693144
1.68770765
1.689710811
1.690901707
1.692320946
1.692687657
1.693804589
1.694640365
1.694788432
1.695414645
1.695883756
1.696023948
1.692943222
1.690529224
1.690129574
1.694237855
1.694062188
1.694586232
1.69475536
1.69465168
1.692001794
1.693316986
1.694213566
1.694438646
1.69295106
1.692900453
1.693652892
1.694672539
1.694823804
1.695498263
1.695962554
1.69610525
1.695828894
1.695961784
1.687193354
1.686987753
1.686961257
1.687287636
1.687915471
1.687719679
1.688127963
1.688133337
1.689522514
1.690016014
1.691162486
1.692262263
1.692527842
1.693545301
1.694549871
1.695353713
1.692943222
1.692943222
1.690460178
1.693652721
1.693192737
1.69501619
1.695412269
1.695511645
1.694275693
1.695155743
1.693433919
1.694272622
1.695046553
1.695177014
1.695750431
1.696195625
1.696214546
1.696306677
1.696023012
1.695542437
1.694435408
1.69472822
1.687326758
1.687078786
1.687897475
1.688192121
1.68970637
1.687088998
1.687625846
1.687896581
1.688694655
1.689660849
1.689917894
1.690991577
1.692230729
1.693442321
1.692943222
1.692943222
1.692377008
1.691861481
1.691397928
1.695085168
1.695767589
1.696106785
1.695899797
1.692627658
1.691682258
1.69368204
1.696344239
1.696424514
1.696523388
1.696337891
1.696121336
1.695220396
1.694673087
1.693632243
1.692429424
1.692063994
1.688127494
1.689263688
1.687805269
1.690333895
1.690439048
1.687111159
1.687071032
1.68721275
1.687665504
1.687851983
1.688564658
1.689607164
1.690839026
1.692943222
1.690369057
1.689246628
1.68936196
1.694797628
1.695773284
1.696360196
1.690511382
1.691522462
1.689805373
1.692861202
1.6962909
1.696268237
1.69579558
1.695047227
1.694623532
1.692882501
1.692289604
1.691050406
1.689831902
1.689436919
1.69009927
1.69056179
1.692943222
1.688213764
1.687905149
1.687317985
1.687030952
1.686994588
1.68716083
1.687569675
1.68828083
1.688299058
1.68826178
1.688242322
1.6941259
1.695424069
1.688534205
1.689217348
1.690288458
1.691728446
1.689111223
1.694893513
1.694708718
1.693778513
1.692684646
1.692172148
1.690202361
1.689687034
1.688636924
1.687787074
1.687473038
1.692943222
1.692943222
1.690403445
1.690298381
1.689215187
1.688076826
1.687857966
1.687233001
1.686967624
1.68696395
1.687474797
1.687847272
1.688712436
1.693491524
1.691737091
1.687581925
1.68812714
1.689255624
1.690743888
1.692943222
1.692402832
1.692178011
1.691053535
1.689975995
1.689507738
1.688063004
1.687742175
1.687228291
1.687026792
1.68703167
1.692943222
1.692943222
1.690502721
1.690291807
1.689187429
1.688031951
1.687696035
1.687219797
1.688083709
1.688755906
1.690468389
1.69068564
1.689065234
1.686997192
1.687383443
1.692943222
1.690590512
1.689653578
1.689443032
1.688416746
1.687828871
1.687597435
1.687167584
1.687144837
1.687367779
1.687953264
1.688124073
1.692943222
1.692943222
1.690491821
1.690048984
1.68826927
1.687254176
1.690303413
1.692943222
1.688237432
1.687238624
1.686793199
1.687584766
1.687443687
1.687058771
1.68713256
1.687307986
1.687971149
1.688174787
1.689265539
1.690252833
1.690480744
1.692943222
1.692943222
1.690618484
1.689307197
1.68781456
1.692943222
1.686896098
1.686793019
1.686852785
1.686996837
1.687748729
1.688135711
1.68924636
1.690365164
1.690549359
1.692943222
1.692943222
1.692943222
1.690355607
1.687976906
1.687109925
1.687831545
1.688103117
1.690080194
1.69053962
1.692943222
1.692943222
1.692943222
1.69044052
1.688831986
1.690445427
1.690260605
1.692943222
1.692943222
1.692943222
1.692943222
