1.904130239
1.897872842
1.928916606
1.913758746
1.889809533
1.887248931
1.928395775
1.916143851
1.896786631
1.93143409
1.890369198
1.944855621
1.891585509
1.887269948
1.91123754
1.932838423
1.886125734
1.930598499
1.925658343
1.909154342
1.89620194
1.933066648
1.932142072
1.945451563
1.95376804
1.933819608
1.894578384
1.8925746
1.888241462
1.890389532
1.905431109
1.930462309
1.894664051
1.936971457
1.934363046
1.923293294
1.930835297
1.909639193
1.933236572
1.938005825
1.935570607
1.939032399
1.943264687
1.867754177
1.876577279
1.89117493
1.898080074
1.869956903
1.905186744
1.908927903
1.919612624
1.935656944
1.939327059
1.940763743
1.93661665
1.949159583
1.937498184
1.940821727
1.945825882
1.949454651
1.954352377
1.962818399
1.958176761
1.838453029
1.841971574
1.874777714
1.880359529
1.898335111
1.914063044
1.850768628
1.930934435
1.950373199
1.94089986
1.942873225
1.947750811
1.952847598
1.961014685
1.947534142
1.951322346
1.951257488
1.951946469
1.956952346
1.965606035
1.960240513
1.969659675
1.973750859
1.820037471
1.814651697
1.832939369
1.861357187
1.891042424
1.917103026
1.940369915
1.835617377
1.96530137
1.951064621
1.946643959
1.951704108
1.953580606
1.960295036
1.963612148
1.971773386
1.95699513
1.957331124
1.959537027
1.964196845
1.968387224
1.973654725
1.97441503
1.973171099
1.976791032
1.978596042
1.983799528
1.808470444
1.799997033
1.80517264
1.873260594
1.848045828
1.905317861
1.932598024
1.968545263
1.826947739
1.956088832
1.962318603
1.957875206
1.960956182
1.964800999
1.971969052
1.977186711
1.972694495
1.966763405
1.970602384
1.978367234
1.981048173
1.988229413
1.984715421
1.982134595
1.98253339
1.983171411
1.985416947
1.984030188
1.980063435
1.930848146
1.968825716
1.962104958
1.803622065
1.793940739
1.792717733
1.854684802
1.886153464
1.830216212
1.918370226
1.957143008
1.813361877
1.967510241
1.968165861
1.974509637
1.970467316
1.976454343
1.975732142
1.9822202
1.98447898
1.976199568
1.964897592
1.979109231
1.985915595
1.994026791
1.995367066
1.994448254
1.994410674
1.989070044
1.987895059
1.985506114
1.97465231
1.966602647
1.914445204
1.933688036
1.94835191
1.962180462
1.956966361
1.91090749
1.798015954
1.795728444
1.791319303
1.876068484
1.843856758
1.901107859
1.81957154
1.936198578
1.80531033
1.981419137
1.980340613
1.978960283
1.98524964
1.983399309
1.98428992
1.986410076
1.985764206
1.978732154
1.956201358
1.93776266
1.990395484
1.99459663
1.996245833
1.99684349
1.994136042
1.991472229
1.986952696
1.982521228
1.974059201
1.965028529
1.958840904
1.908084037
1.919603309
1.953389378
1.941570855
1.95614348
1.913051003
1.921737659
1.928415758
1.797381325
1.79756822
1.800955497
1.879496263
1.85788818
1.830206753
1.910109661
1.809203828
1.799908801
1.991922774
1.989512235
1.989903959
1.985617511
1.9927092
1.992401822
1.994864021
1.966666656
1.947123449
1.919345864
1.903174244
1.993562392
1.990734705
1.990303864
1.983588812
1.98009674
1.976604802
1.971293775
1.969970205
1.962721566
1.956722023
1.953994861
1.911139008
1.906213991
1.928429894
1.951692013
1.944312698
1.914850584
1.924931921
1.926106221
1.928149548
1.797877166
1.801361739
1.929969071
1.801586123
1.884694071
1.865410864
1.843352264
1.819429507
1.804613261
1.798034712
1.999334205
1.999826799
1.998543335
1.992957595
1.966701015
1.998074501
1.995321401
1.989790059
1.932144156
1.912583527
1.88733464
1.87580339
1.983538182
1.982998877
1.976359965
1.971461695
1.967963515
1.963686336
1.960568242
1.954362869
1.952096841
1.949302838
1.904640794
1.917008064
1.903864258
1.933949638
1.942164683
1.916128641
1.922602642
1.937839564
1.797151618
1.806798119
1.80491175
1.936623884
1.806911557
1.866514156
1.849858857
1.831276312
1.811405782
1.800249298
1.796115909
2.001485708
2.00282228
1.993443234
1.99864157
1.976739085
1.930278817
1.993465729
1.987494079
1.978663085
1.887956377
1.862427433
1.85355604
1.975324793
1.971142221
1.966750473
1.963661915
1.959564992
1.957067936
1.95220841
1.951468647
1.949427047
1.909173933
1.897426218
1.923599765
1.901898537
1.93599472
1.940134905
1.911497245
1.929489016
1.95168423
1.953293826
1.794713635
1.805159061
1.952150134
1.956062586
1.947415476
1.80329571
1.846247112
1.831784718
1.818224728
1.804998568
1.799930855
1.79481105
1.992191877
1.999319241
1.996374969
1.971959388
1.992938587
1.943645816
1.896169763
1.987171378
1.979020136
1.973411539
1.861578695
1.83828154
1.83241968
1.971352616
1.965458983
1.963134649
1.958207432
1.952100124
1.949583937
1.94613778
1.927061362
1.905122624
1.891787991
1.897015203
1.935980452
1.937954146
1.926733778
1.946130184
1.958416192
1.79406393
1.799371183
1.955381384
1.949051867
1.938549649
1.938759903
1.945646663
1.939720224
1.792796792
1.828000681
1.817324354
1.81054139
1.8034899
1.798675177
1.793376183
1.995758912
1.965798375
1.998391277
1.992621968
1.934641002
1.986595105
1.907871945
1.861093049
1.985008593
1.980234014
1.981365375
1.838003943
1.821246327
1.81709253
1.977355935
1.978160822
1.970959536
1.959722382
1.955526393
1.947431165
1.934618697
1.915145312
1.891270791
1.886153778
1.904837994
1.937517672
1.943151678
1.930327295
1.948279468
1.946057964
1.790463582
1.790903411
1.940002826
1.935015605
1.93926165
1.949723062
1.94858471
1.936182165
1.783032636
1.81384557
1.809181074
1.801820522
1.798849869
1.795217698
1.999432629
1.982127915
1.930726395
1.99507211
1.989374627
1.892132036
1.991347058
1.867344087
1.834702234
1.989808088
1.993095045
1.993317866
1.820114587
1.812780518
1.808700329
1.999166897
1.989263169
1.976986991
1.967038308
1.961121068
1.917824955
1.937470976
1.896110108
1.879301839
1.884446223
1.905046273
1.939245669
1.96054543
1.925970866
1.931993334
1.927223688
1.791590489
1.789731264
1.920357894
1.936811644
1.95938331
1.954943726
1.914363785
1.776477281
1.808470157
1.808126331
1.805384685
1.803039436
1.799108133
1.988275934
1.993360202
1.948017888
1.896999811
1.99135079
1.993948537
1.85928601
1.995828554
1.837738443
1.813437954
1.997729471
1.999532272
2.011279287
1.803848133
1.801352576
1.803785263
2.009228356
2.001723127
1.985624735
1.986884718
1.898402187
1.932024545
1.877645799
1.871595953
1.882764312
1.908991937
1.96197406
1.982801267
1.920185942
1.915418115
1.927088064
1.786015524
1.795867793
1.916499826
1.954218862
1.968095023
1.899143975
1.9137033
1.778604063
1.795114743
1.773369071
1.805530957
1.806845139
1.806792707
1.802064794
1.803546639
1.961909189
1.979568624
1.986471785
1.915651706
1.867538367
1.986917941
1.986563156
1.83904246
1.82919202
1.985549431
1.811662413
1.993428975
2.004532702
2.014525232
1.790246217
1.788813636
1.794282178
2.017794326
2.005859215
2.003946979
1.87846245
1.950816533
1.862628742
1.866672271
1.889735008
1.912407874
1.98371482
2.00350949
1.909226412
1.908541529
1.936088834
1.787663116
1.919450299
1.957479868
1.890841647
1.9252203
1.775498641
1.792765056
1.783723124
1.857699252
1.768911986
1.800573881
1.802751481
1.801744715
1.800683701
1.792126134
1.922130594
1.956199342
1.976450115
1.980617025
1.878990213
1.84280615
1.977148826
1.973659735
1.817053634
1.80707797
1.978155286
1.984859498
2.007569332
1.992865696
2.014104409
1.78076761
1.781310096
1.791407287
2.011236036
2.008932518
1.872008747
1.859504133
1.974068186
1.877425749
1.90502462
1.911249096
1.999226567
2.010032913
1.903974265
1.913152148
1.936165835
1.778196017
1.920766488
1.898056945
1.946283903
1.770579395
1.783194545
1.792820499
1.777437891
1.856321189
1.870595541
1.762031165
1.797279258
1.797716896
1.794020612
1.789591081
1.779981592
1.923321343
1.889093843
1.955218258
1.972564944
1.971787579
1.850784555
1.820303245
1.96913025
1.969562765
1.802188878
1.974037621
1.982692357
2.002235364
1.994768379
2.00791206
1.774621962
1.785589735
1.774868351
2.014971925
1.878551961
1.859142864
1.980985279
1.897881945
1.902886769
1.899225472
1.999115263
2.014948677
1.917000793
1.924211697
1.766714597
1.771507879
1.912145517
1.948903234
1.779940442
1.787010232
1.795845622
1.774640485
1.853627936
1.863929372
1.884985391
1.757975693
1.752627585
1.794889629
1.792323527
1.783449844
1.775442507
1.76815146
1.933329517
1.896093186
1.863349739
1.951257723
1.968357126
1.967440282
1.83205179
1.808907919
1.963604365
1.965290189
1.969796641
1.978590242
1.986380005
2.003896511
1.771191405
1.779401823
1.769311374
2.013371854
1.884947801
1.863334761
1.974436473
1.894450591
1.889530821
1.90505623
1.995928062
2.009503567
1.921013817
1.759477699
1.919557983
1.945371579
1.782450883
1.788869175
1.797539826
1.808915972
1.775690601
1.853362509
1.851434694
1.867054476
1.881366528
1.746689721
1.742302943
1.788744663
1.777832621
1.769197621
1.76151841
1.757951402
1.917279966
1.936664362
1.881778759
1.848682381
1.941567834
1.949015019
1.950230742
1.956566991
1.820490262
1.956896206
1.956867826
1.963409612
1.970700893
1.996601586
1.77065603
1.769859829
1.766845883
1.998115031
1.866074357
1.897359501
1.970179319
1.878171405
1.884013161
1.900301235
1.992066834
1.996977156
1.750686159
1.933297485
1.950485406
1.799036437
1.788403543
1.805591502
1.809884216
1.815499438
1.779565497
1.846407394
1.85493786
1.856038994
1.867849488
1.872468811
1.790903229
1.862404978
1.742027609
1.737526453
1.734416716
1.771579834
1.763336125
1.753884893
1.751276892
1.749878263
1.931015914
1.903418518
1.939405794
1.866950801
1.837905905
1.939358121
1.939437169
1.942494667
1.950229385
1.951607696
1.951844348
1.955940271
1.976322412
1.772417818
1.76277762
1.768560575
1.982182387
1.87494986
1.904529628
1.973381655
1.866773468
1.876701348
1.985675669
1.988608763
1.934917735
1.953382059
1.808230741
1.801234984
1.812260884
1.814455889
1.820138101
1.833125249
1.780471569
1.846190549
1.845114133
1.854269517
1.862950705
1.859212726
1.788464859
1.779238664
1.851823597
1.857826627
1.734745433
1.740198676
1.730986664
1.728778305
1.757793182
1.750967327
1.745491126
1.744857267
1.744464946
1.922384279
1.936495196
1.886833678
1.940169513
1.852509382
1.941244045
1.938731983
1.939757881
1.941330395
1.947680418
1.947059714
1.958833573
1.772844434
1.76065264
1.768940879
1.967152251
1.884303298
1.909627161
1.969863585
1.861484005
1.986381705
1.979934998
1.923681195
1.947258464
1.806096437
1.793237407
1.812601663
1.813539025
1.825174192
1.842354881
1.77366599
1.843569604
1.85354612
1.844395191
1.8476839
1.869725125
1.774960295
1.772268671
1.763940987
1.853420798
1.847277584
1.856856449
1.732950082
1.730110019
1.736206234
1.726588168
1.725017025
1.751593319
1.74573158
1.739737164
1.737551781
1.906284274
1.935037065
1.947394118
1.871279204
1.95198012
1.947057407
1.940336326
1.936768312
1.936873736
1.94361548
1.947481562
1.940405157
1.768025646
1.756380844
1.760041836
1.956640597
1.882066266
1.890373389
1.895377862
1.974040684
1.857806749
1.979258664
1.958213429
1.914255662
1.944781717
1.7846282
1.793878307
1.799908198
1.818024178
1.838385353
1.863875142
1.761403501
1.848835948
1.83945948
1.861141327
1.84040123
1.762107335
1.769836039
1.758810232
1.751907612
1.8548688
1.846474834
1.728576199
1.72907496
1.726823129
1.73100237
1.723442998
1.722036164
1.748719384
1.740504219
1.733879612
1.930572875
1.896146121
1.955791885
1.959714257
1.951677423
1.944481058
1.935934692
1.934157149
1.934377446
1.937996964
1.757371864
1.75157557
1.748958792
1.939526847
1.868627407
1.879605868
1.874595327
1.883270047
1.951676483
1.862691182
1.954977018
1.939394029
1.903689118
1.923155008
1.779598255
1.788967893
1.807488374
1.828605915
1.851762165
1.882719743
1.752372724
1.856893574
1.841849483
1.841420813
1.75616365
1.76392937
1.773972534
1.751202945
1.744019563
1.86061585
1.853557975
1.846800362
1.725774846
1.723441806
1.724094938
1.724104802
1.728424688
1.719337162
1.720721296
1.741808769
1.734563556
1.917892964
1.956110717
1.972913543
1.966464944
1.956026339
1.943653866
1.936128256
1.931443558
1.930643774
1.745743034
1.741535382
1.739353937
1.926892594
1.859460811
1.867680311
1.857535607
1.856272238
1.870413775
1.907060719
1.926261466
1.869401523
1.931023437
1.920300893
1.887756336
1.786133
1.806798153
1.836799184
1.872164725
1.916087928
1.741888329
1.84784747
1.842604226
1.763916624
1.754670349
1.775052104
1.786244704
1.745413377
1.738305838
1.865253721
1.854906287
1.847490784
1.722377092
1.723287859
1.721064808
1.720041952
1.719844496
1.728849019
1.717572854
1.714888316
1.717000303
1.720127531
1.72399576
1.71856739
1.717296655
1.718169166
1.733246826
1.955471629
1.972832275
1.973847344
1.964423231
1.95309587
1.943385996
1.935861238
1.926429771
1.737616955
1.733931908
1.733108169
1.91484272
1.846348517
1.848207625
1.836855394
1.841026332
1.85809171
1.885539162
1.87430736
1.903007761
1.868163859
1.902101595
1.898411085
1.803917464
1.831427019
1.869970058
1.913745881
1.949669465
1.735281869
1.84864417
1.761199386
1.773849977
1.746442116
1.788326445
1.799971421
1.738570004
1.734113062
1.861253145
1.853828922
1.850233218
1.719828612
1.720325632
1.718175599
1.727212795
1.716592082
1.715671795
1.714001219
1.714312641
1.713212896
1.716001116
1.717463015
1.723727302
1.720161925
1.716637876
1.716800856
1.71548172
1.715114346
1.728360488
1.966069692
1.966479127
1.9550483
1.94704355
1.940918482
1.935909102
1.928656865
1.732780745
1.730426711
1.729248053
1.919467696
1.899413676
1.840262241
1.851724115
1.829883518
1.823173111
1.830897466
1.85396102
1.856140528
1.867697159
1.879778654
1.859444908
1.872810564
1.871195354
1.823254691
1.860759723
1.898354727
1.928584299
1.947378381
1.731494193
1.748658117
1.765338749
1.780274268
1.739032901
1.795867434
1.819812106
1.733040794
1.731029267
1.85663871
1.853204517
1.854601451
1.717934468
1.715125586
1.712261729
1.712871819
1.713264153
1.711899332
1.854413464
1.840486539
1.721867318
1.794492625
1.715897893
1.726443117
1.717560558
1.719729239
1.714304596
1.71521174
1.713569679
1.713056265
1.728754405
1.956326947
1.946609481
1.932367184
1.925645275
1.919402036
1.924625452
1.727376131
1.725909899
1.905602194
1.881087914
1.84082612
1.85237532
1.820452638
1.813049923
1.82037012
1.836779272
1.84653805
1.856877446
1.854276674
1.851294873
1.85294911
1.850163623
1.879993434
1.915505864
1.935207471
1.934959395
1.727577979
1.739664816
1.754759947
1.774875515
1.733284105
1.816525799
1.846159974
1.728027642
1.724370952
1.855189927
1.856390182
1.714151181
1.710738887
1.711114329
1.71123384
1.711783352
1.712495024
1.711012904
1.852066591
1.820493021
1.821208013
1.724728967
1.722660843
1.814513814
1.792482918
1.722103133
1.709611459
1.710543682
1.715800035
1.724725797
1.718228389
1.721317049
1.712252147
1.713220131
1.711509731
1.710637
1.934635294
1.926479662
1.913055197
1.900459456
1.900958807
1.721569676
1.720936679
1.877704135
1.855223873
1.832222697
1.848156316
1.810733503
1.794952814
1.806844703
1.806419834
1.824330382
1.833476587
1.849670921
1.826441746
1.827348028
1.87909467
1.90750905
1.922085031
1.925381628
1.914593091
1.734316051
1.746454054
1.764211327
1.728940507
1.838142822
1.863402694
1.724106071
1.720766272
1.855761197
1.853010512
1.713978739
1.709509159
1.709459912
1.709725052
1.71017089
1.712193814
1.846414921
1.79835588
1.798966027
1.722087777
1.833491375
1.809300177
1.783185088
1.718966644
1.708190024
1.708966529
1.712374071
1.710493547
1.708741803
1.719235818
1.778469647
1.739862625
1.716470072
1.718546589
1.719213281
1.717508084
1.710259765
1.709048948
1.707885029
1.708258303
1.910739709
1.90491012
1.887020127
1.876505547
1.717713591
1.852834638
1.831357341
1.814173666
1.837137072
1.793889075
1.781099657
1.788009165
1.78514374
1.800625012
1.806801975
1.839366228
1.799766221
1.800276997
1.88277865
1.897258591
1.898140223
1.905389264
1.901676542
1.892094509
1.731253603
1.754206543
1.726414878
1.859942027
1.722439153
1.719053234
1.848711237
1.83992701
1.714455848
1.707769246
1.707444923
1.707731129
1.839150102
1.776547094
1.847759324
1.818719292
1.795460377
1.771694343
1.717380236
1.707389756
1.706926686
1.708696466
1.714918769
1.712974032
1.710858037
1.706957058
1.716117727
1.767156873
1.760480455
1.735878848
1.743323126
1.706913682
1.725497731
1.707169215
1.717359849
1.715662259
1.715634791
1.714338771
1.707075298
1.707980818
1.707177598
1.707045352
1.707105448
1.884743558
1.868236506
1.859592344
1.716116284
1.832671181
1.808579897
1.818221528
1.801027866
1.781159964
1.767858297
1.7742778
1.774879827
1.782046248
1.826770727
1.774289205
1.780389933
1.880334158
1.869029667
1.877148529
1.88117291
1.886291001
1.884221105
1.867120186
1.731449426
1.750854787
1.720932655
1.717792303
1.832156859
1.81964851
1.706973713
1.707009972
1.707001982
1.706978733
1.825858368
1.756690507
1.851210168
1.826237409
1.801506645
1.781614595
1.763958891
1.707064731
1.70707604
1.708838166
1.715412406
1.713395743
1.711182683
1.714158224
1.752515417
1.763132187
1.746427587
1.738917959
1.723973703
1.727786897
1.707298165
1.707233095
1.70744456
1.707073589
1.713474605
1.71375132
1.71495276
1.712666032
1.712824948
1.707182752
1.707212366
1.707284453
1.707108285
1.707166824
1.847044852
1.840263855
1.716692576
1.815615128
1.795733471
1.78278137
1.804343969
1.786556813
1.767594842
1.756461502
1.753390682
1.760698377
1.805615186
1.754445155
1.761164197
1.858279241
1.863145177
1.859305132
1.867395811
1.874054067
1.85649559
1.733096028
1.748289212
1.719959442
1.815755136
1.805401061
1.707139222
1.707158888
1.805699661
1.74187405
1.847898013
1.827391353
1.807531097
1.790343408
1.772265026
1.759435211
1.707234223
1.707262645
1.708895313
1.712383923
1.710802247
1.713825902
1.742166307
1.747828598
1.751560354
1.736665559
1.739618445
1.723860688
1.728298116
1.707441101
1.707430789
1.707654591
1.707690783
1.71126467
1.709403415
1.712547692
1.711007564
1.71577722
1.711431258
1.707315585
1.707277632
1.707381146
1.707232765
1.822496858
1.830632438
1.718665719
1.800418204
1.783960977
1.767206946
1.788544265
1.770170221
1.757240327
1.750567991
1.742793956
1.738161196
1.781312558
1.740144285
1.734719822
1.747589394
1.841414843
1.841699321
1.844395915
1.853571485
1.849344161
1.733097461
1.739256846
1.747441118
1.755486598
1.722532894
1.794815151
1.787760304
1.70729502
1.707321168
1.783478538
1.732107393
1.82664465
1.810473188
1.796935723
1.778856737
1.764506871
1.707434747
1.707447068
1.708078961
1.707909616
1.710086018
1.708940623
1.714511975
1.744120284
1.738852325
1.747332131
1.732689266
1.727525832
1.707649475
1.707640164
1.707872113
1.707899728
1.709416792
1.709442257
1.708162287
1.711080584
1.712680878
1.713524424
1.708426823
1.707352435
1.715582679
1.751416839
1.709781279
1.718016365
1.707408768
1.707354648
1.707395432
1.707445706
1.80865874
1.826024035
1.722084634
1.786522158
1.773219908
1.755561766
1.771306243
1.760725968
1.752653385
1.751836668
1.729214151
1.762759293
1.76082776
1.732076317
1.727532607
1.737909232
1.82148377
1.823831638
1.822364318
1.826781746
1.835189058
1.732246884
1.738777843
1.747062277
1.752260494
1.75770889
1.72635558
1.771108523
1.771179158
1.707451281
1.70746699
1.72772012
1.812128699
1.806717815
1.798875543
1.783107318
1.766239593
1.707640256
1.707604981
1.708144271
1.708113668
1.708371598
1.70835705
1.755499877
1.740558183
1.732312645
1.707863471
1.707826843
1.708060548
1.708092694
1.7085565
1.708627584
1.708346691
1.709724655
1.711222944
1.717378349
1.714145038
1.708537361
1.707439407
1.720586055
1.752022438
1.766122192
1.7075019
1.749315488
1.808981093
1.708258117
1.72557879
1.763546641
1.708642962
1.815624161
1.71910343
1.745780919
1.708650714
1.724077151
1.707498848
1.707482812
1.707504828
1.795901787
1.814928419
1.728504184
1.773565157
1.761928264
1.762045742
1.7561802
1.753398631
1.761179664
1.724160869
1.757878489
1.749134692
1.726457604
1.723952805
1.730996913
1.810091956
1.803946123
1.798433801
1.732335489
1.737848785
1.743813307
1.7489646
1.754628341
1.762115428
1.707624614
1.707600866
1.727887909
1.798866628
1.793512636
1.784260522
1.76925412
1.707805806
1.708326294
1.708516082
1.708505548
1.73762272
1.708030871
1.708239568
1.708624458
1.708483852
1.709282037
1.711686225
1.722933141
1.715315446
1.708614319
1.72594859
1.75264729
1.741001372
1.769491184
1.707551431
1.742102903
1.708368279
1.721601166
1.722334105
1.72131856
1.762068902
1.708638436
1.708641807
1.80002836
1.802858194
1.720039562
1.72372641
1.73835242
1.750285715
1.737890061
1.707547268
1.709625865
1.787679829
1.799096124
1.708549954
1.708472404
1.730182555
1.707594947
1.707603136
1.707614135
1.787648719
1.735255316
1.75798334
1.774766843
1.765547197
1.756617164
1.754423351
1.756228337
1.725567904
1.72166414
1.753321219
1.748598804
1.74145224
1.720978061
1.731766912
1.724439744
1.793121246
1.791478487
1.78775349
1.78790103
1.738647862
1.743447749
1.740342458
1.747608051
1.758035716
1.707813284
1.707778729
1.707748015
1.732912143
1.787851047
1.781281121
1.770689394
1.708022906
1.708465754
1.708599019
1.708580123
1.708236365
1.708415077
1.708633474
1.708550784
1.712105921
1.727861574
1.715624843
1.708622178
1.753488437
1.742759823
1.757145166
1.765007867
1.707598828
1.71868433
1.718431624
1.717866802
1.717396276
1.758536481
1.708569838
1.708567316
1.788333651
1.78759336
1.722649714
1.718001369
1.71960498
1.72534748
1.740932552
1.747858947
1.736762602
1.735044102
1.709314639
1.776726788
1.779834507
1.787007945
1.757232568
1.77251433
1.720035742
1.776750961
1.708419904
1.708379315
1.708156249
1.731820694
1.707670437
1.707697116
1.707731653
1.774388443
1.73429471
1.74698047
1.763941551
1.751069082
1.752324877
1.732967256
1.725078472
1.720189706
1.747263734
1.742047538
1.726874215
1.736909604
1.719668034
1.78435705
1.781587397
1.775074965
1.777193251
1.735537737
1.742072265
1.73798824
1.749695603
1.758987622
1.708002179
1.707962652
1.70791178
1.76704989
1.708216445
1.708530983
1.708607559
1.708589298
1.708411198
1.708561191
1.712194434
1.727466715
1.715440147
1.70855589
1.746149842
1.751192481
1.739512959
1.753119638
1.75953302
1.707642875
1.718681307
1.714765444
1.715006134
1.714675828
1.716757239
1.753115894
1.708419464
1.708415557
1.77554269
1.775444233
1.722270454
1.717016681
1.716877813
1.736902129
1.733210855
1.732835516
1.708905928
1.76750813
1.766393872
1.779943686
1.752549825
1.766312857
1.717533596
1.774315358
1.765020726
1.720604525
1.756381735
1.70787781
1.761532286
1.712809428
1.708044195
1.708196454
1.708211364
1.708149863
1.707826081
1.707878737
1.729594098
1.707779036
1.707732746
1.707837225
1.76219606
1.730879984
1.744632181
1.73811165
1.743081018
1.747366267
1.733767858
1.729917242
1.723646589
1.731721064
1.720455267
1.725548698
1.715433461
1.774799974
1.773899772
1.766950187
1.76466812
1.733248314
1.737025161
1.743486129
1.750585044
1.755672971
1.708173291
1.708126331
1.708093304
1.708375549
1.708513777
1.708568102
1.708561189
1.70841447
1.711646913
1.726554319
1.723812724
1.714067663
1.708448446
1.744058951
1.746913774
1.748388704
1.739452666
1.752006162
1.747335238
1.752490049
1.707683367
1.720288505
1.71191739
1.711573937
1.714668886
1.717194158
1.747322647
1.708200774
1.708192041
1.762630357
1.717574894
1.713950395
1.737500527
1.732783947
1.730623347
1.73073307
1.707498975
1.708229811
1.758563069
1.756220128
1.772525344
1.74779372
1.760044751
1.713332981
1.715140445
1.766468351
1.757362271
1.722012164
1.719411655
1.750532183
1.75495072
1.755261499
1.712072435
1.710741032
1.708169725
1.708241149
1.707987205
1.708217191
1.747259854
1.734181751
1.749879676
1.707884344
1.707932389
1.707959984
1.707527476
1.70755131
1.726962198
1.724721243
1.707921321
1.707835591
1.70772044
1.749537524
1.72929843
1.740752658
1.736346578
1.729996813
1.742977086
1.73798626
1.740301779
1.735663437
1.730584977
1.725233507
1.717218012
1.712769923
1.723486759
1.767066055
1.767443322
1.760377892
1.751110656
1.732778345
1.738483026
1.743970964
1.747326369
1.750161473
1.708330377
1.708281053
1.708481562
1.708542629
1.708514915
1.708233042
1.710349629
1.707491775
1.710741923
1.708345256
1.740287115
1.744380442
1.745806345
1.745395038
1.747826632
1.743571455
1.745600555
1.719763772
1.707875678
1.70883751
1.708404999
1.715686134
1.742667113
1.707925066
1.707936735
1.712999958
1.716774289
1.715019078
1.710078709
1.729451621
1.731235656
1.728358212
1.72854036
1.70714505
1.70712482
1.749040315
1.765875566
1.741027967
1.753932205
1.711295591
1.709362408
1.759281733
1.752718813
1.72167142
1.718885103
1.742593384
1.748569341
1.748092096
1.708844383
1.710689381
1.712736486
1.708278678
1.708095805
1.708369751
1.708356354
1.70816645
1.708276825
1.739098033
1.740774783
1.734570589
1.73134192
1.742200493
1.706755977
1.73884209
1.742796311
1.744315865
1.733123371
1.742378166
1.753348202
1.707305884
1.712035636
1.726294802
1.741999151
1.731878704
1.707563551
1.707648771
1.707176026
1.707204134
1.723976134
1.72668359
1.708015264
1.707865871
1.707750912
1.738243432
1.738776971
1.730153198
1.730290171
1.727355061
1.718830378
1.738391234
1.735718655
1.736060769
1.731130957
1.725405208
1.708321443
1.713399521
1.706490754
1.759626792
1.762825422
1.756883266
1.734535462
1.738535566
1.741616211
1.745124937
1.748421523
1.708455282
1.708508037
1.708464172
1.7079882
1.706721853
1.706719151
1.708241266
1.739582634
1.743930394
1.744021168
1.742182286
1.739681263
1.740627794
1.739229634
1.719767767
1.706953573
1.706800782
1.706601245
1.706800066
1.715083198
1.738825572
1.707586739
1.707607549
1.708693691
1.714077937
1.715725506
1.70630196
1.727040402
1.728627093
1.726112595
1.706835428
1.706735877
1.739419678
1.759049189
1.72781135
1.7456593
1.707003835
1.706196151
1.753966885
1.721905453
1.718936727
1.729962638
1.706994051
1.709174677
1.7107432
1.708343598
1.708428976
1.708380302
1.70813376
1.708226693
1.708253742
1.730683588
1.725605407
1.729271325
1.733468465
1.728762
1.736454464
1.735922754
1.73906238
1.720030547
1.741711211
1.750052597
1.706371205
1.70860342
1.710536689
1.724372589
1.725083938
1.734225494
1.729256932
1.732428109
1.706418504
1.743914342
1.730103661
1.707571243
1.708402773
1.705937561
1.708131889
1.707231014
1.706852756
1.724981334
1.728197637
1.707917468
1.708016248
1.707764004
1.724891544
1.731348233
1.714021754
1.706482074
1.733684652
1.735572376
1.730335266
1.726125506
1.70673929
1.707061934
1.754683999
1.756398089
1.752147511
1.734023022
1.736989559
1.740408292
1.744521753
1.749737621
1.708447886
1.708339934
1.708002521
1.707636028
1.7063008
1.73837609
1.742324587
1.741365357
1.738687658
1.734207604
1.735262392
1.735736481
1.734504654
1.72228439
1.718337912
1.707292584
1.707249069
1.707176141
1.707409479
1.712226141
1.714162248
1.735554202
1.707202695
1.707202357
1.705881125
1.71225209
1.716550475
1.71343774
1.706087848
1.705936277
1.726075467
1.723513426
1.706562401
1.706362669
1.724976099
1.753912452
1.706941601
1.715718636
1.741182552
1.705907725
1.719902287
1.722845753
1.707310628
1.707954456
1.708256709
1.708273956
1.708036887
1.708091257
1.708045009
1.714616445
1.714655041
1.707698257
1.719735297
1.709715845
1.725963029
1.726424286
1.726717566
1.731867467
1.729322668
1.727498493
1.707178155
1.739990375
1.746527909
1.705839471
1.707864666
1.723175886
1.722496398
1.723521964
1.723083141
1.729973681
1.726946952
1.706117138
1.740339284
1.715774505
1.70720916
1.708279644
1.705703201
1.705685588
1.707998458
1.707931226
1.710538191
1.707247019
1.707663834
1.724617596
1.740353833
1.733569538
1.717124622
1.710832674
1.710721484
1.712821275
1.706805078
1.706559398
1.72551247
1.729215871
1.707884902
1.707732088
1.707453386
1.706817261
1.707055865
1.707018621
1.729507526
1.735957662
1.730706472
1.728117685
1.725284792
1.707399071
1.707671384
1.750536674
1.75066197
1.746977673
1.732556994
1.736378356
1.74257038
1.746370315
1.708165924
1.707922437
1.707598395
1.707222072
1.7059568
1.737891682
1.740041895
1.737744622
1.734937618
1.730095113
1.731258809
1.731692892
1.730343758
1.721911271
1.718382022
1.707609239
1.707565217
1.707678437
1.70785261
1.708066324
1.731550391
1.706750723
1.706788949
1.70556583
1.709371355
1.717696737
1.714216349
1.70577165
1.705633346
1.723195394
1.720485563
1.721665346
1.706313424
1.706149242
1.710282459
1.708476511
1.7494266
1.707761014
1.707617331
1.740272244
1.734461047
1.720934734
1.707612117
1.707829137
1.70806027
1.707877418
1.707952568
1.707889222
1.707737739
1.707757425
1.707594082
1.708143751
1.708086816
1.708211112
1.71921758
1.713312264
1.721240256
1.723874462
1.741533536
1.705554038
1.705679932
1.705962715
1.720921137
1.720570748
1.720464673
1.711105045
1.72783718
1.723730613
1.725480883
1.705944009
1.705876462
1.739189823
1.708597986
1.706820597
1.705537317
1.707726804
1.70755425
1.70694944
1.722015571
1.738756325
1.733476438
1.710069032
1.708264991
1.705400947
1.711837621
1.707615921
1.712191947
1.716334224
1.707966499
1.708653585
1.726272497
1.707796759
1.735976456
1.706348206
1.724659758
1.728101311
1.707624645
1.707707459
1.708075661
1.707571398
1.725810399
1.726169713
1.735335081
1.730804811
1.727700259
1.724728096
1.707872831
1.708013363
1.746643577
1.745874205
1.74594665
1.742568354
1.732139267
1.741092309
1.743659074
1.707658979
1.707318816
1.706861919
1.705628642
1.736156929
1.737959106
1.735883855
1.733698609
1.73069796
1.726749115
1.726762878
1.727923237
1.727418953
1.720980165
1.717522946
1.707917206
1.707860495
1.707967834
1.708099152
1.708008637
1.727261726
1.706348034
1.7063878
1.705395384
1.705387488
1.705484557
1.715885241
1.705452177
1.718523919
1.718868865
1.717234679
1.705991925
1.70847052
1.708653336
1.70858045
1.74508248
1.708214304
1.708063969
1.707922263
1.734510003
1.728488151
1.719762326
1.707986693
1.707632564
1.707311152
1.707375668
1.707272629
1.707267653
1.706994095
1.708391515
1.708419564
1.708286221
1.708692438
1.708500294
1.70862896
1.709882797
1.717846755
1.737333131
1.705409828
1.705483339
1.717108931
1.718713076
1.720005006
1.721910397
1.723056493
1.705745411
1.705775608
1.738287939
1.708675662
1.706423728
1.707296156
1.70745935
1.707041515
1.705260915
1.736774184
1.732735323
1.707634787
1.708029404
1.705098839
1.705043538
1.70625479
1.710626059
1.712044936
1.708067898
1.708069915
1.722996595
1.723686814
1.708007162
1.735152885
1.738601453
1.708071217
1.707198553
1.706678924
1.72933271
1.705958114
1.72348335
1.727299669
1.707367408
1.70836026
1.708048605
1.72195094
1.733899687
1.729014481
1.724480011
1.721371862
1.708149613
1.708216382
1.741805084
1.743279391
1.741337048
1.741319399
1.731202589
1.739407192
1.707089911
1.706763642
1.706436911
1.705379198
1.705546272
1.734824844
1.733486893
1.731437202
1.726087957
1.722871017
1.723359897
1.723645843
1.724160141
1.716890428
1.708119872
1.708077478
1.70816687
1.708260339
1.708130872
1.708111634
1.722547014
1.705983045
1.706021329
1.705264868
1.705281921
1.705266666
1.705253296
1.714681318
1.7143608
1.715473231
1.715941937
1.716115367
1.71419617
1.705636196
1.708634731
1.708574834
1.708654279
1.708643189
1.740435103
1.708418323
1.708313232
1.708193901
1.725055161
1.729326415
1.718613399
1.707018262
1.706651133
1.706767319
1.706704853
1.706539322
1.708463258
1.708533734
1.708546573
1.708633403
1.708267356
1.708447177
1.706766558
1.712574793
1.732610619
1.705256088
1.713818901
1.71682688
1.719167923
1.705549859
1.736354915
1.706039212
1.707075293
1.706781546
1.706458501
1.705073257
1.731287496
1.707600191
1.704991694
1.704913433
1.704938323
1.704914562
1.708478786
1.710932559
1.708098186
1.708128928
1.720787974
1.719538087
1.708159469
1.733210373
1.73482364
1.708209423
1.706902104
1.706173509
1.706101213
1.724179492
1.726450962
1.719846752
1.708057715
1.724133681
1.70623215
1.728198572
1.706064788
1.705634604
1.722018423
1.726564426
1.706977517
1.708501039
1.708265708
1.717150799
1.72989539
1.722987873
1.717536225
1.708317153
1.708345345
1.73708808
1.738840679
1.736152778
1.736184814
1.729605133
1.734817621
1.706464892
1.706172761
1.705319563
1.705189756
1.730850534
1.727242499
1.720558708
1.719736654
1.7199636
1.720209058
1.71918973
1.711408378
1.70823142
1.70817933
1.70828654
1.708340498
1.708145614
1.708180615
1.717676706
1.705660304
1.705679958
1.705148605
1.705154153
1.7051553
1.705056197
1.712084545
1.712295849
1.711627335
1.713003775
1.713160759
1.711993665
1.705388674
1.705333205
1.708632283
1.708627558
1.708606836
1.708439602
1.708486252
1.734993705
1.708514308
1.708452079
1.708367799
1.716102925
1.723434458
1.714285407
1.706393487
1.706020092
1.706182301
1.706067236
1.708561924
1.708596676
1.708082606
1.706316812
1.706447113
1.727161985
1.711731419
1.7150529
1.713027721
1.731910132
1.70570408
1.706620128
1.706279591
1.705964927
1.704937563
1.726914461
1.706817981
1.707453819
1.704898379
1.704867599
1.70487575
1.704866793
1.704866802
1.708083496
1.717228829
1.7169784
1.708226017
1.728603172
1.728757738
1.708282596
1.705793768
1.705690158
1.705680776
1.718456175
1.720434804
1.722142449
1.716644665
1.707973264
1.719778991
1.717917293
1.705799306
1.705741545
1.705781799
1.704878313
1.716006961
1.705357744
1.717236588
1.723807316
1.70653796
1.708554079
1.708399025
1.71455026
1.713635671
1.722396561
1.722199416
1.724602954
1.714451989
1.71460088
1.708027952
1.709105889
1.708405245
1.708378521
1.731591447
1.733279603
1.730027682
1.729834355
1.729507607
1.705852173
1.705124669
1.705063417
1.719349136
1.714769361
1.715712914
1.716368601
1.716546737
1.715100342
1.708262182
1.708207785
1.708321436
1.708125545
1.713893898
1.705384777
1.705398457
1.705033327
1.705030852
1.704930473
1.704869528
1.71041137
1.710941297
1.710036069
1.710794708
1.71052139
1.710293512
1.705163424
1.708576867
1.708597069
1.70848145
1.708063007
1.708232154
1.726780667
1.708521318
1.708504376
1.708462685
1.708568638
1.706006975
1.716840902
1.708766425
1.704876917
1.705838983
1.705554459
1.705541067
1.70856668
1.708547175
1.707532661
1.706030094
1.706169705
1.716751002
1.711915468
1.725281127
1.705425129
1.706178957
1.705856795
1.705626299
1.704878857
1.706852603
1.706362213
1.704888761
1.70489075
1.70489884
1.707969304
1.714407762
1.721939799
1.705470366
1.705446302
1.705472004
1.714013586
1.715260715
1.716544057
1.713639392
1.707834526
1.714985008
1.713626297
1.705486229
1.705444916
1.705507151
1.70493229
1.713885287
1.71295531
1.705767748
1.705010813
1.709146016
1.705480922
1.705163933
1.704880258
1.71211645
1.716403364
1.706117093
1.708512291
1.70844973
1.712026791
1.715657502
1.715816506
1.709908704
1.709095769
1.70772165
1.707597624
1.708408135
1.708287315
1.708324113
1.724003334
1.725614219
1.720247883
1.705502034
1.705016923
1.704942677
1.713465976
1.712168809
1.711382082
1.713390721
1.711748189
1.708227455
1.708164944
1.707995333
1.705162699
1.705191042
1.704935366
1.704885056
1.704933007
1.70931891
1.709407293
1.708741601
1.7088732
1.710179285
1.70884724
1.705052438
1.708429173
1.708460374
1.70822021
1.707458107
1.707852053
1.715051204
1.711510997
1.708431514
1.708460458
1.708468711
1.705573442
1.705632226
1.70492753
1.704984846
1.705302988
1.705280312
1.70531768
1.705350551
1.708467574
1.708397932
1.706853723
1.705660412
1.705955493
1.705330198
1.707676605
1.713912537
1.70522112
1.705821008
1.705565308
1.704903088
1.706228855
1.704958561
1.704983143
1.70777278
1.705388646
1.705441796
1.705467062
1.712294838
1.711326748
1.712524818
1.711585908
1.710234648
1.709708241
1.705259873
1.70532204
1.711496874
1.712238263
1.7107213
1.704941865
1.708215014
1.705522852
1.705506103
1.705521312
1.705601633
1.707850329
1.708168621
1.705004468
1.704990681
1.704997193
1.704882711
1.704881824
1.705790525
1.708350664
1.708405638
1.709761141
1.71088021
1.710509512
1.707422451
1.70747442
1.707532997
1.707361219
1.708324758
1.708120308
1.70820265
1.708295409
1.705076209
1.705199409
1.704959573
1.704929622
1.704890519
1.704895884
1.71014538
1.709725081
1.709993161
1.70970665
1.710656877
1.709124896
1.70805885
1.707794915
1.705038765
1.705072945
1.704909622
1.705056063
1.707962882
1.707812258
1.708407927
1.70806955
1.708179794
1.707791583
1.707148533
1.704908709
1.704954727
1.708306604
1.708374338
1.70535629
1.705058196
1.705275765
1.705217494
1.70517469
1.705375052
1.705428677
1.708158047
1.706472137
1.705340102
1.705736551
1.705199773
1.705097143
1.704893057
1.705117808
1.705618313
1.70498923
1.706000342
1.705053946
1.705064713
1.707541509
1.705529287
1.705628087
1.705648712
1.709399076
1.710204001
1.707289418
1.707265373
1.705128899
1.709757563
1.704902675
1.707930845
1.705699384
1.705606354
1.705698649
1.705557184
1.705353404
1.707900911
1.707933474
1.707992733
1.704967233
1.705079601
1.704933979
1.704963209
1.70514274
1.704956681
1.705068033
1.705089622
1.705141709
1.705015056
1.705610837
1.708133856
1.708238243
1.708851679
1.708167715
1.707364038
1.707861528
1.707256483
1.707299854
1.70712486
1.707804184
1.708017138
1.704908184
1.704972252
1.705135125
1.704910615
1.704914366
1.704920574
1.707623156
1.708203138
1.707807663
1.708003082
1.708444509
1.708022722
1.707814298
1.707390594
1.704996974
1.705034311
1.705007182
1.705148018
1.705143044
1.708069082
1.708000517
1.707887589
1.708151816
1.70814291
1.707503141
1.706500032
1.704917756
1.708086231
1.705109612
1.705420919
1.705266462
1.705606044
1.705677942
1.70779001
1.707405654
1.705150323
1.705469958
1.705022964
1.704965518
1.705124114
1.705711582
1.705809071
1.705917581
1.705916267
1.70725522
1.707138088
1.707111867
1.707085131
1.705104805
1.704926797
1.707973872
1.705962341
1.705804025
1.70560777
1.705953657
1.705128733
1.705162281
1.707656293
1.707693276
1.707726618
1.705091756
1.705064473
1.706026528
1.704940996
1.704960466
1.704942273
1.704990377
1.705231788
1.705241597
1.705152047
1.705235933
1.705633719
1.707738915
1.707978169
1.708165771
1.708193903
1.707086069
1.707011148
1.707041617
1.706870641
1.707348846
1.707704009
1.705002617
1.704998937
1.704940079
1.705357889
1.705268666
1.704941743
1.705009231
1.705023093
1.707082494
1.707299094
1.70742834
1.707628615
1.707180535
1.708013726
1.707816722
1.707035212
1.705026935
1.70514274
1.705227481
1.70805773
1.708132163
1.707955043
1.708186593
1.70818661
1.706636627
1.707689394
1.705742975
1.705540509
1.705912246
1.705981318
1.707082004
1.705239386
1.705092585
1.705238361
1.705472767
1.706106266
1.706178438
1.706152161
1.706985538
1.706895898
1.706969484
1.706888257
1.705190413
1.705026387
1.708029478
1.70620202
1.706045985
1.7057839
1.706182519
1.705019552
1.705019312
1.705068323
1.707288539
1.707390707
1.707373814
1.705180425
1.705140438
1.705755751
1.704955338
1.704989342
1.708179349
1.707062211
1.70741616
1.705039509
1.705046504
1.705033883
1.705088417
1.705338229
1.70526258
1.705335109
1.705331134
1.705814451
1.707171511
1.707508398
1.708113768
1.70818057
1.706960612
1.706762448
1.706759757
1.706629406
1.706843147
1.707173585
1.705057907
1.704963452
1.705568574
1.705679641
1.705390039
1.705165013
1.705181822
1.705162138
1.707066044
1.707203825
1.707632097
1.707865452
1.70530873
1.70532741
1.70811031
1.708165923
1.708009219
1.708182907
1.706155342
1.70708253
1.706017081
1.705856643
1.706133153
1.706195153
1.706399337
1.705082601
1.705262256
1.705171902
1.706253043
1.706283504
1.706777232
1.706654922
1.706846667
1.706721358
1.705172101
1.708083267
1.706291862
1.706246195
1.706026934
1.706300457
1.704999763
1.706937588
1.70684917
1.705267067
1.705267265
1.705453954
1.704992823
1.70813093
1.706687417
1.707170155
1.707430189
1.707223357
1.705181037
1.705176915
1.705435681
1.705443926
1.705359237
1.705442454
1.706093356
1.706481504
1.706821797
1.708025059
1.706963023
1.706761906
1.706485877
1.706517412
1.70652498
1.706518005
1.705091163
1.7051452
1.705009791
1.705872981
1.705724344
1.705941718
1.705562799
1.705356996
1.705335089
1.705335113
1.707521593
1.707714727
1.70542066
1.708144897
1.708163093
1.708045974
1.708135323
1.705546242
1.706393363
1.706108658
1.706041703
1.70614168
1.706183008
1.705843411
1.70504094
1.705131412
1.705274743
1.706135485
1.706174314
1.706554805
1.706438266
1.706541586
1.705339496
1.708109334
1.70619399
1.706335157
1.706252006
1.706257456
1.705044575
1.706487777
1.706404998
1.705365803
1.705483951
1.705339253
1.705249552
1.708033495
1.70630417
1.706977126
1.707209971
1.70627805
1.705385325
1.705551355
1.705545451
1.705462586
1.705552805
1.705531156
1.706365782
1.705817985
1.706102873
1.707847043
1.706760953
1.706557021
1.706328656
1.706297311
1.706262798
1.705988107
1.705248542
1.705248271
1.705118219
1.70595009
1.705915062
1.705826155
1.70597986
1.705725999
1.705513603
1.705522501
1.707350278
1.707510455
1.708128085
1.708109333
1.708058911
1.70804358
1.705183503
1.705378464
1.705809034
1.705922342
1.705962316
1.705872376
1.705908545
1.705117918
1.70508405
1.705412428
1.705763318
1.705844987
1.706360921
1.706363685
1.705533433
1.705906018
1.706387584
1.706047673
1.706245951
1.706032353
1.7055468
1.707900454
1.706065134
1.706773087
1.707008398
1.706092341
1.706391146
1.705677637
1.705645505
1.705722874
1.705663823
1.705571147
1.705683619
1.706535832
1.705418573
1.705562802
1.707666809
1.706563238
1.706385179
1.706160065
1.706213641
1.706089871
1.705708755
1.705273084
1.705436534
1.705421298
1.705723159
1.705818519
1.705677538
1.705883576
1.705889511
1.705866945
1.705741618
1.705701518
1.705724247
1.707088932
1.70731991
1.708033186
1.708072357
1.707981453
1.707933868
1.705219394
1.705146492
1.705447932
1.705586469
1.705338244
1.705385522
1.705266377
1.705585201
1.70522338
1.705363267
1.706222991
1.705493712
1.705725561
1.705845334
1.707704152
1.705944639
1.706568289
1.706798977
1.705843688
1.706321309
1.705824309
1.705820736
1.705914808
1.705758514
1.705852266
1.705876493
1.705756718
1.706525896
1.705363777
1.705524565
1.707419938
1.706373212
1.706248226
1.706084308
1.706039009
1.705937645
1.705703984
1.705491535
1.705632818
1.705126678
1.705152934
1.705598293
1.705363512
1.705757937
1.705840506
1.705851361
1.705919754
1.707069202
1.706809719
1.707946215
1.707871396
1.707700927
1.707722851
1.705339641
1.705395177
1.705278858
1.704766351
1.704944642
1.704633632
1.704751504
1.705501432
1.704646462
1.704852397
1.706139735
1.705070261
1.705382044
1.707415489
1.706358709
1.706557309
1.705586616
1.706132116
1.7058603
1.705804989
1.706305481
1.705775392
1.705881173
1.705973744
1.705950686
1.70593796
1.706016506
1.706383532
1.705533237
1.705768637
1.705711022
1.707061059
1.706194659
1.705984471
1.706059102
1.705886511
1.705744954
1.704383215
1.704353184
1.704637649
1.704968178
1.705261234
1.705425571
1.705951574
1.706770443
1.70653553
1.707740873
1.707581446
1.707357238
1.70731643
1.705579207
1.705693479
1.70418289
1.704045191
1.703909166
1.704086756
1.704117024
1.705812308
1.704196785
1.704464362
1.706116463
1.704763646
1.705123281
1.707029561
1.705431891
1.705916254
1.705955492
1.70594832
1.706284327
1.706141008
1.705376031
1.705072511
1.705437956
1.705741813
1.706026034
1.70599812
1.706083247
1.706062909
1.706178728
1.705870116
1.70599918
1.706074615
1.705992418
1.706664514
1.706126529
1.706072967
1.706148349
1.706131846
1.706093436
1.706012424
1.703577594
1.703785184
1.703590932
1.70411802
1.704465063
1.704617856
1.705895899
1.706455506
1.707336085
1.707127743
1.706857854
1.706867888
1.705933612
1.706021214
1.70349497
1.703440131
1.703494184
1.703660845
1.703811197
1.706080428
1.70403874
1.704324659
1.704685883
1.70508074
1.705438571
1.705762616
1.706183134
1.706131529
1.706087103
1.706134027
1.704649689
1.704494981
1.704068993
1.705093329
1.705532493
1.7058794
1.706144961
1.706060741
1.70585769
1.706021844
1.706171409
1.706156196
1.706212581
1.706264468
1.706272405
1.706209711
1.706447736
1.70629131
1.706193552
1.706259346
1.706256917
1.706302026
1.703033519
1.702980203
1.703245038
1.703052956
1.703539763
1.703650997
1.70680399
1.70656269
1.706408877
1.706173337
1.706180506
1.703107324
1.703246016
1.703456696
1.703639304
1.703911329
1.704229343
1.704456852
1.705014193
1.704800064
1.705312858
1.705630741
1.705737919
1.706033251
1.706033228
1.706040926
1.706154207
1.706236419
1.705834252
1.704139643
1.703628126
1.703474108
1.703068954
1.704715723
1.705261776
1.706063703
1.705924959
1.70566945
1.705331541
1.706012147
1.706155908
1.706209939
1.706227621
1.706314514
1.706278016
1.706361189
1.706386884
1.706080006
1.706329816
1.706411821
1.70639405
1.702590907
1.702647683
1.702759878
1.702725109
1.702926047
1.702754991
1.70627224
1.706062145
1.706066967
1.703175734
1.703504981
1.703855745
1.704033919
1.704392155
1.704750381
1.70492827
1.705242922
1.705401561
1.705670076
1.705919647
1.705927778
1.705883007
1.706132481
1.70599881
1.706260792
1.706347098
1.706038306
1.703099046
1.703667425
1.702655113
1.70255222
1.702289536
1.704221217
1.704453107
1.705565094
1.705617475
1.705264685
1.704920669
1.706200979
1.705948874
1.705795927
1.70596432
1.70608565
1.706118908
1.706250609
1.706349941
1.706388554
1.70578292
1.706420945
1.706432576
1.702319998
1.702462555
1.702250517
1.702703176
1.703036166
1.702168222
1.703275758
1.705831379
1.703701226
1.704167864
1.704583976
1.704753921
1.705128445
1.705466359
1.705553589
1.70577773
1.705853237
1.706035633
1.706192394
1.705882888
1.705773671
1.706215771
1.706081757
1.705954598
1.706314811
1.706377955
1.706289349
1.70634394
1.702678765
1.702251265
1.703179742
1.702001777
1.701968524
1.701942539
1.703419118
1.703903515
1.704847373
1.704802039
1.705124457
1.704360813
1.704411455
1.706473487
1.705366902
1.705398857
1.705607077
1.705647681
1.705884605
1.706084188
1.706145877
1.706306407
1.705635666
1.705559879
1.706378402
1.702238654
1.702568478
1.70279721
1.702071058
1.703250656
1.703742579
1.704021006
1.704568682
1.705011764
1.705476948
1.705585187
1.705882526
1.706095111
1.706094622
1.706178078
1.706190059
1.706259998
1.705790027
1.705651134
1.706221219
1.706135708
1.706021675
1.705864041
1.706245193
1.706263598
1.706459735
1.706289383
1.706239991
1.706157679
1.702352183
1.70200471
1.701845158
1.70254941
1.701844548
1.701913469
1.70215707
1.702944069
1.703362336
1.704252638
1.703921256
1.703827089
1.704554977
1.703481893
1.706676771
1.70458033
1.70491518
1.704929521
1.705272594
1.705578271
1.705668783
1.705933759
1.706137674
1.705464565
1.70255059
1.702782452
1.703294585
1.703577419
1.704132039
1.704673346
1.704894462
1.705512237
1.705385791
1.705905911
1.706198901
1.706243201
1.706368883
1.706380718
1.706312218
1.706261266
1.706250926
1.70572345
1.705580415
1.706098418
1.706098863
1.706019207
1.705910698
1.706016832
1.705966655
1.70645472
1.706035115
1.70596954
1.705990695
1.705771668
1.701983367
1.702087006
1.701862819
1.701922407
1.701990166
1.702301473
1.702284294
1.702426284
1.702911776
1.70257653
1.702703313
1.70368951
1.703381201
1.703060935
1.702984856
1.703788386
1.706672279
1.704149491
1.704479497
1.704885203
1.705023918
1.705373303
1.705674085
1.705521783
1.703495502
1.703696638
1.704304352
1.704559473
1.705089887
1.705554509
1.705754037
1.706082629
1.706210645
1.706399857
1.706458584
1.706448514
1.706324604
1.706162682
1.705973511
1.70576527
1.705940571
1.705831279
1.705928435
1.705895669
1.705628812
1.705523833
1.706265058
1.705678426
1.705545617
1.705504103
1.705389931
1.705231857
1.70217879
1.702158712
1.702164563
1.702349931
1.702308536
1.702707902
1.702241341
1.703187832
1.703391835
1.704028742
1.702332922
1.702486945
1.702979212
1.703095732
1.702737801
1.702529256
1.703407807
1.706435586
1.703779575
1.704140963
1.704319984
1.704707249
1.705070134
1.70565433
1.704605307
1.705185272
1.705439798
1.705810889
1.706070482
1.706186422
1.70629617
1.706364485
1.706297379
1.706104958
1.706053026
1.705815657
1.705546894
1.70581107
1.705660573
1.705735006
1.705438896
1.705819952
1.705137276
1.705005341
1.706006843
1.705168039
1.705542703
1.704980859
1.704741632
1.70474432
1.704638699
1.702584603
1.702834349
1.702858236
1.702450141
1.703298366
1.703182893
1.70377051
1.70249378
1.704295748
1.704509864
1.705002708
1.70245724
1.702620933
1.702729748
1.702932296
1.702522128
1.703215307
1.70607694
1.703532109
1.70370798
1.704071316
1.704447853
1.705765772
1.705468649
1.705777225
1.705907808
1.706001062
1.705949125
1.706005134
1.705810392
1.705844024
1.705555362
1.70519703
1.705200694
1.704935925
1.705773326
1.705452173
1.705293396
1.705648136
1.704971137
1.70459345
1.705042343
1.704653241
1.705457605
1.704290037
1.704054743
1.70402701
1.704185496
1.704568544
1.703450155
1.703146115
1.703854706
1.70384757
1.703130919
1.704403237
1.704306385
1.704847283
1.702924955
1.705256205
1.705379749
1.705659596
1.702775263
1.702811316
1.702739087
1.702857156
1.702977943
1.703179194
1.705806035
1.703338893
1.703605253
1.703932324
1.705782798
1.705799391
1.705760043
1.705735909
1.705480033
1.705218007
1.70480422
1.704753175
1.704358513
1.704024259
1.704128937
1.705636213
1.705131465
1.70540682
1.704908364
1.704201068
1.705088103
1.704640182
1.704212017
1.70548817
1.703747177
1.703391053
1.703301742
1.703872754
1.704306161
1.704604563
1.704122596
1.70450586
1.704064059
1.704824074
1.703774878
1.705200497
1.705325926
1.705604684
1.703489077
1.705745945
1.705760827
1.705709434
1.703304413
1.703353638
1.703237467
1.703190133
1.703191289
1.703334627
1.705770378
1.703436899
1.703641313
1.705678866
1.705455555
1.705075108
1.704895885
1.704468243
1.703924626
1.703459636
1.703418141
1.703074579
1.702983867
1.705430398
1.705144644
1.704841485
1.704034357
1.70492367
1.705374135
1.704536127
1.703935981
1.705735048
1.703315122
1.702777803
1.703836033
1.704445224
1.704242058
1.704648144
1.70503998
1.704979716
1.705277321
1.704738698
1.705537451
1.704436964
1.705707269
1.705756896
1.705731357
1.704201179
1.705543851
1.705480571
1.705057169
1.704240416
1.704002379
1.703784306
1.70364872
1.703714293
1.706006031
1.703676777
1.705478021
1.704503615
1.703881635
1.703645341
1.703098467
1.702568793
1.702276726
1.702344623
1.702380805
1.705205548
1.704920644
1.704130839
1.705185029
1.705428623
1.705801832
1.704556613
1.703844825
1.706054092
1.703136288
1.702607132
1.704100675
1.704593837
1.704451609
1.70442088
1.704781887
1.706239921
1.705565935
1.705555555
1.705472384
1.705649396
1.70534696
1.705667935
1.705106065
1.705572818
1.705471767
1.704963219
1.705258825
1.704647908
1.703966903
1.704968819
1.704667859
1.704414618
1.704342242
1.70405693
1.706388406
1.705246701
1.703205626
1.702520402
1.702315652
1.701891258
1.701642396
1.701724382
1.702023864
1.705021774
1.704467871
1.705949372
1.705792399
1.705323108
1.706236868
1.704728747
1.704041262
1.706425971
1.703506494
1.702526473
1.704612227
1.704657716
1.704734117
1.70477878
1.70474742
1.704916726
1.705535852
1.70557204
1.705704866
1.705811461
1.705404102
1.705860925
1.705150629
1.704816238
1.704589813
1.703761295
1.705832856
1.705982931
1.703344923
1.702643543
1.705604269
1.705324318
1.705174202
1.704697132
1.70660671
1.706689651
1.705065638
1.701955288
1.701424106
1.701432033
1.701309537
1.701539135
1.702043985
1.70495841
1.706277176
1.706371432
1.706062923
1.705669681
1.706500922
1.705165158
1.704757853
1.703702163
1.703156599
1.70525463
1.70492212
1.704964166
1.704882635
1.704912991
1.705168488
1.706465438
1.704941517
1.704932374
1.705317966
1.705673298
1.705978049
1.704548706
1.706174398
1.704138773
1.70366073
1.703364296
1.702478933
1.706334978
1.706302523
1.702108786
1.701598955
1.706125276
1.705959988
1.705453501
1.706554905
1.70670362
1.705013716
1.701260892
1.701227127
1.701215551
1.701645701
1.702338436
1.705485808
1.706383716
1.706380146
1.706417435
1.706305484
1.70609662
1.705909467
1.705136271
1.704712195
1.703789001
1.705868975
1.70506534
1.705183957
1.705299992
1.705001226
1.70555948
1.706077258
1.706105756
1.705570904
1.703904847
1.703896673
1.704432166
1.704935472
1.705430588
1.705726324
1.703443907
1.706159862
1.702956561
1.702464455
1.702179008
1.701573888
1.706464942
1.706534892
1.70136926
1.701233688
1.706459957
1.706109782
1.706205349
1.706349828
1.705099464
1.70138807
1.701790187
1.702084869
1.702849255
1.705868922
1.706359855
1.706168276
1.706024303
1.706479072
1.706536493
1.70639582
1.706093942
1.705308357
1.706005655
1.704467654
1.706130475
1.706306229
1.705174804
1.705285215
1.705429212
1.705803382
1.705340472
1.705446945
1.705529247
1.705580846
1.705687958
1.703216464
1.702821569
1.702722206
1.70378744
1.70436607
1.704702275
1.705329722
1.702367584
1.705945876
1.701984372
1.70163477
1.701483349
1.701388597
1.706338605
1.706426098
1.701437237
1.701762537
1.706457132
1.705668104
1.705734884
1.705297748
1.702396605
1.703140382
1.703594213
1.706010233
1.706153954
1.705800828
1.705476082
1.706331117
1.706617691
1.706720334
1.706744663
1.706523864
1.705963946
1.705234845
1.706122071
1.706212676
1.705381939
1.705473866
1.705796988
1.704639315
1.704532881
1.704743147
1.704917285
1.705568045
1.705566576
1.705576144
1.702196367
1.702597277
1.70196382
1.701901596
1.703100884
1.703423619
1.704068129
1.704849433
1.701722771
1.705514349
1.701590483
1.701533172
1.701604598
1.70166697
1.70209396
1.705750751
1.706095579
1.702337196
1.703033278
1.705072441
1.705111455
1.705079549
1.705535336
1.703940249
1.704780243
1.705802965
1.705411062
1.705232686
1.704803014
1.705932583
1.706390966
1.706555065
1.706809495
1.706780112
1.706439245
1.706107552
1.70566126
1.705609035
1.7055571
1.705484565
1.703824632
1.703891495
1.703923686
1.704223322
1.70450011
1.705499875
1.705590521
1.705343441
1.705223443
1.703725041
1.701696125
1.701812499
1.702072503
1.701700128
1.701703149
1.702261091
1.702828182
1.703477324
1.704281869
1.701762204
1.704625453
1.701954133
1.702243343
1.702309002
1.70278296
1.703418972
1.705201385
1.70376006
1.704597311
1.704683924
1.70471243
1.704734607
1.705718851
1.705459235
1.705232238
1.704107228
1.704640003
1.704077984
1.705265227
1.705479003
1.706090431
1.706570935
1.706740955
1.70666745
1.706391046
1.704842955
1.704645656
1.705662575
1.704909206
1.703440025
1.70321699
1.702969693
1.703776282
1.704103095
1.704452928
1.705277014
1.705525097
1.704968427
1.704719817
1.702939286
1.704296868
1.701732782
1.701943771
1.701668579
1.701704358
1.702169777
1.702250188
1.701894681
1.702295961
1.703107557
1.702503538
1.703406304
1.702555392
1.704050342
1.702990822
1.703476673
1.70360884
1.704215808
1.704853021
1.70518521
1.705898571
1.704765604
1.704985812
1.70474375
1.705783062
1.704448016
1.702859068
1.703197592
1.703725109
1.703921712
1.704612682
1.705398359
1.706007748
1.706160514
1.706425232
1.706447874
1.703925536
1.703609346
1.704234938
1.703677333
1.703188017
1.702837903
1.702447258
1.704174863
1.704420006
1.704778478
1.704989555
1.705406786
1.704583098
1.70215694
1.704344457
1.703918814
1.704078834
1.706295346
1.702078343
1.702476506
1.702843045
1.701990434
1.701807686
1.703322257
1.703421643
1.701810716
1.701938034
1.702243422
1.702504621
1.703024886
1.703845985
1.704351534
1.704825212
1.704948663
1.705447463
1.705869417
1.706043544
1.705347954
1.705402505
1.705403591
1.705150543
1.705648397
1.703718368
1.702110934
1.702320733
1.702339602
1.70298827
1.703633183
1.704491153
1.704782769
1.70542358
1.705906321
1.705953482
1.703178899
1.702878601
1.703620095
1.703854207
1.704494504
1.703462822
1.702776975
1.702365424
1.705045218
1.705200622
1.704712846
1.705150101
1.701829632
1.704394013
1.704581052
1.703795551
1.704204378
1.706116483
1.703175269
1.703063243
1.703792462
1.703773068
1.704312521
1.702577894
1.702218283
1.704777877
1.7048195
1.7021997
1.702139935
1.702284261
1.702495305
1.705179242
1.705523516
1.705771153
1.705851192
1.706042319
1.70609455
1.705938721
1.70612216
1.706084631
1.705864404
1.705651338
1.705390251
1.70324891
1.701563563
1.701385209
1.70154945
1.70199733
1.702059794
1.702795851
1.703030076
1.703810714
1.70454466
1.704771622
1.705294142
1.702983127
1.70276113
1.703539534
1.705023927
1.704582033
1.705647614
1.703570574
1.702611059
1.70610863
1.704936985
1.701785084
1.704783354
1.70473214
1.704818581
1.704130224
1.704670498
1.705400791
1.704797422
1.704621932
1.703983155
1.705293867
1.70533215
1.705723693
1.703394884
1.703309242
1.705965203
1.705913723
1.702840358
1.702909617
1.702724651
1.706036778
1.706032098
1.705987908
1.705960873
1.705765104
1.706609567
1.706320653
1.706708666
1.7069145
1.706079958
1.705909082
1.705156219
1.703416616
1.701417418
1.701046457
1.70098464
1.700969057
1.701297799
1.7015037
1.702156908
1.702893861
1.703149673
1.703923042
1.70403522
1.703450071
1.703357072
1.703999009
1.706299836
1.705995185
1.70510758
1.706726789
1.704003198
1.70296813
1.702448163
1.70516885
1.705345372
1.705019903
1.704994352
1.704873399
1.704692705
1.706194021
1.706122648
1.705553173
1.704940453
1.706464459
1.706446436
1.706507401
1.704711363
1.704067308
1.706422372
1.706285718
1.703686805
1.706016677
1.706071717
1.70572755
1.705332012
1.705228181
1.70698212
1.706581986
1.706277777
1.707224692
1.705874676
1.705658739
1.705097621
1.704130634
1.701620432
1.7010516
1.700859528
1.700728934
1.700770061
1.701051342
1.701541582
1.701864067
1.70257932
1.703212668
1.704411391
1.704457511
1.704825505
1.707066269
1.707181972
1.706530593
1.705639129
1.704624818
1.704140431
1.703084946
1.705668247
1.705341768
1.705965245
1.705617409
1.703912091
1.706833725
1.706899561
1.70668182
1.706283503
1.706069089
1.706767465
1.706648426
1.706336903
1.705493886
1.704886016
1.705910242
1.705718683
1.705273972
1.7051574
1.704645715
1.704075128
1.706908642
1.706404757
1.705922279
1.705735008
1.707236215
1.705239259
1.70484558
1.705372825
1.705115841
1.702165362
1.701859749
1.701239836
1.701161588
1.700922399
1.700974756
1.701167268
1.701540394
1.702053189
1.702542876
1.705490656
1.705588205
1.705692307
1.70732985
1.707301682
1.706915916
1.706242137
1.705903836
1.704975292
1.703954461
1.706128479
1.705805204
1.706292264
1.706178096
1.70269847
1.70658933
1.706819865
1.706856584
1.706748157
1.706466177
1.706058243
1.705811898
1.705184448
1.70602697
1.70450355
1.704378156
1.703855033
1.703746124
1.703220823
1.705800348
1.706366428
1.705173008
1.704755378
1.704774544
1.706557869
1.704337365
1.703366677
1.703650667
1.705830679
1.705984512
1.703465717
1.702496678
1.701894249
1.701437253
1.701435682
1.701369111
1.701471361
1.701681252
1.701735256
1.706237629
1.706328585
1.706245113
1.707038177
1.707272551
1.707158903
1.707094571
1.706655662
1.705825996
1.705362723
1.70618921
1.706307527
1.7062752
1.706177196
1.701997847
1.705255669
1.705961624
1.706367136
1.70643756
1.706574595
1.706527635
1.704465914
1.70415684
1.703313611
1.702705914
1.702814677
1.702304535
1.702334174
1.704086628
1.704682184
1.704810078
1.703531015
1.703327917
1.703558083
1.705685539
1.702400675
1.702346284
1.702475765
1.706234721
1.706338518
1.70440192
1.703444886
1.702780722
1.702579114
1.702124531
1.701774775
1.701602072
1.701559463
1.701446897
1.706290671
1.70632435
1.706188951
1.706500543
1.70706179
1.707181237
1.707045847
1.706753017
1.706097228
1.7063032
1.706109039
1.705845469
1.705651865
1.701445123
1.705618478
1.703368282
1.704289578
1.705013157
1.705219981
1.705749455
1.706110317
1.702557719
1.702222813
1.701459764
1.701406897
1.701328455
1.702093517
1.702718234
1.702287804
1.703473106
1.701882711
1.701979281
1.704632247
1.701038188
1.701545629
1.701668134
1.701673695
1.7063292
1.705807342
1.705233249
1.704463732
1.704178671
1.703502873
1.702908796
1.702342961
1.702302375
1.701854348
1.701433397
1.70557756
1.705545122
1.705645357
1.706170885
1.706984612
1.707056805
1.706946984
1.70650024
1.706116074
1.705035947
1.704900935
1.701187943
1.705658141
1.70495492
1.701583436
1.702413027
1.703216312
1.703514472
1.704300903
1.705019381
1.701032796
1.700897279
1.700699193
1.700888747
1.700693288
1.700449462
1.700958348
1.699618435
1.702128002
1.700641127
1.703305353
1.700695272
1.700087215
1.701216812
1.701415326
1.701402096
1.706012326
1.704747487
1.705925404
1.705646461
1.704965704
1.70427481
1.703620003
1.703259975
1.702384286
1.701981239
1.704307957
1.704551051
1.70402109
1.705628468
1.706050396
1.706547003
1.706693656
1.706521891
1.704138836
1.704188621
1.701391984
1.705149536
1.704411375
1.700978784
1.700556339
1.701674281
1.701867807
1.702739381
1.703575147
1.700427068
1.700521701
1.70100589
1.699170695
1.699493661
1.698747732
1.699620877
1.698204268
1.700621706
1.701315861
1.700772457
1.70016518
1.701074094
1.699374262
1.701333951
1.701475357
1.701516269
1.705356135
1.703584129
1.706349509
1.70593067
1.705445252
1.704958708
1.70465484
1.703764927
1.703381862
1.702700992
1.703066555
1.703576728
1.703224712
1.703893606
1.704906074
1.705641082
1.706048021
1.703486729
1.70383957
1.702239767
1.704599565
1.704116735
1.700867224
1.700608758
1.700639744
1.701711874
1.701241026
1.70236312
1.700976056
1.7012516
1.698607265
1.69774536
1.697598401
1.698280626
1.698047045
1.698726999
1.700391443
1.701300181
1.700787465
1.699968479
1.701469936
1.698988224
1.701602295
1.701605305
1.701551897
1.701553805
1.704671398
1.702772647
1.705853837
1.705319751
1.705826319
1.705682331
1.705571387
1.705074008
1.704847475
1.704324671
1.703950372
1.702313437
1.702993529
1.701052012
1.70238425
1.703513869
1.704393323
1.703245454
1.70353806
1.703897249
1.702803681
1.70428126
1.704186563
1.701410147
1.701191554
1.701341903
1.701815673
1.701846033
1.70155978
1.702607585
1.697011284
1.69688081
1.697617516
1.696877145
1.698833239
1.697552271
1.698346577
1.701665319
1.701446419
1.700880191
1.699976512
1.701703882
1.701647819
1.700973583
1.700986449
1.701158436
1.70423262
1.702631541
1.705101166
1.704501566
1.703078232
1.705407518
1.705551339
1.705751062
1.705785377
1.705631748
1.705547736
1.704927597
1.702360843
1.703144003
1.698493008
1.69970684
1.700828671
1.701903584
1.703918706
1.703864235
1.70436732
1.704208634
1.704296025
1.704590597
1.702582149
1.702386106
1.702519535
1.702952728
1.703681896
1.702265941
1.704983755
1.697456798
1.696692428
1.69634757
1.698650994
1.696259673
1.700053824
1.696533492
1.696637605
1.701428939
1.701591696
1.701492235
1.700984529
1.701398405
1.699657844
1.69994538
1.699480654
1.700318921
1.704208634
1.703303075
1.703287563
1.704027974
1.702250625
1.700406653
1.704415138
1.705351077
1.705709135
1.706066265
1.706239429
1.706213
1.705879187
1.703232159
1.704141245
1.697293369
1.698236663
1.699221744
1.704734802
1.704887937
1.705091612
1.704589967
1.705158099
1.705008657
1.703931261
1.704325424
1.703495309
1.704349679
1.704874334
1.705619977
1.706454975
1.698749397
1.697538499
1.696950064
1.696326891
1.700081088
1.696007761
1.701006749
1.695892684
1.695998266
1.70084816
1.700365739
1.701283962
1.701387858
1.697709513
1.698067589
1.698476524
1.697122219
1.698397983
1.704551611
1.704561912
1.701802775
1.700815849
1.702218399
1.699592787
1.697913365
1.703436414
1.704306023
1.704548952
1.705417212
1.7057488
1.706289678
1.706559984
1.704643104
1.705395517
1.69640169
1.697020404
1.705650021
1.705929549
1.705771251
1.705641229
1.705260777
1.705631757
1.705118188
1.705967756
1.706049129
1.706415548
1.706712352
1.706591381
1.698866217
1.700111282
1.698187988
1.697301808
1.696569255
1.700873216
1.696263252
1.701065155
1.695874036
1.695724106
1.699950269
1.699257851
1.700730962
1.695844596
1.695544686
1.696161234
1.695905664
1.694474457
1.69671614
1.704973349
1.705910743
1.699281024
1.699667275
1.698271134
1.700844882
1.697145595
1.696180103
1.701999278
1.702454565
1.703579043
1.704083038
1.705092665
1.705968518
1.706074422
1.706439239
1.695831814
1.706297971
1.706590609
1.706140035
1.705857157
1.705547063
1.705288382
1.706543762
1.706773458
1.706970547
1.706953151
1.706906185
1.706551258
1.705384149
1.699352459
1.699933593
1.700522344
1.698543253
1.69771539
1.697281206
1.700449727
1.696639248
1.699895349
1.696105506
1.695764906
1.6977067
1.697734151
1.698983059
1.693779982
1.693885288
1.69370967
1.693495512
1.694034058
1.692487013
1.69250329
1.694839952
1.705127357
1.706835006
1.697099866
1.697395731
1.698317481
1.696302009
1.699418768
1.695720825
1.695623075
1.699872261
1.701068989
1.701561183
1.702867064
1.70415672
1.706951676
1.706859263
1.706372248
1.706523979
1.705896085
1.705374099
1.704985932
1.704897829
1.707097468
1.707139229
1.707057352
1.706787428
1.706630722
1.706032231
1.704890621
1.703036847
1.699318756
1.699718905
1.700037273
1.699594593
1.698728514
1.698327212
1.697657858
1.698717972
1.697101071
1.697557359
1.696528516
1.696092766
1.694952565
1.696148433
1.692234872
1.692378051
1.691777756
1.691869056
1.692273927
1.692055064
1.692192833
1.69187826
1.692221329
1.704747873
1.706914326
1.69593089
1.695800342
1.696433997
1.697174629
1.695559983
1.697528866
1.69574967
1.698527805
1.698908061
1.700176941
1.701591654
1.70692878
1.706372558
1.705646284
1.70560213
1.704930321
1.704335334
1.703972753
1.704103188
1.703180135
1.706683579
1.706602524
1.706046591
1.705339493
1.70503011
1.703768266
1.701898278
1.700258923
1.698902698
1.698927977
1.698757211
1.698806658
1.697423257
1.698611935
1.698366395
1.698022768
1.695986241
1.697485317
1.697866637
1.694513259
1.697080761
1.696621782
1.693157039
1.691228604
1.691670622
1.690794425
1.690623248
1.690389914
1.692916164
1.692319189
1.69318689
1.692867018
1.690726419
1.703809472
1.705932088
1.695544688
1.695574226
1.69562268
1.695832907
1.695975721
1.696096565
1.696624515
1.696748868
1.697691037
1.698914388
1.705816606
1.704962495
1.704250276
1.703950005
1.703478638
1.702961965
1.702688692
1.702226578
1.705139876
1.70489111
1.703962228
1.702942529
1.702484922
1.700567238
1.698940617
1.697754914
1.697706159
1.697763706
1.696854944
1.696667143
1.695901652
1.694348424
1.697962562
1.698077405
1.697991817
1.692916432
1.697922268
1.698034272
1.691627742
1.697641993
1.697143453
1.691982704
1.691123351
1.690359753
1.689907181
1.689607277
1.694907838
1.693843598
1.693758347
1.694765178
1.6948767
1.689663108
1.702542065
1.704025467
1.696141604
1.695775486
1.695571363
1.696371488
1.6955425
1.695670971
1.696040714
1.696785766
1.703873747
1.702828964
1.702488885
1.701955838
1.701876594
1.701576264
1.701441425
1.701229536
1.702731036
1.702436847
1.701311244
1.70017975
1.69961619
1.69783413
1.696797249
1.696130118
1.695644672
1.696347918
1.695540967
1.693966975
1.693703101
1.692707302
1.691448196
1.696938698
1.696966162
1.697495911
1.690419512
1.698119711
1.697932187
1.697991493
1.697437626
1.692787221
1.691526019
1.69094074
1.689963098
1.689358627
1.696389746
1.695683762
1.69523542
1.695971987
1.696336578
1.689205425
1.689164809
1.701361188
1.701703139
1.697197416
1.696749103
1.696216494
1.696008257
1.695696497
1.695587768
1.695719628
1.700783348
1.70079082
1.700189227
1.70050521
1.700484292
1.700583089
1.700575712
1.700384443
1.699845868
1.698737501
1.697752636
1.697306589
1.696219118
1.695783702
1.695654108
1.693790541
1.692879436
1.694692439
1.692719435
1.691103406
1.690933546
1.690181228
1.68950934
1.694869202
1.695740197
1.696709186
1.697504992
1.697989156
1.698129808
1.697976573
1.693711701
1.693032123
1.691705785
1.690566102
1.690167163
1.69662279
1.696336578
1.696336578
1.696701796
1.695620694
1.689415897
1.688986268
1.700601696
1.699472302
1.697779972
1.697243909
1.696937004
1.696464507
1.696031419
1.695749857
1.699067565
1.699571805
1.699004562
1.699666223
1.699917335
1.700200834
1.70036411
1.698313951
1.697750745
1.696863441
1.696343825
1.696075391
1.695809819
1.695900042
1.696154538
1.691841972
1.690900043
1.690152628
1.691990583
1.690059375
1.68912824
1.689133564
1.688936548
1.693250879
1.694290944
1.695653478
1.696707836
1.697485612
1.697814463
1.697822635
1.695355961
1.694042744
1.692784667
1.692291224
1.691128015
1.696336578
1.696336578
1.6966622
1.690053151
1.689259975
1.700388542
1.697993624
1.697816465
1.697631661
1.697324717
1.696923843
1.696516444
1.698167828
1.699067194
1.698611105
1.699465804
1.699906028
1.700250038
1.700457618
1.697169981
1.696672902
1.696311974
1.69613394
1.696134857
1.696446669
1.696789126
1.6971309
1.689221003
1.689165049
1.688495772
1.688312289
1.690205315
1.688481394
1.688559801
1.688805221
1.691358941
1.691463694
1.692988461
1.694316098
1.695545337
1.696408711
1.696617856
1.697442705
1.696602619
1.695927375
1.69512635
1.694690036
1.693591725
1.69227546
1.696336578
1.691020428
1.689989312
1.700534665
1.69753814
1.69747971
1.69760148
1.697569845
1.697406385
1.698267454
1.699095867
1.699775773
1.700244194
1.70049102
1.700563201
1.697129065
1.696819663
1.697042039
1.696979803
1.697220876
1.697563262
1.69778962
1.697868815
1.687446432
1.687830429
1.687561192
1.687708771
1.688145217
1.688544405
1.688666949
1.689616538
1.688700459
1.689796077
1.691256309
1.692693555
1.693900283
1.694299381
1.695852406
1.696150378
1.696491088
1.696336578
1.696372055
1.695845199
1.694789392
1.693711734
1.692258705
1.691812013
1.700538601
1.700407382
1.698026456
1.696805059
1.697370569
1.697705015
1.698988127
1.699792575
1.700323302
1.70056601
1.700582114
1.69794746
1.697778858
1.698267198
1.698184801
1.698343449
1.698406053
1.698235582
1.697592267
1.697824184
1.686832051
1.687165151
1.686875176
1.687591167
1.688825323
1.689460055
1.686841151
1.69054715
1.687368615
1.688328609
1.689598425
1.690826137
1.691311536
1.693227668
1.693681794
1.694869895
1.696336578
1.696336578
1.696258717
1.696127474
1.694737186
1.694305042
1.693083041
1.699844877
1.699574422
1.700175516
1.699011424
1.695975032
1.696923836
1.699853367
1.700372604
1.70053425
1.700436461
1.699080969
1.698960059
1.699189816
1.699006043
1.698810614
1.698365314
1.697593232
1.696135867
1.696593358
1.686784119
1.687472358
1.688478178
1.686517939
1.689122709
1.691151183
1.691839121
1.686313668
1.686502273
1.687093449
1.68800179
1.688254506
1.68961189
1.690665949
1.692220253
1.690757076
1.693590241
1.696336578
1.696336578
1.696062738
1.696148875
1.695298593
1.694425636
1.698228533
1.698113705
1.698918252
1.699557332
1.69988283
1.69497015
1.700290772
1.700290149
1.700006568
1.69983988
1.699586488
1.699194125
1.698830518
1.698116194
1.697037372
1.695672614
1.693658803
1.694241823
1.687867032
1.688310909
1.689612976
1.690984844
1.686903415
1.691672524
1.693842147
1.686355335
1.686070005
1.686256044
1.686339337
1.686971808
1.6878053
1.688045581
1.689161694
1.690649519
1.692201361
1.696336578
1.696128231
1.695974891
1.696023978
1.695840426
1.696978402
1.697710739
1.698474782
1.700045858
1.699791864
1.69919972
1.694671524
1.699578314
1.69943101
1.698867268
1.697806935
1.697362824
1.696102395
1.694537864
1.692858284
1.690673356
1.691331797
1.689044716
1.690448729
1.690990392
1.692646847
1.693912851
1.687861415
1.69429065
1.687241557
1.686255438
1.686030722
1.68589253
1.686108409
1.686215819
1.686849957
1.687890068
1.689251859
1.696336578
1.696336578
1.696050926
1.693844726
1.693328805
1.695314294
1.696102399
1.6970721
1.699009305
1.698108339
1.692520596
1.692850777
1.698095279
1.697761991
1.696681655
1.695258426
1.694705825
1.692940542
1.691360084
1.689943704
1.687977182
1.688457162
1.69205932
1.690558827
1.693385596
1.693954244
1.695502686
1.689873008
1.687888443
1.687381575
1.686524338
1.686002705
1.685907467
1.685849176
1.68618455
1.686939161
1.696336578
1.696336578
1.691996004
1.691859001
1.691507952
1.693402931
1.694293079
1.695469129
1.696792484
1.6908873
1.690966663
1.691037489
1.695461321
1.695028789
1.693620638
1.692116101
1.691376382
1.6893548
1.688570868
1.687462629
1.686623898
1.686346077
1.693534793
1.69493116
1.692938873
1.695668353
1.695764028
1.690608337
1.689985585
1.688678564
1.687540372
1.687206427
1.686510393
1.686044664
1.685980354
1.696336578
1.691009933
1.691270162
1.691198529
1.691497075
1.692418495
1.69379799
1.689936959
1.689555141
1.690535219
1.68952973
1.692311359
1.691860136
1.690473849
1.689191654
1.688631706
1.687208645
1.686844925
1.686432028
1.686364225
1.686321688
1.695492603
1.695684394
1.696336578
1.693563289
1.693038062
1.691723365
1.690266818
1.689872498
1.688543862
1.687648077
1.68683613
1.691259934
1.69243329
1.692487153
1.689667211
1.690744114
1.690313423
1.689376771
1.688674057
1.688435557
1.694690936
1.689468271
1.689010747
1.688010047
1.687279376
1.687009799
1.686738946
1.686725715
1.687075777
1.687740106
1.688052435
1.696336578
1.696336578
1.695561891
1.695512076
1.6947201
1.693316677
1.692980734
1.691644271
1.690292494
1.689648703
1.691947512
1.693093013
1.69434449
1.688484134
1.687900741
1.690542353
1.689261521
1.688206593
1.69580579
1.696336578
1.687542944
1.687279773
1.686923877
1.686933755
1.687005123
1.687917346
1.688208512
1.689163738
1.690334135
1.690737896
1.696336578
1.696336578
1.695548459
1.695478455
1.694714851
1.69334955
1.692832898
1.692683594
1.694412149
1.694888486
1.69593914
1.687359606
1.687855333
1.691076269
1.689459123
1.696336578
1.696064139
1.687227592
1.687175571
1.687646876
1.688311466
1.688662608
1.690342261
1.690813573
1.692115178
1.693403918
1.693505846
1.696336578
1.696336578
1.695581072
1.695459426
1.694813742
1.693352027
1.696187338
1.696336578
1.688005405
1.68931051
1.691658106
1.688544099
1.688806556
1.690292884
1.690863159
1.691973491
1.693380848
1.693680893
1.694927768
1.695565672
1.695663012
1.696336578
1.696336578
1.696213512
1.695708608
1.694252077
1.696336578
1.69000703
1.691752024
1.691012533
1.691349651
1.693279082
1.69376198
1.694995274
1.695682557
1.695696456
1.696336578
1.696336578
1.696336578
1.696114776
1.694352577
1.69268473
1.693886428
1.693941596
1.695692363
1.695766538
1.696336578
1.696336578
1.696336578
1.696043919
1.69501897
1.695959373
1.695811406
1.696336578
1.696336578
1.696336578
1.696336578
