1.908249174
1.90249032
1.932048923
1.91771632
1.89497567
1.89233928
1.937189192
1.924078567
1.903794625
1.941020949
1.896433739
1.947052371
1.896288939
1.892651781
1.915126624
1.936063928
1.892124859
1.939766028
1.934054776
1.916765026
1.903046706
1.942876301
1.942479691
1.947707573
1.955061761
1.944820454
1.898628186
1.89780306
1.892912918
1.896230533
1.908730071
1.933393361
1.901044038
1.946290915
1.943057133
1.930841574
1.938773718
1.916543401
1.9434573
1.940069103
1.94643071
1.950626321
1.955350375
1.871795049
1.8799989
1.896109221
1.903568886
1.874425167
1.911231605
1.911522048
1.926106517
1.94495146
1.947832062
1.948728494
1.943772129
1.95638081
1.947608942
1.951908878
1.957395589
1.961938925
1.967112232
1.975826119
1.971109519
1.84232244
1.845424524
1.877649987
1.884831786
1.903312167
1.919568152
1.854863323
1.936794693
1.95685906
1.949102386
1.95183632
1.955161265
1.95983589
1.96730716
1.957371609
1.961608488
1.96214637
1.96372626
1.968947982
1.978000889
1.972501722
1.982650489
1.986616645
1.823567092
1.817957767
1.835882128
1.865215269
1.895344534
1.921890378
1.945412248
1.839191604
1.970913032
1.957885771
1.954205561
1.959460451
1.962126698
1.966412543
1.969426463
1.97695293
1.96582851
1.966887966
1.969832859
1.974825302
1.979468292
1.985377666
1.986681321
1.984402913
1.989022923
1.991283201
1.996167769
1.811485841
1.803010647
1.808003264
1.87676061
1.85116739
1.909236605
1.936692454
1.973121095
1.829868996
1.962106727
1.967638485
1.964106603
1.967882699
1.972006469
1.97666143
1.981683024
1.976608134
1.974732472
1.979309293
1.987285239
1.990698911
1.997957092
1.995118855
1.993146167
1.993670878
1.994825938
1.997284406
1.995702883
1.992101568
1.94083921
1.980411405
1.973199301
1.806029158
1.796513983
1.79529122
1.857284223
1.889101894
1.83251129
1.921379896
1.960644041
1.815569536
1.971874967
1.972704598
1.978255202
1.975673228
1.981841083
1.981936111
1.985407299
1.987624004
1.978810438
1.967582627
1.986080373
1.993160971
2.002108927
2.004105576
2.00395369
2.004067811
1.999356872
1.998587513
1.996182585
1.985652929
1.977586749
1.923894397
1.943351365
1.958942575
1.973067168
1.967461374
1.919711513
1.799840568
1.79783303
1.793558943
1.877998707
1.845522103
1.902996861
1.821047176
1.938457957
1.806818197
1.984152427
1.983026498
1.982424563
1.987385728
1.986886633
1.988593362
1.991517636
1.987406338
1.980349666
1.957493096
1.939130184
1.995766771
2.000804133
2.003325122
2.004629449
2.002123735
2.000163172
1.996199714
1.991826148
1.983759356
1.974721741
1.968821021
1.916765636
1.928551415
1.963181721
1.950473902
1.966129997
1.921302032
1.929914656
1.935927252
1.798686276
1.799248578
1.802859171
1.880302686
1.858812835
1.830991115
1.911168847
1.810021143
1.800730364
1.993030366
1.991268584
1.990934855
1.986149056
1.995066595
1.995584259
1.998317853
1.966776463
1.947329319
1.91933349
1.903292167
1.997843392
1.995928731
1.996296628
1.989757548
1.987029321
1.984208252
1.978941074
1.978231997
1.970904371
1.965394883
1.962950696
1.919198384
1.914013083
1.936505376
1.960535755
1.952200091
1.922557252
1.932445979
1.933146744
1.935015337
1.798729304
1.802686682
1.936536501
1.803219658
1.884634663
1.865228427
1.843375377
1.819536188
1.804798901
1.798359739
1.999373407
1.999337862
1.999251063
1.992416753
1.965684406
1.999392641
1.996903049
1.9921502
1.930830496
1.91154854
1.886073724
1.874809061
1.986811152
1.987088271
1.980627141
1.976525368
1.973779859
1.969692434
1.967254123
1.961502446
1.959737211
1.956934493
1.911680766
1.924209346
1.91097481
1.940971157
1.948810852
1.923140596
1.929204729
1.944080909
1.797715223
1.8078327
1.806282877
1.942844
1.808428746
1.865477721
1.848843675
1.830586547
1.810899675
1.799976782
1.79614491
1.999987751
2.00190562
1.991527744
1.998295883
1.974767541
1.927852632
1.993308505
1.988052256
1.980010528
1.885663656
1.860182517
1.851635999
1.977583593
1.973433714
1.969798361
1.967603393
1.963779341
1.962011219
1.957858738
1.957611623
1.955666962
1.915222522
1.903725932
1.929784042
1.908288027
1.941725346
1.945400423
1.917667453
1.93547107
1.957506408
1.958900737
1.795179463
1.806182188
1.957820622
1.961075266
1.951849788
1.804836326
1.844429914
1.830133694
1.816968492
1.804076442
1.799380894
1.794724342
1.989373058
1.996976767
1.994521586
1.968847799
1.991229175
1.940554643
1.8927885
1.98611371
1.978728106
1.973908935
1.858393899
1.835289966
1.829810749
1.972286774
1.967486907
1.965568864
1.961401164
1.956079248
1.954176288
1.950865478
1.93206445
1.910415347
1.897367069
1.90251019
1.940424042
1.941763782
1.932241439
1.951522313
1.963730414
1.794536506
1.800401498
1.960530867
1.953852159
1.942834252
1.942640067
1.949005159
1.942575159
1.794520812
1.825630171
1.81525567
1.808968839
1.802290579
1.7980265
1.79331505
1.992191573
1.961923281
1.995302908
1.989540948
1.930592537
1.984139621
1.903912773
1.857019489
1.983226976
1.97912417
1.980672458
1.834212961
1.817772381
1.814059626
1.977728693
1.978933374
1.972470058
1.962049151
1.958509179
1.950571736
1.93832318
1.919396667
1.895876381
1.890812882
1.909691106
1.940562932
1.945465226
1.935267971
1.953120871
1.950838585
1.791068725
1.792072402
1.944565758
1.939358344
1.943114302
1.953142974
1.951594947
1.938567515
1.785046644
1.811229079
1.807218759
1.800532741
1.798262789
1.7953023
1.995303687
1.977682731
1.926077306
1.991023062
1.985819092
1.887420958
1.988335836
1.862783705
1.830241593
1.987371164
1.99103233
1.99222553
1.816004134
1.80910373
1.805529614
1.998459816
1.989247912
1.977711229
1.968550339
1.962571288
1.92086077
1.939844401
1.899650181
1.882989675
1.888503452
1.909337577
1.940896354
1.961416743
1.930395713
1.936207656
1.931487278
1.792369421
1.791129709
1.924427934
1.940664439
1.962742939
1.957688526
1.916152142
1.77880415
1.805906926
1.806242936
1.804246433
1.802657445
1.799425856
1.983391739
1.988581131
1.942956958
1.8918609
1.98690161
1.989962551
1.854198655
1.992326895
1.83289926
1.808878705
1.994565433
1.997185378
2.009301986
1.799696004
1.797735297
1.800716272
2.007893645
2.001100745
1.985782163
1.986670933
1.900787248
1.933079771
1.880249788
1.874748107
1.88633875
1.912808966
1.962300638
1.982326175
1.923886093
1.919158833
1.93085796
1.787492836
1.796863871
1.920092726
1.957592917
1.970998703
1.900410117
1.914234301
1.780565255
1.790754333
1.775921912
1.803123191
1.805189031
1.805925924
1.801980877
1.80419816
1.956576949
1.974305719
1.98143185
1.910254007
1.862181614
1.982217405
1.982254711
1.833816715
1.824154205
1.981529518
1.806892347
1.99006037
2.001491115
2.012080834
1.786307436
1.785485213
1.791488627
2.015981863
2.004724181
2.002430781
1.879833927
1.950638508
1.864780103
1.869409356
1.89285185
1.91558592
1.982824702
2.001887118
1.912511201
1.911844849
1.939362265
1.789102851
1.922604896
1.960370221
1.891070261
1.924650813
1.777531518
1.788323973
1.779771371
1.859534936
1.771521555
1.798502584
1.801447433
1.801236015
1.800947767
1.793112182
1.916616665
1.950710754
1.971081046
1.975467032
1.87351781
1.837493965
1.972283975
1.968995062
1.812003432
1.802252645
1.973875796
1.980936898
2.004274566
1.989103009
2.011315301
1.777254406
1.778507544
1.789073885
2.009013877
2.006402364
1.872113919
1.860624163
1.972785074
1.879775762
1.907561548
1.914017031
1.997278252
2.007432225
1.906853722
1.916044173
1.938894629
1.779794412
1.923547818
1.897205798
1.944688341
1.772691744
1.77928348
1.788438006
1.774067864
1.857236434
1.872135745
1.764472816
1.795643071
1.796837078
1.793895895
1.790159978
1.781122657
1.917843753
1.883644865
1.949761132
1.967208658
1.966610967
1.845492177
1.815297282
1.964104014
1.964778492
1.797549826
1.969533542
1.978354514
1.998669074
1.990777435
2.00480971
1.771688435
1.783652841
1.772743228
2.011639166
1.877566926
1.859243781
1.978735658
1.899718997
1.905074319
1.901650281
1.996264525
2.011526321
1.919512362
1.926660728
1.768702402
1.773095033
1.910333219
1.946420494
1.77671625
1.783253698
1.791810577
1.771982405
1.853630262
1.864638724
1.886102444
1.759781394
1.754639063
1.793729855
1.791897671
1.783685641
1.776230291
1.76935133
1.927984611
1.890857485
1.858195844
1.945917466
1.963089407
1.962279136
1.827166071
1.804419813
1.958581677
1.960450506
1.965090957
1.974131133
1.982235685
2.0001144
1.768962865
1.778094691
1.767960122
2.009430929
1.883056902
1.862486687
1.971381229
1.89601524
1.891434376
1.907140642
1.992335926
2.005457901
1.923099693
1.760947833
1.916932564
1.94216532
1.780034462
1.785888331
1.794254812
1.805118881
1.773856984
1.853263819
1.850582424
1.867414206
1.882315263
1.748064956
1.74368347
1.788139799
1.777852433
1.769734727
1.762434069
1.759107824
1.912289552
1.931528732
1.876997782
1.844026267
1.936475198
1.943864782
1.945141348
1.951515317
1.816206774
1.951927786
1.951997069
1.958684765
1.966182576
1.992340979
1.76921716
1.769209868
1.766242136
1.993768343
1.864365972
1.894719161
1.966494642
1.879511311
1.88565299
1.901992203
1.987932193
1.992570088
1.751892891
1.930025337
1.946734566
1.796931985
1.786884485
1.803206864
1.806890024
1.81199799
1.77859436
1.845572428
1.854597625
1.854431264
1.868105737
1.873260641
1.790341022
1.863218226
1.742921075
1.73840821
1.735164772
1.771514714
1.763748372
1.754648493
1.752240058
1.750850191
1.926332449
1.898972045
1.934702901
1.862802266
1.83392272
1.934532768
1.934617736
1.937608977
1.945325393
1.94675554
1.947045649
1.951238018
1.971770925
1.771790609
1.762753976
1.7686571
1.977618418
1.872491492
1.901322505
1.969253889
1.867998621
1.878019335
1.981249955
1.984060926
1.931182626
1.949266645
1.806802997
1.800072098
1.810262802
1.8119014
1.817426576
1.829915586
1.780365152
1.84472948
1.844180049
1.853950207
1.860739143
1.859467637
1.788297049
1.779710159
1.852197868
1.858710908
1.735278081
1.740887508
1.731425417
1.729088297
1.75819945
1.751658273
1.746336959
1.745737203
1.745304291
1.918334388
1.932380357
1.883098371
1.935845827
1.849149655
1.936904232
1.934213517
1.93511267
1.936694442
1.942974712
1.942362075
1.954175528
1.773010145
1.761190717
1.769662924
1.962562849
1.881313733
1.906041437
1.965490626
1.862507686
1.981890802
1.975449359
1.919666335
1.942973679
1.805094557
1.792776711
1.811055326
1.811786253
1.822939121
1.839927438
1.77436681
1.842179415
1.85165779
1.84361785
1.847496699
1.86722682
1.775430343
1.772963057
1.765194459
1.853996198
1.847356243
1.857704141
1.73335509
1.730333139
1.736822087
1.726678856
1.724989817
1.752395868
1.746655576
1.740635537
1.738352775
1.903024589
1.931713153
1.943731582
1.868410845
1.948331671
1.9431454
1.936154545
1.932552128
1.932480504
1.939099563
1.942905729
1.935915697
1.769002057
1.757383129
1.761293124
1.952220846
1.879251664
1.887063355
1.891595379
1.969641729
1.858692743
1.974926179
1.953991759
1.910157257
1.940543078
1.784613492
1.793365296
1.799194792
1.816827306
1.837025894
1.86202051
1.762766594
1.847138974
1.838353056
1.858945685
1.839887661
1.763419052
1.770761279
1.760262279
1.753753953
1.85534242
1.846362956
1.728751061
1.729462032
1.726803385
1.731629779
1.723254174
1.721706627
1.749817594
1.741535022
1.734713566
1.928115042
1.893823403
1.952965663
1.956715786
1.948189992
1.940874783
1.932060412
1.930064807
1.930256888
1.933710626
1.758898247
1.75291292
1.750560302
1.935487484
1.866258031
1.876671495
1.871202471
1.879504699
1.947558815
1.863553901
1.951008275
1.935644411
1.899727591
1.919185305
1.780087809
1.78932524
1.807334638
1.828392285
1.851065529
1.88146401
1.75421875
1.855037426
1.840550592
1.840700847
1.758167059
1.765677382
1.775384032
1.753256768
1.746235285
1.861207232
1.853769996
1.846525929
1.726209723
1.723217845
1.724085273
1.724290781
1.729100427
1.718745009
1.720297351
1.743060771
1.735574914
1.916459446
1.954284883
1.970872862
1.963797838
1.953207661
1.940482275
1.932646663
1.92789937
1.926842432
1.747605419
1.743044324
1.741113348
1.923448407
1.857594278
1.865288997
1.854715957
1.853004951
1.866873575
1.903472677
1.922653418
1.870421895
1.927628229
1.917232622
1.884146402
1.787415008
1.80767016
1.837408247
1.872085001
1.915759083
1.744004845
1.846497576
1.841791351
1.766319202
1.757147655
1.777232149
1.788352846
1.747826928
1.740638672
1.865935997
1.855149382
1.847243482
1.722622964
1.723722026
1.720918719
1.719751344
1.719421039
1.729722973
1.717225608
1.714365158
1.716512571
1.720130842
1.724625045
1.717959793
1.716502938
1.717591484
1.734482011
1.95472673
1.971858709
1.972148824
1.962545968
1.950799077
1.940702132
1.933063231
1.923313897
1.739594794
1.735424423
1.734828718
1.912241918
1.845021242
1.846188966
1.834321753
1.838072698
1.854975804
1.882571295
1.8712195
1.900076594
1.869451241
1.899466089
1.896208836
1.805748698
1.833061117
1.870963806
1.914518844
1.950037961
1.737423167
1.847873275
1.763940125
1.776555813
1.749049234
1.791033595
1.802543085
1.741013255
1.736256891
1.862118544
1.854212687
1.850113611
1.719958405
1.720620205
1.717987695
1.728151841
1.716372867
1.715300998
1.713325217
1.713924005
1.712671389
1.715372862
1.717412841
1.724421554
1.720540907
1.715913547
1.716028147
1.714518508
1.714354009
1.729468244
1.966208184
1.965876791
1.954236934
1.945764348
1.939192317
1.934066927
1.926338469
1.734625189
1.731784766
1.730683055
1.917665842
1.8979833
1.839017641
1.851085429
1.828147063
1.821038125
1.828425228
1.851447222
1.853754357
1.865493495
1.877686296
1.861059844
1.871097897
1.870052836
1.825724195
1.862723825
1.900151897
1.930029227
1.948620303
1.733371416
1.751334155
1.768234433
1.783282658
1.741488838
1.79890056
1.822844318
1.735161272
1.73270671
1.857735468
1.85376961
1.854682417
1.718050968
1.714905602
1.711572477
1.712053447
1.712876563
1.711343517
1.855693051
1.838843491
1.722310855
1.797652937
1.715827579
1.727215344
1.717654903
1.719930433
1.713410476
1.714329266
1.712449777
1.71212604
1.729782736
1.956882589
1.946938263
1.932210204
1.925000721
1.918643465
1.923355118
1.72876403
1.726859234
1.904897405
1.88085769
1.839902147
1.851943514
1.819142661
1.81144729
1.818520518
1.835046546
1.845260228
1.855750904
1.856206968
1.850639616
1.852934778
1.852916034
1.882657826
1.917898417
1.937487794
1.93679067
1.72888681
1.74194883
1.757517106
1.777845661
1.735274387
1.819791626
1.849386638
1.729540551
1.72535199
1.855986166
1.856714591
1.713902291
1.710030867
1.710287363
1.710317611
1.71080719
1.712074586
1.710436152
1.853575224
1.819793447
1.820100145
1.725205316
1.722899931
1.817622381
1.795407099
1.72278221
1.708883812
1.709924124
1.715671674
1.725311531
1.7181773
1.721301848
1.71118817
1.712155846
1.710233918
1.709510794
1.936043517
1.927489789
1.913564823
1.900838462
1.900818225
1.722246491
1.721362855
1.878140181
1.856153386
1.831693657
1.84803299
1.809916436
1.79396829
1.805721381
1.805710878
1.824043576
1.833376153
1.851820165
1.826890917
1.828519978
1.882371325
1.910615387
1.925144905
1.92817466
1.917032195
1.735919456
1.748736816
1.766782605
1.730177653
1.841468402
1.866805422
1.724769047
1.720982836
1.856790652
1.853601093
1.713656088
1.708660639
1.708511773
1.708724503
1.709097114
1.711716111
1.848076516
1.798589004
1.798756572
1.72229177
1.836443625
1.811881621
1.785523323
1.719060577
1.707314793
1.708206647
1.711809502
1.709803616
1.707596069
1.719135349
1.779092097
1.741369334
1.716196289
1.71857625
1.718917285
1.717143695
1.709007898
1.707612697
1.706560045
1.70700944
1.912761197
1.906550236
1.888527206
1.877508694
1.717653415
1.854387661
1.833385362
1.814030166
1.837345518
1.793597027
1.780770408
1.787675004
1.785302227
1.801298181
1.807705474
1.841585651
1.801310054
1.802581246
1.886261661
1.90075263
1.901656942
1.908809203
1.904887414
1.8949913
1.731934728
1.755999349
1.726702933
1.863193661
1.722266199
1.718593311
1.84991478
1.840746822
1.714030659
1.706761169
1.706332423
1.706581383
1.840828087
1.77762787
1.850463484
1.820956358
1.797214982
1.773157334
1.71693829
1.706492104
1.705914062
1.707883209
1.714349924
1.712290177
1.710061208
1.705678519
1.715694614
1.768021832
1.76180335
1.736212159
1.744176322
1.705772908
1.724972311
1.706232317
1.716851112
1.71512016
1.714992322
1.713576701
1.705615629
1.706553288
1.705574613
1.70562746
1.705595005
1.887336776
1.870777948
1.861666478
1.715330668
1.835211536
1.81146413
1.818645678
1.801280016
1.781371658
1.768155836
1.774644859
1.776412837
1.78383459
1.828882943
1.77676462
1.783348857
1.883832437
1.872172026
1.880742682
1.884840535
1.889936951
1.887733182
1.870383169
1.731069393
1.751396587
1.720024794
1.71678015
1.833405122
1.820534626
1.705819141
1.705735225
1.705697067
1.705675436
1.827482795
1.758457323
1.853635132
1.828074434
1.802768459
1.782333556
1.764346339
1.70603384
1.705920701
1.707931183
1.714694191
1.712567419
1.710244337
1.713222083
1.753922242
1.764067952
1.748253202
1.738587137
1.722741449
1.726800766
1.706271948
1.706150552
1.706420717
1.705779424
1.712536993
1.712856476
1.713792693
1.711601415
1.711575323
1.705546665
1.705548525
1.705495688
1.705653146
1.705602626
1.850369315
1.843246845
1.715314405
1.818853858
1.799084774
1.786060063
1.805017851
1.787151996
1.768229548
1.757290551
1.75561438
1.763150708
1.80743863
1.757453966
1.764433283
1.861503265
1.866221144
1.862796046
1.871067495
1.877797209
1.860168294
1.731901494
1.747639773
1.718482972
1.816983199
1.806386306
1.705844711
1.705739547
1.807157188
1.744085564
1.850210939
1.828825111
1.80828928
1.790483986
1.771849596
1.758793042
1.706048632
1.705959742
1.707838848
1.71135931
1.709705472
1.712353738
1.743935047
1.749273508
1.752729873
1.738748381
1.738490325
1.722222076
1.726770932
1.706308105
1.70620141
1.706450231
1.706547214
1.710070883
1.708187907
1.710866386
1.709670421
1.714068699
1.709924004
1.705528583
1.705607389
1.70548303
1.705676716
1.826015489
1.834337523
1.716848346
1.8040195
1.787502489
1.77065795
1.789389654
1.771002381
1.758160814
1.751696862
1.745563295
1.740710368
1.782696652
1.743259864
1.737612974
1.750895636
1.844297164
1.844098769
1.847685756
1.857146332
1.853093768
1.73129091
1.737531274
1.745901334
1.754037193
1.720653833
1.795910111
1.788729888
1.705872548
1.70578979
1.784665466
1.734476246
1.827894139
1.810769193
1.796532107
1.777866611
1.763104094
1.706103867
1.706016947
1.706863394
1.706654711
1.708818543
1.707616916
1.712622081
1.745700431
1.740659983
1.748680574
1.734722941
1.725639812
1.706357014
1.706262221
1.706488394
1.706575467
1.707992514
1.707896806
1.706803165
1.70923523
1.71071432
1.711381682
1.70689353
1.705589308
1.71346585
1.75282973
1.708017648
1.715947932
1.705556399
1.705720931
1.705670075
1.705511909
1.812388669
1.829763098
1.719983217
1.790201825
1.776809985
1.759016017
1.77220171
1.761632809
1.753644084
1.752951815
1.731834149
1.763638447
1.761757309
1.735100984
1.730296121
1.741130499
1.823361058
1.826397145
1.823712261
1.829828757
1.838731661
1.730145561
1.736676337
1.745007037
1.750281494
1.755674603
1.724262729
1.771973805
1.772044454
1.705929876
1.705856606
1.729937067
1.812430095
1.806447541
1.797898885
1.781610001
1.764364564
1.706181504
1.706081472
1.706733486
1.706663835
1.706871861
1.706829396
1.756761244
1.742133428
1.73403821
1.706410212
1.706325051
1.706519894
1.706592426
1.706865058
1.706813364
1.706776031
1.707732081
1.709111441
1.71514416
1.7119128
1.706831272
1.70563199
1.718358773
1.753130494
1.767125444
1.705557712
1.749892545
1.811250341
1.706651362
1.72844838
1.764247382
1.706740106
1.818767538
1.716845657
1.749147011
1.706607552
1.72184594
1.70562107
1.705785382
1.705722795
1.799598893
1.81850722
1.726259142
1.777185608
1.76545885
1.762847009
1.756991131
1.754273944
1.762099117
1.72645143
1.758482327
1.749678877
1.729329519
1.726571354
1.734081706
1.810569385
1.805320454
1.800607269
1.730094916
1.735588687
1.74153282
1.746676457
1.752308331
1.762794502
1.706027078
1.705927829
1.729604988
1.798094461
1.7920402
1.782306822
1.767040957
1.706245048
1.706715451
1.706802932
1.706758665
1.738929578
1.706451523
1.706591006
1.706749018
1.706718962
1.707131392
1.709460558
1.720667225
1.713065361
1.706723345
1.723673234
1.753287912
1.741939177
1.770096283
1.705611911
1.742407651
1.706657813
1.724124193
1.72506468
1.723909785
1.762408947
1.706579428
1.706605096
1.802763323
1.806157078
1.717832674
1.721508653
1.741595031
1.753699035
1.737975983
1.705709937
1.707398361
1.789239525
1.799268376
1.706388884
1.706252067
1.727890174
1.705724119
1.705859373
1.705809125
1.79120574
1.732942658
1.761452502
1.77827091
1.769034598
1.757234465
1.755038943
1.756890344
1.727117671
1.72371163
1.753790317
1.748966433
1.741708232
1.723364962
1.734859106
1.727288114
1.792209367
1.791710675
1.788490534
1.79008831
1.736306275
1.741041305
1.737965091
1.745144953
1.755527851
1.706189034
1.706109384
1.706031645
1.734083612
1.78607067
1.778993565
1.768230132
1.70638952
1.706677876
1.706699249
1.706670939
1.706543522
1.706631547
1.7065956
1.70664762
1.709864711
1.725612503
1.713425118
1.7065839
1.753673023
1.743278727
1.757568619
1.765249215
1.705678278
1.720784374
1.720941883
1.720247681
1.719549846
1.758533635
1.706419806
1.70642197
1.791166637
1.790884282
1.72054933
1.715860676
1.717534976
1.723211006
1.744208026
1.751212133
1.736808774
1.734943849
1.707080445
1.778188506
1.780609442
1.786023494
1.760595934
1.772886944
1.718093284
1.774306683
1.706213791
1.706154584
1.705933508
1.729544591
1.705812886
1.705880416
1.705964349
1.777681665
1.731976349
1.750274796
1.767247574
1.7514408
1.752733471
1.73381868
1.726268539
1.721927768
1.747540334
1.742205876
1.729810175
1.74009084
1.722291382
1.782390872
1.780865842
1.774655139
1.779298089
1.733176849
1.739599508
1.735578594
1.747152786
1.756381437
1.706325981
1.706253842
1.706174274
1.764426115
1.706492629
1.706624215
1.706573072
1.706580049
1.706594055
1.706423469
1.710022204
1.725308308
1.713371269
1.70643025
1.746179815
1.750981819
1.739777613
1.75329758
1.759461721
1.705754364
1.720199899
1.717061515
1.717202096
1.716513651
1.718341784
1.752767931
1.706223259
1.706231793
1.77808462
1.778415595
1.720305901
1.715129798
1.714896245
1.736883384
1.733070496
1.732572271
1.706757375
1.768319999
1.767917151
1.778067448
1.755787716
1.766010508
1.715751323
1.771788954
1.762340223
1.71874746
1.759498185
1.706114591
1.761686573
1.714615171
1.706266476
1.705992788
1.70602245
1.705942098
1.705689673
1.705739772
1.72738375
1.705971092
1.705906092
1.706055768
1.765170693
1.728616366
1.747816597
1.741256094
1.743183326
1.747571467
1.734227541
1.730441195
1.72453045
1.7347637
1.723118775
1.728409321
1.717832119
1.772301303
1.77218244
1.76554226
1.76673327
1.730932667
1.734650761
1.741039272
1.748065243
1.753062072
1.706432713
1.706373912
1.706324576
1.706550966
1.706585234
1.706538646
1.706462539
1.706245586
1.709632245
1.724450538
1.721812699
1.712183333
1.706299329
1.743822101
1.746461244
1.747805059
1.739379923
1.751843981
1.747382664
1.75203101
1.705841359
1.721215441
1.713914046
1.713706225
1.715827899
1.71829905
1.746600697
1.706031205
1.706041512
1.765186903
1.71585738
1.712212092
1.737445761
1.732601466
1.730336249
1.730325051
1.705499217
1.706246209
1.759482358
1.757758922
1.770050978
1.750869191
1.759042715
1.711724554
1.713504834
1.763763982
1.754742027
1.72010694
1.717647072
1.753434115
1.754445223
1.755503927
1.71331843
1.712431507
1.706364273
1.706423465
1.706205671
1.706400303
1.748705952
1.73398837
1.750834167
1.705762924
1.705812767
1.705852238
1.705534058
1.705569925
1.724851039
1.722688166
1.706142269
1.706055587
1.705941601
1.752084015
1.72714444
1.743779635
1.73938237
1.732944645
1.743006036
1.737889393
1.740262615
1.735639985
1.730725369
1.725573667
1.719720691
1.715047624
1.726236547
1.764349523
1.765034653
1.758198344
1.753147548
1.73057517
1.736223596
1.741647034
1.744939634
1.74773284
1.706505042
1.706462278
1.70655397
1.706513028
1.706407099
1.706094446
1.708543065
1.705693889
1.709050852
1.70621119
1.739859547
1.743780946
1.745021255
1.744469597
1.747368367
1.743387075
1.744784261
1.72028342
1.709481899
1.710678255
1.710390939
1.716304515
1.741614203
1.705848357
1.705876986
1.711514087
1.715165194
1.71346814
1.708539889
1.729113295
1.730957315
1.727930844
1.727999576
1.705365752
1.705330767
1.749360814
1.763151287
1.743890655
1.752443696
1.709852081
1.707955269
1.756640462
1.750259585
1.719864818
1.717235834
1.745294931
1.747499525
1.747793141
1.710186133
1.711738982
1.713392359
1.706434339
1.706307154
1.706483891
1.706466285
1.706381943
1.706431821
1.74061193
1.741717412
1.734336946
1.731019247
1.742599539
1.708054595
1.741348445
1.741309244
1.74361525
1.735864507
1.74162238
1.751037383
1.705816455
1.710657232
1.725750423
1.741232254
1.731523231
1.70560244
1.705669741
1.705406531
1.705444573
1.722096707
1.724770662
1.706267018
1.706131974
1.706059349
1.740533003
1.740781516
1.728202179
1.733075939
1.73014253
1.721350621
1.738188197
1.735483103
1.735686172
1.730876928
1.725337337
1.71038231
1.715704455
1.708321775
1.756972641
1.760120589
1.754220457
1.732532204
1.736487552
1.739527496
1.742947242
1.74619239
1.706522743
1.706472147
1.706364122
1.705933789
1.705171773
1.705203537
1.706143574
1.738821493
1.742969198
1.742916643
1.740946935
1.739210673
1.739632207
1.738048819
1.719861483
1.708021645
1.708120362
1.708221076
1.708212595
1.715270759
1.737466233
1.70566217
1.705699164
1.707445659
1.712646082
1.714307414
1.705066541
1.726577516
1.728226206
1.72544481
1.705297823
1.705243245
1.739203327
1.75637473
1.730235414
1.743463219
1.705793797
1.705031448
1.751507494
1.720341101
1.717446845
1.732245518
1.707912501
1.709969561
1.711093537
1.706441055
1.70647461
1.706424974
1.706393598
1.706417669
1.706377509
1.731940813
1.727086052
1.730135537
1.733798301
1.728318463
1.734292963
1.734563135
1.738262372
1.722366332
1.740664669
1.747395645
1.705112914
1.707421075
1.70930558
1.723717458
1.724514128
1.733391719
1.728774226
1.732039917
1.705181267
1.741929366
1.729540575
1.705705138
1.706400963
1.70498993
1.706402105
1.705478867
1.705335447
1.723392923
1.726593139
1.706257664
1.706347588
1.706189725
1.726771935
1.729661065
1.716277035
1.708399622
1.733242126
1.734870201
1.729785608
1.725593971
1.708303939
1.70817109
1.75221055
1.753709896
1.749455822
1.73233055
1.735250216
1.738588832
1.742623856
1.747532161
1.706405698
1.706250425
1.705975917
1.705758645
1.705137003
1.737375977
1.741072979
1.739981513
1.737170141
1.733477648
1.734200249
1.734478218
1.733044242
1.721877033
1.718070876
1.707897147
1.707828579
1.708027819
1.707976611
1.712212123
1.713841985
1.733935198
1.705499667
1.705528211
1.704954354
1.711008952
1.715406066
1.712357246
1.705099794
1.705072482
1.725543893
1.72271963
1.705255835
1.705211175
1.724645482
1.751427352
1.70841075
1.717560422
1.738548016
1.705039823
1.718727784
1.721625079
1.707698327
1.707870441
1.70632123
1.70628573
1.706401733
1.706314207
1.706216987
1.715400188
1.716013291
1.708202538
1.720027151
1.710049333
1.72603695
1.725859795
1.724300135
1.729168531
1.727417831
1.726118327
1.709030972
1.738782105
1.743839227
1.704924303
1.706850972
1.722493951
1.721749152
1.722857254
1.721942795
1.729449192
1.726339879
1.705180824
1.738705981
1.714861616
1.705560075
1.706259067
1.705077925
1.705035016
1.706395401
1.706317057
1.709680077
1.708325555
1.708192626
1.723947967
1.738884204
1.732691433
1.714592455
1.710385829
1.710064774
1.712116184
1.705354609
1.705289903
1.724303654
1.727907592
1.706384483
1.706320472
1.708286042
1.708350475
1.70831197
1.708249484
1.728799839
1.734867138
1.729763477
1.72704665
1.724412171
1.708077787
1.70788325
1.748315636
1.748204035
1.74448035
1.731221279
1.734954453
1.740927905
1.744451324
1.706135141
1.705952219
1.705770732
1.705596263
1.70514286
1.736585304
1.738648958
1.736094553
1.733186239
1.729063852
1.729906465
1.729974264
1.728753549
1.721106012
1.717660612
1.707736022
1.707656171
1.707762794
1.707700304
1.707522253
1.729707291
1.705370739
1.705412234
1.705059134
1.708411515
1.716897881
1.713494222
1.705142929
1.70514673
1.722491862
1.719555597
1.720827573
1.705248528
1.705222388
1.709945482
1.70757775
1.747222247
1.708062682
1.70809189
1.737605267
1.731793621
1.72011899
1.707521028
1.707307781
1.70614536
1.706069181
1.706032694
1.706418787
1.706178161
1.706111121
1.70597375
1.707908917
1.707905659
1.707872616
1.71735536
1.711061971
1.718545548
1.721250197
1.739060607
1.70502927
1.704947642
1.705152296
1.720107442
1.719723397
1.719612812
1.709652191
1.727186949
1.722968213
1.724749679
1.705219548
1.705184322
1.737797647
1.707293966
1.705453313
1.705142428
1.706362137
1.706212487
1.70638469
1.721212176
1.737170664
1.732282853
1.707401438
1.705673926
1.705181302
1.711584059
1.70746963
1.711120285
1.715459142
1.706996916
1.707070215
1.725124551
1.707530819
1.734809473
1.705282034
1.723829702
1.727202111
1.706455981
1.706449724
1.70786006
1.708055072
1.724998572
1.725222859
1.733951549
1.729511392
1.72632843
1.72350786
1.707792356
1.707612679
1.744745613
1.743638986
1.743872557
1.740332653
1.731161973
1.739670891
1.742032653
1.705842295
1.705663224
1.705497603
1.705208693
1.734619791
1.736444153
1.734104684
1.731837408
1.72875868
1.725390273
1.725155505
1.725994281
1.725615043
1.719816245
1.716352149
1.707496267
1.707393976
1.707534573
1.707453507
1.707071737
1.72524223
1.70531578
1.705356967
1.705202136
1.705147725
1.704971364
1.715515096
1.705236285
1.71753187
1.717899272
1.716148983
1.705253097
1.707549388
1.707062012
1.707286333
1.743225447
1.707664354
1.707769781
1.707835453
1.732096038
1.726021106
1.719371446
1.707193054
1.705904186
1.705813153
1.705755206
1.706006257
1.705911402
1.705772011
1.707563749
1.707576147
1.707650518
1.706777578
1.706085738
1.706387639
1.70734609
1.715483613
1.735125816
1.705087167
1.705010086
1.716053197
1.717762597
1.719049635
1.721000404
1.722140384
1.705234366
1.705264057
1.737115635
1.706860707
1.705397176
1.706287755
1.706421866
1.706108896
1.705092274
1.73509187
1.73126005
1.705009294
1.705401183
1.705243087
1.705268654
1.706461761
1.710741081
1.710682522
1.706743369
1.706877149
1.721808045
1.722328409
1.707303694
1.734220351
1.736626994
1.707352941
1.704764248
1.705949897
1.727325683
1.705288477
1.723057934
1.726775758
1.706520417
1.707500862
1.707686974
1.720879042
1.732250326
1.727433856
1.722901332
1.719875058
1.707518394
1.707353856
1.740382638
1.741669927
1.739440678
1.739641536
1.730539262
1.738224984
1.705621546
1.705511836
1.705436862
1.705316626
1.705275019
1.733094248
1.731631569
1.729494039
1.724010834
1.721275836
1.721521922
1.721547638
1.722157321
1.715362849
1.707208255
1.707130544
1.707285724
1.707187752
1.70681076
1.706968605
1.720401014
1.705325765
1.705364079
1.705266787
1.705321102
1.705216939
1.705143232
1.714737373
1.713103828
1.714246505
1.714807358
1.715001436
1.712953079
1.705320216
1.707032646
1.707230032
1.706842241
1.706527495
1.738990328
1.707332149
1.707464957
1.707574125
1.72285313
1.727268612
1.718636594
1.705678697
1.705649159
1.70558343
1.705815919
1.705728097
1.707357579
1.707291093
1.707191988
1.706452998
1.705682518
1.705995654
1.704582048
1.710528214
1.730741872
1.705177893
1.712550553
1.715625637
1.718037195
1.705315841
1.735444321
1.7054017
1.706396407
1.70623784
1.706101886
1.70531945
1.729576872
1.70500843
1.705430315
1.705545482
1.705539679
1.705487808
1.708989936
1.709304594
1.706490205
1.706606103
1.719347943
1.718235081
1.707044637
1.732547626
1.73316915
1.707113719
1.704651225
1.705897581
1.706037316
1.722079805
1.724406449
1.718222057
1.70628186
1.722245033
1.705685151
1.726444019
1.705441065
1.705361829
1.722019622
1.726318701
1.706496214
1.707183144
1.707412655
1.715817213
1.728012526
1.721146526
1.715718266
1.70723793
1.707059576
1.736108724
1.737640632
1.73467869
1.734933142
1.729204107
1.734074809
1.705506606
1.705464465
1.705393669
1.705429308
1.728948114
1.725239126
1.718399325
1.717900832
1.717911978
1.718045934
1.716977499
1.709592837
1.706942404
1.706873663
1.707007223
1.706899945
1.706494052
1.706682668
1.715469071
1.705398021
1.705435341
1.70534851
1.705389946
1.70530132
1.705381218
1.712565414
1.710865793
1.710191159
1.711565776
1.711859786
1.710623527
1.705441347
1.705428998
1.706816566
1.706543948
1.706967775
1.705990588
1.706094458
1.733998559
1.707002292
1.707154411
1.707291634
1.714279061
1.721755081
1.714804981
1.705584794
1.705648249
1.705546984
1.705789134
1.707018979
1.706832703
1.705474061
1.704514082
1.704556864
1.725695496
1.710326271
1.713657001
1.711531227
1.731423239
1.705471414
1.706362737
1.706259465
1.706219007
1.705586718
1.725021412
1.70464653
1.704948161
1.705722616
1.705854979
1.70586746
1.705801408
1.705756909
1.706277004
1.715674228
1.715548208
1.706786971
1.72835792
1.727513375
1.706837502
1.705977196
1.706155401
1.706278724
1.716346638
1.718362807
1.720109695
1.714866014
1.706071669
1.717820087
1.715971604
1.705802403
1.705505513
1.705536428
1.706022504
1.713742477
1.70550091
1.71772017
1.723891835
1.706459202
1.706831838
1.707112779
1.712951544
1.71204406
1.720429378
1.720215475
1.722610002
1.712498457
1.712680354
1.706099673
1.70715194
1.706921294
1.706696533
1.731071591
1.732536787
1.728998205
1.729029955
1.729199701
1.705552212
1.705542358
1.705527441
1.717350396
1.712649552
1.71354991
1.714338015
1.714344065
1.712844577
1.706618994
1.706574439
1.706662439
1.706300834
1.711693177
1.705536215
1.705574285
1.705521362
1.705474101
1.70565993
1.705848126
1.708858331
1.709368249
1.708500023
1.709129864
1.709045976
1.708818969
1.70559285
1.706422662
1.706587081
1.706117956
1.705468327
1.705708776
1.726308412
1.706651656
1.70681522
1.70697291
1.707155376
1.704521628
1.715562483
1.709655545
1.706031757
1.705632728
1.705835168
1.706074592
1.706641888
1.706438405
1.705026036
1.704558767
1.704567539
1.715766732
1.710245936
1.725309169
1.705607813
1.706388388
1.70639193
1.706469702
1.705918354
1.704690699
1.704601111
1.7061621
1.706156866
1.706180853
1.706029815
1.712654038
1.721114808
1.706330522
1.706554338
1.706640408
1.711956587
1.71324268
1.714553896
1.711666536
1.705877047
1.713037313
1.711681169
1.706029896
1.705652354
1.705682473
1.70635015
1.711594344
1.710660267
1.704608709
1.705649733
1.70751812
1.706826456
1.705677669
1.706077671
1.712881703
1.716951808
1.706474737
1.706462333
1.706786912
1.710179131
1.71370759
1.713862734
1.707985536
1.707148663
1.705768337
1.705674484
1.706601225
1.706396328
1.706375588
1.724005542
1.725392259
1.719754017
1.705765533
1.705721918
1.705741062
1.711560453
1.710039454
1.709348429
1.711196146
1.709508623
1.706363818
1.706314121
1.706030867
1.705741677
1.705778285
1.705700543
1.705947868
1.70634682
1.707648513
1.707682958
1.707130659
1.707036783
1.708343851
1.707281448
1.705770774
1.706052406
1.706144606
1.705704096
1.705010327
1.705300671
1.715146171
1.711499392
1.706288699
1.706451781
1.706632058
1.704624442
1.704630804
1.706318016
1.706517901
1.706236462
1.706113275
1.706458776
1.706580533
1.706240659
1.706063812
1.704719529
1.704664863
1.704632367
1.704780234
1.707192731
1.714450399
1.705816908
1.706511154
1.706676421
1.706250798
1.704617607
1.706467095
1.706517496
1.70579556
1.706816585
1.707023413
1.707065138
1.710304955
1.709406222
1.710617397
1.709492368
1.708370424
1.707826522
1.705866484
1.705892489
1.709171515
1.709948916
1.708424105
1.705820845
1.706507072
1.707235047
1.707180073
1.707017959
1.70473689
1.706161293
1.706106974
1.705936709
1.706484552
1.706524774
1.706030414
1.705964874
1.706599023
1.706051079
1.706431822
1.7077303
1.709025726
1.708685373
1.705580224
1.705605011
1.705633699
1.70555565
1.706274274
1.706100697
1.706078826
1.708820001
1.705056391
1.706142294
1.70593168
1.705946136
1.705973418
1.706021229
1.708334375
1.707574947
1.707947963
1.707767496
1.708358022
1.706850071
1.706072826
1.705789029
1.705987836
1.706035136
1.706280483
1.706707556
1.706147316
1.706168169
1.706426832
1.706113829
1.705669824
1.705276587
1.704870726
1.705547735
1.705392384
1.706051003
1.706269241
1.704805775
1.706693774
1.706733632
1.706662784
1.706469975
1.707032883
1.707106873
1.705679843
1.704657012
1.704871413
1.704723597
1.704962527
1.705070301
1.705984813
1.706059174
1.70673166
1.706575159
1.704694996
1.706709225
1.706744109
1.705630668
1.70730748
1.707481451
1.707518772
1.707564859
1.70803222
1.705529542
1.705517747
1.706194353
1.70741346
1.70607353
1.706154703
1.707617105
1.707415949
1.707623344
1.707020081
1.704909073
1.706164446
1.705849069
1.705848938
1.706330114
1.706339274
1.70618195
1.706224266
1.706835681
1.706331911
1.706660192
1.706734529
1.706856232
1.706514616
1.706850917
1.705734085
1.706028203
1.706601673
1.706007971
1.705640696
1.706142369
1.705522296
1.705531251
1.705492698
1.705764924
1.705806596
1.705988063
1.705388271
1.706668733
1.706173952
1.706305584
1.706339713
1.70590749
1.706198949
1.705645213
1.706131556
1.706092736
1.705676879
1.705520237
1.705539643
1.70627997
1.706313245
1.70663372
1.706887464
1.706891847
1.706120906
1.706143428
1.70617962
1.706053285
1.706075438
1.705072527
1.704686624
1.705744317
1.705743803
1.705107427
1.707240876
1.706990732
1.70748041
1.707554087
1.705367067
1.705052243
1.705099357
1.704874643
1.706496001
1.706280164
1.706878155
1.704796477
1.7077058
1.707822826
1.707847997
1.705497932
1.705497605
1.70549497
1.705487903
1.706675755
1.706374032
1.706159755
1.707921008
1.70776924
1.707329626
1.70794006
1.705171849
1.705158391
1.705642409
1.705623686
1.705596157
1.70668429
1.706644693
1.704768839
1.706056809
1.706488989
1.706457801
1.706542826
1.706987656
1.707023275
1.706828884
1.70703049
1.707224233
1.705364303
1.705692946
1.705836276
1.705932167
1.705476278
1.705483673
1.705473157
1.705479509
1.705500943
1.705518928
1.70639018
1.705415171
1.705713974
1.707255108
1.707150066
1.706448584
1.706650072
1.706704886
1.70545614
1.705418769
1.705419618
1.705449931
1.705428944
1.705640415
1.70551577
1.705459415
1.70660813
1.706926081
1.707037497
1.70613713
1.706097794
1.706188922
1.705998458
1.706023405
1.704768735
1.705385264
1.707646889
1.707464253
1.707764906
1.707819569
1.704930142
1.705109683
1.70665208
1.707071193
1.704970936
1.707898046
1.707945246
1.707985272
1.705487828
1.705488273
1.70548347
1.705493297
1.707032285
1.706727261
1.706162536
1.708048205
1.708034131
1.707692706
1.708095151
1.705443899
1.705529227
1.705442787
1.705455463
1.705447322
1.705385597
1.706858809
1.706976002
1.704855541
1.705972515
1.706262453
1.705928845
1.705343215
1.705408007
1.706803482
1.706801975
1.706770403
1.70689299
1.707154254
1.707020958
1.707166168
1.707176666
1.707640382
1.705038777
1.7053303
1.705740237
1.705869175
1.705466124
1.705498589
1.70547901
1.705522754
1.705430903
1.705250069
1.706513842
1.705788291
1.707555444
1.70762534
1.707391862
1.706976389
1.707015961
1.707004763
1.705432397
1.705405088
1.705442933
1.705536736
1.707183835
1.707186343
1.706125647
1.706068322
1.706198195
1.705979971
1.704810722
1.705079871
1.707763383
1.707718333
1.707774427
1.707811008
1.704847436
1.70550751
1.705188732
1.706809818
1.707782355
1.70788091
1.705508651
1.705533731
1.705493501
1.705528506
1.707046222
1.70615689
1.707955161
1.708154299
1.707996769
1.708067376
1.705825665
1.705379984
1.705261021
1.707006149
1.707242903
1.705056404
1.706198039
1.705814264
1.705355545
1.705396135
1.705404792
1.705391297
1.70708562
1.70710175
1.707293384
1.707281479
1.707161791
1.707318239
1.708005353
1.704924675
1.705090752
1.705662198
1.705437664
1.705507922
1.705582217
1.705536492
1.705490729
1.705181575
1.706538162
1.706714977
1.70616365
1.707692091
1.707670033
1.707693318
1.707577837
1.70725813
1.707241328
1.707264536
1.7054116
1.705478944
1.70730634
1.706102297
1.706021234
1.706204119
1.705883468
1.705082477
1.70501173
1.707566949
1.707652004
1.707495048
1.707531137
1.705029248
1.705913629
1.705535361
1.706990059
1.707438235
1.707569055
1.70558375
1.705630949
1.705603192
1.707300149
1.706145528
1.707697243
1.708117763
1.708174457
1.7078848
1.70619034
1.705460774
1.705332931
1.707150694
1.707502815
1.707337816
1.705409957
1.705717158
1.705468106
1.705416136
1.705390036
1.707953233
1.707384493
1.707424679
1.707400212
1.707283157
1.707390626
1.707426257
1.708227809
1.705132489
1.705176135
1.705567353
1.705493258
1.705601354
1.705645634
1.705718114
1.705637772
1.705401724
1.706878109
1.706915318
1.706529749
1.707436186
1.707586586
1.70766645
1.707430787
1.707658079
1.707434056
1.707464296
1.705392189
1.705433304
1.706091838
1.70594865
1.70620522
1.705804966
1.705705842
1.705459273
1.705262224
1.707097926
1.707252823
1.706989797
1.707052397
1.70642427
1.705955737
1.707197026
1.706949283
1.707147695
1.705706582
1.705732755
1.707496974
1.707348417
1.708205397
1.707611819
1.705576466
1.705542461
1.707547206
1.705653221
1.705645637
1.705476514
1.705405498
1.707739731
1.708107229
1.707609629
1.707495102
1.70756296
1.707492367
1.707394386
1.707547071
1.70827126
1.705638252
1.705694601
1.705513569
1.705594699
1.705737111
1.705826045
1.705857465
1.705757265
1.705808285
1.70687721
1.707173829
1.707182295
1.706890498
1.707162768
1.706881214
1.70738246
1.707542522
1.707579769
1.707635767
1.707574377
1.707601459
1.705398356
1.705424142
1.706193333
1.706060016
1.705922219
1.705765429
1.706116597
1.706288025
1.706478752
1.706660124
1.706388461
1.706494484
1.706798051
1.707391952
1.706489658
1.706749465
1.705907
1.707029585
1.707352177
1.705823817
1.705593313
1.705833637
1.705586341
1.705463115
1.707564241
1.707980356
1.707625084
1.706090435
1.70755163
1.707560645
1.707612975
1.707612879
1.707549771
1.708141221
1.706206243
1.706351469
1.705480036
1.705762001
1.705923134
1.70610884
1.706009455
1.706063778
1.706296785
1.707217861
1.707420199
1.706170869
1.706208956
1.706775189
1.706452706
1.707046154
1.707213461
1.70761222
1.707557149
1.705432461
1.705467433
1.706166376
1.705998069
1.70581217
1.705701699
1.706709674
1.70672579
1.70670641
1.70588463
1.706000249
1.705866277
1.706066722
1.70717741
1.706206629
1.70651123
1.706138577
1.706859303
1.707203852
1.705551517
1.705781665
1.705592928
1.707482485
1.707807461
1.706385044
1.707554398
1.705847187
1.707008912
1.707186594
1.707579556
1.707555072
1.707617406
1.707577962
1.707961211
1.706841277
1.706804346
1.706975988
1.705487866
1.70606939
1.706397628
1.706496432
1.706808066
1.707490487
1.705539165
1.705544785
1.705709854
1.705993314
1.706295629
1.706480194
1.707363172
1.70551086
1.705610442
1.706118595
1.705923548
1.705638884
1.705746236
1.707206549
1.707254305
1.70548613
1.705499906
1.705579346
1.70574294
1.705937359
1.707500388
1.706235331
1.706535924
1.706342763
1.706917962
1.707237256
1.705561162
1.707559085
1.707702522
1.70668258
1.707609852
1.705862559
1.706227338
1.706351002
1.706007926
1.706412201
1.706840219
1.707393755
1.707400473
1.707562022
1.707357677
1.707826669
1.707349993
1.707217303
1.70718683
1.70733003
1.705601653
1.706468454
1.706876466
1.706922981
1.706718288
1.707078307
1.707612801
1.705112315
1.705130012
1.705196477
1.705271752
1.705488768
1.705584567
1.707099002
1.70568238
1.706044016
1.705875909
1.705653042
1.705764562
1.70753669
1.707523355
1.705291508
1.705471168
1.705723015
1.70589912
1.706212459
1.707586687
1.706586786
1.706844773
1.707226921
1.707488097
1.707780549
1.707722449
1.705982315
1.706186856
1.70656242
1.706672984
1.705522957
1.705406893
1.70509187
1.705948628
1.706458318
1.706962433
1.707435515
1.70721906
1.706864548
1.707819061
1.707481155
1.707449146
1.707355115
1.707320336
1.707278704
1.707370271
1.705761153
1.705830322
1.706869567
1.707207371
1.707053297
1.707171057
1.704906827
1.705088422
1.704824587
1.70525692
1.704860568
1.704861028
1.705999717
1.705899155
1.705847393
1.707494233
1.707409401
1.705529622
1.705882292
1.706253479
1.706426431
1.706803782
1.707184193
1.707341479
1.707744201
1.707671144
1.707931147
1.708089024
1.70786696
1.706157108
1.706375523
1.706725298
1.706915779
1.707004147
1.708069638
1.705065552
1.70473368
1.704671007
1.704522751
1.705535304
1.70606803
1.707047825
1.706854167
1.7065201
1.706141381
1.707959869
1.707122162
1.707203636
1.707145582
1.707152043
1.707177878
1.707205271
1.70723417
1.706012527
1.70712534
1.70721019
1.707195141
1.704821772
1.705138329
1.705518181
1.704614127
1.705747128
1.704507392
1.706039394
1.706034232
1.706995865
1.706158951
1.706616392
1.707034079
1.707183079
1.707557373
1.707885083
1.707991616
1.708192143
1.708218933
1.708311926
1.708342916
1.70653377
1.7063193
1.707024883
1.706878322
1.707121424
1.707151169
1.708254379
1.704442878
1.704732691
1.704315918
1.704337
1.704421023
1.70510629
1.705286494
1.706289817
1.70630782
1.705988711
1.705681393
1.708168076
1.706651731
1.706487279
1.706608005
1.706720604
1.706695087
1.706851079
1.706982412
1.707002516
1.70629435
1.707156425
1.707095209
1.70519332
1.705359558
1.70481271
1.705824344
1.70629713
1.704639356
1.706539179
1.706202798
1.707008035
1.707465023
1.70782831
1.707961882
1.708248514
1.708462245
1.708492503
1.708560319
1.708528119
1.708506185
1.708436226
1.706813231
1.706621156
1.707155746
1.707106032
1.707066407
1.707136112
1.7070928
1.708357849
1.708313061
1.704318747
1.70428575
1.704498072
1.704404691
1.704518463
1.704836314
1.704624212
1.704894535
1.705514016
1.705510581
1.705722733
1.705195916
1.705227993
1.708281372
1.705916687
1.705900959
1.706065468
1.706052449
1.706282401
1.706501023
1.70655219
1.706789051
1.706601453
1.70648813
1.706954934
1.70549134
1.705978679
1.706208596
1.705255064
1.706719512
1.707182224
1.70739899
1.707832269
1.708141568
1.70842185
1.708502128
1.708631862
1.708670513
1.70866163
1.708597776
1.708550548
1.708435836
1.706948383
1.706876166
1.707110067
1.707178766
1.707200797
1.707156421
1.706967438
1.706862641
1.708264974
1.707985915
1.70811278
1.706628237
1.704362942
1.704433603
1.704633522
1.704409032
1.705025967
1.705193919
1.705680803
1.704487775
1.704632995
1.705028228
1.704863339
1.704836802
1.705196686
1.704687137
1.708174262
1.705173365
1.705397706
1.70535801
1.705619409
1.705887035
1.70596421
1.706258922
1.706538235
1.70683884
1.706222226
1.706435735
1.706927039
1.707141673
1.707558708
1.707895339
1.708020753
1.70835678
1.708250487
1.708497328
1.708542715
1.708590355
1.708529532
1.708398713
1.708417907
1.708258754
1.708255745
1.707171409
1.707038322
1.706911432
1.707097976
1.7071994
1.707270524
1.706659536
1.706484029
1.707974763
1.707559167
1.707648153
1.707747216
1.70617391
1.70473513
1.704716936
1.705066169
1.705039218
1.705492601
1.704584742
1.706007134
1.706182803
1.706723647
1.704531043
1.704553979
1.704697168
1.704614533
1.704566615
1.704562241
1.704709533
1.707828661
1.704848949
1.705017541
1.705281258
1.705389446
1.705692586
1.706008701
1.707195547
1.707230463
1.707337376
1.707724986
1.707849013
1.708069835
1.708186797
1.708245202
1.708266284
1.708333798
1.708255791
1.708101775
1.708135696
1.707927177
1.707838602
1.70769692
1.707351134
1.706896788
1.706612173
1.707092245
1.707297004
1.706280564
1.706061804
1.7075768
1.707176834
1.707206934
1.707222381
1.707089819
1.705716222
1.705479059
1.705581748
1.705168678
1.706078116
1.705956108
1.706552711
1.704934749
1.707034609
1.707199744
1.707634029
1.704931329
1.7047501
1.704570023
1.704572268
1.704625072
1.704751348
1.70459487
1.707360507
1.704692224
1.704849992
1.704966755
1.705217258
1.705512686
1.707458945
1.707907037
1.708051078
1.708085726
1.7080389
1.707876182
1.707877246
1.707691287
1.707710395
1.707471103
1.707212658
1.707277903
1.707183587
1.707095109
1.707436282
1.706629876
1.706894568
1.70628856
1.707205083
1.705934102
1.705707794
1.707216514
1.706963372
1.706999635
1.706881021
1.706690818
1.706514957
1.705399582
1.70607065
1.706482694
1.706583516
1.705721396
1.707109101
1.70696742
1.70748608
1.705638831
1.707794808
1.707889469
1.708020889
1.705320726
1.704883595
1.704850977
1.704733174
1.705111116
1.704682565
1.706952944
1.704722123
1.704820543
1.704965062
1.705187653
1.70758938
1.707998091
1.707810084
1.707715678
1.707387399
1.706971792
1.706997615
1.706592863
1.706652098
1.70638462
1.70618546
1.706375161
1.706405595
1.70737722
1.706678498
1.706373481
1.707042034
1.706008883
1.705621152
1.706965689
1.706848209
1.706941932
1.706653511
1.706324659
1.705992181
1.705331678
1.705882183
1.707005094
1.706645419
1.707375563
1.707419762
1.706534367
1.707815716
1.707729806
1.707981783
1.706185929
1.708014408
1.70799713
1.707818969
1.705831452
1.705499021
1.705571089
1.705261272
1.705051858
1.704953212
1.706786218
1.70502046
1.705021783
1.705122615
1.707569478
1.707448583
1.706981444
1.706775806
1.7062295
1.705828931
1.705449688
1.705507462
1.70537839
1.705416796
1.705710281
1.707241551
1.70651302
1.706874615
1.706204356
1.70563936
1.707138775
1.70707887
1.706967885
1.707060922
1.706592081
1.706093874
1.705631975
1.705497155
1.705996555
1.706192296
1.707392253
1.707643849
1.707283898
1.707835421
1.707016698
1.707926966
1.707960915
1.70784266
1.706696289
1.707578883
1.70746982
1.707010705
1.706412032
1.706354097
1.706059569
1.705779652
1.705499777
1.705585589
1.706862068
1.705443551
1.705363017
1.707441523
1.706387719
1.705784517
1.705532615
1.705084398
1.704693839
1.704548758
1.70472059
1.704891892
1.705253468
1.707096309
1.706759808
1.706457122
1.705909978
1.70745563
1.70740978
1.707481361
1.707195638
1.707258912
1.706673417
1.705985159
1.705922559
1.70636104
1.706300875
1.706541683
1.707668945
1.707601638
1.707724499
1.707517275
1.707677648
1.707363157
1.707513806
1.707441544
1.70700356
1.707185918
1.706521876
1.706448006
1.705774989
1.707169192
1.706917492
1.706607096
1.706310819
1.706225949
1.707064072
1.705906256
1.707281397
1.705138175
1.70458841
1.704428071
1.70415285
1.704088155
1.704331719
1.704717286
1.705428747
1.70699849
1.706741338
1.706378177
1.70797383
1.707769404
1.707650045
1.707878005
1.707546027
1.707438131
1.707004861
1.706522478
1.706521937
1.706767642
1.706651774
1.706765053
1.706828252
1.707288325
1.70735571
1.707330532
1.707464496
1.70719932
1.707563744
1.706905277
1.707576366
1.706536016
1.706320742
1.705551543
1.707667619
1.70521305
1.70460211
1.707576541
1.707385365
1.70714422
1.707013427
1.706593322
1.70720921
1.707172645
1.704089381
1.703799036
1.703805942
1.703905348
1.704306946
1.704949254
1.705489532
1.706987588
1.706931923
1.707978975
1.708206697
1.708340151
1.707656472
1.708309402
1.708057927
1.707350601
1.707780776
1.706778662
1.707156263
1.707050356
1.707082991
1.707025382
1.707211278
1.707052231
1.706492594
1.706498077
1.706821703
1.707166173
1.70617815
1.707488199
1.705725838
1.705283518
1.705055116
1.704322404
1.707781737
1.707571166
1.704073977
1.703746414
1.707835409
1.707753546
1.707662992
1.707284667
1.707068946
1.70704561
1.707173709
1.703613944
1.703776238
1.703990376
1.704547377
1.705342487
1.70622854
1.707435926
1.707970982
1.70768632
1.708370772
1.708660885
1.707296826
1.708760063
1.708746203
1.708141986
1.70773375
1.707667243
1.70736374
1.707417364
1.707273984
1.707201949
1.707583391
1.706687156
1.705268519
1.705361822
1.705738329
1.706221764
1.706694866
1.704898043
1.706923227
1.704503461
1.704133449
1.703969551
1.703559867
1.707378012
1.707755893
1.703518607
1.703592481
1.707931539
1.70795662
1.707794566
1.706521325
1.706562137
1.707300856
1.703930438
1.704857521
1.704563771
1.705825073
1.706853712
1.707766937
1.70781286
1.707288619
1.707025701
1.708380103
1.708814758
1.709048888
1.709039103
1.708926296
1.708311844
1.707901504
1.707505094
1.707599512
1.707662669
1.707404531
1.707765188
1.706148413
1.705909843
1.707726069
1.704144611
1.704175036
1.70456214
1.705014698
1.705518858
1.705799605
1.703878593
1.706412345
1.703616966
1.703444259
1.703419438
1.703533383
1.707065807
1.707545341
1.703744804
1.704243048
1.70775285
1.707936904
1.705826869
1.705859869
1.707499138
1.705033537
1.705906202
1.706450283
1.707420659
1.70781191
1.707491686
1.70681604
1.706309242
1.708138281
1.708479421
1.709002744
1.709224048
1.709125373
1.709231969
1.708659954
1.707726787
1.707713564
1.70759871
1.707666538
1.707706671
1.707696379
1.705325929
1.705273431
1.705185987
1.707644772
1.707571797
1.703581479
1.70342875
1.703423337
1.703902063
1.704306429
1.704551845
1.705159401
1.703347004
1.705928949
1.703341936
1.70346993
1.703642742
1.704267841
1.706631463
1.706971686
1.704699105
1.705512333
1.707480475
1.705198105
1.705183249
1.707691509
1.706498928
1.707395353
1.707933651
1.707536074
1.706915639
1.706245825
1.705661011
1.707234319
1.7079395
1.708512128
1.708676041
1.709026683
1.709091942
1.708796468
1.707238435
1.707054712
1.70771936
1.707704082
1.707359892
1.704762786
1.704594331
1.704661927
1.704714257
1.707588348
1.707385413
1.707209875
1.703244006
1.703274984
1.703314874
1.703358404
1.703446188
1.703607733
1.704027567
1.704693446
1.703502882
1.705450033
1.703761917
1.704288353
1.704209479
1.704792198
1.705576535
1.705873565
1.706547437
1.706035618
1.706903652
1.704780642
1.704813792
1.704768865
1.707786075
1.707769726
1.708419228
1.70697683
1.705721121
1.705523733
1.705009915
1.706371034
1.707066289
1.70726996
1.70793768
1.708479024
1.70869307
1.708574205
1.706470254
1.706147378
1.707709766
1.706821202
1.704275874
1.70428925
1.704375831
1.704494517
1.704645021
1.707289164
1.707545115
1.706987438
1.70672782
1.704214209
1.703641009
1.703387775
1.703266783
1.70390614
1.703984431
1.70328935
1.70342123
1.7037726
1.704390436
1.704319064
1.704816391
1.704818352
1.705345279
1.705546161
1.706164662
1.706818279
1.70549706
1.707218008
1.707866176
1.704780862
1.704982407
1.704850066
1.707709177
1.708335625
1.706275613
1.704415031
1.704810683
1.70442822
1.705373352
1.705502614
1.706209432
1.706992113
1.707588862
1.707704148
1.708022291
1.705678602
1.705284617
1.707534551
1.706239093
1.704449259
1.704190469
1.704039336
1.704720966
1.704802806
1.704976607
1.706920967
1.707248413
1.706573939
1.706282757
1.703856472
1.70608714
1.704240423
1.704679417
1.703874356
1.703805401
1.705009791
1.7051199
1.703573113
1.703502655
1.703890675
1.703686827
1.70418878
1.705539311
1.704686342
1.706042083
1.706510365
1.706692226
1.707147302
1.707516748
1.707772342
1.70799563
1.705333136
1.705487294
1.705220534
1.707450508
1.705678223
1.703718611
1.703745011
1.703959965
1.703981553
1.704419695
1.705111177
1.705836569
1.706053957
1.706698669
1.707236252
1.705146902
1.704780583
1.705820991
1.705170906
1.704782164
1.704594261
1.704144854
1.705476488
1.705444964
1.705588732
1.706594623
1.706969843
1.706298041
1.703902544
1.706252171
1.705895338
1.706167009
1.707150468
1.705104019
1.70560478
1.705921525
1.705006662
1.704551151
1.706322278
1.706367275
1.704165762
1.704196018
1.704102241
1.704252831
1.704427045
1.706673711
1.706977756
1.707191702
1.70728615
1.707402826
1.707380578
1.7074521
1.705923128
1.706141648
1.705868831
1.705723741
1.707032548
1.705376656
1.703514749
1.703297991
1.703138207
1.703242544
1.703456481
1.704032107
1.704231519
1.704916517
1.705629917
1.705768916
1.705105985
1.704873269
1.705659985
1.705808042
1.706154767
1.705703233
1.705105144
1.704918218
1.706358991
1.70624119
1.706383115
1.706628868
1.704218096
1.706462451
1.706369498
1.706165769
1.706507397
1.706296283
1.706530106
1.706516523
1.706985325
1.706875624
1.70715238
1.706013453
1.705493265
1.707302292
1.707232651
1.705408737
1.705033919
1.705074617
1.704868079
1.707270089
1.707229072
1.707111846
1.707081426
1.706818361
1.706417592
1.706234016
1.706486471
1.706738699
1.706057341
1.705994502
1.706614376
1.705578158
1.70359889
1.703318792
1.702906875
1.702736873
1.702641393
1.702815026
1.702856426
1.703316553
1.703913106
1.704133962
1.704756022
1.705667339
1.705585819
1.706094823
1.706865636
1.706830038
1.707005933
1.706297804
1.705647657
1.706982896
1.706423552
1.704777295
1.706828282
1.70657249
1.706404642
1.706707236
1.70695002
1.704921385
1.707818054
1.707832221
1.707475612
1.707908321
1.707778193
1.707712236
1.707020159
1.706961911
1.707515255
1.707341976
1.70637246
1.706404452
1.705919541
1.707037776
1.70671537
1.706231527
1.706113367
1.705562676
1.706384696
1.706157779
1.706724376
1.707007826
1.705860249
1.705793492
1.706363022
1.706280768
1.704426052
1.703656071
1.703037846
1.702801649
1.70249057
1.702401214
1.702447807
1.702715932
1.702854773
1.70338319
1.703466648
1.706601176
1.706680879
1.70679909
1.707507595
1.707647888
1.707490662
1.707335397
1.707012691
1.706381547
1.706061686
1.706872438
1.707194586
1.706587081
1.706407067
1.707254706
1.704084903
1.708259827
1.708404059
1.708394835
1.708200931
1.707987726
1.707772735
1.707347628
1.708113128
1.707656393
1.706847118
1.706662014
1.707203063
1.706050826
1.706096824
1.705476862
1.704868503
1.704723273
1.706305619
1.705808531
1.705655742
1.706851946
1.705287443
1.705100364
1.706362775
1.707128904
1.705185262
1.704329979
1.703986926
1.703297173
1.703083361
1.702629647
1.702443681
1.70247714
1.702635861
1.702959208
1.707519115
1.707702242
1.707424262
1.707709801
1.707398377
1.708017399
1.708025595
1.707741217
1.707626047
1.706944742
1.707031989
1.706736783
1.707193114
1.707454604
1.703426461
1.707703415
1.707897154
1.708353252
1.708559148
1.708575658
1.707068373
1.706822525
1.706152298
1.708444154
1.708103476
1.705481559
1.705267045
1.704727973
1.704614548
1.704073816
1.703568474
1.705836052
1.705228121
1.704850708
1.704856573
1.70647186
1.704512094
1.704130319
1.706591749
1.707731811
1.706127614
1.705837243
1.704886264
1.704696599
1.703844614
1.703209224
1.703054348
1.702750698
1.70266454
1.702755536
1.707999014
1.708183264
1.707651941
1.706890793
1.707610289
1.708174204
1.708426334
1.708533862
1.708325286
1.707815619
1.706906255
1.70685955
1.706760935
1.70721582
1.702822193
1.706492411
1.707214177
1.707877232
1.708043373
1.708310689
1.705589845
1.705247227
1.704519265
1.708349244
1.703885165
1.703795778
1.703412029
1.703340025
1.70303479
1.704456722
1.705054522
1.703996123
1.703827276
1.703985901
1.705395325
1.703777877
1.703255073
1.703276391
1.706789103
1.707770484
1.707520897
1.706611739
1.705731669
1.704784938
1.704453865
1.703786648
1.70326308
1.702967915
1.70293893
1.707762105
1.707880656
1.707289658
1.70633677
1.707292047
1.708077054
1.70835662
1.708746494
1.708787272
1.70870115
1.70672773
1.706441671
1.706481784
1.70597509
1.702773429
1.704690461
1.705617638
1.706372389
1.706676569
1.707261437
1.707708967
1.703888473
1.70360208
1.703017389
1.702736803
1.702829184
1.702693419
1.702732877
1.703156965
1.703508251
1.703651315
1.702977692
1.703058661
1.703287953
1.70456672
1.703008494
1.703050366
1.702865219
1.706729772
1.707059871
1.708204354
1.707409119
1.706609272
1.706182331
1.705377516
1.704589263
1.70400702
1.70390818
1.703437641
1.706751372
1.706874433
1.70632642
1.70572908
1.706924327
1.707629851
1.708558486
1.708809068
1.708866827
1.706306876
1.705734219
1.705456142
1.70506915
1.703036122
1.705014215
1.703174139
1.703910792
1.704657644
1.70496892
1.705682908
1.706304849
1.702696391
1.702549304
1.702478956
1.702597868
1.70289564
1.702330718
1.702438815
1.702172189
1.702838329
1.702522905
1.702808576
1.703805394
1.703179387
1.703239965
1.703296868
1.703032369
1.706308767
1.705660112
1.708537659
1.707990495
1.707619877
1.706919785
1.706211576
1.705459702
1.705464186
1.704879326
1.704192139
1.705417008
1.70515424
1.704933893
1.705733703
1.707242283
1.707771527
1.708358728
1.708615277
1.70575879
1.704461324
1.704316917
1.703976527
1.705137132
1.704434401
1.702495744
1.702792473
1.703271806
1.703524585
1.704147742
1.704816681
1.702483221
1.702576601
1.703152946
1.703458321
1.701957094
1.702323571
1.701796702
1.701823861
1.702252168
1.70280763
1.703022672
1.704061546
1.703751698
1.703855529
1.70382561
1.70359479
1.705637738
1.704380904
1.708494849
1.708240418
1.707852264
1.707365678
1.706867223
1.70662309
1.705834392
1.705567172
1.704086837
1.704116933
1.703666037
1.705255322
1.705908293
1.706832978
1.70752468
1.707950459
1.70381829
1.703949346
1.705002514
1.704710435
1.704228843
1.702709828
1.702917562
1.702749401
1.70285116
1.703180119
1.703618367
1.703346967
1.703619259
1.704655996
1.702480216
1.703174648
1.701862913
1.701615016
1.702870245
1.701800848
1.702113828
1.705230727
1.705000255
1.704819249
1.704592073
1.704609313
1.704337856
1.704129507
1.704995399
1.703557039
1.707665456
1.707810566
1.707751909
1.707627887
1.707564838
1.707175018
1.707068409
1.706684696
1.703363059
1.703568489
1.70322052
1.703806132
1.704794157
1.705735477
1.70653213
1.703749313
1.70409347
1.706425061
1.704489901
1.704409577
1.703223097
1.703652054
1.704284459
1.703142501
1.703353296
1.703179983
1.705033682
1.70536341
1.703868428
1.702178586
1.703094539
1.701709806
1.704676871
1.701602623
1.70186146
1.705947268
1.706212735
1.706108315
1.70547466
1.705637358
1.705047603
1.704569183
1.704047004
1.70429975
1.704647728
1.703462183
1.706705922
1.705657084
1.707120612
1.707390615
1.707552064
1.70780086
1.707924561
1.707902558
1.70785502
1.703460336
1.703708217
1.702147042
1.702891977
1.703725369
1.704556547
1.704311523
1.704289187
1.704658435
1.707116738
1.704629369
1.704913816
1.704513997
1.704664201
1.705315332
1.706138077
1.703645929
1.704056389
1.707034898
1.703812743
1.702829644
1.705086355
1.702419443
1.706606447
1.701795246
1.701621383
1.705948611
1.706614128
1.707089008
1.707145083
1.705435934
1.704817481
1.703322288
1.703082349
1.70384565
1.704732277
1.704113055
1.705637726
1.704841861
1.703549049
1.706210769
1.706552097
1.707422573
1.707784584
1.708190157
1.708402895
1.708427033
1.704329532
1.704686707
1.701656687
1.701802038
1.702195121
1.702753708
1.705101996
1.705337337
1.705420825
1.708134381
1.705051004
1.705537213
1.706131704
1.705513785
1.70639973
1.707071064
1.707784494
1.704845022
1.708517741
1.705987149
1.704792595
1.704242964
1.707210468
1.703233593
1.707960274
1.702466284
1.702253957
1.704989666
1.705975125
1.706994657
1.707737755
1.704547778
1.701710121
1.702226657
1.701276526
1.702891429
1.705174569
1.705330035
1.703775771
1.704452051
1.703014668
1.702083816
1.70485381
1.706066513
1.706586653
1.707396009
1.707756349
1.708317269
1.708601594
1.70563422
1.705916127
1.701827918
1.7016566
1.701745431
1.705983951
1.706299755
1.706093988
1.70554783
1.706030112
1.705904541
1.706981032
1.707532823
1.706289636
1.707801688
1.708271286
1.708605295
1.708422292
1.707938102
1.706910813
1.706378958
1.705303826
1.708477419
1.704253214
1.708065037
1.703879916
1.703026625
1.704281016
1.703196582
1.705665535
1.707034801
1.699840886
1.70029311
1.700801071
1.699112119
1.700847554
1.705703117
1.706528062
1.702716412
1.702225452
1.702945252
1.701807314
1.701654359
1.7038301
1.704625186
1.704820879
1.705818501
1.706150018
1.707020474
1.707808218
1.706854737
1.706820412
1.702332062
1.701890821
1.706554513
1.706831441
1.706391764
1.706144156
1.70596316
1.707869924
1.707417275
1.708160885
1.708347444
1.708425727
1.708170605
1.707074734
1.708387058
1.708662597
1.70805116
1.707265254
1.706296334
1.707988307
1.705890661
1.706694185
1.704923876
1.703955207
1.703233483
1.70198798
1.705036781
1.698516637
1.698224641
1.698776709
1.698598307
1.69730719
1.69931298
1.705934956
1.707236733
1.701633049
1.701674724
1.701554184
1.702081538
1.701751245
1.702452085
1.702676931
1.702910268
1.703697603
1.704043511
1.704989735
1.706030643
1.707497615
1.707077268
1.70313866
1.706582075
1.706692957
1.706212072
1.70584549
1.705678543
1.705666981
1.707752912
1.707852867
1.707715251
1.707746924
1.707374848
1.706575624
1.704950397
1.708570201
1.708551404
1.707521742
1.708363412
1.707844011
1.707498628
1.705942663
1.706785948
1.704125124
1.705924573
1.705028574
1.700375279
1.700592421
1.702320019
1.697339679
1.697331815
1.697254246
1.697036622
1.697247709
1.696934646
1.696530752
1.697780666
1.705694773
1.707141079
1.701620604
1.701450858
1.70132146
1.702157558
1.701447516
1.703167177
1.70416482
1.701508832
1.70193466
1.702099857
1.702850251
1.703801731
1.707256397
1.706539681
1.705937511
1.705844508
1.705402349
1.705004054
1.704851048
1.705007853
1.707002997
1.707153356
1.706722739
1.706196914
1.706110436
1.705356599
1.704155338
1.702667363
1.708041126
1.707508769
1.707089283
1.704960359
1.70821066
1.708081675
1.707840535
1.702863306
1.707477791
1.700886225
1.706853904
1.706154601
1.697898998
1.699097549
1.696808796
1.697004601
1.696501612
1.696217003
1.696166705
1.697451915
1.69731862
1.696760651
1.696008181
1.704973223
1.706182124
1.702372977
1.702754716
1.701747581
1.701320059
1.704054494
1.701169645
1.705278649
1.701074402
1.701032609
1.701300925
1.701863044
1.706085369
1.705297238
1.704771354
1.704503928
1.704263163
1.70398317
1.703934717
1.704217657
1.703610717
1.705567885
1.705494033
1.704788201
1.704077048
1.703903724
1.702897275
1.701717622
1.701072635
1.707048837
1.706038724
1.704951325
1.704264335
1.701636283
1.707165887
1.707651451
1.707881399
1.69949739
1.707868995
1.70785413
1.697766615
1.707659302
1.707168227
1.69656179
1.696992605
1.697213358
1.696364965
1.695798551
1.695414226
1.698274202
1.698149672
1.69803693
1.697437182
1.695232226
1.704037889
1.704566962
1.704166795
1.703211179
1.70471141
1.702348211
1.702036989
1.706250738
1.701396585
1.701194531
1.700855919
1.700819015
1.704363307
1.703693231
1.703476144
1.70306584
1.703174049
1.703116268
1.703203683
1.703203437
1.70363294
1.703413684
1.70266927
1.702001109
1.70180716
1.700914984
1.700570846
1.70064588
1.704900794
1.704409062
1.702435803
1.701615891
1.700218774
1.698222874
1.705947498
1.706778718
1.706963734
1.696683028
1.708075036
1.707619375
1.69563225
1.708178921
1.707825001
1.698093041
1.697440233
1.696589156
1.696096354
1.695310048
1.698662936
1.698855546
1.699047349
1.698072341
1.697302203
1.694901282
1.703327425
1.702797834
1.706243077
1.705242782
1.704177319
1.706730513
1.703628783
1.702535983
1.701734222
1.70102182
1.702614766
1.702184875
1.702456244
1.702018839
1.70249235
1.702695896
1.702946172
1.703159533
1.701801597
1.701595811
1.70103448
1.700636155
1.700528331
1.700457989
1.70085319
1.701493559
1.701870906
1.703204684
1.701283891
1.699068707
1.69838555
1.69712613
1.69590041
1.704437994
1.704767652
1.705917093
1.695130989
1.707863441
1.707035848
1.70826983
1.708050921
1.698765968
1.697987481
1.69752826
1.696539611
1.695676575
1.697385609
1.698864283
1.699162654
1.696771513
1.694337063
1.69546216
1.695001975
1.703148392
1.701426149
1.707762996
1.707164449
1.706179557
1.705607947
1.704499331
1.703358712
1.702379229
1.701412572
1.702071901
1.701754069
1.702465967
1.702884461
1.703255669
1.703604927
1.700848464
1.700613948
1.700432328
1.7004994
1.700593997
1.701400708
1.702298708
1.703264756
1.700119696
1.698865064
1.701421066
1.698332848
1.6966239
1.696165757
1.695444864
1.695013692
1.701879357
1.703187078
1.704696886
1.706114831
1.707227716
1.707984636
1.708113611
1.699093486
1.698812373
1.698070516
1.697190147
1.696807942
1.697194477
1.694337063
1.694337063
1.697655846
1.698932287
1.696051949
1.695468464
1.703594287
1.701016117
1.708001165
1.707574437
1.707111209
1.706312136
1.70531516
1.704283804
1.701583712
1.702490224
1.70237826
1.703151755
1.703649069
1.703998298
1.704354434
1.700909277
1.700833184
1.70121105
1.701709863
1.701944225
1.703284461
1.70436302
1.705296364
1.698528973
1.697476942
1.696651507
1.698884432
1.696290631
1.695542508
1.69533458
1.695236583
1.700303432
1.701597196
1.703353381
1.704877929
1.706202123
1.706966977
1.70714297
1.699018331
1.698928198
1.698490968
1.698178929
1.697526023
1.694337063
1.694337063
1.697397519
1.696802564
1.696179138
1.704422648
1.70172517
1.7076558
1.707508387
1.707271602
1.706789119
1.70611884
1.702689917
1.703640484
1.703656439
1.704366836
1.704718275
1.704879571
1.705054106
1.702105801
1.702308084
1.703389863
1.703745499
1.70445028
1.705533291
1.706307453
1.706848213
1.696725418
1.696511149
1.695958507
1.695758489
1.69758231
1.695638921
1.695799556
1.695813972
1.698663793
1.698912851
1.700411541
1.701886978
1.703396114
1.704598221
1.70496637
1.706380203
1.697158386
1.698328955
1.698659275
1.69859205
1.698472901
1.698097505
1.694337063
1.697578122
1.697054923
1.705147935
1.703328154
1.706541514
1.706940499
1.707172331
1.707128197
1.704446225
1.705091311
1.705540896
1.705630857
1.70552267
1.705369866
1.704033133
1.704374251
1.705688685
1.705972079
1.706607279
1.707146895
1.707361316
1.707251766
1.695897506
1.696117709
1.695864892
1.696071917
1.696178151
1.696613808
1.69644167
1.696984736
1.696829721
1.697694177
1.698946586
1.70032404
1.701606179
1.70209564
1.703960954
1.704368977
1.697073151
1.694337063
1.697128505
1.697943497
1.698332588
1.698453077
1.698208988
1.698169721
1.705144668
1.705097821
1.705244673
1.705283096
1.706183524
1.706880977
1.705990684
1.706326448
1.706286264
1.705991248
1.705583854
1.706023566
1.706382234
1.707339877
1.707465082
1.707653481
1.707557957
1.707134525
1.706173283
1.706348201
1.696032343
1.696329165
1.695946779
1.696482479
1.697242706
1.697403674
1.695985925
1.697803354
1.696237052
1.696827115
1.697746832
1.698766042
1.699232737
1.701026264
1.701485288
1.702739499
1.694337063
1.694337063
1.696876258
1.69735666
1.698289603
1.698436685
1.698572304
1.704119916
1.70402012
1.704914059
1.706781486
1.703995181
1.705205598
1.706966386
1.706701471
1.706164907
1.705532526
1.707363012
1.707606719
1.707749712
1.70767649
1.707287871
1.706538976
1.705444478
1.703876837
1.704264961
1.696509865
1.696985469
1.697521923
1.696385716
1.697715161
1.698432132
1.698485578
1.69613952
1.696070668
1.696288079
1.69680204
1.697001966
1.697933148
1.698764778
1.700051701
1.698852144
1.701275572
1.694337063
1.694337063
1.696961834
1.697055217
1.698018689
1.698542213
1.702232025
1.702425472
1.703393305
1.704260809
1.707361795
1.702630949
1.706826983
1.705974997
1.705090201
1.707475414
1.707484632
1.70670696
1.706422996
1.705504779
1.704219767
1.702797117
1.701076107
1.701475532
1.697587764
1.697747071
1.698283188
1.698650643
1.697015393
1.698722019
1.69872134
1.696623755
1.696278854
1.696149068
1.696180825
1.696398967
1.696832401
1.696971959
1.697640313
1.698660064
1.699851535
1.694337063
1.696895635
1.697312871
1.700552968
1.699994832
1.701478419
1.70221815
1.7031169
1.706644412
1.705452267
1.70419801
1.699657773
1.706019549
1.706172579
1.705505682
1.704247433
1.703969042
1.702698217
1.701265772
1.699904801
1.698468901
1.698829426
1.698303777
1.698704734
1.698790072
1.698940258
1.698749635
1.697805171
1.698619689
1.697524751
1.696795782
1.696623661
1.696323659
1.696228152
1.696236504
1.696392067
1.696828256
1.697571183
1.694337063
1.694337063
1.697086488
1.69898424
1.698165538
1.700131378
1.700786147
1.701767156
1.704587782
1.703086194
1.698373233
1.698493079
1.703661616
1.703528966
1.702492978
1.701212407
1.700907694
1.699503171
1.698439663
1.697647014
1.696739659
1.696887353
1.698982696
1.698849423
1.69880867
1.698654376
1.697669175
1.698733916
1.698014958
1.697796359
1.697262718
1.696796539
1.696690065
1.69638202
1.696239494
1.696362592
1.694337063
1.694337063
1.698060542
1.69778265
1.697226117
1.698747925
1.699340192
1.700376581
1.701849358
1.697664678
1.697859203
1.69750836
1.700712113
1.700504535
1.699428991
1.698406247
1.698061148
1.696920024
1.6966827
1.696333042
1.696222167
1.696247059
1.698799931
1.698099569
1.69896699
1.697179869
1.697051452
1.698976006
1.698881746
1.698510409
1.698009885
1.697835981
1.697343836
1.696821949
1.696422209
1.694337063
1.697953636
1.698107103
1.697351133
1.697541847
1.69801182
1.699075249
1.697749559
1.697270262
1.698126742
1.69684622
1.698055942
1.697867289
1.697084931
1.6965052
1.696390098
1.696070265
1.696153478
1.696366231
1.696756743
1.696922099
1.697510719
1.69699412
1.694337063
1.698838728
1.698983286
1.699152736
1.699021764
1.698947581
1.698534541
1.698088988
1.697535699
1.698798097
1.698655099
1.697837428
1.696568529
1.696993442
1.698536332
1.697933186
1.697206762
1.696577018
1.697429207
1.69636127
1.696209494
1.695922597
1.695894223
1.696009608
1.696541894
1.696802531
1.697366989
1.697968241
1.698231608
1.694337063
1.694337063
1.697211644
1.697320363
1.698245001
1.698931329
1.699026536
1.699210546
1.6990749
1.698912884
1.69941633
1.699323822
1.698504126
1.696069299
1.696266522
1.698988989
1.698255189
1.697307584
1.696578152
1.694337063
1.695885746
1.695863923
1.696085131
1.696508421
1.696788845
1.697741006
1.698043794
1.698607648
1.699039175
1.699142903
1.694337063
1.694337063
1.69709146
1.69731291
1.698268717
1.698980124
1.699131139
1.69969384
1.699418027
1.698873586
1.697241496
1.696325678
1.697176485
1.699357214
1.698564337
1.694337063
1.69721463
1.696620931
1.69669631
1.69731007
1.697836573
1.698129512
1.698860985
1.699038347
1.699221037
1.699078226
1.698942563
1.694337063
1.694337063
1.697112153
1.697601716
1.699304936
1.699726362
1.697649801
1.694337063
1.697519524
1.698505959
1.699518607
1.697970665
1.69812346
1.698780204
1.698936041
1.69913915
1.698992394
1.698925921
1.698256766
1.697406199
1.697159353
1.694337063
1.694337063
1.697226226
1.698486025
1.699399935
1.694337063
1.698833222
1.69946243
1.699107672
1.699100167
1.699059457
1.698898774
1.698246484
1.697277099
1.697077493
1.694337063
1.694337063
1.694337063
1.697431222
1.699231187
1.699422132
1.699157646
1.698927637
1.697563315
1.697072744
1.694337063
1.694337063
1.694337063
1.697275226
1.698582063
1.697220588
1.69738356
1.694337063
1.694337063
1.694337063
1.694337063
