1.884700404
1.878932102
1.908944337
1.894339298
1.871128437
1.868362992
1.911534587
1.898822514
1.878963531
1.91498832
1.872025888
1.924364493
1.872890442
1.868925776
1.891927603
1.912997225
1.867982226
1.914187005
1.908869819
1.891858718
1.878529879
1.916970341
1.916081974
1.925026636
1.932777845
1.91809599
1.875581547
1.874391334
1.869766079
1.872440356
1.885869135
1.910526309
1.87695188
1.920851859
1.917931791
1.906170181
1.914063881
1.892239735
1.917446802
1.917510345
1.920034609
1.923602814
1.928077085
1.849017193
1.857301948
1.873109531
1.880219697
1.851655852
1.887549374
1.88891826
1.902220303
1.919674101
1.923011516
1.924182522
1.919515258
1.932257267
1.921836005
1.925500247
1.930702943
1.934459362
1.939488398
1.948081677
1.943397417
1.819950832
1.823022044
1.855220223
1.862381151
1.880512068
1.896421118
1.832614933
1.913484305
1.933169269
1.924595478
1.926888558
1.931138312
1.936026233
1.943916641
1.93188578
1.935865261
1.936015833
1.936966739
1.942062978
1.95083481
1.945429977
1.95492932
1.958982639
1.801767216
1.796015876
1.81379394
1.843465923
1.873247556
1.899432186
1.922838037
1.817613802
1.947957504
1.934378211
1.930220939
1.935402017
1.937556133
1.943367287
1.946531606
1.954478574
1.941108536
1.941703066
1.944165646
1.94895186
1.953293856
1.958747327
1.959625834
1.95813421
1.961972969
1.96377632
1.968867057
1.790453744
1.781682372
1.786400464
1.855519695
1.830270336
1.88763899
1.915003159
1.951076192
1.809119981
1.939280628
1.945301367
1.94118089
1.944492798
1.948462151
1.954775647
1.95988833
1.955250219
1.950676109
1.954764027
1.962628655
1.965545092
1.972769236
1.969458618
1.967049432
1.967480558
1.968234046
1.970495793
1.969027579
1.965023002
1.915012744
1.953617421
1.946713772
1.785850225
1.775911936
1.774292285
1.837048805
1.868519044
1.812603381
1.900775128
1.939597434
1.795735656
1.950399214
1.951145341
1.957258337
1.953627495
1.959708662
1.959208404
1.964861022
1.9670634
1.958725661
1.947382208
1.962813058
1.969739233
1.978104168
1.979649857
1.97895007
1.978958944
1.97378539
1.972706463
1.970295691
1.959489102
1.951392318
1.898385574
1.917895588
1.932771102
1.946877628
1.941494499
1.894553153
1.780505236
1.777990333
1.773243843
1.858549689
1.826391158
1.883598582
1.802175827
1.918669493
1.787932551
1.964207816
1.963061314
1.961871467
1.967894577
1.966375243
1.967429066
1.969734203
1.968365433
1.961302294
1.938765669
1.920311727
1.973830476
1.978244796
1.980118684
1.98090404
1.978256372
1.975765089
1.971380811
1.966952205
1.958570179
1.949510299
1.943360652
1.891870109
1.903577699
1.937739183
1.925635175
1.940614984
1.89660702
1.905092785
1.911441084
1.780167589
1.780144346
1.783261314
1.86215545
1.840561109
1.812978326
1.892700192
1.792064987
1.782882966
1.974689333
1.972354665
1.972609054
1.968305205
1.975670745
1.975493026
1.978058179
1.949366672
1.929800868
1.902059663
1.885889669
1.976914246
1.974263993
1.973997774
1.967335262
1.963990296
1.960632831
1.955318028
1.954114346
1.946812817
1.940899133
1.938202629
1.894809875
1.889729066
1.912196572
1.935816527
1.928111664
1.898225641
1.908127612
1.909070972
1.910843492
1.781025649
1.784269066
1.912653651
1.784324431
1.867489275
1.848309579
1.826282464
1.802471454
1.787800242
1.781381214
1.982245534
1.982714597
1.98150298
1.975795918
1.949578181
1.981117104
1.978460063
1.973025874
1.915068888
1.895466424
1.870299185
1.858763344
1.966882446
1.966454868
1.95986416
1.955059974
1.951660978
1.947396472
1.944354575
1.938180188
1.935969438
1.933111694
1.887966975
1.900456142
1.887119384
1.917443503
1.925660242
1.899249964
1.905482696
1.920199474
1.780682458
1.790114381
1.787969461
1.919219517
1.790146865
1.849577185
1.833045376
1.814495012
1.794764449
1.783777461
1.779829522
1.984615824
1.985955161
1.976577598
1.981808598
1.959835338
1.913473499
1.976731995
1.970808625
1.962027219
1.87113767
1.845675492
1.836808437
1.958726612
1.954592203
1.950222531
1.947172967
1.943081009
1.940605211
1.935771572
1.935033899
1.932931477
1.892263039
1.880483795
1.906809977
1.884884597
1.919203251
1.923379083
1.894322315
1.912123882
1.933964518
1.93528872
1.778620427
1.788830536
1.934519934
1.937691758
1.928663236
1.787073674
1.829610524
1.815279708
1.801756434
1.788685445
1.783803241
1.778880856
1.975637893
1.982743607
1.979810569
1.955412404
1.97647715
1.927051928
1.879682678
1.970725345
1.962580914
1.956970417
1.845080252
1.821836425
1.815978484
1.954940095
1.948983655
1.946639386
1.941661866
1.935509805
1.932953299
1.929426662
1.910015729
1.887989013
1.874600782
1.879706784
1.919003534
1.921065742
1.909302738
1.928522994
1.940453312
1.778355743
1.78348362
1.937536806
1.930736881
1.919836941
1.919617488
1.926115622
1.919801944
1.777146834
1.811670514
1.801132165
1.79437551
1.787502018
1.782871251
1.777786326
1.979553828
1.949590336
1.982150112
1.976523951
1.918426238
1.970485441
1.891599584
1.844914582
1.968885454
1.964089656
1.965228488
1.821803683
1.805087498
1.800940956
1.961075477
1.961836351
1.954517604
1.943154613
1.938847607
1.930651172
1.917465932
1.89790142
1.873941245
1.868723529
1.887315753
1.920491941
1.926291083
1.912690846
1.930470997
1.92794342
1.775120663
1.775460794
1.921988419
1.916529588
1.920277169
1.930345953
1.928866845
1.915885174
1.767945521
1.797808788
1.793270379
1.786098785
1.783339531
1.77993737
1.983583596
1.966253428
1.914827546
1.979351967
1.973624324
1.876209119
1.975586541
1.851359132
1.818770893
1.974027403
1.977323055
1.977358885
1.804160769
1.796859821
1.792795341
1.98314991
1.973082125
1.960616626
1.950484768
1.94446629
1.900548202
1.920346383
1.878720502
1.861813139
1.866865047
1.887366792
1.922323622
1.943871373
1.908185881
1.914057838
1.908907455
1.776567428
1.774705289
1.902182965
1.91806829
1.940124372
1.93503105
1.897189619
1.761898115
1.792661912
1.792468415
1.789919386
1.787798454
1.784110004
1.972702618
1.977883563
1.932388533
1.881322115
1.975915412
1.978514646
1.843570434
1.980391559
1.821952256
1.797676475
1.982308377
1.983946713
1.995632294
1.7880734
1.785614138
1.78807379
1.99339744
1.985656022
1.969290551
1.970547135
1.881060532
1.91507188
1.860199724
1.854030152
1.865092067
1.891202491
1.945291401
1.966435503
1.902289987
1.897352871
1.908562687
1.771304665
1.78113414
1.898168466
1.935245017
1.948559916
1.881972278
1.896757045
1.764148704
1.779454736
1.75920626
1.789927839
1.791405258
1.791559486
1.787073755
1.788824753
1.946479048
1.964222655
1.97119491
1.900148345
1.851972617
1.971692206
1.971369101
1.823436716
1.813541095
1.970386825
1.795995266
1.978167963
1.989235425
1.999053169
1.774591642
1.773217562
1.77873425
2.00209011
1.989874291
1.987997875
1.861194657
1.934147335
1.845176872
1.849087389
1.872039396
1.894630872
1.967363568
1.987503644
1.891303131
1.890404554
1.917375593
1.773217672
1.901004317
1.938307992
1.873888406
1.908566992
1.761287098
1.777133472
1.768121763
1.840282685
1.755045421
1.785156008
1.787518103
1.786738061
1.785939046
1.777655916
1.906696627
1.940829627
1.961169279
1.965428914
1.863479629
1.827229312
1.962036835
1.958596474
1.801435637
1.791446422
1.963107039
1.969784403
1.992365337
1.977772687
1.998723396
1.76520597
1.765859614
1.776015827
1.995608372
1.993324791
1.855051238
1.842261985
1.95773699
1.859883259
1.88741197
1.893503975
1.98322661
1.994356903
1.886039379
1.89497577
1.917343663
1.764007618
1.902330184
1.881428143
1.929968742
1.756581757
1.767587324
1.77716995
1.761911253
1.839144728
1.853268439
1.74833984
1.782055077
1.782701588
1.779252937
1.775086939
1.765733746
1.907790308
1.873526448
1.939775932
1.957240756
1.956575607
1.83515403
1.804631483
1.953968572
1.954484096
1.786511749
1.959002914
1.96765351
1.987064994
1.979699474
1.992564231
1.759175441
1.77035603
1.759622229
1.999595986
1.861944749
1.842187286
1.964984942
1.880485013
1.885358122
1.881505817
1.983413273
1.99949434
1.898980698
1.905737795
1.752836787
1.75751145
1.895846812
1.932892816
1.764417611
1.771375848
1.780136772
1.759264432
1.836742827
1.846868129
1.867842031
1.744214276
1.738991083
1.779881104
1.777563353
1.768948655
1.761189202
1.754117864
1.917636033
1.880311342
1.847574273
1.935653075
1.952886877
1.952011746
1.816259174
1.793135364
1.948300726
1.950094957
1.954615237
1.963463483
1.971249132
1.988683643
1.755938809
1.76442274
1.754374946
1.99806006
1.868658245
1.846696012
1.95868951
1.877176439
1.87207908
1.887338525
1.980394908
1.994069115
1.902888436
1.745635289
1.903534946
1.929573255
1.767131865
1.77335654
1.781903606
1.793119076
1.760596504
1.836591415
1.834852296
1.850199869
1.864354277
1.732973937
1.728619927
1.774027777
1.7633808
1.754995188
1.747521091
1.744107402
1.901279746
1.92074524
1.865746538
1.832708754
1.925619472
1.933201629
1.934428139
1.940905776
1.804577485
1.941381839
1.941376921
1.948040225
1.955421343
1.981343923
1.755720105
1.755224003
1.752311061
1.982692286
1.849742125
1.881321289
1.954553049
1.861027364
1.866612393
1.882544429
1.976507645
1.98138109
1.736936699
1.917450706
1.934771135
1.783794011
1.773440427
1.79019077
1.794219297
1.799597889
1.764884672
1.829918454
1.838369887
1.839734058
1.85113693
1.855588114
1.77643065
1.84559915
1.72830604
1.723773186
1.72060945
1.757221955
1.7492313
1.739996911
1.73750483
1.736176791
1.914787369
1.887181292
1.923136862
1.850763531
1.821834048
1.923148806
1.923231146
1.926416912
1.93430146
1.935716743
1.936098889
1.940349633
1.96084869
1.757916503
1.748555359
1.754483153
1.966500124
1.858876225
1.888641283
1.957722294
1.849689986
1.859342018
1.969931161
1.972732223
1.919129358
1.937623277
1.793212548
1.786407713
1.796918256
1.79881779
1.804330728
1.817093372
1.766282708
1.829948027
1.828803016
1.83783413
1.846864395
1.842628608
1.774136199
1.765287023
1.835342367
1.841058896
1.720961964
1.726515377
1.717125061
1.714838701
1.743825897
1.737191645
1.731859403
1.73122069
1.730847272
1.905969915
1.920005618
1.870503474
1.923665123
1.836323531
1.924698191
1.922264329
1.923410589
1.925004653
1.931534425
1.931054741
1.9430162
1.758836315
1.746859423
1.755280735
1.951121624
1.868390786
1.893786588
1.954043692
1.844548226
1.970364345
1.963729751
1.90784535
1.931353904
1.791171164
1.778665687
1.797326656
1.798041278
1.809360029
1.826343438
1.759910158
1.827472719
1.837489761
1.828200362
1.831369801
1.853766048
1.760708484
1.75824401
1.750075656
1.836991394
1.831078414
1.84020302
1.719155336
1.716195034
1.722561835
1.712582272
1.710939588
1.737994737
1.732249955
1.726272908
1.72403228
1.889854287
1.918477771
1.930750229
1.855031212
1.93524167
1.930306372
1.923647752
1.920079846
1.920309452
1.927201182
1.931280344
1.924007824
1.754439512
1.742902611
1.746538671
1.94024826
1.866195194
1.874513946
1.879501188
1.957968987
1.841313759
1.96295495
1.941713127
1.89830099
1.928688002
1.77008063
1.779000534
1.784770771
1.802536273
1.822660558
1.847850572
1.747663529
1.832909271
1.823467608
1.845232227
1.824322907
1.747742958
1.755358765
1.744616166
1.737860363
1.838728403
1.830512116
1.714561959
1.715169434
1.712732707
1.717283401
1.709270201
1.707795177
1.735312356
1.727052522
1.720251378
1.91407523
1.879852158
1.939090431
1.942870588
1.934790584
1.927566171
1.919070372
1.917387768
1.917640157
1.921413026
1.743598051
1.738025838
1.734928601
1.922835317
1.852814641
1.863778984
1.858724917
1.867316638
1.935351997
1.846617007
1.938460979
1.922690285
1.8876112
1.906936512
1.764909528
1.773979797
1.792221752
1.813066072
1.835952817
1.866610498
1.738395272
1.841100578
1.826026631
1.825545887
1.743191223
1.750132677
1.7593868
1.738341756
1.732765466
1.844730666
1.837747811
1.831069497
1.711413957
1.709136688
1.709745838
1.709724315
1.713995191
1.704922076
1.706340742
1.728065329
1.720550871
1.901515726
1.939480985
1.956097339
1.949524499
1.93901781
1.926632707
1.919142215
1.914479379
1.913789375
1.732455627
1.727450759
1.726905171
1.910020428
1.843778859
1.851937395
1.841742221
1.84038311
1.854400416
1.890750948
1.909809595
1.853739419
1.91440201
1.903512136
1.871600913
1.771606592
1.791597048
1.821442114
1.856049701
1.899659012
1.730670762
1.832170793
1.826910058
1.753470633
1.745039609
1.763522601
1.774805768
1.735777051
1.730438618
1.849676517
1.839358754
1.831962783
1.708041798
1.710010725
1.706307393
1.705266801
1.705231987
1.715302731
1.70292329
1.701009969
1.701999477
1.705612172
1.711844048
1.704030945
1.702706036
1.703471648
1.720043038
1.938808039
1.955969228
1.956899613
1.947389229
1.936023983
1.926309259
1.918797088
1.909436196
1.727240438
1.722462172
1.723774063
1.897910219
1.830808251
1.832581826
1.821128386
1.825158939
1.842085252
1.869250631
1.858160376
1.886558875
1.852882045
1.885488033
1.881636957
1.791846141
1.819194488
1.856134139
1.899715714
1.934879091
1.727495295
1.833118987
1.755030936
1.766085126
1.740353256
1.780581905
1.791628799
1.733248653
1.730138584
1.845954379
1.838511052
1.83490036
1.706581979
1.708668547
1.703936007
1.715831698
1.703587665
1.702279167
1.699692817
1.70247649
1.700936254
1.700811927
1.705028552
1.714739575
1.711086677
1.701859894
1.702124077
1.700718592
1.699973486
1.719092359
1.950928911
1.949760555
1.937989461
1.929916014
1.923806942
1.918808886
1.911614482
1.726075125
1.722284223
1.723894338
1.902475611
1.882515663
1.824840224
1.836368877
1.814385547
1.807560839
1.815126019
1.83805917
1.840111736
1.851509602
1.863413087
1.844514393
1.85625481
1.854438124
1.814859968
1.850434656
1.887849107
1.917134304
1.935468162
1.727585528
1.7464978
1.761464665
1.776580132
1.736851153
1.791685838
1.815671129
1.731703847
1.730691417
1.841597588
1.838106054
1.839473878
1.707670713
1.704243106
1.699453474
1.698308566
1.703438443
1.701558891
1.839593212
1.824576294
1.71571447
1.794522765
1.706987339
1.720581049
1.710684498
1.714993062
1.699234009
1.700350164
1.698593681
1.697684473
1.723768492
1.942433832
1.932184149
1.916778208
1.909006833
1.902536964
1.907531803
1.725028705
1.724434731
1.888779905
1.865117149
1.82559284
1.837202523
1.805146662
1.797630633
1.804783611
1.821080419
1.830455833
1.840571549
1.83967214
1.834703876
1.837298872
1.844096282
1.873785732
1.908114994
1.927430597
1.925283404
1.72750202
1.741008542
1.754687733
1.775170796
1.734486772
1.816730711
1.844487402
1.729893153
1.726915943
1.84032795
1.841489213
1.706662082
1.699767839
1.698046312
1.697141611
1.696855947
1.70509658
1.703032675
1.837493811
1.804657514
1.805550415
1.721427593
1.720322727
1.818712057
1.7961972
1.724671972
1.70098314
1.705098496
1.710678191
1.723557951
1.715596327
1.721075134
1.696901549
1.698135664
1.696259603
1.695442314
1.923434778
1.913968833
1.899092039
1.886114316
1.885341849
1.723231505
1.722436467
1.863327214
1.841950209
1.817228593
1.833215033
1.795674975
1.779789633
1.791509985
1.791033613
1.808201639
1.817304608
1.835373744
1.811631084
1.814552447
1.877840379
1.904664223
1.918841755
1.920298203
1.907545206
1.738064897
1.749581442
1.767920727
1.732503636
1.841388248
1.865505583
1.727925967
1.724689683
1.841154846
1.838368165
1.709551584
1.698182041
1.69676713
1.696120538
1.695598883
1.707435461
1.832103058
1.782466
1.783355674
1.722304979
1.840219454
1.816231438
1.789483575
1.722804088
1.699007686
1.702820504
1.710223455
1.707693472
1.694618106
1.721270904
1.763258086
1.74477766
1.715016282
1.72124457
1.720486982
1.720555745
1.694679457
1.693384487
1.693023808
1.693677218
1.901745443
1.89434916
1.875887046
1.863718451
1.721484782
1.841548478
1.82150912
1.799440355
1.822463169
1.779108479
1.766199452
1.772915841
1.769764467
1.785943681
1.792899709
1.825348811
1.787909247
1.79137787
1.886987712
1.898972913
1.899438545
1.904982823
1.899156047
1.887274091
1.735937174
1.76017517
1.730746868
1.865933332
1.726513664
1.72308044
1.834376978
1.825561185
1.712857627
1.696352454
1.694820713
1.694369596
1.8250833
1.762805482
1.856111398
1.827156236
1.80351466
1.779003298
1.721576233
1.700703624
1.697669593
1.705174793
1.715530972
1.713307675
1.710692182
1.693034407
1.720079936
1.752407564
1.747509073
1.740811711
1.749066192
1.695300513
1.728996204
1.703053175
1.71936818
1.720079542
1.719577157
1.718897142
1.692260084
1.692615789
1.691978939
1.693490547
1.693320206
1.878070686
1.861097674
1.850297432
1.720287641
1.825130124
1.802661584
1.80378409
1.786566026
1.766610448
1.753081957
1.759167148
1.762777981
1.770962966
1.812987576
1.766282775
1.775247612
1.886145229
1.8766983
1.882525007
1.885098485
1.8882824
1.883953508
1.864440283
1.735218234
1.757051491
1.72391566
1.721007358
1.818090717
1.805492402
1.696741798
1.695705657
1.694883109
1.693830652
1.812000872
1.745688923
1.860356279
1.835211604
1.809856686
1.789012806
1.770457808
1.700229962
1.698992154
1.708124414
1.718190645
1.715841283
1.713394986
1.71864149
1.740072015
1.74844188
1.73635565
1.743095252
1.72554272
1.729998167
1.704307862
1.702685099
1.706617229
1.69706034
1.717662676
1.718357624
1.71860379
1.717492156
1.717023577
1.692813309
1.694118731
1.69334528
1.695282788
1.694913788
1.844393212
1.835190014
1.718881721
1.812111564
1.793402772
1.780187493
1.790148764
1.77228099
1.753070869
1.741382095
1.744662333
1.753053574
1.79198598
1.750872144
1.759871595
1.866617898
1.871583803
1.866651843
1.873258493
1.877935004
1.85781288
1.734569976
1.75209841
1.720947486
1.801886685
1.791432043
1.698531585
1.697280447
1.79198193
1.734307343
1.857221264
1.836190511
1.815311612
1.796806708
1.777170759
1.763448627
1.701655977
1.700891735
1.710959246
1.716525861
1.714672795
1.71659256
1.733095044
1.736158041
1.738132515
1.730380922
1.741401822
1.723401149
1.728238389
1.705643962
1.70460597
1.70830055
1.709199848
1.716359623
1.713861913
1.714577379
1.715851567
1.716395258
1.715167277
1.695221368
1.696299748
1.694881263
1.696979214
1.821475543
1.832203441
1.71772758
1.800688353
1.784291434
1.767698075
1.774464455
1.755815077
1.742260223
1.737366205
1.738648066
1.733453833
1.767719438
1.740499272
1.734049201
1.749065596
1.850691691
1.851204841
1.85287548
1.860717026
1.85408715
1.731315796
1.738123086
1.747616193
1.756359024
1.720559807
1.781013266
1.773792059
1.700131006
1.699303196
1.769767135
1.728917016
1.835186891
1.817184882
1.80184761
1.781832471
1.765737662
1.703699081
1.702905699
1.711830687
1.711292317
1.715230573
1.714062705
1.713973204
1.736154401
1.73388364
1.736767733
1.730765129
1.725188332
1.707558531
1.706707699
1.710159396
1.710848127
1.714538831
1.714081782
1.71321846
1.712467518
1.711887321
1.709777766
1.713642604
1.696697247
1.7119313
1.747875496
1.712672712
1.714716666
1.696667434
1.698669203
1.698305467
1.696180211
1.811297007
1.830910705
1.717896231
1.789369847
1.77583687
1.758221296
1.757013409
1.74588414
1.739384861
1.741653841
1.728675184
1.748882344
1.747073856
1.734914196
1.729486466
1.741481033
1.830758032
1.833405035
1.8309067
1.83591441
1.842544369
1.727869629
1.734699162
1.743848234
1.74996873
1.75534646
1.72205615
1.757074263
1.756944886
1.701998052
1.701284131
1.728687594
1.818546451
1.811738311
1.801627086
1.783810393
1.765018738
1.706010377
1.704785224
1.71302661
1.712715276
1.713806924
1.713945766
1.74862903
1.740068019
1.734366203
1.709611359
1.708695442
1.711817517
1.712363554
1.713086758
1.711776153
1.714058953
1.709934158
1.708848655
1.710776863
1.70781423
1.713534555
1.698133663
1.714107573
1.753261794
1.763357782
1.697444625
1.735268462
1.818581902
1.713688646
1.731371663
1.764457541
1.7115647
1.824573184
1.709963595
1.749880328
1.70903798
1.717466071
1.69848954
1.700554613
1.69995735
1.800874992
1.821886413
1.721668515
1.778474694
1.766131782
1.74736735
1.743008453
1.742737099
1.754536552
1.727624308
1.743284091
1.734841574
1.731273412
1.728085034
1.73642023
1.81696236
1.812627254
1.808159001
1.725930923
1.731620841
1.738147417
1.744103267
1.750010373
1.747280487
1.704437586
1.703199804
1.732224592
1.802011943
1.793980229
1.782421306
1.76577912
1.707950543
1.714086881
1.713904733
1.714249486
1.741167263
1.711316486
1.713546477
1.712457146
1.714512848
1.706608935
1.705886348
1.713808131
1.706346264
1.71299781
1.717152318
1.756991703
1.746221219
1.767143095
1.698726348
1.727752406
1.71442088
1.72776494
1.729225413
1.727943066
1.76502396
1.709489168
1.710542094
1.80950526
1.811232827
1.708817201
1.712629859
1.743617208
1.755344847
1.723160054
1.700147914
1.703915203
1.796711543
1.805131379
1.706702249
1.704178034
1.721344794
1.700764035
1.702478134
1.702006291
1.794390269
1.727005164
1.763875125
1.781493409
1.771936298
1.74343011
1.743453631
1.748587579
1.731937463
1.727600567
1.739532904
1.734014182
1.726432573
1.726864193
1.73816639
1.731510956
1.795676842
1.797696057
1.795408137
1.797609154
1.730987189
1.736621847
1.732995348
1.740860379
1.751486523
1.70757204
1.706609979
1.705638138
1.738931149
1.786655836
1.77717556
1.765117314
1.710950807
1.714688974
1.713537091
1.714055901
1.713499272
1.714777824
1.711244061
1.714469746
1.703424003
1.717281889
1.704603476
1.711966331
1.759805689
1.749854575
1.752322739
1.765245734
1.700095962
1.726118102
1.726478127
1.725751254
1.725311059
1.763490318
1.707877357
1.708693791
1.797766533
1.795881214
1.710120593
1.705802805
1.706656595
1.7133489
1.746802496
1.754047052
1.722220423
1.719879286
1.700904608
1.785835942
1.787573614
1.789250827
1.764373486
1.779330518
1.706644661
1.771346135
1.704799682
1.703355777
1.699944295
1.721719357
1.702629661
1.703676659
1.704885204
1.782551032
1.724913683
1.754022685
1.771840709
1.739570461
1.743922614
1.74059093
1.733128619
1.727770436
1.734348396
1.728291459
1.734285368
1.743713759
1.727885974
1.78208983
1.784870146
1.779516325
1.786933365
1.726653463
1.733664833
1.729443524
1.741246141
1.75066031
1.71044158
1.709640104
1.708598307
1.759486833
1.713299624
1.714894368
1.712699939
1.713623889
1.714907804
1.70954105
1.700815709
1.715882724
1.702327537
1.710477294
1.75440828
1.759031365
1.748113401
1.749830003
1.762169801
1.701557987
1.727257335
1.723754788
1.723770858
1.723651345
1.7256897
1.759852939
1.705613182
1.706446468
1.785240323
1.784604325
1.709386039
1.703009973
1.703166041
1.723727225
1.719125634
1.717919376
1.697416003
1.775516636
1.775690495
1.77809806
1.760431021
1.771262978
1.703642128
1.768095683
1.756419689
1.708102121
1.764977049
1.707850616
1.767959291
1.722173472
1.711037747
1.701441606
1.702375536
1.700345376
1.696655086
1.697352113
1.718855793
1.705658037
1.704500911
1.707046078
1.771353035
1.72073149
1.752451848
1.74565192
1.731657341
1.738829488
1.74265031
1.739174409
1.732869485
1.739204484
1.728973423
1.733629815
1.724540318
1.768832449
1.772856512
1.767441505
1.774473327
1.723490122
1.727395253
1.733850241
1.740794905
1.745834595
1.712810218
1.712215352
1.711764539
1.714847179
1.715159873
1.713837097
1.711805116
1.707381795
1.697966162
1.715134394
1.711763904
1.699589875
1.709030383
1.753288406
1.75600012
1.757138883
1.748879463
1.752650091
1.742939724
1.758025655
1.703169867
1.729831123
1.721380979
1.721155548
1.724493491
1.726825157
1.755659825
1.703038796
1.703726573
1.772387675
1.704586721
1.699230835
1.725708659
1.720053944
1.717042417
1.716166386
1.694004277
1.694392281
1.766930888
1.765645152
1.766732546
1.756381538
1.762438161
1.698682564
1.701263209
1.757531817
1.747012526
1.710286696
1.707435685
1.759765752
1.759304705
1.762023941
1.722037042
1.720478452
1.713358274
1.714154046
1.710133987
1.714762882
1.756659326
1.723170192
1.758420468
1.697824462
1.698851945
1.699833173
1.694284402
1.694679848
1.716087364
1.713390829
1.709137772
1.707515457
1.705039974
1.759362642
1.718712644
1.74930928
1.744604936
1.738237299
1.735330509
1.727924316
1.731350761
1.745384771
1.74046418
1.735200886
1.726430194
1.722362073
1.732183607
1.758035771
1.762152592
1.756743465
1.761018208
1.722359011
1.72806025
1.733399583
1.736563615
1.739173446
1.714644908
1.714349988
1.715422841
1.714258357
1.711703103
1.705274629
1.69523157
1.692127253
1.695346435
1.708147115
1.750135878
1.754065875
1.755391332
1.754798601
1.750684289
1.741088494
1.753125763
1.729835362
1.717932263
1.718753814
1.718367763
1.725860129
1.751806909
1.700035337
1.700939248
1.699466561
1.70465112
1.702299567
1.695042783
1.717105412
1.719652966
1.7151824
1.714356195
1.691642617
1.691660892
1.756112512
1.756757986
1.750236105
1.754041621
1.696901017
1.694427128
1.748667916
1.74154299
1.710189928
1.707210792
1.752177097
1.750742475
1.75328866
1.718950873
1.720827106
1.722971232
1.715188436
1.712574985
1.715321666
1.715638901
1.714740728
1.716066067
1.748698156
1.749417395
1.725259592
1.721218748
1.749570927
1.716962294
1.748666417
1.742966064
1.748986993
1.74250569
1.752209361
1.748755519
1.692976005
1.699206439
1.713623052
1.745541199
1.723495751
1.695138803
1.69643423
1.691821609
1.69216815
1.712769273
1.715700458
1.712095702
1.709160825
1.707228141
1.748234858
1.748771593
1.719302327
1.739456538
1.736334412
1.728324469
1.732950492
1.728207048
1.746041834
1.741180469
1.735505584
1.718368484
1.723152518
1.716709325
1.748738323
1.754185275
1.74869507
1.723705279
1.727592076
1.730484107
1.733840467
1.736865134
1.715653566
1.714404149
1.71175886
1.702583262
1.690755146
1.689827277
1.70741245
1.749418962
1.753680292
1.753693453
1.7517422
1.739497331
1.747838389
1.748029131
1.729917186
1.717242674
1.717106235
1.716844201
1.717144215
1.725237874
1.748226347
1.696320617
1.697192732
1.694878396
1.701898456
1.704056428
1.690130405
1.715310584
1.717677415
1.712369273
1.689778767
1.689468912
1.745024759
1.748011016
1.737774967
1.741973022
1.692288202
1.69076371
1.742476469
1.710786842
1.707607248
1.740005174
1.717269686
1.719431583
1.720906241
1.716079729
1.71559341
1.715525513
1.715492718
1.716434609
1.715686218
1.740018379
1.735354433
1.737931662
1.74079365
1.719391079
1.733039568
1.736872506
1.742888633
1.730014836
1.751290381
1.741795447
1.689453788
1.695610844
1.698150329
1.712157241
1.713854099
1.737606409
1.721762889
1.725873791
1.688426715
1.732459794
1.734603185
1.697413917
1.714544376
1.69168635
1.716620931
1.692539452
1.689715991
1.714065134
1.717391843
1.711987679
1.714361764
1.70974349
1.734991609
1.720511549
1.724082479
1.716726283
1.729854811
1.745378999
1.740158939
1.735829677
1.717064481
1.717288224
1.74291396
1.745347594
1.741134758
1.723120058
1.725937957
1.729152662
1.732903221
1.737866551
1.713960923
1.710344957
1.704089045
1.698785493
1.688623892
1.747820672
1.751700973
1.750706248
1.747951989
1.735184862
1.740922785
1.743887053
1.743629823
1.731996924
1.728120547
1.717352972
1.71737665
1.717368058
1.717197146
1.722115498
1.723659721
1.744778739
1.6926837
1.693098172
1.692533204
1.70039703
1.705724412
1.702355562
1.689102603
1.689911617
1.715876321
1.710282295
1.688306213
1.687719849
1.730415631
1.741882778
1.717155875
1.725876692
1.733020197
1.690738229
1.709355009
1.712410488
1.717411842
1.717558509
1.714232698
1.712770208
1.716179561
1.715058066
1.712475181
1.723361072
1.72435133
1.716091324
1.727167362
1.717420646
1.732657768
1.71787671
1.720866131
1.72242436
1.727456079
1.728467498
1.717340903
1.749106936
1.735473768
1.693188576
1.695796979
1.712338349
1.710984516
1.713552803
1.725306148
1.724623829
1.720367989
1.687413239
1.729103216
1.719105849
1.693672921
1.711542515
1.69094819
1.691928051
1.716787329
1.715469238
1.69974894
1.716930219
1.716253326
1.71688855
1.749215366
1.742946523
1.709806781
1.701677818
1.700681217
1.721267297
1.689454269
1.688079655
1.715196858
1.71876972
1.71511451
1.712437767
1.716779621
1.717091622
1.717185931
1.717159815
1.727582626
1.744992478
1.739717487
1.736512545
1.734092334
1.717151714
1.716757403
1.738368445
1.738301839
1.734622266
1.722001924
1.725553969
1.731087061
1.734459503
1.70860661
1.704024231
1.699197834
1.694440625
1.68823376
1.746455641
1.748753892
1.746211085
1.743454233
1.733212924
1.738713742
1.740780206
1.739125695
1.730704172
1.727183593
1.716946982
1.717078721
1.716758917
1.716201635
1.716698807
1.740117301
1.689158336
1.689621804
1.692460087
1.697948568
1.707984305
1.704424247
1.688984394
1.689908475
1.714384563
1.707918929
1.709665675
1.687122715
1.686836693
1.715950042
1.712112354
1.7369629
1.716337764
1.716717813
1.728750817
1.722926757
1.711367812
1.716969452
1.71614822
1.709910814
1.708447195
1.706744174
1.71694194
1.712039867
1.710103113
1.705880497
1.714683231
1.715043711
1.714142056
1.71774165
1.709021738
1.711119827
1.711874319
1.728932208
1.693229072
1.693598063
1.694367899
1.711114749
1.709877873
1.711774024
1.711928891
1.723355913
1.7175406
1.720501959
1.686690498
1.687552018
1.728192428
1.710327325
1.690174562
1.691021947
1.716456793
1.712840331
1.696661813
1.714627354
1.746869185
1.741897446
1.699040409
1.699921771
1.696413708
1.703526906
1.699332557
1.719126812
1.724409244
1.714948473
1.708878297
1.728811339
1.716338696
1.725478818
1.686901491
1.715141012
1.718397177
1.715536107
1.717214043
1.715186162
1.716931668
1.722902349
1.725806623
1.743200387
1.738488628
1.734538058
1.732136581
1.716101912
1.715442051
1.734422087
1.733091403
1.733204792
1.729614027
1.722151976
1.729802679
1.731906402
1.7014623
1.696307155
1.690954366
1.688488836
1.743473981
1.745846436
1.742927204
1.740851787
1.738028271
1.732380307
1.734816617
1.736488659
1.736297591
1.728294529
1.724450831
1.715819038
1.71604632
1.715589407
1.71477722
1.714733594
1.73473942
1.686716862
1.686878171
1.691671864
1.693045327
1.694757225
1.707444093
1.689961639
1.711366164
1.70797486
1.705599253
1.686066909
1.712283405
1.709052759
1.710577585
1.732596672
1.714406019
1.715221677
1.715822918
1.721549165
1.715669319
1.711394648
1.715052263
1.703558235
1.700544009
1.698949838
1.70636629
1.703310535
1.697939782
1.713034913
1.712759376
1.713832283
1.706958774
1.702537093
1.704506138
1.697043667
1.704492305
1.724164454
1.693830213
1.694204332
1.708960165
1.709201757
1.71413203
1.717270348
1.719719516
1.687110267
1.686244422
1.727555796
1.707657985
1.687163848
1.713940246
1.71689724
1.708093975
1.695835175
1.743884785
1.739688308
1.695564154
1.698052113
1.697101535
1.697894782
1.699493414
1.703793233
1.717259596
1.713021545
1.713547565
1.724042948
1.727541846
1.715078233
1.725064782
1.725494094
1.714729229
1.693860783
1.700551462
1.734798542
1.685560768
1.715023238
1.71848144
1.717300498
1.713195346
1.715331795
1.720559789
1.740064997
1.734630948
1.729379294
1.726587013
1.714600844
1.713828168
1.730135177
1.731186361
1.728421356
1.728754983
1.721882089
1.728364693
1.694572442
1.690581118
1.687412024
1.689315813
1.687921907
1.740955973
1.739003877
1.736600671
1.731763152
1.729391798
1.7318034
1.731202012
1.732681222
1.721350697
1.714111989
1.714260631
1.71397419
1.712973304
1.71254352
1.713448517
1.728390946
1.685169246
1.68499768
1.692909124
1.691230828
1.693928384
1.69533209
1.707785765
1.707904797
1.710244372
1.705729444
1.706941787
1.703715424
1.685815305
1.709152824
1.710570331
1.707765571
1.705607976
1.728349432
1.712333993
1.71344767
1.71438886
1.711550549
1.715833841
1.711645535
1.695631936
1.692346301
1.691847358
1.697085705
1.692891859
1.712022973
1.711172903
1.710734277
1.705010451
1.69987025
1.701947228
1.69278905
1.698699218
1.719296178
1.694758719
1.706139542
1.712882507
1.716316554
1.68696975
1.726070622
1.68491114
1.715177696
1.709645366
1.702333834
1.696814716
1.736262022
1.695239063
1.698128809
1.699862186
1.699303186
1.699956032
1.703438835
1.713702392
1.710592972
1.711140161
1.723937643
1.719960569
1.713266426
1.723699973
1.721862106
1.713083174
1.692788573
1.692107024
1.694435877
1.727372677
1.729346734
1.724972754
1.70863706
1.72497594
1.688457075
1.731824827
1.685004775
1.68515182
1.7149196
1.718494994
1.715875976
1.711087009
1.713645445
1.716143822
1.733073061
1.724558972
1.718699357
1.712743319
1.711736168
1.726265825
1.727362309
1.723600896
1.724198365
1.720949083
1.724761509
1.688268029
1.685575145
1.688793813
1.691214377
1.734706852
1.729406754
1.723610196
1.727160548
1.728317503
1.727865711
1.725231607
1.71188275
1.712112104
1.712283097
1.711949436
1.710801927
1.709649326
1.711026005
1.721319836
1.684439662
1.683928432
1.694369712
1.693260681
1.695100112
1.696517581
1.706988392
1.707469892
1.705557853
1.709551777
1.704331849
1.702658117
1.686408463
1.687631736
1.707837891
1.705836869
1.709025039
1.701908372
1.702647626
1.723720305
1.710033764
1.711352645
1.712559046
1.702289502
1.709961696
1.709339254
1.688675257
1.685528099
1.686186857
1.68813481
1.709740811
1.708251716
1.698309249
1.692091042
1.691882384
1.714145902
1.704412548
1.713169547
1.710940183
1.722736528
1.683550142
1.711130506
1.70409055
1.696356075
1.698742929
1.728549834
1.692290103
1.694520188
1.700329775
1.70200559
1.701692337
1.701956905
1.701862174
1.70793728
1.719709689
1.71741655
1.711167515
1.720337585
1.716299538
1.710927105
1.686286424
1.686926604
1.689090711
1.71857618
1.720135387
1.721578753
1.721982241
1.70603907
1.717574018
1.715581488
1.68414636
1.683355238
1.683327058
1.70341519
1.72236895
1.685711866
1.712011273
1.716827097
1.711893591
1.708585857
1.71156423
1.715796763
1.713995352
1.721082054
1.720615104
1.724518215
1.710986932
1.712608235
1.705340168
1.705167772
1.710410713
1.708965524
1.721962854
1.722811264
1.718225687
1.718778565
1.720752191
1.683485504
1.690955123
1.693770515
1.716421746
1.71401921
1.716680247
1.724110165
1.724357884
1.719366248
1.709426338
1.709619419
1.709199274
1.707494084
1.715453901
1.684670862
1.683857784
1.695362133
1.696197394
1.698545072
1.702429253
1.705913281
1.707871254
1.704190731
1.709679935
1.703139878
1.702105285
1.688592153
1.705079938
1.70635905
1.702839428
1.698132471
1.6998444
1.716751968
1.707405362
1.708855228
1.710273454
1.695007059
1.691992047
1.703807573
1.705794268
1.703550108
1.683558654
1.681648877
1.682433107
1.707015116
1.705370115
1.694863029
1.691553218
1.691266713
1.704415401
1.712091747
1.717825413
1.683139265
1.705550808
1.697920749
1.690952186
1.701396299
1.692201428
1.691292426
1.703754783
1.704096176
1.704458429
1.704862275
1.717941094
1.71033211
1.682582453
1.683332857
1.685233445
1.711556198
1.7119345
1.712699403
1.719748761
1.703172181
1.710006238
1.708588912
1.681408776
1.682555537
1.682121945
1.705471351
1.720762214
1.717853271
1.691768842
1.694051631
1.704780231
1.686690089
1.687020418
1.703677843
1.708254227
1.711238294
1.705743472
1.705781651
1.709078179
1.715353447
1.710641091
1.71067815
1.70345478
1.703500438
1.701653195
1.700278706
1.707807918
1.706677828
1.706098708
1.716136651
1.716657203
1.709692711
1.681551959
1.692281093
1.696812142
1.707106094
1.711269259
1.708110932
1.721163249
1.713880162
1.706887748
1.706992894
1.704291488
1.685981391
1.684688864
1.697872238
1.700863251
1.705550976
1.706414638
1.707952527
1.703166738
1.709259604
1.711791068
1.701796754
1.689849456
1.702376728
1.703097911
1.699757891
1.694454926
1.696670892
1.706929487
1.702593606
1.704492032
1.705972278
1.707618282
1.692741775
1.692219542
1.70531363
1.706695818
1.680325799
1.680667475
1.680210424
1.68050636
1.703943618
1.702495645
1.69205365
1.691623544
1.691059859
1.693540987
1.696604199
1.708347656
1.683527946
1.699165064
1.69150352
1.703955003
1.690843744
1.706098546
1.706670577
1.701513925
1.681120619
1.682037644
1.683202485
1.708084999
1.705574919
1.706363293
1.718038948
1.702462973
1.702175216
1.682367024
1.681575233
1.717455594
1.719281917
1.71465565
1.695820194
1.704849153
1.684162002
1.685354682
1.68788011
1.691501897
1.703394602
1.703749062
1.689913928
1.706186008
1.706632372
1.703170599
1.702462257
1.698349755
1.70245247
1.706132113
1.714314955
1.703085475
1.702292964
1.698683348
1.698995455
1.698891037
1.69719136
1.704886666
1.704071485
1.703162193
1.70220248
1.695577188
1.681346803
1.693136416
1.695598124
1.700148705
1.699481316
1.702010364
1.709086729
1.706960422
1.704436523
1.718108881
1.711736203
1.70421291
1.700939132
1.68773327
1.685840876
1.703561811
1.708047823
1.706895679
1.701922397
1.711162741
1.709484929
1.699425098
1.696268104
1.692932247
1.698839145
1.697432171
1.702540293
1.704560126
1.69284353
1.707922119
1.68085156
1.681362644
1.681781757
1.681346649
1.681294466
1.699379953
1.690912627
1.692501285
1.690998152
1.693900282
1.694959403
1.702123381
1.683976684
1.69341618
1.706528271
1.690558311
1.708006603
1.708153716
1.698419601
1.682169341
1.683216301
1.683667572
1.702006117
1.716811874
1.697204429
1.697315939
1.682683517
1.715324022
1.698556672
1.705293722
1.684257912
1.684606968
1.684241609
1.688339846
1.692088199
1.703988428
1.701006234
1.700833344
1.704536857
1.684954207
1.694368388
1.691642646
1.708745002
1.704963904
1.707247058
1.708090197
1.709106425
1.705980225
1.69072301
1.699712677
1.702469369
1.715672716
1.713446635
1.697298783
1.698071568
1.696315561
1.696036716
1.694476016
1.70027094
1.700282238
1.701511543
1.696631621
1.683945709
1.697217387
1.702969657
1.702251476
1.698155688
1.704337353
1.707403029
1.70157195
1.715234443
1.712924082
1.710729633
1.696338774
1.689199358
1.686953412
1.706532068
1.709432193
1.709435681
1.708626675
1.706837977
1.703193619
1.711845832
1.710721366
1.694311179
1.690589657
1.699307556
1.699700151
1.694358987
1.683936677
1.684220238
1.68475704
1.684486104
1.696478963
1.693746811
1.693733284
1.691337973
1.705348402
1.703659269
1.709104044
1.690514244
1.685648253
1.686823189
1.68640308
1.698802368
1.695518808
1.694883193
1.695197724
1.686253945
1.701204735
1.705482227
1.686462215
1.683305054
1.684436798
1.68529552
1.693777207
1.693136513
1.698159443
1.697930869
1.697637005
1.706968789
1.688565731
1.690120894
1.701255438
1.696025534
1.698344408
1.693402178
1.70991405
1.710429318
1.708364524
1.710607325
1.684098939
1.696142314
1.699092726
1.714986247
1.714041005
1.695823537
1.693493459
1.693276841
1.691859186
1.695392109
1.696847079
1.704006612
1.695928006
1.698336447
1.688325661
1.689793714
1.700260736
1.705960193
1.705525327
1.696647427
1.701268053
1.703846467
1.707674042
1.698952879
1.713717213
1.710901205
1.692875081
1.690902765
1.709136113
1.71066879
1.707649965
1.70978219
1.704512279
1.712616672
1.711973171
1.690708306
1.695968185
1.689094611
1.688259155
1.69007798
1.689692635
1.691982012
1.692162549
1.706222147
1.710784173
1.690950499
1.69131503
1.692362317
1.690708913
1.693707416
1.692506258
1.694142195
1.692899485
1.691127809
1.704168887
1.706491435
1.690632851
1.68382268
1.681632736
1.688046453
1.695514366
1.69560614
1.694480703
1.694453774
1.694886925
1.694326073
1.708224988
1.693361795
1.689854561
1.699981681
1.702469302
1.713118499
1.69214439
1.70411355
1.700640046
1.697988715
1.702628542
1.696012195
1.711463619
1.709943634
1.711784425
1.711949022
1.679260975
1.692386352
1.694791659
1.714491891
1.714092584
1.694954209
1.690998837
1.690636592
1.68969041
1.691010118
1.692565092
1.704410948
1.69797146
1.695321963
1.693752205
1.696479896
1.709138551
1.708942068
1.707838736
1.697296869
1.700076692
1.708133124
1.711800227
1.711700808
1.712022679
1.708788364
1.710837675
1.705882358
1.712532436
1.689539162
1.691877881
1.695477377
1.694274283
1.696635041
1.696407975
1.689571252
1.694254183
1.691763572
1.707263453
1.698660574
1.69727865
1.691509368
1.69014649
1.692992176
1.691288684
1.706653003
1.707926695
1.695701198
1.685851864
1.680648594
1.691882194
1.697209818
1.691442215
1.690547502
1.709406914
1.699067905
1.690197921
1.701306821
1.713777719
1.689578139
1.700050033
1.70482354
1.701545462
1.704827425
1.701711151
1.713048375
1.712673094
1.711214522
1.713421652
1.676893468
1.689461187
1.690406647
1.713572086
1.696121379
1.692529499
1.688541539
1.688679334
1.6886216
1.688796753
1.703737764
1.705893495
1.700256481
1.701725847
1.702077171
1.700208247
1.702989441
1.712230698
1.71134864
1.710572166
1.70679616
1.709951761
1.713240715
1.710135128
1.711890342
1.707282261
1.713186869
1.689409102
1.688871297
1.702457621
1.700911185
1.703643536
1.703254282
1.688860519
1.696787847
1.693475047
1.708716993
1.705241937
1.703424131
1.689411273
1.688274907
1.689538168
1.709160775
1.709238678
1.700807011
1.688836711
1.681381305
1.696058905
1.699556369
1.688331931
1.688029528
1.710692028
1.704785724
1.70413205
1.69183485
1.713341815
1.687416218
1.697362053
1.701833555
1.69238509
1.707961349
1.714735064
1.714190635
1.712299107
1.713821711
1.714667254
1.676983291
1.688379275
1.687665821
1.711698004
1.693497998
1.690244038
1.687387743
1.687219548
1.687039237
1.687055913
1.706362584
1.707410219
1.702767569
1.708143619
1.707998862
1.708454562
1.706318335
1.709845054
1.714219161
1.713472971
1.704669827
1.707478332
1.710922709
1.712635105
1.708732249
1.712988487
1.692870094
1.690172392
1.687968865
1.709270379
1.707950539
1.710403595
1.70990491
1.700638971
1.696023013
1.710708672
1.711441567
1.708987399
1.687748556
1.687924123
1.712329439
1.705518114
1.683341549
1.700100229
1.68706514
1.686756375
1.708984099
1.712256895
1.686621874
1.694686655
1.69890571
1.695686353
1.686381
1.713655809
1.715674453
1.716971441
1.715309076
1.713404449
1.716659566
1.678978482
1.689778464
1.68827623
1.709811549
1.691161208
1.688558546
1.686500971
1.686734864
1.686453208
1.687404526
1.705475179
1.709144331
1.709928842
1.712754109
1.713391509
1.71400178
1.713798848
1.714528158
1.715866624
1.713301334
1.716732652
1.716274929
1.701271637
1.705239822
1.710086363
1.711635133
1.712435505
1.712426574
1.694338224
1.69786316
1.71529023
1.71389952
1.716385893
1.715840926
1.703471493
1.712884284
1.716379113
1.71345511
1.686873848
1.709299983
1.703492801
1.686817939
1.710572799
1.68655968
1.692174733
1.696207696
1.698477331
1.688693213
1.717214173
1.687277524
1.718904565
1.71695458
1.719117223
1.718744822
1.71592469
1.682306281
1.692676277
1.691224387
1.707225399
1.689143754
1.687454972
1.686269316
1.6862978
1.68655983
1.688878671
1.708816377
1.712676775
1.717819978
1.718161018
1.718136448
1.718027768
1.718872503
1.719984589
1.719039313
1.720370257
1.702208948
1.697650245
1.711278503
1.712023574
1.711262805
1.7110944
1.699776231
1.698479935
1.70101691
1.720188796
1.718874374
1.721241906
1.720279225
1.706959603
1.719820044
1.716527272
1.686557165
1.711897585
1.706046641
1.707919916
1.689724169
1.693099114
1.700910802
1.691889788
1.687990934
1.715409721
1.689877143
1.722647144
1.723295929
1.721102551
1.721333883
1.718499291
1.720854186
1.685982718
1.697605135
1.692965107
1.696934688
1.703304058
1.687441232
1.68703763
1.687084215
1.691449904
1.712656908
1.721442892
1.721531436
1.721152244
1.72128285
1.721939596
1.723007909
1.723132137
1.698673121
1.694182995
1.711864917
1.711129578
1.708117602
1.708647807
1.705695028
1.704558446
1.722590152
1.723711739
1.724615297
1.723901419
1.72326602
1.711703483
1.721556768
1.718101534
1.686842214
1.713301514
1.707720734
1.704026205
1.702521303
1.694748447
1.689236739
1.717310528
1.690954646
1.688001729
1.725402495
1.725149392
1.726026503
1.725561357
1.723351039
1.723381985
1.720596697
1.723501528
1.689579608
1.704351049
1.69860382
1.696761774
1.702681451
1.699115487
1.687413186
1.690182777
1.690284679
1.688303147
1.693678554
1.716843968
1.723570012
1.723132205
1.723996069
1.723175797
1.723770838
1.724729886
1.725009003
1.694812296
1.710883789
1.708482483
1.703372239
1.704944059
1.711639877
1.710963751
1.725062119
1.726037931
1.72635891
1.725632184
1.724311887
1.71670658
1.721878836
1.718391224
1.713594363
1.708036972
1.70344532
1.697071093
1.691359061
1.689231153
1.688727641
1.688586967
1.727059478
1.726505577
1.725936086
1.727294389
1.726961211
1.725808268
1.721190697
1.723919347
1.725960727
1.692862683
1.712574983
1.709291277
1.704570906
1.702992233
1.699501143
1.708376071
1.698374537
1.694619611
1.689654354
1.695787829
1.692049717
1.695137134
1.724119392
1.724709739
1.724031773
1.725416894
1.724506734
1.725241003
1.707651374
1.703777191
1.700093801
1.718105539
1.716930358
1.72639322
1.72699718
1.72677085
1.725803458
1.723884969
1.721096978
1.718082407
1.710886037
1.714500213
1.707244774
1.703706107
1.698806062
1.691266757
1.689426035
1.68944793
1.690496696
1.691476269
1.700205134
1.727513797
1.726868691
1.726342658
1.725596472
1.727899727
1.727766197
1.723038455
1.725088568
1.726698159
1.727574794
1.695736746
1.718948092
1.715803204
1.714321993
1.709465859
1.711109129
1.705926051
1.70233416
1.694313842
1.693960405
1.700846627
1.697389242
1.724111138
1.724462871
1.725187609
1.724397286
1.725985886
1.72486808
1.702770956
1.6970923
1.721871503
1.726741687
1.726837867
1.725988781
1.724742431
1.722353782
1.719374447
1.716674641
1.712951281
1.709890621
1.706607692
1.703634425
1.689526131
1.69100455
1.691628373
1.690002753
1.694060732
1.695831682
1.700823568
1.72667943
1.727512704
1.725826371
1.725386986
1.724632273
1.728063161
1.728245916
1.726465141
1.72566619
1.727680162
1.728157665
1.697918009
1.721196155
1.723700982
1.719910798
1.71707943
1.715685033
1.712303838
1.708811274
1.707023552
1.692383098
1.699367003
1.703354993
1.723632366
1.723991238
1.72383512
1.724440855
1.725097261
1.724004972
1.725863916
1.697146822
1.726232068
1.725698784
1.724204294
1.722680789
1.719937903
1.716774673
1.714291533
1.710881357
1.70834127
1.705554052
1.703192747
1.68940061
1.689349062
1.695254755
1.692332022
1.690729595
1.698683071
1.701054395
1.701271496
1.702398528
1.726278825
1.725259349
1.727229184
1.7244146
1.724065579
1.723425381
1.727731245
1.728312936
1.728177139
1.728357654
1.727058645
1.728573277
1.728711919
1.699469845
1.725397718
1.724438466
1.722136684
1.721015032
1.718055026
1.714867573
1.713290487
1.709269302
1.689735881
1.692047829
1.70538194
1.722946912
1.723014725
1.723509338
1.722954956
1.724004664
1.72453097
1.725123084
1.724894217
1.72371554
1.721418142
1.719809455
1.716811466
1.713563229
1.711420869
1.708314988
1.706394621
1.704144469
1.689005464
1.688265799
1.699684386
1.69586811
1.693416001
1.690307607
1.70372141
1.706073217
1.701216492
1.701270412
1.702471138
1.709982877
1.72580897
1.724648957
1.723764962
1.726494408
1.722954913
1.722752835
1.72227214
1.727495127
1.728314651
1.729047854
1.729376216
1.729197627
1.72819214
1.72878308
1.700225674
1.727651747
1.725918582
1.725240759
1.722825282
1.720092482
1.718723494
1.715398675
1.71176158
1.688172538
1.721952288
1.722121481
1.72232485
1.722861506
1.723246037
1.72342004
1.723712745
1.722529947
1.722875478
1.720521138
1.717883488
1.716249742
1.713033386
1.709787755
1.708147755
1.705542703
1.704186724
1.688454023
1.687398533
1.704395942
1.700007941
1.696773511
1.692348373
1.708693006
1.71126677
1.700698873
1.699913128
1.700635398
1.701803703
1.715046402
1.724377121
1.725020836
1.723035675
1.723381478
1.722330016
1.726191988
1.72176529
1.72165765
1.721303902
1.72732129
1.728036795
1.72963415
1.729775678
1.729443658
1.728947004
1.729330387
1.700169054
1.728166496
1.726487954
1.724219924
1.722949541
1.720190499
1.717046152
1.686017776
1.721091847
1.721387404
1.721433592
1.721962692
1.722007441
1.721615043
1.721437068
1.720096184
1.71921833
1.716718436
1.713745201
1.712012826
1.708516096
1.705400735
1.702803
1.689085364
1.704311865
1.70895811
1.700261154
1.694545028
1.713286386
1.715806609
1.699811786
1.698459664
1.698779914
1.699441695
1.699860601
1.719288111
1.723648715
1.722998082
1.7248158
1.721814369
1.722150779
1.72129749
1.72605571
1.720880932
1.720782803
1.720459766
1.726905603
1.728050848
1.729932566
1.729968912
1.72952157
1.728704188
1.729533788
1.699431311
1.728506027
1.727033447
1.7259304
1.723787621
1.721204066
1.686215658
1.72039609
1.720326315
1.720583427
1.720040643
1.718872912
1.718345233
1.716327264
1.715088933
1.712220632
1.709065329
1.707341909
1.704355268
1.701671988
1.691271618
1.708400787
1.704092344
1.713005783
1.697934188
1.717083338
1.719358091
1.698766303
1.697118083
1.697449698
1.697315496
1.697268909
1.698347782
1.72230247
1.723600591
1.722524728
1.721946834
1.72481444
1.720953488
1.72124539
1.72052568
1.725846431
1.720111795
1.719963357
1.719610317
1.727316524
1.729420222
1.729704916
1.72977961
1.728570719
1.729360605
1.698292591
1.728484433
1.727637982
1.726097784
1.724063442
1.687855413
1.719175341
1.718601668
1.718422894
1.717091082
1.715092675
1.714404062
1.711670073
1.710351519
1.707294818
1.704196743
1.702849482
1.700343122
1.694467813
1.707516101
1.71190815
1.701380039
1.71653609
1.720794614
1.696050802
1.69567212
1.696583256
1.695252806
1.695632931
1.696850825
1.723875841
1.718890496
1.722604485
1.72371939
1.721633657
1.721154859
1.724701215
1.720250123
1.720524318
1.719742304
1.726099283
1.719143802
1.71891458
1.718213793
1.727431697
1.728877741
1.728441326
1.72925138
1.729267559
1.728841828
1.697057073
1.72818791
1.727199133
1.725697778
1.690598497
1.717231039
1.715964595
1.715249602
1.712982701
1.710354081
1.707034811
1.705272146
1.702261515
1.699600589
1.69867488
1.697688721
1.710271338
1.704398189
1.714613189
1.722248585
1.695196331
1.694632153
1.693950067
1.695705263
1.693766787
1.694151551
1.695374135
1.724657044
1.719804179
1.716251236
1.722710075
1.721571766
1.723627485
1.720573944
1.724947043
1.719730058
1.719325987
1.718529815
1.726257144
1.717589714
1.717212666
1.716006499
1.727294353
1.727727278
1.728232634
1.728419575
1.728397006
1.727770639
1.696021953
1.727235076
1.72624114
1.693873341
1.714330137
1.712369489
1.711128955
1.708525122
1.705236849
1.702006926
1.700283239
1.697495679
1.695632298
1.700621831
1.706842349
1.712222963
1.722533809
1.694044856
1.694664041
1.69333329
1.692802943
1.695116241
1.692625145
1.693022342
1.724457404
1.716868448
1.719855771
1.713371694
1.721538702
1.722381154
1.720440767
1.723662008
1.719349722
1.724931207
1.718301487
1.717733464
1.716385054
1.725968
1.714990482
1.714654088
1.712734134
1.72631518
1.726865759
1.727154385
1.72710332
1.726374935
1.695310167
1.725872386
1.697183734
1.710566724
1.708054527
1.706593155
1.703693783
1.700430649
1.697582386
1.695947408
1.693697248
1.703104942
1.70863668
1.721928215
1.693263299
1.693891637
1.694316582
1.692620979
1.692111139
1.694688175
1.691943596
1.692109475
1.723449271
1.713894644
1.71695858
1.718936158
1.709894892
1.69481299
1.719958536
1.720647808
1.721956972
1.718755587
1.723208867
1.717379405
1.724314532
1.715948568
1.714992835
1.712569039
1.724431855
1.711297103
1.708936153
1.725104923
1.725458595
1.725452801
1.724876119
1.724706383
1.694853343
1.700150453
1.706243574
1.703469038
1.702009569
1.699241772
1.696508137
1.694406423
1.693310091
1.705005324
1.720649845
1.693734663
1.693339198
1.692871634
1.69414716
1.692361965
1.691983248
1.69441696
1.691906924
1.692168428
1.721828854
1.715518573
1.712743958
1.710141454
1.717566336
1.7064792
1.717595843
1.718143697
1.719540124
1.720913821
1.716170444
1.722095479
1.714411564
1.712590215
1.711431388
1.708339043
1.722782688
1.721848477
1.706915361
1.704511841
1.723223515
1.72329413
1.722728319
1.722942334
1.694201196
1.694484656
1.70254732
1.701820071
1.699057743
1.69809793
1.695818814
1.694004619
1.692761248
1.718893699
1.693544361
1.693756375
1.693321878
1.692993359
1.693959965
1.692682471
1.692593384
1.692318226
1.692557841
1.719682272
1.712418323
1.714490651
1.710016541
1.707002718
1.715930504
1.693567632
1.714583161
1.714397422
1.716247922
1.71768586
1.718776536
1.712508922
1.718710334
1.710528378
1.708392914
1.707109303
1.703753473
1.719409861
1.720214666
1.70242568
1.700286598
1.720494619
1.720040024
1.720585369
1.693702863
1.693962861
1.704193018
1.698168622
1.695463526
1.696292167
1.694012974
1.693039377
1.71672469
1.693538247
1.693462283
1.693510899
1.693563995
1.693521635
1.693590247
1.693242165
1.693381577
1.693340147
1.716981417
1.709773211
1.711479449
1.713009873
1.707464132
1.713851286
1.69293781
1.692886192
1.711169555
1.710446478
1.71040501
1.712270472
1.713661322
1.714696327
1.714541282
1.708377057
1.715333704
1.706078712
1.703768214
1.702474696
1.699457003
1.716296968
1.716904039
1.698395719
1.696806926
1.716650787
1.717738261
1.6929693
1.693173899
1.705160869
1.6953771
1.69448464
1.694037429
1.693540294
1.714053765
1.693689137
1.693304538
1.69298015
1.694018351
1.69432852
1.694394762
1.694365647
1.694332598
1.694617509
1.694121578
1.713423831
1.714190753
1.70747125
1.709066877
1.7101373
1.711341225
1.692170043
1.692087021
1.692013489
1.708528182
1.708924689
1.707527349
1.706198612
1.705746288
1.70904217
1.710041347
1.709735106
1.71052476
1.703850863
1.711646068
1.701559099
1.69925861
1.698231117
1.695979613
1.712526755
1.712321034
1.695359114
1.694513468
1.713582434
1.692092003
1.692173806
1.705446146
1.694028784
1.69395373
1.693989351
1.710765956
1.693894273
1.693241159
1.69260667
1.694374089
1.694855455
1.695141848
1.695398488
1.695374125
1.695076447
1.694656324
1.709900095
1.710054459
1.706989794
1.707957764
1.708399372
1.691666855
1.691190887
1.691153401
1.691116918
1.706794066
1.706395468
1.706287295
1.703118206
1.704352566
1.701925598
1.701410249
1.705227327
1.70493653
1.705434057
1.706519247
1.699668215
1.707585841
1.697739349
1.695575989
1.695911826
1.694509758
1.693603759
1.707476718
1.708889947
1.693565833
1.693510179
1.691174487
1.691186225
1.691165232
1.705128721
1.693801434
1.694297319
1.707230362
1.693685486
1.693144838
1.692299138
1.694445479
1.695071259
1.695412634
1.6957227
1.695703718
1.695344512
1.694860056
1.705801575
1.705593078
1.706078159
1.705118118
1.690682156
1.691166621
1.690382031
1.69039334
1.690411258
1.704798045
1.705444735
1.70391959
1.703362188
1.691403959
1.69930901
1.700271382
1.700860212
1.698305239
1.697771827
1.700417128
1.701146056
1.701439911
1.702557021
1.696250705
1.702511681
1.694647903
1.693488975
1.693203192
1.69267368
1.692535018
1.704030476
1.692870292
1.69339432
1.690426316
1.690289349
1.690515437
1.7042862
1.694126331
1.703376956
1.692517204
1.693337217
1.692117817
1.694156024
1.694519892
1.695135385
1.695494582
1.6954339
1.695023808
1.694458227
1.701558582
1.701088941
1.704358239
1.701639676
1.690127866
1.690364109
1.690542684
1.690035817
1.690047532
1.690121215
1.702633551
1.70358965
1.701333686
1.700390929
1.690988746
1.697898184
1.697150606
1.696494268
1.697454631
1.696886134
1.695733183
1.695124554
1.69714024
1.697695773
1.698069158
1.696982277
1.69790318
1.693920218
1.699360273
1.692831611
1.692155465
1.692049127
1.691973699
1.692228542
1.69278951
1.693585843
1.690204932
1.690345112
1.690242904
1.703120773
1.699554224
1.691264776
1.691926548
1.692686409
1.693008178
1.693709561
1.694333788
1.694611052
1.694319984
1.694152773
1.693784467
1.697651697
1.696927281
1.698251964
1.690209724
1.690183332
1.690255342
1.690353359
1.690287299
1.690222828
1.690335013
1.700553827
1.702021743
1.698917594
1.690413098
1.696853794
1.696076498
1.69574063
1.693086529
1.695300296
1.695224603
1.694902633
1.694713023
1.69450702
1.694163947
1.693596163
1.694494071
1.693896001
1.694213275
1.694160302
1.695357563
1.692702546
1.691979594
1.69159705
1.691604663
1.691734366
1.692077902
1.692647243
1.690672716
1.690871828
1.690678244
1.69050847
1.701520272
1.696261469
1.690708063
1.691176336
1.691294659
1.69200417
1.692480929
1.69298251
1.692779258
1.692924346
1.692902558
1.692366901
1.694257261
1.693611436
1.695106825
1.690741946
1.69094583
1.690781503
1.690490312
1.690398206
1.691109517
1.690950491
1.698549389
1.700164743
1.690183183
1.695253201
1.696819598
1.69407636
1.694227783
1.692040991
1.694326002
1.6938227
1.694443794
1.69443851
1.694082698
1.693299107
1.692800109
1.693531885
1.69294737
1.69215878
1.691956341
1.691693791
1.692415297
1.692188415
1.691591426
1.691273253
1.69130941
1.691401396
1.691590817
1.691279089
1.691646921
1.691886049
1.691173597
1.691009326
1.699776215
1.693393031
1.690168869
1.690052181
1.690297215
1.690718515
1.690483897
1.691010198
1.690777052
1.691093482
1.691307128
1.690954839
1.69091258
1.691972732
1.691475552
1.693055346
1.691903757
1.691900699
1.6921378
1.691311878
1.690690225
1.692257909
1.698431052
1.690074811
1.694207641
1.695462212
1.696920178
1.692871024
1.693350821
1.690524602
1.694329369
1.693969886
1.693280152
1.694501565
1.694336316
1.693949624
1.692481922
1.691736847
1.693322509
1.69263734
1.69119399
1.690725973
1.690824733
1.691781424
1.691123118
1.690692954
1.690720204
1.690612674
1.692356103
1.691812905
1.692684577
1.693286946
1.691550496
1.691423796
1.698074184
1.691788807
1.689726942
1.689405242
1.689311735
1.689028823
1.689084158
1.688890733
1.689157565
1.68942147
1.689085785
1.689412365
1.689006097
1.690925905
1.690600937
1.69201526
1.693309789
1.693403073
1.692817844
1.693408494
1.691925587
1.690998337
1.690440913
1.69450129
1.69332527
1.695669537
1.69677218
1.69246035
1.689310474
1.694821237
1.694658913
1.693999594
1.69310983
1.69478149
1.694436954
1.69380829
1.692276197
1.691190159
1.692942416
1.6922312
1.6905788
1.690884778
1.691336462
1.690201569
1.689641932
1.689645149
1.693439861
1.692661229
1.69203225
1.694190258
1.691607767
1.691462051
1.696642874
1.691228131
1.689585563
1.688936161
1.688482426
1.688093357
1.687744738
1.687718868
1.687810449
1.687576053
1.687722591
1.687807517
1.690865637
1.690778291
1.691778775
1.694734199
1.694475277
1.694400247
1.693587415
1.692555596
1.691964304
1.690767813
1.69402048
1.695128985
1.693140219
1.692476377
1.688213721
1.695067108
1.695162028
1.694820668
1.694094957
1.693344042
1.694678175
1.694122642
1.693129215
1.69219739
1.691231664
1.691968229
1.691201557
1.690115551
1.68963393
1.688866378
1.688244315
1.694167618
1.693252529
1.692373192
1.691820194
1.69491474
1.691295222
1.691021915
1.695720102
1.691383153
1.689679516
1.689061881
1.68824882
1.687779319
1.68726739
1.686996728
1.686738999
1.68665018
1.686722161
1.686864404
1.691385961
1.691503359
1.691959158
1.695387624
1.695501025
1.695078699
1.694266357
1.693770418
1.69257762
1.691279703
1.69379076
1.694666337
1.69302022
1.692529314
1.68686876
1.694831164
1.695082759
1.694774411
1.69417865
1.693214024
1.693866621
1.693023106
1.691678954
1.692201393
1.690282845
1.689579702
1.688487724
1.688064149
1.687373104
1.693513203
1.694473112
1.692461556
1.691620028
1.691235335
1.695074263
1.690750403
1.690119155
1.690274938
1.695272595
1.691831607
1.690442143
1.689096242
1.688076424
1.687294279
1.686933211
1.68648241
1.686200566
1.686094874
1.685996168
1.692005538
1.692254036
1.692192994
1.695673902
1.695829523
1.695468776
1.695242183
1.694448759
1.693221235
1.692393397
1.694416766
1.69355124
1.692438995
1.692719519
1.686187918
1.693500756
1.694412535
1.694630219
1.694291131
1.693714337
1.692949012
1.692136768
1.691143695
1.68953958
1.688260826
1.687823781
1.686874674
1.686621966
1.69223831
1.693255121
1.693798969
1.691265839
1.690615557
1.690421334
1.694789802
1.689679833
1.689543454
1.689594065
1.695031994
1.692162658
1.691008612
1.689664339
1.688648629
1.688159529
1.687362822
1.686669515
1.686187374
1.686004939
1.685765598
1.692294714
1.692596488
1.692141201
1.695501963
1.695754069
1.69551364
1.694810061
1.694104275
1.692967259
1.694112927
1.693138351
1.692029862
1.692128018
1.685780662
1.692489639
1.691520305
1.692844698
1.693572207
1.693505902
1.693396592
1.692996002
1.689989172
1.688868524
1.687243493
1.686469509
1.685901123
1.690715946
1.691649217
1.691739105
1.693020429
1.6900557
1.689699287
1.694099507
1.689230126
1.689304007
1.689374234
1.689369236
1.694657344
1.691954182
1.691670874
1.690555176
1.690059804
1.689056634
1.688126137
1.687242133
1.687089757
1.686439899
1.685915459
1.692152086
1.691682822
1.694846425
1.695062605
1.695258034
1.694934004
1.694326523
1.693419787
1.693716078
1.691286579
1.691315545
1.685803694
1.692969137
1.691661977
1.689470242
1.690864329
1.691876435
1.692047984
1.692351862
1.692333025
1.688115642
1.68720405
1.686182461
1.685835548
1.690129626
1.689516446
1.690901729
1.689588351
1.692014935
1.68926034
1.692985171
1.689458059
1.689209467
1.689508737
1.689729501
1.689817475
1.693973755
1.691237716
1.692486727
1.692080686
1.691061898
1.690001719
1.688966588
1.688389456
1.687183991
1.686777759
1.691280829
1.690866727
1.693457109
1.694494372
1.694575367
1.694606238
1.694318105
1.693747886
1.690403675
1.690504377
1.686338954
1.69230637
1.690974352
1.689131116
1.688042844
1.690183856
1.690391126
1.6909762
1.691223376
1.687098925
1.686494093
1.686328255
1.689008424
1.689000577
1.68907115
1.689875129
1.688601664
1.69072361
1.691246338
1.690476233
1.689964528
1.690275288
1.689438568
1.690377793
1.690540387
1.6908484
1.693024322
1.690270429
1.693637101
1.692799276
1.691920184
1.691040004
1.690478338
1.689066644
1.688556525
1.687824757
1.690238257
1.689969431
1.692691072
1.693099997
1.693718581
1.694058504
1.694072001
1.689691578
1.690056795
1.687550576
1.691551433
1.690536456
1.689106418
1.688368025
1.687679938
1.689857519
1.689477611
1.690103902
1.687269284
1.686982243
1.688904643
1.688360482
1.688306263
1.688765576
1.688943908
1.689101052
1.69041656
1.69185875
1.691501738
1.690779205
1.691590481
1.689896891
1.691594745
1.691539103
1.692044205
1.692400817
1.69208722
1.689510423
1.693672614
1.69377608
1.693224626
1.692666306
1.692273244
1.691087037
1.690621031
1.689853377
1.689481612
1.689503017
1.689384367
1.690916227
1.691942928
1.6927714
1.693348331
1.689439946
1.68965394
1.690021913
1.688440426
1.691061342
1.690505971
1.689345453
1.688994559
1.688654688
1.688477355
1.689489753
1.689459719
1.688676561
1.688053661
1.687771344
1.68884089
1.687713026
1.690413492
1.688167819
1.68878884
1.69328525
1.693171427
1.692644862
1.691711851
1.692867323
1.692687094
1.692957744
1.692798526
1.693285796
1.691444903
1.689326187
1.693532631
1.693395456
1.692610866
1.693418694
1.693263215
1.692672777
1.69237187
1.691801973
1.69159241
1.690800565
1.689460323
1.689518569
1.688967067
1.689943358
1.690882355
1.691759953
1.689975844
1.690019448
1.690461909
1.6901439
1.690969091
1.690898475
1.690212354
1.690040443
1.689967288
1.689956196
1.690187937
1.689732866
1.691249094
1.689095965
1.688096167
1.687708886
1.690651202
1.68743105
1.692575713
1.687543661
1.68768905
1.694194199
1.694457982
1.694356169
1.693741219
1.693674451
1.692801853
1.693183486
1.692664143
1.693712542
1.69129604
1.689960835
1.692787564
1.693117498
1.692159953
1.690875487
1.693213043
1.693327835
1.69329014
1.69307122
1.693027441
1.692664506
1.692168604
1.690242772
1.690517173
1.688231141
1.689037784
1.689906935
1.690842356
1.691124198
1.691286702
1.691257391
1.691579005
1.691740786
1.691427566
1.691793046
1.690830542
1.691620964
1.691803029
1.692265769
1.69314696
1.691265686
1.689641608
1.688992185
1.688142034
1.693220605
1.687640066
1.694633469
1.687594777
1.687600676
1.694878623
1.694206934
1.69532979
1.695292979
1.691919044
1.692322872
1.692891382
1.691582451
1.693242092
1.691629901
1.691254173
1.691941299
1.691322011
1.692151354
1.690452693
1.689226764
1.692739472
1.693058028
1.693074463
1.693331225
1.693430117
1.693524763
1.69345405
1.691662777
1.691920617
1.687925405
1.688478673
1.691965872
1.69241726
1.692228011
1.692350401
1.69222032
1.693156754
1.692463455
1.693485769
1.693387853
1.693542691
1.693739805
1.693922729
1.691898752
1.693841448
1.691116507
1.6899388
1.688962188
1.695246604
1.688739901
1.695871867
1.688227511
1.687989905
1.695130599
1.694200784
1.695795617
1.69094817
1.690634602
1.691418226
1.691556149
1.689994984
1.692511246
1.692204593
1.692805596
1.690384474
1.690609333
1.689710487
1.691264775
1.688928483
1.688319065
1.69185486
1.692011194
1.692530974
1.692739986
1.693231598
1.693650587
1.693284449
1.69329646
1.68804755
1.69299252
1.693517877
1.692991558
1.692923452
1.692739688
1.692592552
1.694118865
1.69452993
1.69478475
1.694616833
1.694482135
1.694200679
1.693510064
1.693370577
1.694118232
1.695530463
1.692199302
1.691062866
1.690671895
1.696022874
1.689892322
1.695824094
1.689229137
1.68879886
1.693591995
1.693972345
1.695084986
1.689535284
1.689762115
1.689467062
1.689697012
1.690428363
1.688766941
1.688828051
1.691416488
1.692630466
1.694121039
1.68908804
1.689246474
1.689713611
1.688655291
1.690277932
1.688481947
1.688584432
1.690432194
1.691029516
1.691220047
1.691958601
1.692732084
1.694507327
1.694236596
1.693634531
1.694052014
1.693342058
1.692983049
1.692691228
1.692599428
1.695026607
1.695160335
1.695283432
1.695118241
1.694832346
1.694263783
1.693370345
1.692049527
1.694173224
1.694967247
1.695444485
1.69577233
1.693203342
1.692845038
1.691864389
1.695351262
1.691250019
1.694432371
1.690509052
1.689958914
1.691840369
1.693119143
1.688531852
1.688619256
1.688310166
1.688592936
1.689220848
1.688703639
1.688985793
1.688864819
1.689474529
1.692616167
1.694777046
1.688640307
1.688642953
1.688723662
1.688965223
1.688905091
1.689031801
1.689450206
1.689439173
1.689523754
1.690207758
1.691071445
1.695064993
1.694420304
1.693580363
1.693834351
1.693020471
1.692527321
1.692197366
1.692221633
1.691670107
1.695212295
1.695234679
1.694899756
1.694320868
1.693906826
1.692815555
1.691349475
1.690134252
1.694609972
1.695067207
1.695214738
1.695364481
1.694571348
1.69435648
1.693799404
1.693175617
1.693423184
1.692567007
1.693271084
1.692038115
1.691995375
1.691332062
1.690604073
1.687976444
1.688278559
1.687672333
1.687706369
1.687730446
1.690044793
1.689263994
1.690579032
1.690542256
1.688343552
1.692079827
1.694522523
1.689139628
1.688743848
1.689381151
1.688511329
1.688398335
1.690455321
1.688440701
1.688311257
1.688643528
1.689279974
1.694659575
1.693768681
1.69288638
1.692937571
1.69221946
1.691730641
1.6914266
1.691060391
1.694380359
1.694229036
1.693513516
1.692630075
1.692103307
1.69052524
1.689252948
1.68846944
1.694625052
1.694675983
1.694220874
1.694078964
1.693507082
1.692193436
1.694629401
1.694505687
1.694600713
1.690827859
1.694048964
1.694443192
1.689453252
1.693497634
1.69259049
1.68897903
1.688129972
1.687479675
1.687213607
1.687155969
1.692834041
1.691278555
1.691199958
1.6928905
1.693490867
1.687507734
1.691222141
1.693408035
1.690746222
1.689910277
1.689184649
1.691140405
1.688833322
1.688255846
1.687963535
1.688037826
1.69345347
1.692468096
1.691819007
1.691689379
1.691242673
1.690897318
1.690688973
1.690483517
1.692728754
1.692492678
1.691566926
1.690578802
1.689996563
1.688599989
1.687910491
1.687694872
1.693566897
1.694117643
1.693392515
1.692115971
1.691808272
1.690869532
1.689618399
1.694545937
1.694778109
1.695162494
1.688482115
1.69523515
1.695362552
1.694648532
1.693358187
1.690079393
1.688760367
1.688278551
1.687421963
1.687006919
1.695313981
1.693844899
1.693206944
1.695024711
1.696398137
1.687030715
1.687189661
1.690456985
1.691918628
1.692971914
1.692059224
1.690900046
1.690351486
1.68931924
1.688448769
1.687894682
1.691145005
1.690780588
1.690599597
1.690469354
1.690353503
1.690324739
1.690303523
1.691047676
1.6905971
1.689683198
1.688859616
1.688408152
1.687747936
1.68772816
1.68813676
1.692423119
1.69152174
1.693285997
1.691221085
1.689670233
1.689373903
1.688533664
1.687724427
1.693665171
1.694537993
1.695370882
1.695906921
1.695991338
1.69554527
1.695009385
1.691311653
1.690623694
1.689254802
1.688180067
1.687919831
1.695698044
1.696398137
1.696398137
1.695657505
1.693849597
1.687338103
1.687102194
1.690181055
1.690404838
1.694571009
1.693208785
1.692483814
1.691242915
1.689968984
1.68891134
1.690107902
1.690195887
1.690065061
1.690244834
1.690374342
1.690493341
1.690660949
1.689654816
1.689182291
1.688536376
1.688183647
1.687921641
1.688170962
1.688787798
1.689688493
1.691122528
1.690079536
1.689188382
1.691514416
1.688891606
1.687799408
1.687627065
1.687248822
1.692817005
1.693986923
1.695198662
1.695969697
1.696292343
1.696199248
1.696010114
1.693542184
1.691969281
1.6906019
1.690181694
1.689057719
1.696398137
1.696398137
1.695727708
1.688091818
1.687461402
1.69060263
1.689606875
1.695084901
1.694500527
1.693396575
1.692093131
1.690827255
1.689892654
1.690379327
1.690363677
1.690805231
1.691055226
1.691195562
1.69145068
1.689196702
1.688833994
1.688854933
1.688745859
1.688993976
1.689845613
1.690798828
1.691898776
1.689127293
1.688789693
1.687882324
1.687440924
1.69030214
1.687342171
1.687152271
1.687203416
1.691583964
1.691965074
1.693419076
1.694615286
1.69554777
1.696049675
1.69610963
1.696044089
1.69576452
1.694544724
1.693484955
1.693026345
1.691806332
1.690433884
1.696398137
1.689214737
1.688307575
1.691602164
1.689865725
1.695718116
1.695066028
1.694086857
1.693028503
1.69074031
1.691394353
1.691951118
1.692190466
1.692225436
1.692401113
1.689906992
1.689758201
1.690528663
1.690576388
1.691218729
1.692155067
1.693081416
1.694045585
1.687401886
1.688115531
1.687185803
1.686961413
1.687091655
1.689107681
1.687364553
1.688093358
1.689551188
1.690826134
1.692289864
1.693596686
1.694574474
1.694872056
1.69570656
1.695688133
1.695686755
1.696398137
1.695558334
1.694701147
1.69339649
1.692179312
1.690675395
1.690336609
1.692718147
1.693129373
1.691160219
1.695642732
1.695336109
1.694696005
1.692252355
1.693028635
1.693414347
1.693428186
1.693247424
1.691609103
1.691649544
1.69286105
1.692931802
1.693596038
1.694313187
1.694853993
1.695282213
1.69527334
1.687021676
1.686967265
1.687437344
1.687061509
1.68790491
1.688292483
1.68771898
1.689182906
1.688556314
1.689715882
1.691035722
1.692198765
1.692647889
1.694095538
1.694321957
1.694902767
1.696398137
1.696398137
1.695560266
1.695329264
1.693536646
1.693124522
1.69186437
1.693294739
1.693561971
1.69390591
1.693091857
1.695284297
1.695417191
1.694129789
1.694643166
1.694656008
1.694329609
1.693798224
1.693953965
1.695022877
1.695046781
1.69542543
1.695672438
1.695664802
1.69520108
1.695369751
1.687125
1.68742231
1.688062691
1.687167343
1.688420093
1.690176722
1.690689893
1.687355004
1.687865134
1.688674883
1.689682614
1.689984398
1.691221967
1.692074031
1.693115953
1.692059525
1.693965068
1.696398137
1.696398137
1.695416156
1.695565693
1.694463514
1.693522866
1.692968584
1.693115297
1.693918602
1.694612659
1.695066768
1.694705113
1.695671247
1.695677317
1.695235806
1.695788955
1.695848591
1.69634254
1.696224379
1.696100231
1.69569858
1.694994236
1.693812027
1.694143198
1.688174888
1.688358723
1.689325852
1.690431964
1.687597988
1.69091461
1.693009696
1.687420504
1.687439464
1.687875999
1.688053465
1.688756528
1.689545628
1.689707767
1.69061282
1.691760004
1.692864244
1.696398137
1.695678106
1.695537504
1.69198695
1.691731413
1.692949621
1.693871325
1.694819993
1.696354041
1.696323961
1.695708796
1.691441562
1.696676444
1.696719674
1.696686587
1.696298952
1.696032196
1.695321128
1.694307692
1.69312539
1.691560188
1.692009234
1.689363929
1.69047342
1.690815281
1.69225613
1.69340921
1.688501253
1.6936592
1.688130297
1.687523577
1.687446536
1.687489058
1.687796511
1.687870129
1.688452553
1.689348333
1.690463926
1.696398137
1.696398137
1.695768435
1.690557595
1.690110092
1.692326735
1.693383305
1.694588285
1.696512403
1.695737437
1.689879375
1.690478583
1.69634359
1.696283629
1.695722744
1.69480797
1.69442809
1.693131425
1.691892387
1.690769562
1.689193412
1.689535913
1.692117731
1.69085225
1.693272463
1.693714751
1.695231436
1.690343103
1.688732902
1.688368635
1.687729549
1.687375786
1.687274235
1.687274628
1.687616647
1.688303742
1.696398137
1.696398137
1.689303129
1.689169717
1.688925975
1.691363115
1.692579682
1.693995469
1.695332976
1.688891966
1.688717065
1.689387484
1.694664276
1.694503756
1.693526495
1.692375306
1.691811377
1.690100088
1.689454811
1.688475939
1.687709339
1.687523086
1.69361775
1.694896851
1.693130492
1.695600787
1.695631822
1.691069465
1.690555168
1.689436543
1.688475388
1.688159901
1.687554073
1.687176297
1.687165979
1.696398137
1.688724333
1.689167795
1.68905501
1.69027141
1.691550337
1.693102676
1.688137306
1.688067479
1.688522396
1.688445724
1.692146924
1.691944716
1.690855039
1.689777531
1.689334732
1.687995116
1.687697077
1.687286461
1.687184991
1.687199318
1.695557206
1.695706995
1.696398137
1.693765919
1.693302527
1.692106656
1.690788526
1.690401692
1.689191274
1.688350502
1.687622003
1.689419723
1.690668798
1.690782859
1.68910526
1.690478978
1.688615421
1.687920305
1.687557009
1.687705032
1.693637488
1.689597381
1.689348287
1.688503271
1.68784585
1.687644737
1.68728094
1.68730255
1.687591548
1.688187761
1.688528442
1.696398137
1.696398137
1.695657572
1.695620931
1.694873095
1.69354995
1.693209185
1.691934013
1.690648643
1.689990958
1.690409708
1.691573463
1.69305396
1.688381591
1.687504582
1.68911037
1.688079136
1.687380618
1.695219455
1.696398137
1.687660657
1.687553955
1.68724298
1.687242365
1.687349536
1.688116872
1.68843097
1.689326896
1.690448363
1.690893794
1.696398137
1.696398137
1.695651948
1.695565919
1.694808089
1.693464135
1.692915759
1.691397198
1.693264542
1.693781786
1.695273325
1.687153281
1.687276975
1.689877484
1.688495954
1.696398137
1.695488107
1.687117003
1.687186204
1.687632707
1.68827785
1.688668422
1.690251975
1.690753531
1.69203894
1.693336282
1.693502699
1.696398137
1.696398137
1.695629613
1.695465983
1.69386742
1.69231525
1.69560287
1.696398137
1.687554025
1.688546356
1.690677721
1.688162718
1.688522341
1.689984339
1.690610282
1.691728336
1.693163693
1.69350871
1.694809113
1.695539697
1.69561168
1.696398137
1.696398137
1.695774874
1.695070816
1.693450212
1.696398137
1.689360451
1.690925752
1.690455647
1.69089418
1.692896596
1.693449335
1.694771422
1.69555191
1.695608862
1.696398137
1.696398137
1.696398137
1.695717148
1.693667838
1.6920084
1.693357686
1.69351165
1.695461135
1.695611955
1.696398137
1.696398137
1.696398137
1.695718401
1.694522095
1.695689186
1.695561717
1.696398137
1.696398137
1.696398137
1.696398137
