1.689280078
1.689280078
1.689280078
1.687631617
1.689280078
1.687888234
1.689280078
1.685552633
1.684806346
1.682312828
1.683849311
1.686715169
1.689280078
1.687273096
1.680734516
1.681342717
1.681085051
1.689280078
1.689280078
1.689280078
1.682121809
1.679940378
1.683513302
1.686072392
1.680727838
1.680741932
1.682696298
1.682407663
1.68459437
1.686921525
1.687954272
1.689280078
1.680343859
1.680123263
1.681401092
1.68254342
1.684074794
1.683197699
1.682675445
1.68568857
1.686006286
1.683883858
1.689280078
1.686578868
1.689280078
1.689280078
1.680098275
1.681741745
1.680163314
1.680509207
1.686296209
1.686454754
1.686079472
1.685013615
1.686178607
1.686018193
1.681546495
1.68596782
1.681768651
1.686896646
1.687458274
1.689280078
1.689280078
1.689280078
1.689280078
1.682039253
1.680864924
1.680229967
1.686505992
1.688297608
1.687603349
1.688081158
1.686078782
1.684274578
1.68441602
1.689280078
1.680260531
1.682737345
1.680665323
1.683529406
1.686179393
1.687226535
1.686924393
1.684171105
1.682831292
1.681931496
1.6850094
1.683096297
1.686409991
1.68862707
1.687687558
1.688444007
1.687905073
1.687310346
1.682275683
1.68279047
1.682801981
1.687277767
1.689280078
1.681012573
1.680417682
1.681243394
1.682343859
1.682956109
1.683504839
1.686246287
1.685371799
1.684001241
1.682055794
1.683761836
1.6845972
1.685911799
1.685249211
1.686234613
1.688094651
1.688036623
1.681600511
1.682960992
1.683352699
1.684105449
1.689280078
1.685396511
1.68762826
1.689280078
1.689280078
1.68172471
1.680677986
1.680406375
1.680384794
1.680460944
1.681553508
1.688070398
1.687483123
1.685208232
1.688078009
1.681446074
1.682085696
1.682430315
1.683021292
1.684433161
1.687031441
1.68792373
1.68272794
1.681265897
1.684712531
1.684895414
1.685232551
1.689280078
1.685801676
1.686967032
1.687263193
1.681011191
1.68341483
1.682287497
1.681411686
1.680442169
1.679770486
1.688809293
1.688465646
1.686786032
1.688368827
1.680742797
1.680641216
1.680863028
1.681845808
1.684612085
1.686357049
1.68317552
1.682211878
1.686009572
1.685440271
1.686491813
1.685233925
1.685327392
1.68441607
1.682814984
1.683717124
1.680005128
1.68052526
1.68579618
1.684942616
1.683592619
1.681583429
1.6869574
1.687278682
1.688207476
1.687894299
1.681629187
1.681190314
1.681015509
1.681801772
1.68308902
1.683875218
1.68495933
1.684588847
1.685209428
1.686036613
1.686884356
1.686985708
1.684177253
1.684222226
1.683785524
1.681326135
1.681259762
1.682214053
1.68122201
1.681445078
1.688292801
1.687651037
1.685861074
1.685328524
1.684451644
1.685668592
1.688255993
1.683986172
1.682891569
1.681685425
1.683854278
1.681634821
1.681742897
1.681809531
1.687417316
1.687299843
1.684466895
1.685683204
1.687680655
1.683479338
1.683461337
1.683819813
1.683272229
1.683167518
1.682660965
1.683930392
1.683342878
1.689221237
1.689076268
1.687956851
1.686474785
1.682555109
1.684971532
1.687065713
1.686522317
1.686558752
1.682705612
1.685267801
1.682037974
1.681425835
1.68101534
1.688600386
1.688874743
1.683769087
1.685544778
1.687174127
1.684202965
1.685112202
1.684357326
1.683643705
1.683175443
1.685549454
1.685634749
1.688233463
1.688269839
1.687434815
1.686488056
1.681881548
1.681051833
1.683534262
1.685057505
1.688540007
1.687781026
1.684400597
1.686737459
1.683790255
1.682597933
1.682732002
1.688273458
1.688715943
1.683773821
1.683625404
1.68488717
1.686185426
1.687002941
1.685995401
1.688732367
1.686728559
1.688861623
1.686360648
1.685383213
1.686004342
1.685991528
1.686144252
1.685818481
1.681237143
1.681550246
1.68204712
1.682983356
1.688626756
1.688293702
1.687208703
1.686424192
1.685652711
1.684256486
1.687730603
1.6871546
1.686238413
1.685553545
1.683987462
1.684776765
1.685636924
1.691000965
1.687537934
1.690128456
1.690023455
1.689556713
1.689440667
1.684110798
1.683722528
1.684015927
1.681136402
1.682604533
1.681301995
1.682023005
1.688172977
1.688585349
1.688742176
1.688427015
1.687206686
1.68514572
1.686932503
1.686318482
1.689078647
1.688114814
1.685641813
1.686017745
1.686286352
1.692258973
1.692412991
1.688917028
1.691437965
1.692610169
1.692814376
1.692616139
1.682834041
1.682703369
1.682472402
1.682155178
1.682567271
1.685349772
1.687843097
1.686579647
1.688576462
1.688938694
1.688585045
1.687382003
1.686330222
1.686402375
1.691617336
1.689105797
1.688600226
1.688193863
1.693051966
1.693162971
1.69334585
1.693631453
1.691150486
1.692806706
1.694263495
1.694232614
1.694589708
1.694254754
1.683887182
1.683375041
1.684214033
1.68405325
1.684493747
1.687032313
1.686176016
1.686995491
1.685905537
1.687355456
1.68754403
1.687595865
1.686800513
1.687788233
1.686744305
1.692857149
1.691974471
1.691469656
1.690756524
1.694091769
1.693922062
1.693337138
1.693165332
1.693737771
1.693989071
1.695753843
1.694280314
1.694638272
1.694494273
1.693968406
1.68554969
1.685696303
1.685717121
1.686722509
1.68635703
1.685469135
1.685488551
1.68524501
1.685671808
1.68581002
1.685344807
1.689310348
1.68700383
1.694146273
1.69396227
1.693621894
1.692551265
1.69529837
1.694172174
1.692799505
1.693046824
1.692833339
1.696827756
1.696990357
1.696064048
1.693126103
1.692550707
1.69415739
1.692762849
1.685882246
1.686025297
1.685750471
1.68533611
1.684435449
1.68389222
1.683997763
1.684742569
1.684361896
1.690277377
1.68682327
1.694422916
1.694743775
1.694651664
1.693472677
1.695901053
1.69418306
1.692390926
1.691980533
1.697611933
1.697639934
1.697937059
1.697027478
1.691699803
1.691461311
1.693026575
1.691629759
1.684742426
1.684325243
1.684806814
1.683961045
1.683767695
1.683909216
1.690491331
1.693407725
1.687943919
1.69354123
1.694320317
1.694687122
1.696240264
1.693937752
1.692605815
1.691884081
1.697723543
1.698348681
1.698024773
1.698640245
1.69731685
1.69135002
1.690922914
1.691243725
1.683769317
1.683865533
1.68614646
1.684941754
1.684216341
1.694151181
1.69147455
1.693587005
1.689533738
1.692046592
1.692924373
1.69330481
1.696068761
1.69755528
1.694416398
1.692605138
1.693352565
1.697675762
1.698147049
1.698607871
1.69861558
1.697723145
1.697790302
1.691788333
1.690832567
1.690605578
1.684448526
1.684713806
1.687740811
1.686023958
1.686305918
1.693521481
1.692421893
1.693432653
1.690909166
1.690787124
1.691160369
1.691775675
1.697716392
1.696161665
1.696894298
1.695157191
1.693817093
1.694552613
1.69775194
1.697937649
1.697956737
1.69741528
1.698608219
1.698193323
1.697686001
1.692355227
1.694551399
1.691286938
1.69047074
1.686243802
1.687874099
1.688830567
1.692669782
1.692981314
1.691486171
1.689953659
1.689986013
1.690934317
1.696582378
1.696081524
1.696148417
1.69587672
1.695793143
1.696027498
1.697396061
1.69705632
1.696410713
1.695580407
1.699771007
1.698857012
1.699700418
1.698051232
1.697363084
1.693419137
1.695510268
1.692125555
1.690809286
1.687766012
1.689732107
1.692310599
1.692304003
1.691095854
1.689845817
1.689888183
1.69118417
1.695052798
1.695566834
1.695933004
1.6963225
1.696537181
1.696667945
1.695780966
1.694720877
1.693936408
1.700680861
1.700524633
1.698828549
1.699847231
1.697984358
1.697093989
1.694540861
1.696119442
1.693273303
1.691721939
1.689043688
1.69214024
1.691643718
1.69074576
1.690856705
1.691765405
1.692053538
1.694099201
1.694638737
1.695320751
1.696508822
1.69605702
1.696046268
1.694874129
1.693657461
1.693139548
1.700947979
1.700456621
1.699170497
1.70071357
1.699113135
1.700197504
1.69831401
1.69726458
1.695819052
1.694403135
1.693228244
1.690628103
1.692414763
1.692980224
1.692595883
1.693326304
1.693340418
1.696209195
1.693267907
1.69381627
1.694685279
1.695669186
1.69627028
1.695176109
1.693366603
1.694594607
1.693003974
1.697366711
1.698793344
1.699758166
1.700835426
1.700411227
1.700756114
1.699944577
1.698849282
1.698456188
1.695736058
1.695036147
1.694631544
1.692897312
1.694594198
1.694358831
1.694429782
1.695485671
1.695689857
1.693090671
1.693633191
1.694506049
1.694836381
1.697513794
1.696988844
1.694308012
1.696294744
1.694170024
1.697737924
1.695666565
1.699388741
1.700476824
1.700824698
1.700008048
1.700739918
1.698193049
1.699173679
1.699856302
1.695459265
1.695287541
1.69533452
1.694872675
1.695378858
1.695453208
1.695524615
1.695202295
1.695145877
1.693953359
1.695524558
1.695238032
1.695131211
1.69431083
1.696951809
1.698803641
1.698695338
1.697889294
1.696446907
1.696698251
1.699304517
1.698433978
1.696520546
1.694204604
1.699214138
1.700036057
1.700621511
1.700927739
1.700674189
1.698078583
1.696485789
1.699731165
1.70009273
1.700414631
1.695021898
1.695163645
1.695753032
1.695741616
1.695511623
1.695115953
1.694755841
1.695089098
1.695838931
1.696261356
1.696428666
1.695905445
1.698770729
1.7001314
1.699824323
1.699066255
1.699819866
1.698337579
1.699070011
1.699966137
1.695053894
1.692933177
1.699637085
1.700344591
1.700863502
1.700727634
1.700900427
1.70076085
1.697133138
1.698600906
1.695783499
1.69939976
1.700182394
1.700425177
1.700354304
1.700644636
1.694636634
1.695772749
1.695352253
1.694896906
1.694952899
1.695680344
1.697261495
1.698377037
1.698050026
1.699813882
1.701040778
1.700785368
1.70118182
1.700894285
1.700738218
1.7002213
1.699454269
1.699997398
1.700304217
1.699657768
1.700149002
1.700687364
1.701028284
1.701346493
1.694198116
1.695768244
1.692757217
1.69185921
1.700111483
1.700641633
1.700892558
1.700865334
1.700812771
1.699921179
1.697880052
1.699140234
1.697386689
1.700277383
1.700367537
1.700486166
1.700647377
1.69495195
1.696162192
1.695580693
1.695846944
1.696444248
1.697646314
1.69931068
1.701517634
1.700213122
1.701532583
1.701788398
1.701311441
1.701483404
1.701511748
1.700460177
1.700321339
1.700183967
1.700508563
1.700586268
1.700489461
1.700388184
1.700644998
1.700923703
1.701591042
1.701213319
1.701448631
1.696761005
1.693796114
1.695268828
1.690903574
1.692133626
1.692473917
1.700522601
1.70080026
1.700857614
1.700770651
1.70040808
1.699650497
1.698744445
1.698365783
1.697922493
1.700242415
1.700280724
1.70041443
1.700505659
1.700652892
1.702022868
1.696293568
1.697277388
1.697239099
1.697487335
1.698473771
1.699649855
1.702116137
1.701126174
1.701192079
1.702126421
1.702013971
1.701859298
1.701699577
1.700356527
1.70024884
1.70056643
1.700445582
1.7006553
1.700693259
1.700724065
1.700912849
1.701091835
1.701731949
1.70159057
1.701258526
1.701361847
1.701459317
1.696110405
1.69459523
1.693445983
1.69005698
1.691227883
1.689301747
1.691761767
1.697517502
1.700745896
1.700817201
1.700766074
1.700661567
1.700218607
1.699412433
1.698918237
1.700188098
1.70033553
1.700682557
1.70057122
1.700611763
1.700564135
1.700729417
1.702402501
1.702301279
1.698531222
1.698470163
1.699250181
1.700297842
1.702478632
1.701645669
1.702186663
1.702151174
1.702011258
1.701872116
1.700226062
1.700143187
1.700766421
1.700342501
1.700581983
1.700736135
1.70078262
1.700882058
1.701011719
1.701022128
1.701082535
1.701290675
1.701233666
1.701145346
1.70180074
1.701679089
1.701556684
1.701360118
1.70146755
1.701575094
1.693971192
1.695229878
1.696296459
1.69257025
1.690422597
1.689451575
1.688637051
1.690940802
1.698657421
1.697912193
1.696829745
1.700788293
1.700781497
1.700751457
1.700527447
1.700085173
1.699596543
1.699394671
1.700648009
1.700260559
1.700500312
1.700732883
1.700853746
1.700734474
1.70074643
1.700705444
1.700762123
1.700772657
1.702557016
1.702422443
1.702272124
1.699164643
1.699547723
1.701724233
1.700704295
1.702671667
1.702620017
1.702418065
1.702169594
1.702089932
1.70193413
1.700171262
1.700129189
1.700173127
1.700235724
1.700278767
1.700193028
1.701292482
1.70085047
1.700414405
1.700542144
1.700700379
1.700812376
1.700906998
1.700958617
1.700994211
1.701083018
1.701228276
1.701155544
1.701826902
1.70156341
1.701693016
1.701449171
1.701387975
1.701294622
1.70143892
1.692513654
1.693330144
1.694555936
1.695566192
1.691304112
1.689780407
1.688756323
1.688040862
1.690120495
1.698918847
1.698201803
1.697324079
1.700782675
1.700790263
1.700747526
1.699682167
1.70035221
1.699908209
1.70056815
1.700503507
1.700460006
1.700522556
1.700907265
1.700795343
1.700980797
1.701046297
1.70082985
1.700819538
1.700814767
1.702197915
1.702555284
1.702383145
1.698976043
1.699532
1.701058871
1.700891744
1.702689087
1.702690378
1.7021012
1.700556712
1.701993251
1.701904769
1.702146656
1.700128322
1.700130694
1.700139419
1.700367963
1.701220757
1.700322806
1.700229474
1.701205606
1.700862949
1.700470344
1.70062537
1.700768677
1.700921249
1.700958294
1.70102276
1.701085251
1.701164078
1.701096956
1.701559211
1.70171891
1.701432976
1.701895793
1.701316107
1.70120536
1.701303585
1.701125376
1.696127435
1.691776115
1.692557006
1.693818483
1.694547612
1.690517774
1.687506107
1.689014353
1.687976314
1.689369355
1.699157012
1.698387651
1.698335056
1.698486506
1.700785576
1.70081434
1.700711867
1.699791623
1.700215
1.70065995
1.70053401
1.7007977
1.700759184
1.700776773
1.701025006
1.701056379
1.701153073
1.700862262
1.701168269
1.700928462
1.700889519
1.702609935
1.702335975
1.702501044
1.698083127
1.699406091
1.698704836
1.702661518
1.70264961
1.702453183
1.701940474
1.701108131
1.69950683
1.702023907
1.702316017
1.702083624
1.700166933
1.700210696
1.700157641
1.700155984
1.700156977
1.700203069
1.700557708
1.700807325
1.70113905
1.700364174
1.70026547
1.700190274
1.701096122
1.701137183
1.700821916
1.700516651
1.700680794
1.700900644
1.700829767
1.700906083
1.700965302
1.701029049
1.701081388
1.701018955
1.701061247
1.70176346
1.701611737
1.701456965
1.701855439
1.701151224
1.701294283
1.701154258
1.701027314
1.701042036
1.696601104
1.690997813
1.691783438
1.692968836
1.689759587
1.687016031
1.688318385
1.687376664
1.688679776
1.700084134
1.701330205
1.700145239
1.70186274
1.701075524
1.700653501
1.704117622
1.700836603
1.7007822
1.700810646
1.700663926
1.700734395
1.701587051
1.700909643
1.703140466
1.701491672
1.701000845
1.701036804
1.701160606
1.701077118
1.700865805
1.70095618
1.701186886
1.701212955
1.700915536
1.701200543
1.701056475
1.701081874
1.70260928
1.702506011
1.702518815
1.702638397
1.696816004
1.697524238
1.702583515
1.702332083
1.70158419
1.700359849
1.698524486
1.70218439
1.702023856
1.702339712
1.702501047
1.702318818
1.700151499
1.700153919
1.700372335
1.7002119
1.700294295
1.700760185
1.700995455
1.700408665
1.701015853
1.700395849
1.700276951
1.700381038
1.700188801
1.700957948
1.701022943
1.70071427
1.700459392
1.700564183
1.700763925
1.70083252
1.700858852
1.700939327
1.700952235
1.700891277
1.700983024
1.700937611
1.701682405
1.701524814
1.701848784
1.701024599
1.700921133
1.701350092
1.701164846
1.701028023
1.700923217
1.700825671
1.700901097
1.695318104
1.69877754
1.690196361
1.693018678
1.690871928
1.689008801
1.686582606
1.687769133
1.687121997
1.68802967
1.704647462
1.702855244
1.703815379
1.703145804
1.703781151
1.70687569
1.707882407
1.70083986
1.700758422
1.7007865
1.701236925
1.704969043
1.707140199
1.705830311
1.703855816
1.704143165
1.70115116
1.701172386
1.700875256
1.701061004
1.70099291
1.701173439
1.701152897
1.700918208
1.701127306
1.701114589
1.701133593
1.701080448
1.702625521
1.702615224
1.702609883
1.694787839
1.695940664
1.702418749
1.702059352
1.701010524
1.697129683
1.699807403
1.699353271
1.702021899
1.702242892
1.702112266
1.702611475
1.702436396
1.702525904
1.700282447
1.700183377
1.700431137
1.700168438
1.710750214
1.700553467
1.70080732
1.700468393
1.700938665
1.701007585
1.700654155
1.700858968
1.70266106
1.700325305
1.710700755
1.725292589
1.704230758
1.704756936
1.700657437
1.700570674
1.700663593
1.700734633
1.700833718
1.713666884
1.710972099
1.707489764
1.701703489
1.70155998
1.701897882
1.700919618
1.70082928
1.700713997
1.701306844
1.701464432
1.701109124
1.700932281
1.700754563
1.70074552
1.687218095
1.696513606
1.694644999
1.701124386
1.689397888
1.693907658
1.691578591
1.692935828
1.688494431
1.686905504
1.687373664
1.688325293
1.688699269
1.708189575
1.707154766
1.707128546
1.711590936
1.712354387
1.700811612
1.701957417
1.702564766
1.704968924
1.709795792
1.710788287
1.713056722
1.709687204
1.708935733
1.701076102
1.70083486
1.701038887
1.700952819
1.701042501
1.700967835
1.700846443
1.700902897
1.700874834
1.70083367
1.701002673
1.700961959
1.702361488
1.702516857
1.702562932
1.692456759
1.694381434
1.702120131
1.70155383
1.699934343
1.695565994
1.697941349
1.702244218
1.702136913
1.702381287
1.702584538
1.702531844
1.700221682
1.700273786
1.700362134
1.700631495
1.700486083
1.719720003
1.732583186
1.700708251
1.700895332
1.700826133
1.700931173
1.700771551
1.700815141
1.705175887
1.70930599
1.722517287
1.742272012
1.737472096
1.732089681
1.71316974
1.728629532
1.710185774
1.717612337
1.719738426
1.722425866
1.718232796
1.701805651
1.701677567
1.70224075
1.702026775
1.701840502
1.700812914
1.700739955
1.70064098
1.702557025
1.700743975
1.701318912
1.701666992
1.70154119
1.700838593
1.701231842
1.701039752
1.700957012
1.705108472
1.689550394
1.698569202
1.69703287
1.707275134
1.703153842
1.69027733
1.69583748
1.692343194
1.694761247
1.691675184
1.690481407
1.689126623
1.689984244
1.691976763
1.712048935
1.711158885
1.714660606
1.717190757
1.716953453
1.702520948
1.70642762
1.706417193
1.711747572
1.718549219
1.718854177
1.718892534
1.720339236
1.701975453
1.700888457
1.700800587
1.700636774
1.700742179
1.700773893
1.70063826
1.700672216
1.700551895
1.700475081
1.700394334
1.700552907
1.700761448
1.701928122
1.701500516
1.702051425
1.690512223
1.69280209
1.700913142
1.70084104
1.698883077
1.697096144
1.693887904
1.695752777
1.70236929
1.702344906
1.702499982
1.702161588
1.702483041
1.701170229
1.723033424
1.704269792
1.704796013
1.700578248
1.736703159
1.74247138
1.70065845
1.700633736
1.700629405
1.700718048
1.700808178
1.700658225
1.700843043
1.700741822
1.710466198
1.71508823
1.737100273
1.747896227
1.747297458
1.74380651
1.741742581
1.720261458
1.738376148
1.731903509
1.731608883
1.729509346
1.725160073
1.701910877
1.701814494
1.702153866
1.706405773
1.707397356
1.700650875
1.704400544
1.702083886
1.701329295
1.701675905
1.701454943
1.701632514
1.701197779
1.701169847
1.701063189
1.700913369
1.710323325
1.693277766
1.695046191
1.701294638
1.699744129
1.706528094
1.69513528
1.693571467
1.697513304
1.69584228
1.695034144
1.693736067
1.692718957
1.695496446
1.716153751
1.712789068
1.721925257
1.721845612
1.721073833
1.720175649
1.707815433
1.71257271
1.725045764
1.725868221
1.726372322
1.725240304
1.700521411
1.700512748
1.70021575
1.700288334
1.70047288
1.700271419
1.700181547
1.702797051
1.709815909
1.700044301
1.699956819
1.699837509
1.700005458
1.700226728
1.70019316
1.700219849
1.700228557
1.688852646
1.69125759
1.698760136
1.695805067
1.693571208
1.697917026
1.699503239
1.702284211
1.702436931
1.702382679
1.702308142
1.70192253
1.700645685
1.729154597
1.712975893
1.751152067
1.744346993
1.700433462
1.715360592
1.701621953
1.70027424
1.700578486
1.70051875
1.700637533
1.700438466
1.700467308
1.71474709
1.71920124
1.742279603
1.74491231
1.74991547
1.746977346
1.752535734
1.723995376
1.740685652
1.7375625
1.734429695
1.72927062
1.702027291
1.701897271
1.701690803
1.70178781
1.702164669
1.705629229
1.710337643
1.7089016
1.705826399
1.701288034
1.701464679
1.701563948
1.706013654
1.703611113
1.70114149
1.71393712
1.697239453
1.697998885
1.703797284
1.701760999
1.709297723
1.698636818
1.698534018
1.698614648
1.699687131
1.699803986
1.697609034
1.697236733
1.698407913
1.69973516
1.71912152
1.715538192
1.726664083
1.725938269
1.724688594
1.720190912
1.730212385
1.730641304
1.728966313
1.724784534
1.700047805
1.703941078
1.699589597
1.699707865
1.699712162
1.699927072
1.699802809
1.699536828
1.699519319
1.711711758
1.716857319
1.699417802
1.699284658
1.699020443
1.699514686
1.69984523
1.699528889
1.697561623
1.697130005
1.687540024
1.690471922
1.695172364
1.692621981
1.698599172
1.695847051
1.69705739
1.702323092
1.702242813
1.702253554
1.702225035
1.702221406
1.7017066
1.701310821
1.699950352
1.698294228
1.729533845
1.733591726
1.754293008
1.747727659
1.705722744
1.71979696
1.699900767
1.709576543
1.700099217
1.700130877
1.699857105
1.755644359
1.718431654
1.722821504
1.743754801
1.749010375
1.746916949
1.751348995
1.740833137
1.7271093
1.737780878
1.732461959
1.702036691
1.701905101
1.704678125
1.70179822
1.702137485
1.702035415
1.708463276
1.712318434
1.709961409
1.715374677
1.704037153
1.70306645
1.707124704
1.709730412
1.707940807
1.70657678
1.718173922
1.700742979
1.706596654
1.704123187
1.71337405
1.701200405
1.702080525
1.702515533
1.699920184
1.701116977
1.701997658
1.701661882
1.721531107
1.720166618
1.73016088
1.729382471
1.727306489
1.718566498
1.732781923
1.723101298
1.73215888
1.728588382
1.699518013
1.704094218
1.699492107
1.698987221
1.698911757
1.70445851
1.709195218
1.69831657
1.699021595
1.698507037
1.699055976
1.698920742
1.698764063
1.712757293
1.698630642
1.698447819
1.698221624
1.699115811
1.698678931
1.698489634
1.694446422
1.693908038
1.686495322
1.688093348
1.689806676
1.692562043
1.690926114
1.69648002
1.696440988
1.695038648
1.693298557
1.70206284
1.70223342
1.702159568
1.701985729
1.701526535
1.702052525
1.701442246
1.700651222
1.699311113
1.695059062
1.697402618
1.74074847
1.758192712
1.75296938
1.723994559
1.714838034
1.699472582
1.699090292
1.698882423
1.754242714
1.759169664
1.761210039
1.721948717
1.725954819
1.746535219
1.743960908
1.748448892
1.739504991
1.730133361
1.734928153
1.708914182
1.702033687
1.705472409
1.702804001
1.711694782
1.713082011
1.716201538
1.712082226
1.709438472
1.71231518
1.713322774
1.711925396
1.719669511
1.722901734
1.703715084
1.709582402
1.706502136
1.718245826
1.704042978
1.704684813
1.706072404
1.705017935
1.702738345
1.703525236
1.725568362
1.726623153
1.733342629
1.73241689
1.73073356
1.716526943
1.734795726
1.722428774
1.727162825
1.732146702
1.703407533
1.698133781
1.7035307
1.707489727
1.697335942
1.697379196
1.697351199
1.697727365
1.69701128
1.698039049
1.69771026
1.697648617
1.708314056
1.697466886
1.697313278
1.697834749
1.697920679
1.697037557
1.697171604
1.696835222
1.691734307
1.691732511
1.685622276
1.68712876
1.688536292
1.69039658
1.689254903
1.693872995
1.692203444
1.691003597
1.703252063
1.70199666
1.702053132
1.700876948
1.701695537
1.701111576
1.70176769
1.70016274
1.700096132
1.69870645
1.693231831
1.695436767
1.697174235
1.742459466
1.757146579
1.724903991
1.732656744
1.719303114
1.711968402
1.698827301
1.751493509
1.758141856
1.764686904
1.763660568
1.725972301
1.729471137
1.745452636
1.742571473
1.737635534
1.733177742
1.712670298
1.709176055
1.705623201
1.705451639
1.71473722
1.71549011
1.717099291
1.716515704
1.715464617
1.718246745
1.717400485
1.720142885
1.723757746
1.726723989
1.706208291
1.71020374
1.71290517
1.723626747
1.707845537
1.711277019
1.708815076
1.705939591
1.705845944
1.731453885
1.734103809
1.735137311
1.735417972
1.735089376
1.714065309
1.735213806
1.7206051
1.726544198
1.731325966
1.701614113
1.702847869
1.703895357
1.697348794
1.696257348
1.696363985
1.701351044
1.695834959
1.695385417
1.695472437
1.695272458
1.695699766
1.695818575
1.695756687
1.706326468
1.695526302
1.699368403
1.694414279
1.690013245
1.689432805
1.684904696
1.686512404
1.687485524
1.688427655
1.691117471
1.690039024
1.689163834
1.691468716
1.689606812
1.704574578
1.702511863
1.701808304
1.701731114
1.700386409
1.701279361
1.700618134
1.701357599
1.699111604
1.699431094
1.697870769
1.691955183
1.695602617
1.692889533
1.693829643
1.696383552
1.74308281
1.755333105
1.735737387
1.727036703
1.717970682
1.748195447
1.764932802
1.755878771
1.763894342
1.768805034
1.730489721
1.733616221
1.741082368
1.736784803
1.745081818
1.712590558
1.708294584
1.716785833
1.706680964
1.720121422
1.718369247
1.72122777
1.722628181
1.722532817
1.727130714
1.708232648
1.708474034
1.715634727
1.716740692
1.728871678
1.713158992
1.717002878
1.712015656
1.710656663
1.739536551
1.739817366
1.74035576
1.737235349
1.735936924
1.71254575
1.733745208
1.719187183
1.728897927
1.724636393
1.714526716
1.735873637
1.696299633
1.695052613
1.695102113
1.727303177
1.697904082
1.700729549
1.694190643
1.709883718
1.700178919
1.706503939
1.69369317
1.693969949
1.693402791
1.693322778
1.704506986
1.693119726
1.720546125
1.70629262
1.688382826
1.687519831
1.68524356
1.68435893
1.685911638
1.686747004
1.689066921
1.688281621
1.687463578
1.687985147
1.690178639
1.688583855
1.702295849
1.703854364
1.701441067
1.69974158
1.700002181
1.700743992
1.70091013
1.698251924
1.698643038
1.696900973
1.69121634
1.694709757
1.693244833
1.695390331
1.748388082
1.75909504
1.743649898
1.735428868
1.752842237
1.769738139
1.76256733
1.771163399
1.734758434
1.739094407
1.74168841
1.749379338
1.720495722
1.710248073
1.714324035
1.705923432
1.723674305
1.72246801
1.726923803
1.725051601
1.727823263
1.724699563
1.731499088
1.710039878
1.712277009
1.721294379
1.736429946
1.721626501
1.718111905
1.717689341
1.748448229
1.752248357
1.740970731
1.735454809
1.731849599
1.708559801
1.726762887
1.716707158
1.721343643
1.693840271
1.693859928
1.741096795
1.736465282
1.694916646
1.697580688
1.692703869
1.719578856
1.717324593
1.717546781
1.691944703
1.710145807
1.694070842
1.702594741
1.696995997
1.699704258
1.69176048
1.732721123
1.683905249
1.719225511
1.686777998
1.685978139
1.684568814
1.685245906
1.687350255
1.68668899
1.68597849
1.686537307
1.703111873
1.687055731
1.689214697
1.687733549
1.690037955
1.701510869
1.699010174
1.699998045
1.697310746
1.697788776
1.696003051
1.69217856
1.693890277
1.695802575
1.770919901
1.763874719
1.754081467
1.760925146
1.748373851
1.759669723
1.775386084
1.776620058
1.769101664
1.740420156
1.747590944
1.757706105
1.717812593
1.721872176
1.707988712
1.711003949
1.704435574
1.727764102
1.7277471
1.729230131
1.726509357
1.732406491
1.728938977
1.736897102
1.712563524
1.717835609
1.738376794
1.724927023
1.726984956
1.724783619
1.724300908
1.747322942
1.758164044
1.736109951
1.724906427
1.733000049
1.699271333
1.707277198
1.718617595
1.711029066
1.692629242
1.720134161
1.749494078
1.747349576
1.695841465
1.694139082
1.694015308
1.692854645
1.730210715
1.728846627
1.696998484
1.712590006
1.705703629
1.702729603
1.69669307
1.697167648
1.744184002
1.683506187
1.73005723
1.685362013
1.684678726
1.684083122
1.68527571
1.685935205
1.685346174
1.684796637
1.685763103
1.702073885
1.686359663
1.688469556
1.687086221
1.692185664
1.700492616
1.699113797
1.697581473
1.697564078
1.695411304
1.773999769
1.767160423
1.757636885
1.76889787
1.780366536
1.77865591
1.748109807
1.768839199
1.758838329
1.703748598
1.715072352
1.718472802
1.708865274
1.706042709
1.721500297
1.731442876
1.733248472
1.726951744
1.742280619
1.743462185
1.734862545
1.702194518
1.716435827
1.73965962
1.7301902
1.731099745
1.730870828
1.746880938
1.759137087
1.729222007
1.719975694
1.697790434
1.699596231
1.708251599
1.721407245
1.760745745
1.758336303
1.69660036
1.696228653
1.742041865
1.740181443
1.703130398
1.723638966
1.714281259
1.708550881
1.699099722
1.700916542
1.758298731
1.683201696
1.702821201
1.740947772
1.732619702
1.684214826
1.683678778
1.683880295
1.68471541
1.684415991
1.68480827
1.684262514
1.685215849
1.700919539
1.68594376
1.690342292
1.688319565
1.694539587
1.699896316
1.698794115
1.698060131
1.776815854
1.785061271
1.77182529
1.793339843
1.777448152
1.784168029
1.76090397
1.777062453
1.704178392
1.714242572
1.710959909
1.706540033
1.719275715
1.731637615
1.737506919
1.724694083
1.756939483
1.748002993
1.739001965
1.742004666
1.702367229
1.701225171
1.724849412
1.735847881
1.734220986
1.732261192
1.739908438
1.746994904
1.746754552
1.714229225
1.720830416
1.705357175
1.699178073
1.699502041
1.77165387
1.70022283
1.754182164
1.75157272
1.725971281
1.708416288
1.715944469
1.704968173
1.706728587
1.771777831
1.785257377
1.682983532
1.708958112
1.714372156
1.752582661
1.739115128
1.68336189
1.683529436
1.6843248
1.684038247
1.683975953
1.683597978
1.685220487
1.685721923
1.700925836
1.68746327
1.692177589
1.690370786
1.696597055
1.700913598
1.699747777
1.802726504
1.793712397
1.806755983
1.797840668
1.784999943
1.785076485
1.772784813
1.704176633
1.712383424
1.707579646
1.718296939
1.728205958
1.711992409
1.757709323
1.728807395
1.747955676
1.74170936
1.702500798
1.701574337
1.702252315
1.737646827
1.75079038
1.727289028
1.733329266
1.745074765
1.727251667
1.73007516
1.709294004
1.702438188
1.704758517
1.698567634
1.724867208
1.765111937
1.715548464
1.714114405
1.787409886
1.805661813
1.682883908
1.722803059
1.732612041
1.776037566
1.764674956
1.751077813
1.683106575
1.683293481
1.683436081
1.684818251
1.683668065
1.687186612
1.68691981
1.687213761
1.701848882
1.689332183
1.700558027
1.693048599
1.697938864
1.827066501
1.824500266
1.809286356
1.795026852
1.78114935
1.704191537
1.706904058
1.702666788
1.706607509
1.718183584
1.720782449
1.712096247
1.770275888
1.726272997
1.747355169
1.736907939
1.70204005
1.702735529
1.703504448
1.775635691
1.75726574
1.725331663
1.754434076
1.718911535
1.720191625
1.708358319
1.701527696
1.701163366
1.709424249
1.811591232
1.683206808
1.732102832
1.745301078
1.786496378
1.770225347
1.833268424
1.683416518
1.685489757
1.685528934
1.688679762
1.686264787
1.688513386
1.688384646
1.7012638
1.691024863
1.697284819
1.694262591
1.689494316
1.852987154
1.841651292
1.830769682
1.815875216
1.793630263
1.703637096
1.703333587
1.70370637
1.702574345
1.706366865
1.783035152
1.720282262
1.71612054
1.710918049
1.723260944
1.751358796
1.732709358
1.704728961
1.702316873
1.706877823
1.800146887
1.777713422
1.771896264
1.815112397
1.726332194
1.713327361
1.723883242
1.706892271
1.70962907
1.721354572
1.83462303
1.842749065
1.807995124
1.684279457
1.750990459
1.76472029
1.786771643
1.839524374
1.686776098
1.687920887
1.688464874
1.690221254
1.689152103
1.690040487
1.695271328
1.692407333
1.690758755
1.691253804
1.871463924
1.864802642
1.847188949
1.851593308
1.818406459
1.70425777
1.704843352
1.70340662
1.705876275
1.770381742
1.715731083
1.708894558
1.725131635
1.703511768
1.699563707
1.695693099
1.703552615
1.709407492
1.819571727
1.766939291
1.854089275
1.726636974
1.720294826
1.738331234
1.721429368
1.742414784
1.846029463
1.830140157
1.861962913
1.826095481
1.834017275
1.808461024
1.773137439
1.687228887
1.776015463
1.797464673
1.834787321
1.689266899
1.690296409
1.691121521
1.691785784
1.693589799
1.691663528
1.693000896
1.692008376
1.876625883
1.876206152
1.870046809
1.856450564
1.802242278
1.706028244
1.708202133
1.707952835
1.707327752
1.710002758
1.723165768
1.712921931
1.697374546
1.694775676
1.698941963
1.70384455
1.71043441
1.708227858
1.788195119
1.741047022
1.824269317
1.773765995
1.793636392
1.760093608
1.768825693
1.803758256
1.812716173
1.820200971
1.816703885
1.798423152
1.823435796
1.883775049
1.8705354
1.823916051
1.855861739
1.689882413
1.819124126
1.87750827
1.692417724
1.693423356
1.694873499
1.692937733
1.694275659
1.913255522
1.871725627
1.801015322
1.733249752
1.711402215
1.709641907
1.713042734
1.716221298
1.694594928
1.69577585
1.697046519
1.699888248
1.704522942
1.710635879
1.779442492
1.831427048
1.783557679
1.832617181
1.781640098
1.84454321
1.826766277
1.840239678
1.798226081
1.82506878
1.826687976
1.843147517
1.862592172
1.915304079
1.96181688
1.9305968
1.901022529
1.938328491
1.853713098
1.809016117
1.692323401
1.891568438
1.910620175
1.694432426
1.696901597
1.697825073
1.696538104
1.889091734
1.803452315
1.762047739
1.735315828
1.709917428
1.709372883
1.713661227
1.6969607
1.698245815
1.699602163
1.702873208
1.707007037
1.707040436
1.710960222
1.844842188
1.87162254
1.85172465
1.835180226
1.903020703
1.909190773
1.896666571
1.855224143
1.799430411
1.803795635
1.852207873
1.909353068
1.873841145
1.862386525
1.898525424
1.899171092
1.872769536
1.833691778
1.94323073
1.943809823
1.697091411
1.699863814
1.701779947
1.701068707
1.817074176
1.752518265
1.733084606
1.71646878
1.712203209
1.700735007
1.701705965
1.702805788
1.707565013
1.712441446
1.715693448
1.908340052
1.913213506
1.941405525
1.890380597
1.903577991
1.932741027
1.971312351
1.928117941
1.827070696
1.818602547
1.929220861
1.814062679
1.914753047
1.93475571
1.895648801
1.900282021
1.90232954
1.898653487
1.804958983
1.945819854
1.811140851
1.700519176
1.703514283
1.706753992
1.749246233
1.732275622
1.729726942
1.724810547
1.707526183
1.706286313
1.712610113
1.722174801
1.983247723
1.955273013
1.938960701
1.906198
1.90280653
1.940562011
1.964091828
1.950377597
1.884469234
1.855313804
1.951618534
1.841901875
1.940626994
1.90398514
1.828266393
1.875994632
1.922242573
1.832610109
1.761332884
1.833989953
1.704682348
1.707917828
1.708055896
1.711938469
1.759201622
1.76390096
1.752351607
1.73510461
1.71461642
1.714457251
1.718880849
1.720805473
1.960132222
1.987643049
1.908348524
1.900216092
1.923307565
1.924731213
2.005661967
1.900380348
1.979234388
1.986286276
1.884903767
1.885049448
1.903069808
1.82864415
1.83855463
1.899050877
1.782238614
1.796298058
1.81559432
1.710228989
1.712256297
1.718651284
1.783534523
1.752587414
1.73024852
1.726723815
1.72449174
1.917723243
1.945169354
1.926538522
1.912308803
1.922783747
1.844825799
1.983995979
1.947305364
1.983198929
1.893631197
1.881936982
1.891964451
1.88510714
1.858811339
1.894411914
1.783342858
1.789397193
1.777580826
1.717770582
1.721484756
1.731676784
1.745713057
1.74542455
1.748468293
1.735792313
1.935254493
1.953710813
1.95669751
1.922857985
1.858378601
1.789450982
1.959196478
1.983367677
1.934169631
1.946491321
1.921017581
1.87803313
1.891461816
1.912325732
1.914293999
1.927684501
1.761878563
1.764283849
1.72480555
1.730962557
1.74244753
1.746150863
1.765780019
1.778572117
1.766646352
1.94617815
1.941864936
1.960490228
1.931677506
1.824325047
1.79293969
1.965074456
1.957049239
1.923094904
1.926063845
1.92287854
1.93385933
1.945318512
1.926804788
1.932620246
1.939149142
1.753074086
1.738554008
1.761159834
1.770701668
1.772073181
1.785590122
1.792631133
1.766562588
1.972467243
1.964073819
1.971659547
1.885675691
1.815146408
1.953621793
1.933830876
1.929771479
1.940641882
1.940854663
1.922711581
1.960687218
1.963376269
1.791472183
1.77530958
1.743410791
1.769197026
1.792232397
1.779104665
1.777150251
1.955987221
1.973782728
1.83988688
1.899666015
1.956205668
1.954736677
1.966947423
1.967886765
1.977280917
1.97036851
1.940055055
1.787731064
1.789778903
1.743541077
1.761269876
1.769377872
1.815799206
1.967314443
1.967069995
1.813995461
1.901460954
1.976929113
1.965654537
1.952765317
1.965067695
1.964390864
1.947793823
1.931983315
1.772717504
1.755423889
1.759821511
1.84675037
1.768981875
1.981452887
1.938982011
1.863791372
1.970202779
1.93952676
1.933227403
1.93994897
1.93267523
1.926012928
1.756772304
1.790037021
1.84897011
1.75838501
1.773095319
1.959240299
1.932449116
1.939997352
1.9109455
1.930998121
1.91887649
1.920159772
1.775780231
1.88655832
1.78164751
1.751974045
1.949900075
1.926624028
1.90012721
1.910710784
1.909338323
1.90700949
1.745007932
1.813478615
1.758402079
1.973879381
1.906489336
1.893356134
1.895122177
1.874971554
1.762566725
1.754086444
1.810987034
1.865382642
1.92968697
1.897430039
1.899509863
1.813130995
1.794944705
1.83865659
1.849209997
1.885549734
1.891906773
1.884968315
1.849168366
1.845693675
1.841165594
1.850026073
1.948056259
1.908900036
1.858578286
1.84388732
1.906124646
